4.170368331346241408e-02 1.419662636880698603e-01
1.665226210159757025e-01 9.210880902733509235e-02
5.196023763650537974e-01 3.176567813440334120e-02
6.112367798144370257e-01 2.421841704175053955e-02
7.985362313656692024e-01 1.688254651318432664e-02
8.508260824936898503e-01 9.022390094436261165e-02
9.062984320654045023e-01 3.101533194453790498e-01
9.439835443761634970e-01 6.749606134502168509e-01
9.582963166865376969e-01 8.716077682659334469e-01
9.484916906707711037e-01 9.571589643238194167e-01
9.230817339112804554e-01 9.831174534868156734e-01
7.607108302038787517e-01 9.497968961491234374e-01
6.939780788771051645e-01 9.124262706469049578e-01
6.060498242089260579e-01 8.491725715447108191e-01
5.023817527337761657e-01 7.704630317429547182e-01
3.832935666576903211e-01 6.730361637950845743e-01
3.278423080245437271e-01 6.227107492115235843e-01
2.198408974504798552e-01 4.965983015387404054e-01
7.563705670721820873e-02 2.371480076053230635e-01
4.520627666665633093e-02 1.789175758324754728e-01
