7.460448290146337591e-02 4.460700008582044740e-01
8.766240708397765591e-02 3.666163979198444611e-01
3.401314744487784480e-01 9.033823574781141286e-02
6.986675791849402684e-01 4.949200538656528536e-02
7.331472821545799157e-01 5.461587979810322846e-02
8.194404464570701485e-01 7.813555548396622363e-02
9.051510204732348130e-01 2.788997490035034499e-01
9.253955170985366241e-01 3.460456299316990725e-01
9.135425532664347426e-01 5.388147008594896814e-01
8.952519421383984266e-01 5.807185320777723536e-01
7.313048354625555358e-01 8.625979653225659405e-01
6.983101531318545163e-01 9.155759152257179068e-01
6.788217203547981526e-01 9.346954155092757066e-01
6.578458263088127200e-01 9.380001351978857205e-01
6.042625749169054927e-01 9.451822889578808118e-01
4.747475693940707009e-01 9.505079946134347146e-01
2.886204331034715187e-01 8.918470811799406039e-01
1.975442249384066207e-01 8.236593094544614191e-01
1.184139857951982400e-01 7.455003051413081616e-01
8.373661879392935159e-02 6.286261400117365561e-01
