1.579854510580904758e-01 4.046249111977848756e-01
2.091789186453363314e-01 1.723294521294777004e-01
2.343215981647598367e-01 1.140793290183704789e-01
2.558532307374634662e-01 9.888081959634387186e-02
3.158696207913245235e-01 5.812309821274519450e-02
3.961352087610146011e-01 3.968237591637435724e-02
6.097075173409163273e-01 1.431905363678105392e-01
7.460118443965704227e-01 2.301511308914802045e-01
8.028398332810395832e-01 3.613256685746891739e-01
8.908706674066956266e-01 6.835576206055141713e-01
8.848433399437920510e-01 7.385086195099433981e-01
8.727843047335201998e-01 8.219890574787229731e-01
5.839616411658866690e-01 9.358393285363171277e-01
5.065197115291225627e-01 9.565246513228822245e-01
4.829069810630743920e-01 9.577183209119654039e-01
2.672019398100964338e-01 9.603176240836257538e-01
2.110448999686632687e-01 9.601824874824815836e-01
1.464841745517893035e-01 8.508774593174187606e-01
1.091293325933043734e-01 7.485321897661866286e-01
1.260712486279543798e-01 6.117937060573163111e-01
