9.173552470857524455e-01 1.565246995213669390e-01
9.559855398232863788e-01 5.357342386525808520e-01
9.205328257037268536e-01 7.442083040340492506e-01
9.031234077647085634e-01 8.230643304862608201e-01
8.908387037780101103e-01 8.398693265290684273e-01
7.314158663144227912e-01 8.930144695369359731e-01
5.867642148048000106e-01 9.229325789215333531e-01
5.019726469837362259e-01 9.377710834748967939e-01
4.704876986685567197e-01 9.423106120418727194e-01
3.236354473451162339e-01 9.509074759976803293e-01
2.528466780042855633e-01 9.424859372966261084e-01
1.398273440078953711e-01 8.460472523908417752e-01
5.633331141161340705e-02 7.296398970047726085e-01
4.642019985449502562e-02 6.851325585082155278e-01
4.401446017671367672e-02 5.708606443334852676e-01
6.787296622701349813e-02 4.240372397157424755e-01
9.093427644016566225e-02 2.908552295248554298e-01
2.233651432634409795e-01 1.281232709819133397e-01
3.126709281247178063e-01 1.000731638388152600e-01
5.193636726506531964e-01 4.909252400231978175e-02
