3.446846607649839411e-01 9.793135922495510570e-01
1.372884712158608522e-01 9.539975551023855971e-01
3.543603232837178041e-02 7.582068581796560514e-01
2.013133158758817487e-02 6.054521692801644317e-01
2.386490510486694028e-02 5.857967715406512399e-01
8.664879640733980093e-02 5.078068087908335082e-01
2.934382067675515016e-01 2.600039783849955599e-01
3.226310791970335989e-01 2.414166352687308059e-01
4.846577027541736360e-01 1.458171137612570556e-01
6.447693320797075467e-01 5.917935997080536747e-02
6.636643675872185844e-01 4.983798378148396324e-02
7.620096915142108296e-01 2.068640775044905400e-02
7.897309225415855005e-01 3.530602227156831585e-02
9.785714200208598390e-01 4.501380179378383639e-01
9.790267046786244043e-01 5.125249118678248950e-01
9.798686684124118251e-01 6.616674523425363219e-01
9.127996307042418600e-01 7.915687810391549561e-01
8.815042784955869903e-01 8.182823919865777063e-01
7.224390330591735632e-01 9.390751678754742926e-01
5.757951770136638947e-01 9.779400585653076350e-01
