9.519708220080543848e-01 2.588234302954184329e-01
9.381477851747302976e-01 9.401063971765256655e-01
8.623730725325957636e-01 9.732524367461794501e-01
8.154492297815459922e-01 9.805059306677553765e-01
7.092506363240473899e-01 9.941651901706015648e-01
4.794176539403248727e-01 9.695189073034781169e-01
3.468396329582020821e-01 8.872463464183676374e-01
3.321808858814532250e-01 8.773200124464600735e-01
1.194483013713646402e-01 7.329869327499393128e-01
9.102058158903936214e-02 6.725662688107922893e-01
8.335268277340102117e-02 6.465119245936568060e-01
7.250194348351246543e-02 5.950666626450636931e-01
4.802917799194550419e-02 4.589004152538533887e-01
9.318035666101887049e-02 3.151138007158675869e-01
1.782192221186783554e-01 1.256894282143782293e-01
3.308362566701055218e-01 5.834809829398435177e-03
5.377572621107207240e-01 3.601508233189676389e-02
6.507705432179894389e-01 5.464716572185046584e-02
7.792775289050268839e-01 7.920100682086561594e-02
8.951765869669465747e-01 1.933852685090139412e-01
