9.706828373402969223e-01 8.850477971796137933e-01
5.829265774967744562e-01 9.312418103844296580e-01
5.530218049535482461e-01 9.281625871725673882e-01
4.492391556615383807e-01 8.946767160992490364e-01
2.253088486960366232e-01 8.165629999690109386e-01
1.956309309832221510e-01 8.038887891218156057e-01
1.539836422251718018e-01 7.544165412304306706e-01
1.087524158049530953e-01 6.902172200182586925e-01
7.302072127867464957e-02 6.291008624846545771e-01
4.849970289948823954e-02 5.484363197119301869e-01
3.176479560468914443e-02 4.309144382299943121e-01
2.691090232154214057e-02 3.945366175472245773e-01
3.110832608643310238e-03 1.510183746237427904e-01
2.214614184425369725e-01 1.177089910864591582e-01
6.357064995282962760e-01 6.875818961557034203e-02
8.471729898001475467e-01 1.986687242363358585e-01
8.847682743107208037e-01 2.802885715903989938e-01
9.937043540305331435e-01 6.320789052304641720e-01
9.968891673913568008e-01 7.077348188300318643e-01
9.843999245189689606e-01 7.938813486979440226e-01
