9.544203141477973773e-01 5.580542946824855743e-01
8.783378885738919450e-01 8.155684659070389086e-01
8.474979155034431111e-01 8.694486930068030528e-01
6.535512042862953175e-01 8.649729930167037173e-01
4.554081552085861295e-01 7.856542399510291208e-01
4.334976014213811624e-01 7.757814015455766210e-01
3.963893699722080832e-01 7.583236462496310004e-01
3.573166972570619437e-01 7.316294693999351173e-01
5.659978974556845177e-02 4.686413603798628147e-01
4.569259436130745922e-02 3.608761797211904598e-01
4.557968585220262270e-02 3.268806148814257240e-01
1.040632148097373477e-01 1.932358017406280437e-01
1.895425832235593244e-01 1.578635441210544110e-01
3.377619923651467015e-01 1.413497608584439735e-01
4.413094628137164133e-01 1.305513069931968362e-01
6.151040971333148200e-01 1.490222770552120934e-01
6.955191609596202973e-01 1.718128655862827259e-01
8.528573223481571430e-01 2.397363875667035682e-01
9.225732708206182409e-01 3.312633738690007323e-01
9.326494896678246826e-01 3.610898293427965422e-01
