6.951180843509858764e-01 5.989823086528032192e-01
7.121924408845244914e-01 7.175530913861957183e-01
1.167336941830445785e-01 4.988652908751263215e-01
7.451067013221844559e-02 3.955851564883764437e-01
7.158356354698731661e-01 4.159618126051438658e-01
9.544203141477973773e-01 5.580542946824855743e-01
6.690371713437035517e-01 8.078604090411718452e-01
3.846127379353370679e-01 2.854688000736740894e-01
8.943631785118983935e-01 3.911913268860025550e-01
8.907718193486939828e-01 3.389656526743232146e-01
2.351272264314724358e-01 4.087469805510176024e-01
8.093135661084127630e-01 3.035122465736498909e-01
6.151040971333148200e-01 1.490222770552120934e-01
6.326577957454559975e-01 5.726684943953735951e-01
4.150029296412109381e-01 2.628853864342491908e-01
6.471609499244077579e-01 6.165931692139212661e-01
8.474979155034431111e-01 8.694486930068030528e-01
6.872215610614006431e-01 4.396736141813526455e-01
4.334976014213811624e-01 7.757814015455766210e-01
3.404380885090662612e-01 3.928987515876059544e-01
6.219748863347079881e-01 2.038967343211682826e-01
7.075003238734964839e-01 5.474097228116733271e-01
6.679332961372397293e-01 2.655138327459038994e-01
3.106970567416204032e-01 5.668310960510736241e-01
7.973238052054159031e-01 3.611282930932490087e-01
3.573166972570619437e-01 7.316294693999351173e-01
1.675309334684843277e-01 4.072378569083729971e-01
7.656669120907519943e-01 8.329478752116790119e-01
6.535512042862953175e-01 8.649729930167037173e-01
8.066444675395215702e-01 3.413269476456588514e-01
3.377619923651467015e-01 1.413497608584439735e-01
4.413094628137164133e-01 1.305513069931968362e-01
1.443307586941958154e-01 3.589199647536656101e-01
1.425286214671942775e-01 5.214231938867943672e-01
1.599137826879462876e-01 4.004624426711975160e-01
9.326494896678246826e-01 3.610898293427965422e-01
4.569259436130745922e-02 3.608761797211904598e-01
3.963893699722080832e-01 7.583236462496310004e-01
4.616354700527316446e-01 6.504610576984846126e-01
6.271365560002585271e-01 3.373502490175529500e-01
7.286842533647769349e-01 7.946801105295879797e-01
6.078086108600785215e-02 3.340808213575364727e-01
1.895425832235593244e-01 1.578635441210544110e-01
7.587752234366431647e-01 5.457061522166583023e-01
4.506243984450488682e-01 4.474945865764061725e-01
6.129905431853784059e-02 3.497895947942494810e-01
9.225732708206182409e-01 3.312633738690007323e-01
6.164780150983324436e-01 2.623113525424323189e-01
6.119493358324185062e-01 4.106638726601246070e-01
1.561471618449850052e-01 3.045395020551917020e-01
8.783378885738919450e-01 8.155684659070389086e-01
2.609590820302375436e-01 4.733724773155220666e-01
5.292961841230018338e-01 4.242519406560821826e-01
4.554081552085861295e-01 7.856542399510291208e-01
3.631239237788170815e-01 3.905077034157216076e-01
6.833205166842118983e-01 7.710590628173435990e-01
6.955191609596202973e-01 1.718128655862827259e-01
4.537885420028471284e-01 2.996542721652708519e-01
2.636146676949227552e-01 3.230934329914333936e-01
5.092018529399897631e-01 6.125393562628598243e-01
6.612311316968979558e-01 8.089616740256411198e-01
9.198207011874665051e-01 5.470555978960341958e-01
1.040632148097373477e-01 1.932358017406280437e-01
1.636620963561542241e-01 1.794331743817289826e-01
2.862616132320880968e-01 4.945757089363612691e-01
5.007498767123431671e-01 2.351370912774933819e-01
4.164257424257681306e-01 5.111215004663897110e-01
4.104705836478561576e-01 5.181790279534846944e-01
4.557968585220262270e-02 3.268806148814257240e-01
1.186073002290427836e-01 3.205193137453607455e-01
6.510476129926959787e-01 5.557698673282154278e-01
7.031504626903675170e-01 3.856405261487952929e-01
8.528573223481571430e-01 2.397363875667035682e-01
5.810265958130811370e-01 7.111562942237759088e-01
5.659978974556845177e-02 4.686413603798628147e-01
3.165881661255129931e-01 5.413776706282722451e-01
4.493646908002405516e-01 5.481735205551938606e-01
2.379717781182580649e-01 2.110438353089751917e-01
4.740762561537758546e-01 2.311067250882006263e-01
8.306406594982651548e-01 4.682777344934151986e-01
