6.621394784458047855e-01 8.373815273629058309e-01
2.801780931760310400e-01 6.168250051964427882e-01
9.375269481651633541e-01 3.577903368201823531e-01
9.470773308330707740e-01 6.430987991800198866e-01
8.859953783798861504e-02 6.453887129268764955e-01
7.044862301881359423e-01 8.776372454221916808e-01
5.696727469760561879e-01 6.172492949049486199e-01
5.847541110502125772e-01 3.521163446593135737e-01
8.968872467998019182e-01 5.320757282363925977e-01
2.352921486809823048e-01 6.877366844740355756e-01
4.454071894634666906e-01 4.352718538297545292e-01
9.114309029167160237e-01 3.098438323270927830e-01
1.552617947508989626e-01 3.298180405106963531e-01
5.534688765440501923e-01 8.882360283655910127e-01
9.798216268667638840e-01 6.176236174209660534e-01
2.913736627056662809e-01 3.673335843687408619e-02
1.978501037421367958e-01 1.148257685346266710e-01
7.302137034067883725e-01 4.978768413692117312e-01
9.679726921922793270e-01 4.853261316463911568e-01
7.125962465474111607e-01 6.305968082864429336e-01
4.331807009550826537e-01 2.668698557622116718e-01
5.033114466055348402e-01 9.614185114080695538e-01
2.706315297215682869e-01 9.795576430704973081e-01
7.748867376551527020e-01 6.970981306887957807e-01
1.589205523827052768e-01 4.039037584086430099e-01
9.253142840974881711e-01 5.233288081584728246e-01
5.571730509687135013e-01 8.451800550863197703e-01
5.242207207382173495e-01 2.327659056030473572e-01
2.445390117430063515e-01 2.298159054260375533e-01
6.209201119304850192e-01 8.799446928133036749e-01
4.316161930181536821e-01 1.717845007993680784e-01
2.933499756236765399e-01 5.200892103782168985e-02
3.759723518257496733e-01 2.909396687279852678e-03
1.264190074094635463e-01 5.414486668502800359e-01
1.173179484381332016e-01 5.867931262308895279e-01
1.044683589135583790e-01 3.108083835324815247e-01
3.355049161416598369e-01 1.112297197254275005e-02
7.392493707905965772e-02 3.904635723365112443e-01
7.815928390857516117e-01 5.365690535571843167e-01
9.072799975776394410e-01 5.588147839240968917e-01
7.765525282926939443e-01 8.918229109410042987e-01
2.257526155084126906e-01 2.413191624858308793e-01
2.872958234854240400e-01 1.768226309918120021e-01
2.345381221929313531e-01 5.937643940405069598e-01
8.335022561156529841e-02 6.818453487372193589e-01
5.988949686096481928e-01 8.392499970505732376e-01
7.767129593994585024e-01 2.743476149941960207e-01
2.017837313323617154e-02 5.447401510537176472e-01
6.091737251366510231e-01 8.275032905832510055e-01
6.251680723856640753e-01 4.483678797473464872e-01
5.592454449094368396e-01 6.052599378487610871e-02
7.708960335679400089e-01 7.544560632050951732e-01
3.803424368673601341e-01 5.495277042932777967e-01
7.488028365253008856e-01 8.371985064331856075e-01
5.919524486789338180e-01 9.653091317567608076e-01
3.674387623968058958e-01 9.970906033127200363e-01
8.460412600516167281e-01 3.882698470316280903e-01
7.397614634495823793e-01 8.181143937414687706e-01
7.928109669118313940e-01 3.671924657832904559e-01
2.567611766612875046e-01 2.700043943792683754e-01
1.694371508434749929e-01 1.891360246275751167e-01
2.698812422146204537e-01 5.383031678694183420e-02
8.516560856604504792e-01 8.167455052413039596e-01
3.161904757341750249e-01 5.841730806628923078e-01
7.464587769178472332e-01 1.467905945497370857e-01
8.653604313276169746e-01 5.728378970292358208e-01
7.392969882727138398e-01 7.676289321627461915e-01
2.872642317506790555e-01 2.495269051498001933e-01
6.668796564382667436e-01 8.067082019270657156e-01
3.153878146364846868e-02 4.700856409472344843e-01
5.466190963698406291e-01 7.698437541431211173e-01
3.161352018797566887e-01 8.099301186533713892e-01
8.418350558781501070e-02 7.078639181664264646e-01
5.315857926944721479e-01 8.613555564121673225e-01
5.242491334827321658e-01 3.486995139944412125e-01
8.189314126874713828e-01 5.322321824114506494e-01
5.306611328889863088e-01 7.735934279070220132e-01
7.308538971648261828e-01 4.285201054632749584e-01
5.732106996991800374e-01 8.948765916830152545e-01
7.526964492900110049e-01 8.919780073438312584e-01
