7.492510626028178189e-01 3.796516197020081695e-01
6.847994968741270005e-01 4.170478632898355631e-02
6.128584682473345868e-01 2.797457892500727072e-01
5.645625177820828844e-01 9.515131394642354357e-01
1.781114848659165473e-01 2.918105219438617004e-01
7.791658441260037593e-01 9.210449274809207054e-01
6.803767369143591814e-01 3.838544743235656753e-01
8.084075197454312356e-01 8.323544784941930841e-01
6.043953784925424344e-01 1.314038287055572518e-01
4.398306577062930378e-01 5.267058937328280566e-01
3.795504537911063014e-01 5.421665845826318941e-01
5.846693961347678714e-01 6.245332840969138044e-02
6.090817054881988435e-01 4.602337624854457854e-02
8.939222196638905160e-01 1.271715549408905521e-01
5.977174368532727211e-01 6.373139656604777104e-01
5.928395552280976144e-01 7.054585401395226940e-01
6.843663562571389303e-02 7.257825120199233870e-01
9.512637899214557713e-01 1.433718807253183680e-01
4.036217777190632683e-01 8.712980589682901567e-01
9.263680104630666046e-01 1.155678809112890004e-01
1.314452351810368180e-01 7.611112012738103783e-01
9.398314035965804614e-02 1.872536968430426052e-01
3.486452765638269335e-01 2.894890151396938283e-01
9.545746285857815705e-01 4.243175313330658227e-01
9.707113598316616798e-01 3.168585939280064157e-01
1.771642380426877716e-01 8.936201537563051023e-01
3.155918464801684697e-01 2.242895354103902894e-01
6.214867718774055305e-01 2.354473257628699745e-01
7.752324971750752525e-01 6.859892594605645488e-01
1.276339001309918231e-01 8.183598686507701503e-01
3.144044553740342751e-01 4.228904972376730242e-01
4.704474768992279454e-01 7.548193332210511031e-01
8.248936939320010708e-01 7.487054733365929859e-01
7.233668026928784522e-01 1.337567905527667078e-01
8.454880944252077257e-02 4.907513788657660303e-01
3.861762001322782689e-01 3.544489645869494665e-01
4.129442671232231854e-01 9.304365596645066683e-01
5.202111705875496206e-01 3.446222482311676050e-01
1.385047080112538076e-01 1.501594989069572339e-01
5.493918470955482247e-01 7.523992241247532409e-01
9.060375789222696596e-01 3.621999706597378021e-01
4.563921593266292986e-01 9.265438173306199676e-01
4.554630751220477558e-01 8.369779889909112480e-01
8.148325634929821648e-01 3.985591459817202642e-01
6.592737598299185375e-01 6.416494283434615031e-01
1.264495647384189514e-01 2.285309227649952035e-01
3.258139680710711583e-01 2.969569065851420109e-01
6.151977780987701871e-01 9.582952136710163327e-01
9.760612968039252824e-01 2.567619806327797738e-01
4.510945238286667713e-01 9.018940030875797209e-01
7.610319580704758557e-01 1.805166481992616645e-01
9.033151115641053774e-01 4.619538990670903900e-01
5.614287770710724157e-01 6.790758480270128183e-01
1.743252517365361798e-01 1.832690016330617566e-01
6.923565029599031417e-01 6.967318950068686068e-01
8.417921021337907428e-01 5.251319329943688885e-01
2.863698486092397522e-01 2.623867017508910160e-01
4.941775625520581361e-01 7.084980895405178503e-01
1.412669763589363692e-01 8.126832461763484616e-01
2.752810943551656786e-01 6.450663903114443043e-01
6.819058968051842085e-01 8.636141158426191566e-01
2.494335582639075066e-01 7.610157663039636144e-01
2.435136646543578642e-02 4.551072622684362301e-01
2.878276115508094368e-01 3.207766756205397418e-01
2.162791846250768923e-01 1.301609743282395870e-01
3.141968121819583293e-01 1.973829839824666477e-01
4.608732492471558362e-01 9.366346251762596165e-01
1.705255177341568618e-01 5.639885524299166342e-01
7.860538433724232332e-01 4.107517595276302669e-01
7.561279694870615131e-01 8.920142128579671148e-01
2.393870319607471764e-02 3.964903576947670372e-01
6.010091372449518632e-01 3.705159597579111841e-01
7.797805537812145804e-01 2.388419048952416801e-01
1.151090625610834833e-01 5.132633846559151447e-01
3.700503146636902052e-02 3.521797856384240033e-01
1.146370606932047842e-01 8.424729180035190890e-01
8.703226093393932050e-01 5.614541180245605778e-01
6.417922845106618368e-01 1.692418319510920477e-01
7.095216934439422252e-01 6.387640834000331003e-01
6.955113818232325773e-01 9.088522876244432558e-01
