7.865042237905559563e-01 7.976390757362360473e-01
5.926615565336513791e-01 9.065256350348613879e-01
7.903152460611019281e-01 4.116180717558823865e-01
2.013133158758817487e-02 6.054521692801644317e-01
7.620096915142108296e-01 2.068640775044905400e-02
8.359998476733785377e-01 6.176736269110190136e-01
9.707080944671477862e-01 5.447666387200555960e-01
6.636643675872185844e-01 4.983798378148396324e-02
5.443940799635794692e-01 7.130172181311174029e-01
3.226310791970335989e-01 2.414166352687308059e-01
1.812290196086636385e-01 4.783168326660567349e-01
5.897916566710548203e-01 7.890551717950951005e-01
6.727105293335107206e-01 8.235628647599979590e-01
5.203261180218978765e-01 5.783066597910069273e-01
2.289756945031568292e-01 7.904694792940454295e-01
3.661603669919423765e-01 3.552099662564549565e-01
8.815042784955869903e-01 8.182823919865777063e-01
1.230040679165896461e-01 5.987455383665658548e-01
9.790267046786244043e-01 5.125249118678248950e-01
6.447693320797075467e-01 5.917935997080536747e-02
5.297600152717376609e-01 4.439302683541602734e-01
7.859011641950925942e-01 9.414634405545219131e-02
6.202179661948248324e-01 9.557237175911876825e-01
7.118506855729567206e-01 5.254618324912062599e-01
1.933156101720174824e-01 7.765435322110372240e-01
4.730872923936900176e-01 3.439941925816101254e-01
9.127996307042418600e-01 7.915687810391549561e-01
5.489781615695883410e-01 7.416257831856170046e-01
6.153102954703099092e-01 7.560893464823386090e-01
4.803753317182870020e-01 3.445406609998635794e-01
4.101468098682363728e-01 5.673383483925945603e-01
1.372884712158608522e-01 9.539975551023855971e-01
2.386490510486694028e-02 5.857967715406512399e-01
5.761956559565338809e-01 5.016782976016076478e-01
6.387992903017101209e-01 3.227080942850433232e-01
3.928651027879762614e-01 8.270061779568151916e-01
9.798686684124118251e-01 6.616674523425363219e-01
5.739908960250305059e-01 3.989869420564209346e-01
7.897309225415855005e-01 3.530602227156831585e-02
7.523727345407634770e-01 6.537484193271253519e-01
6.755571346661464194e-01 1.680447645041348026e-01
8.271229059867272193e-01 2.589705181981935000e-01
9.785714200208598390e-01 4.501380179378383639e-01
7.192698590092239108e-01 7.799349980636732793e-01
4.834613621677853468e-01 2.858582260267190089e-01
6.309232752085141005e-01 2.788452936547395900e-01
3.543603232837178041e-02 7.582068581796560514e-01
5.712661980012991858e-01 1.400127859431326560e-01
9.412733722665793668e-01 7.128589782105099193e-01
1.590357097855406299e-01 5.744053793328094404e-01
2.870210177615550862e-01 8.524380839029911394e-01
5.039659490817850473e-01 7.651155049211869619e-01
6.362014232564598970e-01 3.010582993583720279e-01
8.071111003362804182e-01 6.817310118132250407e-01
1.963572680897109346e-01 6.956819110824385977e-01
4.846577027541736360e-01 1.458171137612570556e-01
7.331167781543251882e-01 8.944472962711183528e-02
5.673533915631171487e-01 9.756462070875617787e-01
5.716811249605938672e-01 8.810368958470412570e-01
7.224390330591735632e-01 9.390751678754742926e-01
8.697330063056283311e-01 2.555044963239101463e-01
4.809851675342702304e-01 6.178146191024609379e-01
7.190933138094161015e-01 5.699606770968301817e-01
2.936459857516158789e-01 2.601946279727166411e-01
5.667214978814382187e-01 6.828897329257644921e-01
7.613548960093543538e-01 9.410364006210183985e-02
4.444575669145911512e-01 5.143488934993658557e-01
6.716136376373025296e-01 5.385253664631101111e-01
3.931808156311761282e-01 5.399622321249589740e-01
7.922875220879281866e-01 2.097115460473381043e-01
5.757951770136638947e-01 9.779400585653076350e-01
3.722227415219032942e-02 7.000127636027976274e-01
8.664879640733980093e-02 5.078068087908335082e-01
2.934382067675515016e-01 2.600039783849955599e-01
2.498062493256830996e-01 4.861356951464402831e-01
3.813321667368136381e-01 8.772460259573220398e-01
7.181058641340596349e-01 2.452043516999442840e-01
1.614594495833339138e-01 5.266055286812678649e-01
8.915902124254138084e-01 6.870956060620589945e-01
3.446846607649839411e-01 9.793135922495510570e-01
