7.508071257586774738e-01 7.824284146815527752e-01
3.158696207913245235e-01 5.812309821274519450e-02
7.214301236607140178e-01 5.447654468040722398e-01
5.839616411658866690e-01 9.358393285363171277e-01
1.961358140172681508e-01 5.571317176584905662e-01
7.973969398967682976e-01 6.151218037594938792e-01
5.384571785572542790e-01 5.490722184333655109e-01
2.343215981647598367e-01 1.140793290183704789e-01
3.344417908547150375e-01 5.960153033518863497e-01
4.334392761335112976e-01 6.851041744540730116e-01
7.676775122099344095e-01 7.648016000371592460e-01
3.551657967828531492e-01 5.128274042207309202e-01
2.160966285940179032e-01 6.701324856969008703e-01
2.067942122980770958e-01 8.341558607939287828e-01
5.887988125017378227e-01 1.520657766961418800e-01
4.115332423799029637e-01 5.697845165760911934e-01
4.544350394515239144e-01 9.505873383833672863e-01
5.856038885602521393e-01 6.230560381458465358e-01
3.200035387529242548e-01 5.201743811048763488e-01
8.506711871136549696e-01 6.366520966212034782e-01
4.480658982803003565e-01 3.371865134381815121e-01
5.568170565128505167e-01 6.626759932955846866e-01
8.908706674066956266e-01 6.835576206055141713e-01
2.090601796159960446e-01 6.048436500589760012e-01
3.588350783242519881e-01 8.944170000105238216e-01
2.110448999686632687e-01 9.601824874824815836e-01
4.123444637120549650e-01 3.218976397559689673e-01
5.499537632007255317e-01 3.011436999308745865e-01
1.464841745517893035e-01 8.508774593174187606e-01
5.636516301659963979e-01 3.574181890284936491e-01
8.291042541449995529e-01 7.916621357121804703e-01
1.692188627054041494e-01 7.366320019721124268e-01
2.091789186453363314e-01 1.723294521294777004e-01
4.896820224768491103e-01 6.636975617999989474e-01
3.743757013206666096e-01 3.609108790236439934e-01
4.169968893869061555e-01 5.736235449568239941e-01
4.767312976243841538e-01 6.332593718459340604e-01
4.299331373702051096e-01 4.888587553607412484e-01
2.442611834588544473e-01 8.381651051525903506e-01
4.081492659678561119e-01 2.565284661378227637e-01
5.477643206697947464e-01 1.521425562256979447e-01
4.829069810630743920e-01 9.577183209119654039e-01
1.579854510580904758e-01 4.046249111977848756e-01
3.961352087610146011e-01 3.968237591637435724e-02
7.210212937243969389e-01 4.036892800427384631e-01
1.729536964901058349e-01 8.100764829717198579e-01
8.848433399437920510e-01 7.385086195099433981e-01
6.688812854554173626e-01 2.499857943490321754e-01
2.672019398100964338e-01 9.603176240836257538e-01
3.885042789241518468e-01 5.773969992671964535e-01
3.775135017551966565e-01 3.762124071423060268e-01
8.028398332810395832e-01 3.613256685746891739e-01
6.097075173409163273e-01 1.431905363678105392e-01
6.925716809508808414e-01 6.876997006631104803e-01
1.478943446800539407e-01 6.533555098048706711e-01
5.555503900016960372e-01 6.780598508825371740e-01
5.194301139901067454e-01 5.856955012344590150e-01
7.864714908551677652e-01 5.618160763170669814e-01
8.727843047335201998e-01 8.219890574787229731e-01
1.946584859599593265e-01 4.582577975135612158e-01
5.065197115291225627e-01 9.565246513228822245e-01
7.352982817131953341e-01 8.285245765704080112e-01
1.260712486279543798e-01 6.117937060573163111e-01
3.882794037831338585e-01 7.394517724849918316e-01
2.558532307374634662e-01 9.888081959634387186e-02
3.114210965069162396e-01 5.368755281240632504e-01
6.225790192387870015e-01 1.858079941642376276e-01
4.041917442944118477e-01 5.320931508799191523e-01
1.269262274119216660e-01 7.357990125138738069e-01
2.074648542907250592e-01 5.743413060979127849e-01
5.624688363864347451e-01 9.021617815359422865e-01
2.996576054767856601e-01 7.519612020253112483e-01
7.921352857245884671e-01 8.026412984849501386e-01
7.460118443965704227e-01 2.301511308914802045e-01
5.844395590981653621e-01 9.304502456855500148e-01
2.188937606486319187e-01 4.229927659011680219e-01
3.981272183978400436e-01 8.968780029565701639e-01
1.091293325933043734e-01 7.485321897661866286e-01
7.021073173965483027e-01 3.439702486851679009e-01
7.275350165256180279e-01 4.080094166792952448e-01
