3.375348945206784745e-01 1.572978041528506621e-01
5.007431794078379683e-01 4.522026046455486226e-01
8.865567694437692658e-01 6.222497955564192385e-01
1.458093646457410131e-01 2.975782420307641063e-01
6.985847008784794587e-01 7.356643508116025298e-01
3.038882537440643627e-01 2.915101762021762299e-01
3.146287769577774118e-01 9.140024186430790731e-01
4.089279948887289406e-01 5.326636106418380923e-01
6.662025640975051122e-01 7.993683075003247263e-01
2.464567378375924767e-01 6.921989703047900511e-01
7.274982668625806781e-01 4.877954601973739646e-01
2.622244803557894355e-01 3.066490020841043385e-01
5.908285509854149797e-01 6.669788698951270023e-01
5.445133726150248599e-01 1.943426110851683708e-01
3.145438413329692540e-01 3.460223970605191823e-01
8.553708575673119041e-01 6.203362667752897464e-01
5.985585100079583443e-01 9.011446612154356828e-01
2.889928698608354440e-01 2.825401624454471072e-01
8.273047637372481500e-01 7.767423526645960141e-01
3.665823313436824549e-01 8.413306483073059727e-01
3.499102294006943836e-01 5.078402583180392504e-01
1.208385395939332585e-01 5.478588729820437209e-01
1.618675989858431863e-01 5.746365384137852583e-01
6.860236480057108066e-01 7.435808011678299856e-01
6.671139480864016758e-01 8.317179411484498797e-01
1.579981470395639409e-01 1.943809584374624755e-01
5.505134272253312533e-01 8.052195341017649444e-01
4.774640522974419876e-01 9.473572638326414053e-01
7.806766958688214908e-01 4.687251976392483588e-01
2.009648005975665230e-01 7.134809784835879354e-01
4.819124287818978281e-01 2.951694414800086763e-01
5.648185382965433821e-01 2.313556363454678799e-01
8.427613503455110289e-01 5.395964124845420429e-01
1.134432305562307897e-01 3.420525892143464475e-01
8.360994255482973037e-01 6.573184027644169980e-01
1.608939224154228298e-01 7.419473411312462741e-01
1.888907252528064240e-01 5.264273616735859473e-02
7.487152062151949394e-01 3.794478596374224466e-01
1.924019579978056838e-01 6.604703923174055635e-01
7.191699151891168817e-01 5.664111916614581466e-01
3.946944416021000435e-01 5.847078295691646721e-01
6.049287215431696785e-01 7.617026006551612660e-01
8.347236192878435546e-01 8.408865850598373770e-01
3.190709822434119602e-01 3.189778898253106676e-01
5.948716063550577582e-01 2.305734819001920288e-01
5.726224480814998685e-01 4.577013373000731189e-01
5.253382891076440186e-01 7.778050771628701732e-01
2.714541603822105964e-01 5.534127755335187526e-01
7.082038728331481181e-01 1.836984752219130712e-01
4.279945549844021979e-01 6.317653118583703709e-01
7.375786471591441185e-01 2.020054277875376059e-01
1.714562111100431940e-01 2.357799959592260519e-01
7.559094739580467515e-01 8.968761007790979622e-01
5.693990762343833500e-01 8.515552351478979931e-01
2.187901059757897948e-01 4.051358460175881193e-01
6.764353278857001550e-01 4.444591751163897153e-01
1.581448402041359946e-01 4.699316972554593574e-01
8.619955944793584734e-01 4.200935694744146742e-01
7.905543162074546437e-01 3.833946724505584713e-01
8.193906340724744775e-01 6.289817842604733533e-01
7.260545882046997024e-01 8.448166932066510926e-01
4.254539826935926361e-01 7.130215625074852737e-01
2.443047403737849677e-01 8.433907650975078774e-01
3.798298260255926762e-01 8.223807751902569851e-01
1.730283173528715523e-01 6.574292712215628054e-01
4.974282424112490553e-01 8.242359140082479163e-01
1.811800267504993789e-01 1.225463693836112838e-01
7.134778530090921667e-01 6.612512556970907562e-01
5.074091659729146331e-01 8.309409910677645339e-01
6.972892022140595447e-01 5.808051357032044670e-01
1.439622346399777597e-01 6.630951903776316492e-02
3.356627924140123120e-01 6.495896113965494711e-01
4.310811980990288395e-01 8.193403171457062095e-01
1.138561101167323009e-01 3.927556782932939416e-01
5.433909526728365469e-01 5.252617019696323997e-01
5.875771583556890221e-01 9.417454160154475895e-01
1.282088567564446113e-01 8.627464294506093090e-02
8.040181320437003176e-01 8.798957351075419320e-01
4.616522350479230208e-01 8.733117877785512295e-02
3.999455100297321652e-01 6.453238189145937831e-02
