7.661429018338796748e-01 9.613139639595720265e-01
3.559410863452777130e-01 9.754463427941404419e-01
3.018941880730963701e-01 9.470670830371912263e-01
2.210748652016553684e-01 8.718508150784335387e-01
9.242247917243845423e-02 6.606251788086046073e-01
5.683491001586321589e-02 5.839131655397848952e-01
1.288723916461181895e-02 4.823645408660016676e-01
2.793034691145451776e-02 3.845452097635559952e-01
1.356331258969368236e-01 2.331450232103556841e-01
1.851688094404493889e-01 1.903968260177465455e-01
2.591846164389603469e-01 1.347329288148786386e-01
3.929496167938184015e-01 3.663947735947536977e-02
4.526459362164120814e-01 2.455365720585966915e-02
5.061096390286214941e-01 3.382998395137282177e-02
6.549981745962571988e-01 6.202803901042663881e-02
9.155784286599306654e-01 1.520692943753113591e-01
9.675446828603604388e-01 2.763849755273618536e-01
9.849641864701246252e-01 4.368044973049771684e-01
9.871127608353882366e-01 5.319313484717694829e-01
9.670929895036561863e-01 8.177320947721659072e-01
