1.278035010106287062e-01 3.078345861751914381e-01
1.873862240807560586e-01 7.651323006225829726e-02
2.356640057647864661e-01 4.042409514747624666e-02
2.622434615673872593e-01 2.776258128087527588e-02
5.224921899982910567e-01 1.950140474908945709e-02
5.603744770509146989e-01 2.065388467175055531e-02
6.127528225623164460e-01 4.012872409964085563e-02
7.250825809315242232e-01 9.317438989927162574e-02
8.681213413097159659e-01 2.537835127125455115e-01
8.842976752491458203e-01 3.705687742248167105e-01
8.880503840059106313e-01 5.168685747852274082e-01
8.709176777497278366e-01 5.661013083309324179e-01
8.309210773633699532e-01 6.672149642474860531e-01
6.205671547153115419e-01 8.471497126705763714e-01
4.654135159178836578e-01 9.774495153061272257e-01
4.454414800728759283e-01 9.804985952509105429e-01
2.511493298834497900e-01 9.614548436691640054e-01
2.248296046118612446e-01 9.352751499733901186e-01
1.119496159940893132e-01 8.116146083936198741e-01
1.162688686666065174e-01 5.683374170161032968e-01
