4.226435730092026333e-02 7.697796570834330998e-01
3.206644917330503386e-02 5.520146795338402024e-01
6.303508557159087644e-02 4.085969976238017498e-01
1.237727810337101442e-01 2.895351434905399923e-01
1.990042231581030663e-01 1.438445056409903833e-01
2.711262242326762939e-01 9.925639446357692464e-02
3.612542901630444447e-01 5.450185420128605962e-02
5.402351749716617357e-01 4.477460660798115999e-02
6.889336004337907049e-01 8.457976806114331225e-02
7.190142036500968281e-01 1.027344909594416489e-01
9.035928755733609874e-01 2.500375551338368529e-01
9.305092673649671964e-01 2.874069744339508015e-01
9.590849030546715337e-01 4.108482986924846259e-01
9.655451925368869759e-01 4.793022405516839113e-01
9.679335508266950772e-01 5.840823583289324050e-01
9.404006032821319305e-01 6.601459366887477698e-01
8.612652071004234244e-01 8.323678220272930917e-01
8.127433470676846961e-01 8.970942952909339851e-01
6.368288878071854953e-01 9.552253933920187290e-01
5.360908276378520965e-01 9.255468214248507852e-01
