7.885089027124219108e-01 2.835049960011722936e-01
1.041925339811708429e-01 2.613810074293393959e-01
7.972676517550170150e-01 5.020877372910895753e-01
4.349971454198923171e-01 7.793991681629448554e-01
5.381016069650403910e-01 7.826889234130640638e-02
5.439510053727335537e-01 7.755254151559266562e-01
5.559602148390044851e-01 7.200501551581098836e-01
7.629826392557981229e-01 3.106919333874293976e-01
2.513020363502710963e-01 5.271995497892274507e-01
2.000333101796346602e-01 5.308859762884166056e-01
3.482446482794390730e-01 3.076108521810928531e-01
2.719610963131308679e-01 2.082358032448097807e-01
2.034382744173840463e-01 1.125837156215219736e-01
4.714676110364646178e-01 5.434784816935632756e-01
1.908496932509536337e-01 6.241551402946206029e-01
4.650325101911696457e-01 4.160137673945409342e-01
1.516989852311786957e-01 7.392121725596727533e-01
3.024707860965198392e-01 1.192590360813697847e-01
3.924259802268865172e-01 9.337000844017782908e-02
1.529216379492374656e-01 7.358272873828665128e-01
2.675919901825782876e-01 8.109073155009964839e-01
4.676122437907572621e-02 5.520625871709803345e-01
1.187877633152204376e-01 5.638704698562000406e-01
8.383494848847017344e-02 3.692280161462462296e-01
4.869265871273231183e-01 2.179732315815499644e-01
9.630786164015323059e-02 7.339800684401824871e-01
4.224806606349598148e-01 8.720389896802529517e-01
1.026949113119234869e-01 6.704806965389691342e-01
9.161272014740219627e-02 4.408894953569817421e-01
2.464778003844937670e-01 6.892109766369256540e-01
3.018181808313052383e-01 4.596582095810423652e-01
5.751080261178976860e-01 2.793872861284367737e-01
4.787988884636088516e-01 1.547560251881344995e-01
5.698370363206192168e-01 6.245868456414570558e-01
2.100274863384103408e-01 7.008376690878734827e-01
8.858452028992195304e-01 1.950216122724066636e-01
5.860443970306004058e-01 1.460006667774290112e-01
3.194347731793811818e-01 5.706862003742609879e-01
5.674201113098958915e-01 2.994301022240984378e-01
3.412727483309916376e-01 3.860318262458755645e-01
8.082763777587897991e-01 5.604519220895891607e-01
5.217883779155302326e-01 6.371429177023820722e-01
9.819759617713039734e-01 3.518863948186191637e-01
6.002393337015115016e-01 1.717253403833837178e-01
1.010126635916659410e-01 6.510302366774701754e-01
5.380474458489992173e-01 2.727360937379273986e-01
1.730320138990751599e-01 1.284993768486701604e-01
6.359668468876689129e-01 9.501036115031182006e-02
7.129926708642686517e-01 3.988707950326275675e-01
3.741482766516664449e-01 1.484700659758182162e-01
2.056043882639997378e-01 8.461677923790662526e-01
3.145501866439740501e-01 9.188939112829928035e-01
7.046036167439503339e-01 6.481193558083502282e-01
5.798851817673350562e-01 1.023195507837105223e-01
8.645399633243020521e-01 4.255576037567433412e-01
5.714667443215968312e-01 1.226953691163452792e-01
3.396261408907410573e-01 8.799868872771430262e-01
9.349712598986658074e-01 3.757740150561168502e-01
5.585018521301646777e-01 6.356354812679513300e-01
9.735401696101708691e-03 5.229309396622472406e-01
8.580779459173017154e-02 4.100250169110489229e-01
4.647610382064288337e-01 7.632971349730758304e-01
1.592154922256559246e-01 4.261850608672507756e-01
4.983106836894312663e-01 1.176167620264268049e-01
1.448256643255103615e-01 4.881722972464100918e-01
2.559268832220596979e-01 5.160344810095107704e-01
3.945543379902035630e-01 4.228090974690246195e-01
2.073511028411876567e-01 2.725167044477345701e-01
3.632157398344617039e-01 8.302996723162807402e-02
4.520716081010935361e-01 5.030784245828916479e-01
6.384886711280929328e-01 2.369092091385748555e-01
2.637752791098261218e-01 1.704475394712985648e-01
5.054594276075949910e-01 1.053714166041652966e-01
2.012524606662247084e-01 1.718329966389263164e-01
5.240235305558451628e-01 7.201438998536457969e-01
7.767315597871814470e-01 4.313930728013242177e-01
6.223734578947126561e-01 3.775884871210791749e-01
8.907557221654699431e-02 7.611773077473350524e-01
1.585790508790594910e-01 3.560217784954667897e-01
6.016113613432725327e-01 1.364000564521236081e-01
1.941010456356590808e-01 7.989194682877341913e-01
4.193832403617204774e-01 2.246203749317966514e-01
5.261955138938323451e-01 2.964922186091236700e-01
3.103512907935254139e-01 3.120412430066130671e-01
5.067058556640041678e-01 3.720734326299662276e-01
4.171747091627538429e-01 5.660470930647294452e-01
7.373102253125112249e-01 1.481083866697938123e-01
2.390852183485709381e-01 8.279530289634465801e-01
5.697695792909379664e-01 4.143403781436606481e-01
1.980958282597528042e-02 5.691799429514274866e-01
2.076796726808849414e-01 5.994522668596538040e-01
8.286616451480490753e-01 3.684710579171264211e-01
2.376697384679725966e-01 6.938601260956219763e-01
9.312337387474669548e-01 2.712993059180728861e-01
4.998943541885386144e-01 5.146054951960592483e-01
6.139265881994502294e-01 2.161255209950908585e-01
4.899095739588140153e-01 9.716296161596636727e-02
8.253301415870910596e-01 3.818415716594218967e-01
7.096913751786304569e-01 2.952286931401009173e-01
2.959041435673496756e-01 9.220719064510860541e-01
3.427711972926572037e-01 1.933161913658432707e-01
5.262513901795691229e-01 3.016498571159395015e-01
6.654169672401539781e-01 5.040514907693589564e-01
1.984441831458233219e-01 3.037020846597245916e-01
6.426393068345983561e-01 8.461688206963513537e-02
1.909081887177794812e-01 1.976180155629017610e-01
3.987061089816570369e-01 5.746731265758528995e-01
3.093691918390352180e-01 7.582057603847731642e-01
4.986152365232122130e-01 2.281220927716077485e-01
8.325462737393372059e-01 2.881666747047599841e-01
7.771576880133993503e-01 1.937679693627524513e-01
6.232354478748181048e-01 3.038343097952359573e-01
5.546401544496164515e-01 7.089374636160151733e-01
5.466542474760838211e-01 7.181229287568570152e-01
6.553614103691910442e-01 8.836804270068980560e-02
8.144633848923361619e-01 5.280773208060818291e-01
7.147518515569120101e-01 3.130229076117513332e-01
6.769875593395353608e-01 5.510972060843583042e-01
4.948521402836008054e-01 3.450364371922295947e-01
7.029477496204677989e-01 1.106066393982538532e-01
1.701437237884825815e-01 7.390003623457366277e-01
3.494606063497359139e-01 1.564046023029431187e-01
6.747174611310451375e-01 8.945144922127411247e-02
5.005462550555328516e-01 8.332256165750271393e-01
4.937591932486875557e-01 4.323098506404269292e-01
3.591096872735042855e-01 1.292787366687172257e-01
5.601097849059414324e-01 1.786484452483750041e-01
2.162152105457634810e-01 6.858203886140817884e-01
3.339039315953415410e-01 9.355574452195142277e-01
4.688144188744227669e-01 3.066226512750178101e-01
8.048738711623141251e-01 3.625181284007738536e-01
5.349385014928583759e-01 7.657976162098291129e-01
4.101190289754556573e-01 4.838848577196649958e-01
7.760271602466035645e-01 4.184252532393054613e-01
8.245735089273751317e-01 4.774743261857514187e-01
6.349104915042176334e-01 3.283800231348585896e-01
1.809464538787276533e-01 2.122524667248074648e-01
4.919658372091239018e-01 6.420667565636309915e-01
1.383992482444891259e-01 2.818787493605825478e-01
2.428951138064918691e-01 1.421545116380911467e-01
6.574862466848263587e-01 7.279300645258987568e-02
5.033897350836993301e-01 6.016708115333451179e-01
1.097257875732989274e-01 6.657591259555751817e-01
6.678625259945014658e-01 3.646941534982843791e-01
1.874518983165878727e-01 3.026333565536093451e-01
6.130678780473672873e-01 2.786574312565148759e-01
1.791073572859170626e-01 6.532059886762868750e-01
2.683550889334140876e-01 3.518946151136531086e-01
7.127403608149907033e-01 3.252975313006646330e-01
2.266081521665695431e-01 8.754676172465437611e-01
2.226585654927571711e-01 7.662090580257920891e-01
4.683940807532856465e-01 1.634107870551293473e-01
2.372886839875289755e-01 2.983489833309327932e-01
9.106978306546607005e-01 2.018998054074407911e-01
7.407335415816574953e-01 9.533090461768486956e-02
2.474039530957030941e-01 7.732492516947767625e-01
5.567873802647728132e-01 5.339218149097246791e-01
1.162653040052101100e-01 4.707096765359473634e-01
8.532473910086124658e-01 2.983226504860418959e-01
3.289023948796810926e-01 3.912824978975741885e-01
5.314046730440806776e-01 3.226847994718584078e-01
3.546716465735770818e-01 9.268992265882318449e-02
9.925825334113101694e-02 5.214485770965430200e-01
1.992811911254779023e-01 4.439904115951562869e-01
2.453227930184964656e-01 8.119090459559606954e-01
5.605236619112816676e-01 2.209888242288034210e-01
6.837255456031111622e-01 6.675957425003666845e-01
6.807795937186339463e-01 4.507279456024865238e-01
3.758666168572127875e-02 6.383682862439998829e-01
2.813712010300904454e-01 2.515795754903878412e-01
9.487358953922895299e-01 3.192137556413919830e-01
8.315544346582441904e-01 2.437400596066267577e-01
3.805296060884386655e-01 7.846116453922079570e-01
4.261022094380931824e-01 3.978356718844182627e-01
6.831490719902315600e-01 5.639192214499242350e-01
7.283854498846590309e-01 6.388680521371894461e-01
4.930948224704916893e-01 7.139777212770503922e-02
2.541720705306820816e-01 3.063339444223027175e-01
4.264800480825071127e-01 4.045932403038529079e-01
4.987914254002254189e-01 5.223236274738533025e-01
7.144336595596638695e-01 2.585112275192116837e-01
6.281310297305952028e-01 4.842573164923249518e-01
2.782580811785455022e-01 2.201737744041221134e-01
3.721406386025153390e-01 7.285781992021681530e-01
4.108671776387338159e-01 1.784115557459212131e-01
6.306819956086811008e-01 7.065647688864148956e-02
7.729508258952242361e-01 6.042893039172848590e-01
1.238810244551533379e-01 7.068870765583850080e-01
2.697703643754805758e-01 3.110846872624700721e-01
4.989793407000047698e-01 4.554371245934855650e-01
2.105716689274165498e-01 6.082347010880839733e-01
4.056544689687479055e-01 3.989354741268527627e-01
3.333223940240205851e-01 7.962996581270302965e-01
8.209980806352215055e-01 4.569925549903668949e-01
2.652955060500579165e-01 3.690399437324685672e-01
2.352082696855796740e-01 6.889613436597120666e-01
2.570359553325394786e-01 4.391461752554915998e-01
1.038824607805490657e-01 5.847783081884248002e-01
7.521374211215330341e-01 9.063705021344786728e-02
8.345516769087160114e-01 5.278136251348359842e-01
2.152239876758738069e-02 5.040832876443367416e-01
4.143838942341339648e-01 3.322938363754208146e-01
7.988051203248873466e-02 7.180083066162330496e-01
1.862500067222712663e-01 4.395619010388336911e-01
4.755517933502522165e-01 3.988999658342139432e-01
4.298096399554151570e-01 8.155297987975448359e-01
7.832227449366320482e-02 6.746045645366022248e-01
8.540424346862562910e-01 1.939120268436168304e-01
4.251815422613960394e-01 8.131606870944625420e-01
7.992694026336119029e-01 1.305424176124440061e-01
1.834942426102017521e-01 5.257301265015498215e-01
7.789236399025571966e-01 5.832732987958039184e-01
3.868736268417294899e-01 5.135126118547682639e-01
7.103167895361522932e-01 3.906479833339276952e-01
4.483643998266325648e-01 5.652167915622511307e-01
7.050980504997979015e-01 2.281014590489113536e-01
4.885770005540961414e-01 1.971705861910256208e-01
3.512491084664794982e-01 1.739726109202233695e-01
1.593006591512563519e-01 6.044182617308008210e-01
5.595003530072297782e-01 7.706042785926617289e-02
2.632960587845271649e-01 4.415228962961101344e-01
9.350074143727344911e-01 2.882694200335113033e-01
7.513399242799301270e-01 2.458775687133526455e-01
9.080302522858565428e-01 3.507724000865010128e-01
4.516565175086110773e-01 5.539222291111060015e-01
4.393942215626975845e-01 4.798728743257478779e-01
8.336982090859211825e-01 4.707775272797121158e-01
1.855208424123248045e-01 1.312357103191919561e-01
2.869892746015114127e-01 4.577864525500829895e-01
5.020641247441186561e-01 8.688756346862547275e-02
7.046046486266066555e-01 9.997520892505343260e-02
8.693603427672869088e-01 4.882880466190961943e-01
6.024758184491998403e-01 3.164848211316410032e-01
7.640395703773720237e-01 1.707041776223250928e-01
4.884193827295068568e-01 7.676532586420949933e-01
5.628026058418441613e-01 6.489218879092781833e-01
5.056885918341418318e-01 6.817468769219821034e-01
7.204069389114584610e-01 5.545483387715640644e-01
4.140030519404396814e-01 7.971486273684436075e-01
7.189797782515436886e-01 6.067389769562046009e-01
4.484561220870642573e-01 1.432940111074723633e-01
5.912109804423706372e-01 5.058304880634471035e-01
6.952176050420562081e-01 2.590241408274455148e-01
2.475904763585756174e-01 4.038108714138612942e-01
2.120440271114386321e-01 4.145837339200891813e-01
5.253046231869485938e-01 1.867554223250110779e-01
1.050490530533220168e-01 6.412004774104277383e-01
4.251950870863266396e-01 6.643780085107392486e-01
2.042479473775428989e-01 7.186993667991383727e-01
9.338768029110098290e-01 2.992486907219199521e-01
9.550174327955598397e-01 4.016973838388793183e-01
6.266832597673249738e-01 3.330458477571622833e-01
6.284853510307120139e-01 1.703549884975435191e-01
9.171694958977826273e-01 2.690558958259205435e-01
7.464566442424058756e-01 5.409190875777801777e-01
3.396329551866029695e-01 4.570659672131214268e-01
9.130095445931653009e-01 2.346703090248078993e-01
7.273482186114507142e-01 5.296438382882855400e-01
5.809279070011934554e-01 1.581313307122687584e-01
2.515965402629865011e-01 6.639101265462614698e-01
4.358876622921896149e-01 1.426050782528929528e-01
8.184412859567921639e-02 6.206882346127675643e-01
4.254761194566414884e-01 2.228508233463808719e-01
6.536673733888213045e-01 3.115472310019666846e-01
6.282358308203768171e-01 6.766935021627624725e-01
8.543102713706494100e-01 2.843935383593554911e-01
4.348686120404281485e-01 8.530855296084787209e-01
5.588630609205842426e-01 7.918004844281203436e-01
1.123221758126734249e-01 7.472562729925978919e-01
2.175208887613318542e-01 2.066958026071814558e-01
7.434763640643622384e-01 6.325006658509477742e-01
6.662895991026334119e-01 3.774747722073250600e-01
3.149878502400694225e-01 5.105342659600998756e-01
7.216338152681737173e-01 1.178654139657639710e-01
5.072439793025185217e-01 7.085277787124165394e-02
4.917180118770086428e-01 7.668276662325580473e-01
4.619451913454987457e-02 6.159341759122833881e-01
4.244927341556355427e-01 8.329453574628514767e-02
4.064335228219154161e-01 7.752449147627623605e-01
5.992448687866825940e-01 6.543406983238336805e-01
6.838167377961138493e-01 5.278894125816079308e-01
6.682553925040202181e-01 1.934986131830336575e-01
3.276653884371499292e-01 5.975768834133841079e-01
3.318998064604470333e-01 3.150501952601296174e-01
5.725955388740722185e-01 3.048786597896796513e-01
4.201332753825492428e-01 4.994496260494167839e-01
4.378898448477402394e-01 4.790944659682062068e-01
1.423737453626002236e-01 1.251631578371763531e-01
9.665414845771183594e-02 6.560180664856654076e-01
6.340438338995800505e-02 4.915458626194761371e-01
3.901622478184121889e-01 1.427743158546068702e-01
9.616333729350461379e-01 3.539233087530386790e-01
3.420909072369653914e-01 4.255114799435660844e-01
3.098526577620022149e-01 1.083261104851769990e-01
7.221282052315486366e-01 3.099022884946807110e-01
8.394612257099338670e-01 1.965061005873934008e-01
6.981273430653052170e-01 2.511602544191068320e-01
1.464907661480943091e-01 7.449631105363836436e-01
2.491302961745596456e-01 1.835337508592134181e-01
2.277519741632889339e-01 5.155442938585205193e-01
7.557058990797700382e-01 2.720985034565522875e-01
8.390120261842750615e-01 1.600003519649171591e-01
7.270685677015396031e-01 4.396118546214340950e-01
8.271713280768460130e-01 5.356233076473312371e-01
1.009800133520431797e-01 3.425292262300342894e-01
4.193754466712836249e-01 2.727666131234854907e-01
1.276538695523007361e-01 4.929480251933675561e-01
2.433673381846041539e-01 4.719972318070673190e-01
4.905859133516338733e-01 2.448248149385578720e-01
5.075398104581990699e-01 3.356207553358427909e-01
4.480228737948088180e-01 6.267789354934643065e-01
1.981911218520359952e-01 7.784706734791656535e-01
1.763031461493911045e-01 2.463452356124732900e-01
2.189290952748642327e-01 5.031114569298785755e-01
7.085390157466835426e-01 8.843361199287474994e-02
7.743429688988879844e-01 5.081338342716616996e-01
5.976335645859695012e-01 6.516512544644970095e-01
4.859459683997564561e-01 6.558989432126861585e-01
3.478632400551979198e-01 3.322211837950981850e-01
1.585007287757718708e-01 8.210726384553406199e-01
4.772151884380727571e-01 5.496503966488478499e-01
5.607184953762816004e-01 5.248226557494322098e-01
7.549037546652359598e-01 2.676450132031007456e-01
6.095388190096113767e-01 5.928545316006514909e-01
6.425996237610861472e-01 7.716458077967913720e-02
6.918454628567690667e-01 6.061164377079980570e-01
3.830434152634127343e-01 4.676288596344212456e-01
3.698672098896728100e-01 3.320040810320265545e-01
5.561305711814336084e-01 1.271712969213297240e-01
2.568459126967593265e-01 2.589559415134125575e-01
4.355396648067943466e-01 8.014523501958400464e-01
3.384074038884188340e-01 6.363071387118957034e-01
1.260223197072528056e-01 5.443504038474465956e-01
8.754304655369176125e-01 2.099156065951272299e-01
5.382787567134528217e-01 1.737778313707112332e-01
5.609861975139178725e-01 5.362313866497454562e-01
7.295419408722239041e-01 2.090520545047080958e-01
6.742819052617998743e-01 9.583261204648091391e-02
2.431091969577079959e-01 1.785595109296152505e-01
4.294707840726831316e-01 8.194348138807547866e-01
6.100521925078965513e-01 5.866536185739698039e-01
1.506366508330842791e-01 3.454073962864310787e-01
5.141136353854891539e-01 1.352169821736682043e-01
2.435616647394037992e-01 1.313530301670962630e-01
3.547617421528475590e-01 7.117624217702918088e-01
3.855247115476446162e-01 7.613014888583669038e-01
8.332976830966971893e-02 5.139940411050933911e-01
4.093649681481082991e-01 8.571359401486884355e-01
8.348369930744444778e-01 3.255689893832685033e-01
2.508477180450874866e-01 8.149121804350935028e-01
8.139227658696012169e-01 3.275772121917475688e-01
4.198733083732861804e-01 7.021123907656992014e-01
1.433105573594042337e-01 3.928798127774204563e-01
3.220921405785874270e-01 4.265245129961422466e-01
7.931121844918447295e-01 3.249741450805657683e-01
2.868777797143095554e-01 2.521402291519039274e-01
2.328065214121921023e-01 3.786899684445987901e-01
7.668038299700231653e-01 9.503355851872809235e-02
1.935781878772377673e-01 2.448582715753199190e-01
2.592746932936464965e-01 7.626696349731356683e-01
5.713569242657384750e-01 6.513501561139042328e-01
1.194511217070961667e-01 3.443791960125652807e-01
2.510333559086623811e-01 6.369316108098688201e-01
6.855328236758332361e-01 4.109873202367158029e-01
1.739034897047964101e-01 5.252938298250606763e-01
1.721704593078060286e-01 5.622411368815798394e-01
7.185858403073830392e-01 1.669198444712139684e-01
7.522877198088679940e-01 1.432944199396528062e-01
3.764264907762966406e-01 8.802836833315980103e-01
1.683419139229417327e-01 7.702497671814163560e-01
2.051954255923154891e-01 7.568037057753405072e-01
3.838658505665847320e-01 3.390094333849060781e-01
3.171346461167677266e-01 2.208629057073820956e-01
3.787030638615755951e-01 7.093653269489849089e-01
8.957169454044127122e-01 3.096215037306717655e-01
6.877999622176924621e-01 6.082559110715178852e-01
6.671189164759150358e-01 4.935907567346388136e-01
4.890056415197491235e-01 6.168481835431789406e-01
2.873874727405248408e-01 5.354977145884700640e-01
3.260321195184597842e-01 8.750482102955285946e-01
7.334865917923182321e-01 1.583794256377368259e-01
2.502833599854493718e-01 7.146356910783149274e-01
6.307083503632996413e-01 6.008058525091535262e-01
1.357193388205349405e-01 1.980371172423605330e-01
5.531254279088955172e-01 8.103251853744842803e-01
6.589585258851948790e-01 1.027309763338703913e-01
2.823335169949356960e-01 5.907786411327946574e-01
1.343903730037676048e-01 3.893782851724771898e-01
7.141478091224686686e-01 5.940368310777986993e-01
3.279036662145710102e-01 6.603530924427993831e-01
7.453215311152427969e-01 2.122349389702028188e-01
6.043321484981425407e-01 2.109255918597945090e-01
4.412458760657892998e-01 2.505316864962987000e-01
2.892643823644528989e-01 1.644960171396631088e-01
3.294537927833823265e-01 8.763758773720879691e-02
8.628526948995363099e-01 1.541959478470064926e-01
1.159486115281021246e-01 5.058385966976204351e-01
1.785945933997853119e-01 1.718303644327444646e-01
1.404071128603619767e-01 4.400552347879297388e-01
1.565254950800047118e-01 5.917607946893121973e-01
6.851119401293208622e-01 5.824972440104275728e-01
8.551621323427123222e-01 3.124477272922870363e-01
3.726121991989456150e-01 7.629596535286160552e-01
4.746721500760056056e-01 7.330191550913679743e-02
5.094958576454928778e-01 8.209595384912664606e-01
2.418575683431226919e-01 1.975363198331657744e-01
6.057963653131219761e-01 2.675824443018069432e-01
4.149491258525587201e-01 8.486969221145745923e-01
4.857438098923125280e-01 1.498127289371612991e-01
5.418055345827256231e-01 4.096447798971741272e-01
4.271471672629292282e-01 3.962752214476866763e-01
4.698129822243697906e-01 3.533474100483091074e-01
2.000434820731042396e-01 6.124349169434186724e-01
1.985900990259202858e-01 2.192712371191597176e-01
6.097707933821666648e-01 3.533048466461868875e-01
2.394277121779433415e-01 5.827888316698981441e-01
4.368427773179126006e-01 4.225859360001695819e-01
1.276494836995779036e-01 6.564767359819166925e-01
1.802320784807607823e-01 6.184325433463000454e-01
7.596333548718390283e-01 3.820567243546750813e-01
4.718607122870558945e-01 1.459306694608122901e-01
6.256698270412657248e-01 5.748058811439961113e-01
5.097235617477903213e-01 7.225885851160491757e-01
2.132099706179458876e-01 4.478371393450802374e-01
7.280881376403522953e-01 3.721252690136062080e-01
6.090574759586111497e-01 4.333271253560935232e-01
3.081457905619044424e-01 1.958526013677142630e-01
2.326273844095626264e-01 7.136226449512557135e-01
8.607197886736949188e-01 3.827003283042358373e-01
3.262746660388582409e-01 4.763249058411506698e-01
4.684225599874181634e-01 4.722009477471050820e-01
7.456976757935036559e-01 4.028172881096043212e-01
1.467612502778977701e-01 7.621844450273310700e-01
2.270483647975263253e-01 8.090932939269122048e-01
2.733047620846627557e-01 4.702703455902387808e-01
2.940688273130278030e-01 3.708808888579649965e-01
2.004941633922962541e-01 2.269566613933016730e-01
8.681414092228711965e-01 4.248806736089652536e-01
6.355940037008842025e-02 6.270647476661299624e-01
4.296043685353981290e-01 7.487440630985728873e-01
5.302868606639021820e-01 5.330169039805854325e-01
9.431350874408384044e-01 3.407707380565478394e-01
6.014016724843938011e-01 3.242683468232262500e-01
3.905358077082501378e-01 8.898421207531417298e-01
3.464726130259735415e-01 7.081369586806971483e-01
3.030491549138935592e-01 1.418888076713144542e-01
8.372443501866841942e-01 4.626682419599506546e-01
6.053105478062636990e-01 1.968224089097737883e-01
1.544178278717358854e-01 6.413817474476870562e-01
3.491888766040144865e-01 6.748513928455177613e-01
2.678824335481653773e-01 8.342861706866335769e-01
3.461958286421155662e-01 4.857590092276595772e-01
6.038259330084840837e-01 7.804885216373995405e-02
5.325208175178676173e-01 5.170549311714746077e-01
4.458231886803479260e-01 4.459786757273720981e-01
5.876002365140524653e-01 6.167977278548710807e-01
2.827959947302998156e-01 1.010070183894759138e-01
6.066627854519397456e-01 5.953900645251308799e-01
5.718580249017770623e-01 2.957748634548945654e-01
4.432687042968079805e-01 8.692095707412150762e-01
9.494656183213320277e-01 3.457916116808439355e-01
3.649749473616532014e-01 2.303978526218957434e-01
5.343592481768284497e-01 1.481965449214043828e-01
9.902645983038982358e-01 3.604898609312592317e-01
1.560273963656917395e-01 3.811027167955749473e-01
8.109003843390656385e-01 1.056870477265485775e-01
3.808276056550639055e-01 8.577117565603400440e-01
8.707809168987199477e-01 1.298834988947373814e-01
8.050390750785934024e-01 4.470017898058407102e-01
2.301872134626611888e-01 3.639266942717114262e-01
3.076805060766693023e-01 7.889525998429811615e-01
4.526134694046354823e-01 2.937572771789389581e-01
1.571978157284993904e-01 1.014042961994324754e-01
1.958833896817998577e-01 1.773757650282717091e-01
3.468323594898813367e-01 8.239414114645886578e-01
7.717991948582012540e-01 2.319486215113142347e-01
3.618118685962229408e-01 2.886867470935334801e-01
3.345071085348830797e-01 5.485906589751264884e-01
9.217862960289904262e-01 3.749258006801440279e-01
4.681649578213899487e-01 6.436212531191690678e-01
4.974188104524868703e-01 2.640053732308695333e-01
7.543436592916041850e-01 4.911069146365290017e-01
1.677242657918643631e-01 5.079416743859692662e-01
1.407379961374156385e-01 6.466222337720592961e-01
5.113802890017383751e-01 3.401892748092971708e-01
6.620181337495488760e-01 4.209989847726333667e-01
8.672760219857044151e-01 3.242399778626987028e-01
5.693072728007591010e-01 3.549767231876611029e-01
5.073545727914199333e-01 3.068894339136635230e-01
6.103413883947327312e-01 9.202502917688615280e-02
3.566608945862385083e-01 6.395873479384449611e-01
1.270182647915122920e-01 4.223586194886785883e-01
8.190360336881924441e-01 4.918864090938542821e-01
4.314273468693858860e-01 5.341151847269457464e-01
3.809765613838103637e-01 8.006090096724338689e-01
1.167081293307118545e-01 6.166328849039079962e-01
5.061672052078904915e-01 5.503422148155162619e-01
4.004976966564005036e-01 8.844524802269114749e-01
1.155216657326609692e-01 7.220258802930212827e-01
6.513798760768645391e-01 6.444255478048577235e-02
