3.916580034962660606e-01 1.762724605240087172e-01
7.226396894749258504e-01 5.960033967287658996e-01
2.793477243937332877e-01 7.889103027325435891e-01
3.826500270252152780e-01 6.434477412602447322e-01
7.366097698079218103e-01 2.131007463666865220e-01
5.364373030849330926e-01 8.252466390580066591e-01
7.190142036500968281e-01 1.027344909594416489e-01
8.998681112005135763e-01 2.988529029671951331e-01
3.841954305842786299e-01 4.851626771707179264e-01
8.698381549213989317e-01 2.796157452340234384e-01
2.767784410584809285e-01 5.538312231001106811e-01
4.901077090291093841e-01 8.752612121611988982e-01
3.990282270213255100e-01 7.264403263395973198e-01
2.398050938557123035e-01 5.381378627302589868e-01
3.329448539981126332e-01 3.020147670338846346e-01
4.532978010710984607e-01 6.535195834673870330e-01
8.839104550436387153e-02 7.379132861186109560e-01
3.844975081146471685e-01 1.051313404455011258e-01
2.723327737682665339e-01 5.492048576342467570e-01
7.032209997148675118e-01 5.146808291334626917e-01
2.868479226017616734e-01 6.407118370120208350e-01
8.871186372095076766e-01 2.467554199203301490e-01
7.933231815953859511e-01 4.867586902415406147e-01
4.688677075819840390e-01 2.378931101446811192e-01
8.858951225293179021e-01 6.476042888086175342e-01
6.405267407033374827e-01 5.606733501319031143e-01
5.279173259228254755e-01 9.046967830395302723e-01
5.040957765309024285e-01 8.589873832652465957e-01
6.368288878071854953e-01 9.552253933920187290e-01
2.046333311231195995e-01 2.247301947959837731e-01
3.744082741369849088e-01 3.083642407720906253e-01
6.636034939036248304e-01 6.558152402171426587e-01
5.830579412238787729e-01 4.803920369126582490e-01
3.886303734543201938e-02 5.213574477423453812e-01
2.447685911705959061e-01 2.029658589131578816e-01
9.308243829831444049e-01 4.757225830299003366e-01
8.166958607390720770e-01 3.485659514092657174e-01
6.820547916735135718e-01 3.724690441833582444e-01
4.553902870560310179e-01 7.867597959186625189e-01
3.437186743029903568e-01 4.526185626283020236e-01
1.035850701879674068e-01 3.956089099396082331e-01
5.560753433967838832e-01 8.174865214121045387e-01
4.043551465471653672e-01 1.907958336183299408e-01
3.724269017884458410e-01 6.234864872987021522e-01
5.950147039287861928e-01 3.266523003953938353e-01
4.487156274591063143e-01 1.770235826767103393e-01
6.303508557159087644e-02 4.085969976238017498e-01
5.682982932704446766e-01 5.092067705597299598e-01
4.041206451715444459e-01 7.460121577446963137e-01
7.511083521340309321e-01 8.650221726608761097e-01
3.206644917330503386e-02 5.520146795338402024e-01
2.122523000028218587e-01 4.867593478644460792e-01
4.662055276681809080e-01 8.055750670965733384e-01
8.871993219956080257e-01 4.612181104733474868e-01
5.850455050623704079e-01 4.750878284629632686e-01
4.529660688366561327e-01 6.725594831899256443e-01
5.663040414479982854e-01 7.769558660949043016e-01
8.448089203689869153e-01 8.383774825722787316e-01
2.533141366492835389e-01 2.488508972274519615e-01
9.185081400809458341e-01 3.536439901196472557e-01
5.549281968243824359e-01 3.366557397307794464e-01
2.240473579365329926e-01 7.715307386867236161e-01
1.755713620022515409e-01 4.280381000889014187e-01
2.697014994516320763e-01 8.065763612781817748e-01
6.327168384006813806e-01 5.958546790170187180e-01
3.003519440539715868e-01 7.780642841997680303e-01
2.073518685463068278e-01 3.657963697177917251e-01
6.389625165906157589e-01 1.364548599285768105e-01
2.185743314702285889e-01 7.322973691023793030e-01
8.626782141606375021e-01 2.781799291627235493e-01
5.232729661419388556e-02 6.789781914741963575e-01
5.966613534180844475e-02 4.508947177599003098e-01
4.581566478207715898e-01 8.423666100553411917e-02
7.657708937718396003e-01 8.454999841388948223e-01
6.251092706433044599e-01 1.057306369838379168e-01
1.383963852125250638e-01 5.573472645021526617e-01
8.061087084862916807e-01 1.936293958289099226e-01
3.670883103287599925e-01 2.048230537607259039e-01
4.594872635444614550e-01 8.683981881800930669e-01
4.903965994837335973e-01 1.314115739441615305e-01
2.225846723197365817e-01 1.590866845070808278e-01
3.833535179324385478e-01 6.325298567218323731e-01
5.008414976728917667e-01 6.251092021085701278e-01
5.478638631905787815e-01 7.394737841466737516e-01
3.457961992912407245e-01 6.980685400529300644e-01
9.336947864372827643e-01 5.309449302237156942e-01
5.632573475900035653e-01 7.385801318016435024e-01
1.718691462344079657e-01 5.666621394205402229e-01
2.324559009862341707e-01 2.263387995148430920e-01
7.653204606753647443e-01 3.469001104813999592e-01
4.721301608469822275e-01 5.836330870547843386e-01
3.700484821767889843e-01 5.255261826516800516e-01
2.068702043923371647e-01 6.156637569444297631e-01
4.008368616477030466e-01 8.130106860914818601e-01
5.417732092332125937e-01 2.394352773555513125e-01
4.577666740271161827e-01 7.137032220045477215e-01
6.885304584743010547e-01 2.953607161424668393e-01
6.907948677197550680e-01 1.834830763115644359e-01
6.197956510159225996e-01 3.290519312686756015e-01
2.088882139457235720e-01 2.913161120677341676e-01
4.169841252134535159e-01 3.426022302742675052e-01
5.249132999074327399e-01 4.120552557043666297e-01
4.845518823527529273e-01 6.240906654875064685e-01
2.376705003120680448e-01 4.220986140569666922e-01
8.048546677270562721e-01 6.598130561812118877e-01
5.821426081771300387e-01 4.616845364889928804e-01
5.982638668204229848e-01 8.866027477071865004e-01
3.368061213606415305e-01 5.489602290264367079e-01
1.468319743726222981e-01 3.264069797602058842e-01
3.357909516625253166e-01 2.696151198698008566e-01
8.612652071004234244e-01 8.323678220272930917e-01
4.839880352995331037e-01 7.103929887858246861e-01
8.406622324771348964e-01 3.559841211961612406e-01
5.280478912452536422e-01 2.634764076864872240e-01
3.186107679989377273e-01 7.610251061876269763e-01
3.530224734463366931e-01 7.183590010417015836e-01
2.999076975865392347e-01 5.736232380905421646e-01
7.282071831351728530e-01 8.531979101974607183e-01
6.907421875347738993e-01 2.933402265452106361e-01
3.860153307471790862e-01 1.466288039337177995e-01
4.248487888561969239e-01 8.032366733994716901e-01
3.169572857429527879e-01 7.213786011671335929e-01
8.452477043974128135e-01 7.788930380026861666e-01
3.090180248319659428e-01 3.259752201880670164e-01
4.222312114479109812e-01 8.091583656254016654e-01
6.984371340286962271e-01 6.475850877536493133e-01
4.752536561909984081e-01 3.935915557202499526e-01
1.332893438747590753e-01 4.019511250269423019e-01
5.410630120034174428e-01 8.483663234812831577e-01
2.840408181587458225e-01 6.059562534243800869e-01
2.406685254709873267e-01 2.947362109560165422e-01
4.588467044644599646e-01 5.673544805128745150e-01
6.399474736652243090e-01 3.691772247808193796e-01
6.202196512942048656e-01 4.912134508684899981e-01
8.047844817880929202e-01 5.018447284167453226e-01
5.300447350022999826e-01 3.577048159071045674e-01
6.127016547589724249e-01 8.790185455276060544e-01
4.226435730092026333e-02 7.697796570834330998e-01
8.832707141667255346e-01 4.012500894165967891e-01
2.549166676769561435e-01 7.916504412799666435e-01
7.554048355414942906e-01 6.206695761937202072e-01
6.192572241596949745e-01 8.950763662283328648e-01
1.128352200106630815e-01 6.113206938569009097e-01
2.852583280889513517e-01 7.709442273744320229e-01
7.755295179447115883e-01 7.635464296928177186e-01
7.624135595932594045e-01 4.810075156989363498e-01
9.341506708671316606e-01 4.117420486135501267e-01
7.972729540713229257e-01 7.084778748374914725e-01
3.193684399695242981e-01 7.188735144480360439e-01
4.724005057789559814e-01 3.282431519367583483e-01
7.783822784381123627e-01 2.212029079525494324e-01
5.069549192564032358e-01 7.511880726074778025e-02
5.781105988419524833e-01 2.673747052583640427e-01
5.302279989829730145e-01 5.709321747358155896e-01
6.219823542844714614e-01 5.376032888962154477e-01
8.283091212280608850e-01 7.012349001270374860e-01
7.442341066249821280e-01 7.359752183214560706e-01
3.682225795140005031e-01 7.899062664392747513e-01
8.748288454062953523e-01 2.521687949002464624e-01
2.703015861353442739e-01 5.555124069931199893e-01
8.000701685531714791e-01 7.835555858806364515e-01
6.961000514856658938e-01 2.016917719811524567e-01
7.670919383965711935e-01 6.513727272080731545e-01
7.108284659066855804e-01 8.593085609161744687e-01
1.047450494762118822e-01 4.638731061263978717e-01
6.882311838804198167e-01 1.414845372974842808e-01
5.571302665016730771e-01 8.282496405606289969e-01
1.971983710829806613e-01 6.395538019139015429e-01
3.683388329623178414e-01 6.686575025028390629e-01
4.563453634104954748e-01 7.643691657902760284e-01
6.190504874053898154e-01 1.991481906993268769e-01
3.112426602077821847e-01 2.524223165183752116e-01
5.698192102483568000e-01 5.167858527426585358e-01
5.946299269017747413e-01 8.872048427431694639e-01
5.469445193783942782e-01 9.098809228029386409e-01
9.404006032821319305e-01 6.601459366887477698e-01
3.061554159683059773e-01 3.776881956019080833e-01
8.168677040440780468e-01 6.704757036358025557e-01
3.996076202166857771e-01 8.585342822107110416e-01
1.792773511026960753e-01 2.208556010463208485e-01
1.447252398804672879e-01 7.499070872119090181e-01
1.267162314814077040e-01 5.957594184540880855e-01
1.667438803931749203e-01 5.928967765212285190e-01
9.781434945484702992e-02 5.972223117303118167e-01
3.416540678537736131e-01 2.488023190196380907e-01
6.884289057578197868e-01 1.340171917271155699e-01
7.870002031285965316e-01 8.323004597422881679e-01
8.241994260990064269e-01 7.365433394683860158e-01
8.544313802847192107e-01 6.011345017355568254e-01
7.263955771356211955e-01 5.334872339364560290e-01
1.237727810337101442e-01 2.895351434905399923e-01
4.432669923917090804e-01 7.276318758859741109e-01
3.924406902901410588e-01 5.401183788149135356e-01
1.336861502567748550e-01 7.189491563964014453e-01
4.721378507186329010e-01 6.807130944069802458e-01
4.968937157453597875e-01 5.615322738416030912e-01
9.505411499187694790e-01 5.632986194968051530e-01
5.672336673523693529e-01 1.437140032385422206e-01
3.764214533267763452e-01 1.177479071821295187e-01
2.902654674296091808e-01 1.499994964652095475e-01
4.286515249845213038e-01 4.980791316517383938e-01
7.334250638611438111e-01 3.826031524865367572e-01
1.513427543250053242e-01 6.786620624468109320e-01
5.208839289675483153e-01 1.545968035790077910e-01
9.590849030546715337e-01 4.108482986924846259e-01
5.853468535560421016e-01 9.009475576302510280e-01
4.007282483351243263e-01 3.563596861350765144e-01
3.214676145201445512e-01 3.455080724044175544e-01
1.537414146212200960e-01 3.522782622083542314e-01
6.332387365607097252e-01 4.979320908331744677e-01
6.479820091890038380e-01 2.136184758738895462e-01
4.733731003922412306e-01 7.078159074051149080e-01
4.507291655594932167e-01 5.146825898293395651e-01
7.595018252947168813e-01 7.684503975125618336e-01
5.402351749716617357e-01 4.477460660798115999e-02
3.612542901630444447e-01 5.450185420128605962e-02
4.236915149838348382e-01 2.798135922064202141e-01
6.108040781996526558e-01 6.215299965596402521e-01
5.335643215258135674e-01 6.934375732876828513e-01
6.866224224998164205e-01 2.360789733279111680e-01
2.184155405578248332e-01 5.228276851164666006e-01
2.564452629401248185e-01 1.423797900918109816e-01
8.644597412183271934e-02 5.357380360629687699e-01
5.710508639366083106e-01 8.623263400686338731e-02
1.434433169083004223e-01 6.796050199156604688e-01
2.900638159658044390e-01 9.929566986937327089e-02
1.619133098962498296e-01 6.201052881198630962e-01
9.305092673649671964e-01 2.874069744339508015e-01
5.737839201317493920e-01 6.845514607320573042e-01
2.964427152754135486e-01 5.969228124094374532e-01
4.508692565379417427e-01 3.323606032916510133e-01
3.092587692384607956e-01 2.830508184138431083e-01
1.305711588890609287e-01 7.672199538960613463e-01
1.703110209214665771e-01 5.015136035947900250e-01
9.199050884573325426e-01 3.677191473737519978e-01
2.937341291971403145e-01 8.020468586906833730e-01
7.919716810730240697e-01 4.056077690916297662e-01
7.989187779726401040e-01 7.761922894988186883e-01
5.036353262819751597e-01 7.727668495780475322e-01
1.955058397439221884e-01 3.162374716175845868e-01
3.510231125296012777e-01 6.163246740441716831e-01
8.098334650610297114e-01 1.777301777239893021e-01
5.456607411483615361e-02 5.360316843934831432e-01
9.551884426370173264e-02 4.495633245680038526e-01
3.663693504733642192e-01 8.470143583689536682e-01
3.866628156196589283e-01 5.847199973206718138e-01
5.822239161493005799e-01 1.646735664451833281e-01
4.544337202056666358e-01 8.757735580556716970e-01
4.755328105162843766e-01 3.691161397858208626e-01
2.992853715369396261e-01 5.588551701835278163e-01
2.538921404877280685e-01 7.954707876379751852e-01
5.839785492892529684e-01 1.447862448481616604e-01
2.551605297724476307e-01 6.917578572815926696e-01
3.927520247952996924e-01 8.013032070452068556e-01
5.360908276378520965e-01 9.255468214248507852e-01
3.830454084115320623e-01 6.681535206682085448e-01
3.915194141693233432e-01 7.559733213499730820e-01
5.231605776139599540e-01 2.442664120898421221e-01
2.233042097891730360e-01 6.182149007729558221e-01
1.756212866019833396e-01 3.588031156244060327e-01
5.301985426550036573e-01 6.776107073129804537e-01
1.915104956642789957e-01 2.941508561356548368e-01
4.527053962585105840e-01 4.815544664334168168e-01
8.743404986756170283e-01 6.211974014643176778e-01
8.975285383258481131e-01 4.476880285280756544e-01
2.527393406987548663e-01 1.691791831194777163e-01
2.429569805418487494e-01 6.553908801464196632e-01
6.965935288796931690e-01 2.445936142161260762e-01
5.851950228193301129e-01 2.842157774752821497e-01
4.140970592349138002e-01 5.773528781769843299e-01
5.691298892052940595e-01 1.586558298918264720e-01
7.142007070971343463e-01 6.475421587295674408e-01
8.737700449239542422e-02 6.385136596165975620e-01
5.595144667029188223e-01 7.215688143939896770e-01
4.855308391704035165e-01 5.516806748612751443e-01
2.297798325475177150e-01 5.941957674151229218e-01
3.252481279651626700e-01 5.043538202685420302e-01
3.382786139204160270e-01 1.949355261708067000e-01
5.026006994223668478e-01 9.441879039364152459e-02
6.023575840727473096e-01 5.518713947963043154e-01
5.787383828573293698e-01 8.973092674636947708e-01
8.331690021335893537e-01 2.771522562307037196e-01
5.459943663133759451e-01 9.198580557930474688e-02
7.176872267129278393e-01 1.288716184197232772e-01
4.100539795952304889e-01 2.908951644502996148e-01
4.644089712785228197e-01 1.942805804393513969e-01
6.889336004337907049e-01 8.457976806114331225e-02
2.569581560272989340e-01 7.475635453194905411e-01
7.099259654139009612e-01 7.061393889532188162e-01
4.328142233629794777e-01 4.820639057295934560e-01
6.018153815815402430e-01 3.288506086537666961e-01
2.348407416848095064e-01 7.222350966869971467e-01
5.336330363130077359e-01 3.435636494220564718e-01
2.654032750235627569e-01 1.565578037544874124e-01
6.255699348867194143e-01 2.104407942800596287e-01
9.045489127763913784e-01 3.610258030340098290e-01
4.516249126578453787e-01 7.064322828914274544e-01
1.159827558367459849e-01 5.987813271161014361e-01
3.249918081033483230e-01 6.096516651743827397e-01
8.116870063825913639e-02 4.285093667740649814e-01
1.145885908968436451e-01 3.622720682845385620e-01
7.365516623285629505e-01 3.686501523247574519e-01
5.954086036956413031e-01 8.776465267391577729e-01
5.121993679421001922e-01 3.912271372812876624e-01
7.142116199254308628e-02 6.551645619855868130e-01
5.388803278726590484e-01 8.313222543652882823e-01
6.924902913723640641e-01 7.263038264227706930e-01
5.622048029521207191e-01 4.283671902393090258e-01
7.269205529656478371e-01 3.807927743148101785e-01
1.818987158097238876e-01 4.221108106848973085e-01
5.079078464449633401e-01 7.201577912034600182e-01
7.552598639905019340e-01 4.672219136777572279e-01
3.035189457982223615e-01 3.473623547192476457e-01
5.418833828246979456e-01 2.549602352990705256e-01
3.205559581567347660e-01 5.888709393045633567e-01
4.490159190170717185e-01 6.616895472328230277e-01
1.440770208798521912e-01 3.199456556471086399e-01
6.021177091715734786e-01 5.190600572431083304e-01
4.994541877950102182e-01 3.791693246868373945e-01
8.197185656031797940e-01 1.901411288693631574e-01
9.340588855904361498e-01 6.543039851562558740e-01
6.676616405238091634e-01 6.255353705676347520e-01
3.736514048594072879e-01 1.243877102950521618e-01
1.970406213162035625e-01 6.554595896750703421e-01
6.978640888288930588e-01 1.093849614905795242e-01
8.496038679952975237e-01 3.031335811765454857e-01
5.727169938096681179e-01 5.247387677822128449e-01
4.423150669241930899e-01 5.063727503305242017e-01
7.093486893945120109e-01 4.637950531691696909e-01
1.904824672539557895e-01 6.383315484597242850e-01
7.218966392097814211e-01 6.887948394855145651e-01
3.520413155495955015e-01 2.479925821900503813e-01
7.970698327269281069e-01 8.375502983751060837e-01
5.104702845693633861e-01 5.638928264525178147e-02
8.584685982313432495e-01 4.594608863456988157e-01
4.408863878303383443e-01 7.198051984234361544e-01
1.338393857160382339e-01 7.897187057802552701e-01
1.594864633889706007e-01 6.939355220403904401e-01
9.052122153176268560e-01 5.026841857036319361e-01
7.423396019764385567e-01 3.694816770723946542e-01
1.167414799934259478e-01 5.049699376711268561e-01
4.460739425918412993e-01 8.687970228959759345e-01
7.005080775710383900e-01 7.976947792097668355e-01
8.128402720498093537e-01 6.216670182226494701e-01
3.480725669842418823e-01 1.191481353333519594e-01
5.958372915349156029e-01 3.598169943365716605e-01
1.787780843519081175e-01 3.786731125604317350e-01
5.719450367921834477e-01 8.194632677959076683e-02
1.445540144457474196e-01 7.918298156999000748e-01
3.098289370580900592e-01 5.936225002477504287e-01
3.879804306932311264e-01 7.449360321712920063e-01
6.345078675662330081e-01 5.687013661976058065e-01
6.790884073129199727e-01 7.708066589924996714e-01
6.954392662865208630e-01 8.052062586794374033e-01
8.102250488179092436e-01 3.789321421032920689e-01
6.046273277098416221e-01 3.611600514674963569e-01
5.361494593321465274e-01 4.958254753746531573e-01
8.479103375637894180e-01 5.808086161879700837e-01
7.064500132545308286e-01 4.351379889544475521e-01
3.173010568830056943e-01 6.664725397911295257e-01
1.303516801556575122e-01 5.960480413859361448e-01
8.972881571908514209e-01 4.704135641754290109e-01
3.037304656533292846e-01 2.221890764847867517e-01
1.610772792968695744e-01 6.167657866601706784e-01
3.707608550227486366e-01 2.907733768135735697e-01
7.528481875162967851e-01 5.877588955413184379e-01
8.437164190372916650e-01 4.988503822168013913e-01
5.386363154374609330e-01 2.956120090554458235e-01
5.941997946510424455e-01 9.261297618328386827e-01
4.713647836836556415e-01 5.420962109251501460e-01
4.165805418442680708e-01 8.062172653105313946e-01
6.165496228832439973e-01 6.694771419751619490e-01
2.378082924357949046e-01 4.289980802732619725e-01
6.035681152926369863e-01 3.038865565005106628e-01
3.384114325386313737e-01 6.086151034771080104e-01
3.621836647137094967e-01 2.838875201327544229e-01
4.511740034659056930e-01 1.854476610464218522e-01
3.388983613299349495e-01 2.770365739844102282e-01
8.127433470676846961e-01 8.970942952909339851e-01
6.335528104310584885e-01 4.956552825632156156e-01
6.552910137028218340e-01 4.239976312285098636e-01
4.774341516989794032e-01 2.560967219551130714e-01
5.886989145959461434e-01 5.817935536831841947e-01
8.539869493719751126e-02 5.340635226438017469e-01
3.342151433604911848e-01 4.948079094352395568e-01
7.857340832525167018e-01 6.499854053960510969e-01
6.524066960248883218e-01 4.877012204802185780e-01
3.830336161730345523e-01 6.637757777786988667e-02
9.679335508266950772e-01 5.840823583289324050e-01
5.086168495888123697e-01 5.961605664149655093e-02
7.994507917997756286e-01 2.975630576052484266e-01
3.671879670287493402e-01 5.236703111943599165e-01
7.689849977673763881e-01 6.606299158174706587e-01
3.193460482504802966e-01 4.641881592442376192e-01
7.823124310164774053e-01 8.532952200768483264e-01
2.076973579641405998e-01 7.289863612803177961e-01
1.040975483796550694e-01 4.352922313274031341e-01
5.444492079087598357e-01 1.478159703921982648e-01
9.655451925368869759e-01 4.793022405516839113e-01
3.838908251156006868e-01 4.745158937391217857e-01
6.060759674288284105e-01 9.424542510277553187e-02
8.587515558184590780e-01 5.686759081943650873e-01
5.852872089967596780e-01 9.697423757149012391e-02
1.724658870623148876e-01 5.202043874786760336e-01
7.758131926502516151e-01 3.370097049245158183e-01
5.671936283514410482e-01 8.624718685915028216e-01
4.181685271687459737e-01 2.774055827355799142e-01
8.597099190252230905e-01 4.916369569133801631e-01
3.523564502242345631e-01 6.017155253050827657e-01
1.420809813621611850e-01 4.163449285961345336e-01
4.652959424817051381e-01 3.814056973969406350e-01
3.633609896020538188e-01 4.433489437959881041e-01
5.352052292515602216e-01 7.730005749663977355e-01
3.045039137708088206e-01 6.645618014547491903e-01
6.309702715582627963e-01 3.600391511209822815e-01
4.238627583804108756e-01 7.328938966428064639e-01
1.990042231581030663e-01 1.438445056409903833e-01
6.182679703223045165e-01 1.468669592626275222e-01
3.118217418477730596e-01 4.176883944844886343e-01
3.990522086527962253e-01 7.454467939009422617e-01
4.121400337983872619e-01 4.926937834848849063e-01
2.164969460488718467e-01 6.039588352856584130e-01
7.851257097726371814e-01 6.863729366300397317e-01
9.167168334600640511e-01 5.577757963035478994e-01
7.619342040396560600e-01 1.937013514652622670e-01
2.430469114024870203e-01 3.343288213243374440e-01
7.721724176965760744e-01 5.572224411150761281e-01
7.021474402875875764e-01 8.289752620448511689e-01
4.967102668804223575e-01 1.373706338998172960e-01
1.002759300143340748e-01 4.550944877913776776e-01
9.505642638657952892e-01 4.162677757149107483e-01
3.053329234896022260e-01 5.337959118406788717e-01
6.913208188626149830e-01 2.338678548044931249e-01
7.331908475052302254e-01 2.228873693647561438e-01
4.977399218022936223e-02 6.317177012581551843e-01
3.507384535392772396e-01 1.198073155937301043e-01
6.620391374104741544e-01 8.124076690747575880e-01
8.652254067326062836e-01 7.347557435162148654e-01
3.816291596843580103e-01 7.210129294062056493e-01
4.291996215201103193e-01 5.820443364005827291e-01
7.230811547719324661e-01 5.885343234701362336e-01
8.189076900868428321e-01 2.137391517339721492e-01
3.534538640252316566e-01 6.550448708214315907e-01
3.239499569184934868e-01 7.945780650547921986e-02
2.206100587542715874e-01 7.907157168854166418e-01
3.064066581802342148e-01 8.527173561032387328e-01
7.505315462465497189e-01 2.702937207169122114e-01
6.404450776218114649e-01 5.943184119903797136e-01
4.569611387545541303e-01 5.320595169629449561e-01
1.210599091374995884e-01 5.798195511443973160e-01
3.767762005883060761e-01 6.630717677026662371e-02
1.825640077656172089e-01 5.702620252410762758e-01
2.338621315930433375e-01 7.005731133920796161e-01
5.317700407280725461e-01 3.087639242331152722e-01
7.236081069794026988e-01 7.268782169006627880e-01
7.524727437527169993e-01 3.903600279389490835e-01
2.107835797072977746e-01 7.748162516975833913e-01
4.581870994202434932e-01 2.530204855319272972e-01
9.539725777908439897e-01 5.690471729924007072e-01
1.034803690818886512e-01 5.828918318448964575e-01
8.054470987149568995e-01 8.901269012383834500e-01
5.568090747079120773e-01 9.111147439018644212e-01
5.550899638141983949e-01 1.211647467782607929e-01
3.995671025741134169e-02 5.977660977327492464e-01
6.295447469910482319e-01 3.632143825903210166e-01
8.531764029627660895e-01 8.275790705874790376e-01
3.669319367021619538e-01 2.039793874159521736e-01
7.170739241379646689e-01 1.485999422400038350e-01
6.484945665581025587e-01 6.932737624925591202e-01
8.524997168598054120e-01 5.408191009732659094e-01
6.242167169195718124e-01 9.443842037538410228e-01
7.292021068035807740e-01 2.305188425293398513e-01
9.027486728699504193e-01 4.910391378952187469e-01
2.500267407124857066e-01 1.903596027735168783e-01
5.622731294800553670e-01 6.279600922678793551e-02
4.382454877900351375e-01 8.869064325483557720e-01
2.711262242326762939e-01 9.925639446357692464e-02
4.598570987639731822e-01 5.430901528712619997e-02
4.864885413658464053e-01 3.220366027447203461e-01
3.936007071284227665e-01 7.701064696632823336e-01
9.385820528213519032e-02 3.519095759040424820e-01
8.320665416471271225e-01 8.299501546269131280e-01
3.377978593223306958e-01 1.985167871431439968e-01
1.186325537900099758e-01 3.050980074473326753e-01
3.767434969493214658e-01 1.981004058778421950e-01
3.083846530569052113e-01 4.311545169454542581e-01
5.041889541339547587e-02 4.907039961581396437e-01
9.035928755733609874e-01 2.500375551338368529e-01
2.615792002976370934e-01 6.200278575230155909e-01
5.291700479773716603e-01 1.610042745508170059e-01
7.127893326831908904e-01 6.431535665583745232e-01
3.507237955273624364e-01 4.107908215693746312e-01
3.526632997467096797e-01 1.865063068273828395e-01
6.251108413535665376e-01 2.859585276816276611e-01
3.667417256951768234e-01 1.229159298628310082e-01
5.490984663003991573e-01 4.260876512326710053e-01
8.072909267394323685e-01 7.466696650938191571e-01
3.837628115187785571e-01 5.041144010580446144e-01
1.924068029246976674e-01 5.207639043357977782e-01
5.213151012840393506e-01 1.833854567117060852e-01
