6.294310431099863212e-01 4.283952025179677547e-01
8.491342385034873486e-01 7.907520646467628422e-01
6.939838916016839443e-01 8.870263031546862242e-01
8.059010788138094572e-01 4.687441090827231260e-01
7.458578375301038177e-01 7.077379050736789523e-01
4.780518311591708258e-01 7.506574393764096076e-01
5.878742813298403203e-01 4.752488457846352765e-01
6.227591937877552386e-02 3.285790410890804258e-01
1.548912360279081635e-01 4.870242908714055852e-01
1.312315507338276677e-01 3.962975105094911354e-01
3.575450321189979630e-01 3.167260236981670474e-01
5.395363337747757226e-01 6.114188469335414267e-01
4.233552835628617839e-01 8.037762405036696922e-02
9.482930006288251557e-01 3.829671501457168059e-01
6.971690049752586882e-01 7.810378356443958836e-01
2.707459868355212573e-01 5.954433783324294405e-01
8.830069937330189411e-01 4.968784977185037866e-01
6.906202191917097943e-01 2.313619335933886356e-01
3.159773484264858517e-02 4.694254497947146776e-01
8.276677895280182273e-01 1.960621622821863697e-01
6.524340943740556398e-01 2.975030693389205672e-01
8.658607579309887115e-01 2.105093909677430153e-01
5.707208848389839773e-01 7.423110909962828963e-01
1.345330522754653590e-01 5.231464062516339997e-01
3.100977673841484594e-01 6.189282907011667278e-01
3.310002519780643609e-02 3.392160579223864603e-01
7.090947217869684183e-01 5.323886715717103257e-01
4.008777741740289779e-01 8.286353983272798374e-01
5.714672292498875761e-01 7.010898395615209333e-01
9.161605570109145891e-01 5.627094601281411590e-01
3.786932703573074877e-01 6.186039739040659624e-01
5.838699209839313120e-01 5.440145114217204148e-01
8.518864299559130160e-01 1.975058681076977962e-01
4.588544798058512286e-02 3.479723220353493351e-01
5.875878397662785968e-01 8.395917048689122142e-01
5.741141707964360075e-01 1.745294516685707009e-01
6.896313380950067629e-01 5.326400805648634496e-01
2.105720802404280056e-01 1.514236250784022353e-01
8.284174671317769967e-01 7.370232252621627955e-01
3.459352196300755078e-01 6.879168515517982696e-01
1.964825676578099423e-01 1.964384600336053499e-01
8.919967755219252448e-01 6.514484612289660470e-01
9.639900346889191951e-01 4.427620347613319129e-01
8.935835099349966892e-01 6.596782834974846965e-01
6.027063756279561479e-01 4.146076667882278022e-01
8.088953162628447213e-01 3.550131938743817939e-01
3.511906750446845971e-01 5.564742210229957076e-01
5.762553642131656995e-01 5.716818088667623421e-01
3.430634246970513668e-01 5.464948972526337823e-01
2.048397012945022688e-01 1.566000281098125224e-01
9.360627150530234086e-01 6.122844866097152394e-01
9.934592794182973696e-01 2.508245729799882806e-01
7.748362389820987461e-01 4.628326812733458695e-01
6.485547407058007696e-01 6.723215284869810127e-01
5.544457083896471294e-01 8.507786372144763298e-01
5.392906310739090658e-01 1.816357008499258907e-01
3.422254508922232263e-01 4.595472062601632657e-01
8.891803670087684575e-01 5.321030659821833764e-01
3.968708109957904684e-01 2.308144825750002849e-01
9.756402192469282308e-01 3.915520724902238903e-01
7.701955778800299024e-01 7.232438514746402092e-01
4.967534067782197194e-01 4.999981452361144107e-01
1.824744337633482094e-01 6.108976183870682419e-01
6.545923074225645788e-01 2.734475982677844197e-01
7.660692775654255327e-01 7.580338209000294647e-01
5.755364876749105019e-01 4.660631513291833561e-01
5.593120393956698688e-01 9.007454492857167594e-01
1.258963558261668725e-01 4.605926759109700286e-01
2.979785519921916981e-01 3.472785377548446295e-01
5.648703588443385604e-01 1.306146254669251494e-01
5.329922326176137481e-01 8.910852871441494738e-01
9.549427141475109737e-01 4.300263928766007715e-01
6.103945539863097069e-01 8.617063102424665777e-01
8.050626275814409816e-01 4.761206560134731980e-01
7.421668425445711037e-01 8.632709354968315374e-01
2.174265063428014177e-01 2.820753049638077270e-01
7.618334206962083799e-02 4.723523801585560178e-01
6.955977993150350702e-01 5.238304453695160623e-01
7.097558902500100686e-01 1.342977115606481808e-01
2.014593442128402301e-01 2.730050031552287981e-01
6.248343423377207273e-01 1.451082802482093204e-01
4.096678925516098468e-01 4.668930709123781386e-01
8.704458908366667913e-01 2.050628579802018792e-01
5.457235660182038206e-01 4.551591375921765215e-01
7.128608973643446589e-01 8.308008789699083962e-01
8.468470926474347404e-01 2.975140945964100392e-01
8.449441225311841164e-01 7.954086074736494982e-01
4.210782495773146561e-01 3.292995733849478635e-01
3.528538387517664576e-01 4.230384178339646750e-01
7.943102065000995360e-01 6.126053162311915212e-01
6.896138889630949453e-01 7.187918100904665542e-01
6.511401126481061175e-01 1.727049041030258025e-01
6.665482809664331487e-01 1.020072116449963762e-01
3.547682828400708366e-01 7.872688819884435807e-01
7.600941728071993753e-01 4.646097301844695493e-01
6.792550536355446145e-01 4.623233043567741563e-01
7.571623389852784047e-01 4.318755447743206077e-01
9.726420269821107745e-01 2.443066759470664262e-01
4.896561078104186837e-01 9.135303394364521212e-01
7.203131000673066442e-01 5.083640789923138392e-01
6.583561488203998335e-01 7.265594335279541571e-01
4.881243494474574174e-01 7.938979797885281631e-02
8.951099484835255415e-01 2.221362299648689809e-01
4.751272758420568287e-01 2.054845620385751248e-01
4.102316599665579155e-01 4.153799032656499968e-01
5.134155353162753732e-01 3.848773765585045137e-01
2.400884177795046051e-02 4.490860631374823941e-01
4.671590851643614428e-02 3.071245173636768522e-01
5.810945499020820915e-01 4.672911356193312771e-01
4.548037734843596858e-01 1.475103686095234901e-01
2.407014371386044793e-01 4.555466257264697560e-01
7.700825955381497556e-02 5.237699115648608572e-01
6.338646121726457805e-01 6.673725769782425932e-01
8.953187319616362494e-01 2.496522395401383765e-01
5.814026198894820530e-01 6.351550318756269409e-01
3.512991908082747639e-01 2.516894289210946933e-01
5.602365565616259646e-01 9.056044123792050815e-01
9.648333856630453287e-01 2.735500006052429267e-01
6.230347412519168238e-01 8.877076216568440259e-01
8.567175119366641223e-01 1.834039459031907571e-01
3.553283294880216214e-01 4.359450597498645830e-01
5.917695199521985083e-01 2.956149833613869182e-01
6.522321338791134959e-01 5.806437487116199447e-01
3.481004018338019756e-01 1.415878825528132379e-01
1.701789524871364923e-01 2.222110093394554786e-01
2.657110978853199912e-01 7.613772186403476860e-01
2.939617959071627595e-01 4.083105924634968797e-01
5.639285312021515839e-01 6.023774542836468626e-01
6.881051271267382141e-01 3.273016431565337059e-01
1.721189786705150659e-01 2.385337619572487355e-01
8.398860960157401578e-01 5.066055488994998246e-01
3.090969042658864296e-01 6.451703558303495400e-01
4.614033531745912464e-01 1.827713689881130532e-01
7.130337310437492304e-01 4.335241805348277189e-01
9.141512951598252945e-01 5.542896609403344943e-01
8.476849788806467556e-01 7.877062767419062972e-01
3.968420214167676652e-01 1.033531582433046547e-01
3.752490041216878236e-01 5.696650363660274996e-01
1.721900128434165900e-01 4.184902826369829576e-01
3.568975807826724189e-02 2.821054467866490612e-01
4.140579102435168468e-01 5.986064793138954343e-01
2.222890879824226951e-01 7.037474358580645406e-01
5.694734510826371388e-01 4.908636618837402543e-01
1.034781783613805406e-01 5.797984931730880698e-01
8.068250894319550781e-01 3.239597741274377052e-01
1.700246582455061661e-01 6.741405647977409821e-01
6.575157238694605555e-01 3.895166930580440390e-01
4.552540316002720577e-01 2.124595020299783199e-01
3.027106684953963511e-01 2.313541569601549053e-01
9.481523475261743883e-01 3.658520160939818244e-01
8.282001850219635752e-01 7.866207383946441922e-01
5.001407669689506008e-01 4.939770503027340887e-01
1.784446634454564251e-01 3.455171082686295803e-01
2.814152192710475120e-01 2.830712022220797652e-01
4.617125365249648006e-01 8.870079246465631950e-01
1.944438396442444428e-01 1.606440617187353537e-01
8.039545677509389865e-01 7.433921289663646403e-01
3.919570152775020411e-02 5.322987944170044505e-01
3.960499746338110305e-01 5.273537976701776486e-01
3.931399710101118883e-01 5.108211239061525299e-01
5.103023575112558552e-01 7.290378642118062746e-01
6.842140241987653138e-01 3.759886834937161137e-01
7.552977092282555649e-01 5.810864604461246641e-01
6.392245178560044261e-01 3.967423329341809302e-01
4.903211159135852926e-01 6.617468408677094072e-01
3.154046183867527664e-01 8.132964716958581697e-01
2.001900620393299302e-01 6.934152659242971417e-01
6.817203024130513711e-01 4.212087613433801447e-01
5.861262131535077691e-01 3.894257235534994699e-01
2.748438290086844815e-01 3.958840358522625058e-01
9.157900972748601598e-01 6.927090269474598383e-01
3.056714648243372134e-02 4.042476530440849425e-01
5.847518639462788714e-01 4.781878077633290314e-01
8.047915582962890113e-01 8.178566985867619099e-01
8.426606549259488821e-01 7.284485891527048285e-01
4.511303367154321786e-01 5.737122110497662186e-01
6.451030183774782989e-01 6.896826251430283605e-01
5.520586682607240281e-01 4.148620310081712614e-01
9.772825875708566201e-01 4.622695950667284337e-01
6.371651857582119605e-02 3.412661875445867632e-01
4.339614160196262338e-01 6.798403293076681342e-01
8.534635894818254354e-01 6.750535056549907820e-01
4.145733421492190374e-01 3.726343030379132837e-01
8.426021731903520218e-01 3.513380436676655783e-01
6.586700605386701657e-01 1.242690030476452240e-01
4.741213480186121654e-01 5.143035940707669784e-01
6.576138520639649432e-01 6.521513648099526161e-01
4.600186519856400702e-01 8.950279277037004322e-01
3.733036232731110071e-01 6.118877942586085084e-01
2.438435031461058666e-01 1.777763326450153558e-01
5.648648063570619327e-01 7.465596218646789461e-01
8.301155937121574846e-01 7.103776158028078935e-01
9.241980150393087623e-01 5.857041586061910721e-01
9.836376940983428963e-01 4.152543377476102249e-01
7.982470222692142903e-01 3.104664659231798352e-01
4.207240707574866345e-01 9.112792381785811413e-01
9.719575034683176629e-01 4.979072440169103331e-01
2.844611028662336061e-01 5.552092191434512269e-01
7.874458947503213402e-01 2.832180557914348862e-01
9.013331612400274917e-01 1.757978042348659342e-01
3.060090268758579590e-01 1.879344252460710962e-01
3.156153769379552165e-01 1.536608330732711636e-01
4.284673237579098015e-01 4.747459289880466837e-01
8.181327632434400865e-01 3.903598522662417025e-01
1.956842341317874268e-01 6.112663555623882861e-01
5.945885027802604306e-01 5.968832705943689643e-01
3.638539599964478177e-01 6.853912138119360176e-01
7.016947576995390123e-02 5.211723158661260014e-01
6.161355765669516149e-01 8.718200962771780471e-01
8.306625532862417227e-01 5.113473962321064548e-01
5.247977004440507187e-01 1.311343175830756713e-01
3.419402586333555177e-02 3.575298962764013599e-01
4.982730824227905586e-01 1.731860971047209097e-01
8.029476441600730263e-01 4.634320042562470876e-01
7.715889445427452920e-01 2.905138961722010804e-01
2.934874799357575226e-01 5.340958899886374400e-01
4.306279547359129767e-01 7.844464371704067407e-01
3.511829417650125240e-02 5.209695109419500980e-01
3.427011738403272223e-01 8.000510381679811767e-01
8.849684575998689740e-01 7.700478682485820681e-01
4.289851617684494745e-01 7.164430361777713863e-01
1.880293327570798922e-01 6.904256198789993082e-01
1.890864767520429035e-01 7.104578115997364218e-01
4.921398550386968940e-01 7.834562331169085958e-01
2.537184434473842565e-01 5.396574426958781201e-01
1.947215784046315012e-01 2.810625626518785669e-01
4.907133180018654617e-01 1.641686277203439348e-01
4.433551070301051666e-01 6.068783014792982211e-01
8.448562723559662757e-01 6.332945393838936843e-01
9.123741692096312139e-01 2.198306970558042694e-01
6.409790411256038878e-01 8.149510520189584550e-01
9.598370006960190715e-01 2.899438977950249408e-01
7.055303881158738744e-01 5.183081052705036385e-01
1.441592070712391094e-01 5.163019347355136679e-01
7.937707951329842082e-01 4.307033009870732676e-01
7.664665088910247448e-01 8.201991909248613766e-01
4.889051255871255108e-01 1.783667945125656795e-01
4.029655283483576378e-01 2.301772384002786220e-01
4.918922462812460594e-01 7.059888240658347414e-01
2.489457092006247263e-01 6.779778266547337173e-01
4.726246320158331016e-01 6.684511095236784772e-01
6.621704436894099155e-01 5.808921588935547220e-01
8.539728958967121586e-02 4.225081553316300531e-01
6.217701525103538351e-01 7.431998667446400031e-01
2.667411915127344546e-01 2.612521703832464959e-01
6.856200761442801106e-01 6.145185477113944694e-01
5.604580103141144631e-01 4.055083802402294491e-01
8.029172858871496121e-01 8.336810329090508231e-01
7.232215687724660169e-01 3.352339010611518066e-01
8.281149447835999267e-01 8.545751175191720339e-01
4.531836605988467936e-02 2.864229244937263608e-01
5.969686903865523142e-01 3.625151083516183204e-01
7.808897015601673486e-01 2.051524828728670258e-01
7.537343920805739117e-01 3.346223079026472980e-01
3.099609716109941737e-01 3.214240808654024173e-01
3.618981181893728971e-01 2.464379328883203601e-01
8.635013643520399462e-01 6.324868111540734583e-01
6.342286612468233109e-01 5.145142569726922632e-01
2.963033605328129205e-01 2.974313138789503874e-01
5.723132935778905139e-01 7.832733800707246674e-01
7.600774408386259395e-01 4.377150531145729828e-01
8.120879429778428138e-01 3.253481191318954302e-01
2.861829877318315951e-01 5.334817072402736615e-01
9.521540883840140523e-02 4.480482858911850053e-01
2.752370062879673784e-01 1.474864458619931651e-01
7.869650394172545971e-01 4.079053876663242262e-01
8.542783201382402325e-01 7.918402011664060769e-01
1.139428002917333704e-01 5.331239116136994305e-01
8.110685701123273583e-01 3.435070747369461941e-01
4.508285085057200936e-01 2.984910075875538693e-01
5.399480797800759735e-01 9.087989411846655319e-01
6.543047759577875766e-01 1.829732291874414385e-01
4.183089069098016033e-01 8.698967988962666986e-01
6.012819742875146201e-01 2.104731170360900627e-01
8.328375848411471161e-01 4.223912903648838202e-01
4.362506447132676324e-01 8.570000625382683257e-01
6.863768778173666707e-01 7.273625354053998571e-01
6.581952879120003264e-01 8.829484917507846031e-01
5.885951487749101485e-01 8.548424432723631394e-01
5.957643121500999506e-01 3.156638399937375938e-01
2.046879984286073817e-01 4.967450643536760468e-01
4.878086387182116734e-01 4.251577813010032902e-01
1.907066344187411666e-01 1.911703599699877687e-01
3.763288103562947851e-01 5.249316997150978992e-01
3.749588983239061091e-01 7.166731570015153485e-01
4.874575328969412702e-01 2.551049946076760500e-01
6.883389733771059227e-01 8.239777155369235606e-01
6.800325218144940287e-01 1.170207135577228386e-01
6.669761590746678959e-01 7.213523498006552126e-01
7.043466955606956237e-01 1.493723480936403614e-01
3.647643485839429656e-01 5.288677226931708386e-01
9.689204204746499904e-01 4.250433318938197647e-01
9.290063844607213683e-01 3.344353899793534590e-01
2.048415234690205144e-01 6.187401474015198355e-01
8.653120890808194687e-01 4.491580535996242962e-01
6.446803487460581739e-01 2.267764537246843015e-01
5.045364838311432176e-02 3.209151383013467695e-01
3.893557345322249952e-01 4.010212866657048014e-01
1.766802021416322421e-01 5.837711618033658567e-01
1.714296806293442721e-01 1.530460995195936924e-01
9.705158822874114799e-01 4.379837621396764913e-01
9.612965989519817178e-01 2.619663219937402587e-01
8.197509180402021700e-01 6.349377538018531331e-01
7.536147030265061275e-01 2.131373954956637951e-01
2.397393844025334786e-01 3.679747673518785067e-01
3.690515480541487481e-01 3.972581131119911624e-01
5.537300932305604384e-01 4.001366117607046968e-01
2.606839843702113413e-01 6.768868649643662305e-01
1.186169352421926199e-01 3.854811791797190246e-01
6.220522407291209088e-01 7.996228611810388687e-01
5.930969614385941391e-01 5.197011079855275995e-01
9.026032860503017119e-01 7.161110261444119107e-01
6.944820565405850354e-01 2.478514901049325980e-01
2.375821853312581333e-01 5.143490283746007252e-01
2.640745443883774080e-01 3.810472425996984658e-01
1.466917040510445358e-01 5.473152127718485804e-01
3.817214892501249457e-01 3.705053500506253483e-01
3.945823040013703431e-01 3.118744395241531686e-01
5.851072372295929025e-01 1.139150328671324347e-01
4.566813964916525137e-01 2.894173025307293923e-01
2.311839145761514780e-01 4.945783465652580091e-01
5.151949435653675469e-01 1.323900724578296328e-01
3.803327789401492187e-01 1.872706776757191438e-01
9.937791884252605845e-02 5.216269394891409616e-01
1.697587510978880165e-01 6.446704470372777163e-01
4.157194825590432852e-01 1.058769797036628602e-01
7.548579627509544032e-01 5.257653571804392634e-01
7.693555781156544704e-01 3.073768306145938656e-01
6.512229544925496327e-01 1.936579435750251654e-01
8.936119446472566841e-01 7.628920848306867120e-01
1.486817016636161337e-01 6.004624860265710407e-01
3.844168062687738363e-01 2.706061457957075200e-01
6.789226777597623386e-01 2.380787205674185503e-01
8.097880710998088816e-01 4.023431028563369538e-01
2.198742380264170349e-01 7.441025266189029708e-01
6.377415373503602103e-01 1.583262414004919238e-01
3.556470175797814548e-01 4.386304117754712406e-01
8.106009951563202254e-01 3.813475775782496080e-01
4.738331970456542419e-01 2.816783554366533715e-01
7.886576802930320707e-01 4.350411989219683528e-01
5.694268655203340579e-01 8.933753252457612426e-01
8.247290461806267015e-01 2.566849624670725638e-01
5.787676877150493837e-01 7.375296749125717088e-01
6.946954036393893084e-01 2.872190431047147996e-01
1.209487171949478329e-01 2.642099958886249822e-01
1.893253142449130566e-01 2.701545229573353302e-01
7.236392635060970857e-01 6.260979356244528171e-01
5.250846314318390329e-01 3.408666678105929382e-01
5.632791903797265132e-01 2.242880113338166503e-01
2.827971452048457790e-01 3.541514065902076069e-01
7.467531002959725273e-01 6.558068138170508599e-01
8.889530109708082550e-01 4.222734139185734259e-01
4.767155512717440313e-01 3.006255121785459949e-01
6.992645420423436453e-02 4.362459537034232282e-01
4.256910456485352157e-01 1.413356705253047962e-01
4.892449529045922452e-01 6.213644021727947608e-01
9.850517280665183062e-01 4.604046055275670124e-01
5.403329348051377767e-01 1.108299643277376179e-01
5.900494780082730095e-01 7.499905570488628603e-01
3.302375725828525233e-01 5.015514393745692523e-01
6.138198415715497847e-01 5.009196192264731007e-01
3.509535472721238003e-01 6.536210106816818799e-01
3.044135188209031728e-01 5.880232869003990670e-01
4.783604642457529588e-01 6.442470194464475775e-01
4.456004400577117108e-01 2.050202242208403747e-01
3.679702965294245343e-01 6.044762282835245415e-01
6.666908210828026426e-01 5.041789632423345768e-01
7.325275825955940290e-01 8.720875124694008607e-01
9.890910995619506263e-01 3.324337111667842182e-01
9.097843157675759018e-01 1.614098712822974457e-01
9.215682974802078542e-01 3.199549544195923745e-01
6.627066083712079836e-01 7.836632599709565383e-01
3.755144460316329758e-01 1.208263526232534746e-01
4.752877280440949703e-01 3.609241500660071988e-01
2.879619213996497673e-01 2.271839162253705968e-01
4.171248291719842349e-01 5.534055280233556307e-01
5.002530076250366609e-01 6.903842900434973284e-01
1.363422649666397313e-01 4.011816425522139462e-01
3.571824309480119974e-01 5.254226643745618652e-01
1.350392319191178470e-01 3.456219303180315117e-01
7.938435035012099406e-02 2.663411226647917629e-01
3.231153425966509785e-01 7.959327952749956081e-01
8.824894176776535426e-01 5.730350367572635273e-01
5.531543778577426851e-01 9.206102020211472947e-01
1.898344441225342516e-01 5.840764994595168957e-01
7.521772709118886846e-01 5.700453070900555197e-01
3.440036051384591786e-01 6.163314721851430589e-01
5.401733941980000342e-01 6.751300967265925213e-01
3.936695660975849109e-01 1.143642037543135953e-01
5.561312450683404407e-01 1.085129983046677071e-01
6.937039367138346790e-01 3.371250405558927632e-01
3.718905272480128588e-01 3.367091990509188948e-01
3.079681360380069899e-01 3.982714067078716447e-01
5.889816700381024228e-01 2.571588446308699094e-01
5.995346541830226528e-01 5.949004977192950960e-01
9.542035818076230469e-02 5.255344993433033185e-01
4.435909297839532583e-01 8.711536291909471874e-02
4.897747567603595864e-01 8.290555452374258338e-02
3.806290416438015134e-01 1.217104152747431611e-01
5.469128988162057503e-01 3.483007129389307233e-01
4.056763025539709133e-01 1.301005722774668805e-01
2.495370788861657196e-01 1.071522775208934020e-01
4.167104879949873331e-01 7.387486855157008314e-01
3.397178390648456503e-01 6.710621362020202652e-01
4.834847820962884790e-01 3.495001287729772588e-01
8.131678028683605453e-01 6.034128471829499629e-01
5.085409014065750410e-01 6.504272202261035529e-01
8.943346735626609423e-01 5.948947231814379899e-01
5.766445556386432525e-01 7.381267661445312100e-01
7.595717518244066158e-01 3.048526636540835888e-01
4.713842786565800580e-01 7.327295845996951718e-01
5.087621283267188543e-01 7.491443266611288454e-01
7.034754317300918602e-01 2.295646668347648411e-01
3.720941571455696484e-01 3.733871671512420387e-01
3.277256720661153588e-01 1.728763377737194129e-01
3.518153562153794045e-01 3.227528980766315447e-01
5.207379846968309689e-01 3.157340718547336222e-01
7.752918628627800679e-01 5.425118461107081291e-01
8.099561554008911646e-01 8.291108526181698579e-01
3.854999877243940887e-01 5.664117867621848434e-01
2.758490285514451079e-01 2.107389152007565492e-01
8.444569478958138253e-01 2.744470560489194466e-01
1.738922510865315851e-01 4.753863444952007855e-01
9.581482912750721725e-01 4.650732446085779626e-01
2.365657047491320497e-01 2.021387482632779897e-01
4.097757904333441115e-01 6.760505612968598088e-01
8.560386925917526924e-01 7.362454715079976841e-01
9.580198955095046986e-02 5.003585945809216895e-01
9.603790999003858353e-01 4.017447432226735060e-01
8.580462257607337495e-01 5.190533076572656501e-01
4.433764211082683593e-01 4.119675451826025347e-01
5.628571401067448132e-01 9.048746040171180560e-01
4.268033812397598048e-01 5.719216911889080102e-01
2.730772781342755695e-01 4.830040366148887765e-01
3.076786960614924515e-01 4.244667912508622853e-01
1.827457382675548581e-01 6.824262098441817859e-01
6.025378086363041286e-01 4.529253671004356274e-01
8.066637574776028274e-02 4.583147588892900748e-01
2.300419776802950511e-01 6.767551291890814280e-01
5.788482927148170809e-01 5.780740516847989729e-01
4.559738512173131531e-01 4.885768434721513009e-01
5.311789438740404101e-01 6.407039938196278372e-01
8.775419850048702397e-01 1.924962878295334301e-01
3.122982044925473044e-01 4.976706314548177135e-01
3.100462923183446295e-01 7.807522691589009467e-01
8.485132803860779838e-01 4.330959774698571740e-01
6.313997807061501044e-01 1.386636619649912194e-01
3.617682032101071088e-01 2.608073605119194394e-01
6.254321963439466447e-01 8.294801529592331635e-01
9.320058728240834256e-01 2.002757322661491979e-01
3.990767642110917834e-01 6.272424147297549490e-01
9.838028929668249933e-01 4.262479299709528435e-01
7.977236643859123011e-02 5.288661192345748274e-01
5.965827243065693342e-01 8.008672688281719410e-01
4.851016150633876700e-01 4.609935551268302678e-01
6.540720581702630376e-03 3.440291659917033007e-01
2.745151801951253856e-01 5.116155201754578608e-01
1.596668085912810453e-01 2.645429768770263257e-01
8.015227757355045668e-01 8.245189492883926441e-01
7.922670376481699694e-01 1.667453414572535042e-01
3.412914910289008286e-01 3.818654414461283841e-01
4.524562264950879875e-01 3.166971764609162743e-01
8.365181258664358133e-01 3.462022247843410394e-01
5.067924088504309754e-01 8.797918726345230755e-01
5.730615477487088771e-01 8.828683347806314252e-01
6.292996363236473822e-01 5.808725897110047498e-01
6.117654410146274868e-01 2.207503557306161879e-01
6.490804991682312952e-01 4.705889443525552718e-01
9.115837149895342773e-01 2.362230796878977968e-01
7.635258477434677671e-01 8.404114854603023099e-01
8.534554584709790337e-01 1.528091905163683206e-01
3.885932341903491349e-01 4.216260423124585932e-01
3.417514628081855799e-01 5.662739372583639463e-01
4.440013284791800019e-01 5.782218866720714168e-01
6.003754411701824889e-01 4.072644202592214935e-01
4.101050627962348205e-01 7.973120159327806711e-01
6.680917930943953698e-01 1.538272813792906091e-01
1.815033740967807452e-01 3.535780685119215283e-01
6.216119656006209304e-01 9.027859078936377735e-01
8.810784445508521578e-01 4.544749958998356987e-01
5.007190708890987274e-01 9.087639377029203824e-02
4.428349868998143202e-01 2.447653401008045571e-01
2.039532179281915159e-01 5.185436545776178630e-01
6.109077334921764191e-01 1.922192806160288869e-01
8.750222879654160346e-01 7.149372178347376261e-01
7.650368630647524926e-01 3.294546623432411669e-01
3.169096335624789207e-01 3.733306941851693983e-01
4.095511086365178910e-01 6.924941461732490033e-01
3.587482630967225167e-02 3.228076623254847455e-01
3.969340224491444413e-01 3.982110365277132247e-01
1.158984890651842264e-01 6.192087276175067823e-01
1.696614160746390820e-01 2.906911861310490508e-01
7.673880668872395949e-01 1.353029135451426224e-01
2.540502311010718883e-01 5.615061903072308125e-01
1.570303337374340802e-01 5.600674361727155937e-01
7.801173624196845457e-01 2.837377268005196185e-01
6.221587196876579018e-01 4.177899771308870580e-01
9.397457289025858973e-01 3.491057835929696762e-01
1.075094937756172486e-01 4.433945319178553834e-01
6.934649515474089476e-02 5.833262084264067004e-01
