9.693429711999259624e-01 8.338321874107292864e-01
9.676664236539990194e-01 8.433588847355503182e-01
9.554184116413240169e-01 8.672926462209609166e-01
9.461142540910354448e-01 8.836398853126899988e-01
9.210379710257297070e-01 9.052153151132654729e-01
9.001612235337944634e-01 9.201639367204244024e-01
8.697222499865184808e-01 9.416006903284297458e-01
8.363951976599421911e-01 9.562498981255328490e-01
8.057467490250146414e-01 9.651608585136336460e-01
7.796883112505060831e-01 9.717553023137538437e-01
7.658083166452318569e-01 9.750622561183399650e-01
7.397802430605099344e-01 9.808673107235464927e-01
6.977704063143596036e-01 9.869187489630908416e-01
6.669057077200215566e-01 9.912152364618302958e-01
6.337844487474422195e-01 9.935263164430149230e-01
6.096647463301446690e-01 9.947458011851457726e-01
5.543386032206731873e-01 9.944350530145740219e-01
5.430872787373782762e-01 9.943120338273075953e-01
5.208400274225839510e-01 9.939226674763016467e-01
4.682132056512494644e-01 9.897677805383834349e-01
4.515955410630364542e-01 9.879323968169195780e-01
4.405820839153171686e-01 9.866312401170418411e-01
4.286416131835893983e-01 9.844686883183253467e-01
4.057550853027995785e-01 9.787577170567042240e-01
3.350532788462787792e-01 9.600827293864322431e-01
2.912042078605675544e-01 9.478801745265932333e-01
2.842662884084390384e-01 9.453701486109141738e-01
2.822277118764447978e-01 9.443426852957222950e-01
2.441671026701730529e-01 9.229700749986941011e-01
2.304095505091411367e-01 9.151702602758144955e-01
2.254605901153992065e-01 9.117133876574575746e-01
2.005590425606683658e-01 8.941488346314618862e-01
1.769776958823995328e-01 8.746567802894937849e-01
1.699249672885347895e-01 8.683940989759906248e-01
1.584803257368404550e-01 8.573411278316792616e-01
1.388016294814264917e-01 8.360753021385208816e-01
1.262029817703054224e-01 8.173861329515618168e-01
8.546701893698527286e-02 7.549082166892613355e-01
4.639171824579324532e-02 6.872144577337430116e-01
3.828459248257187753e-02 6.695215565414717185e-01
3.549742904665065257e-02 6.610160660762322005e-01
2.986763277490245283e-02 6.433098820463609702e-01
1.265897618298394978e-02 5.759311407412849304e-01
8.957672649218650918e-03 5.496383653144359949e-01
8.943330893641965318e-03 5.299407621433450677e-01
9.609644599226419004e-03 5.106296630897368960e-01
1.064707171713563660e-02 4.906174715060945823e-01
1.078214574011182592e-02 4.880826333827097407e-01
1.282160150570021973e-02 4.605502149983246030e-01
1.819374564184217391e-02 4.120485240018181283e-01
2.123698333068602118e-02 3.886679769286131014e-01
2.295524038333729422e-02 3.773381698877705803e-01
3.464541751411653880e-02 3.024043427040418175e-01
4.202069905834426855e-02 2.783520827487402372e-01
4.565376877353044538e-02 2.686377230155149176e-01
7.130995980934806688e-02 2.308992704662089501e-01
9.703104297685738455e-02 1.997462440708800413e-01
1.079356922830563281e-01 1.888692383865704372e-01
1.401646687648711032e-01 1.592175430525711866e-01
1.657379071194515774e-01 1.402366178119145435e-01
2.047596364578676553e-01 1.140433719741011931e-01
2.542138320579635513e-01 8.249520364372897596e-02
3.330565958151520123e-01 4.507129997495529228e-02
3.380417785074480985e-01 4.329121030899640843e-02
3.964846052978349134e-01 2.855849002828436678e-02
4.226349404625224793e-01 2.240136994005914595e-02
4.406404600127621363e-01 1.960380187727106538e-02
4.535307473787594246e-01 1.781007610524343310e-02
4.825158911993125965e-01 1.388537429587632932e-02
5.351893078424753147e-01 7.945439042760460424e-03
5.766607758209609802e-01 5.254198814854116328e-03
6.311165666391277407e-01 1.106643649254979156e-02
6.662834974712140701e-01 1.806465415169111743e-02
6.961411251248189602e-01 2.559425472661414069e-02
7.178331302796691071e-01 3.147005753706944020e-02
7.304132858718407340e-01 3.524089518147421884e-02
7.549733479384618251e-01 4.543797390869053210e-02
7.720740369923380086e-01 5.307481773461963925e-02
7.924361128765845530e-01 6.342638513722653748e-02
8.187172262552226965e-01 8.235304830549305954e-02
8.271414874204408019e-01 8.922422415671016349e-02
8.379820176783141505e-01 9.834173938917600832e-02
8.526736028138593992e-01 1.111767966079763026e-01
8.806075323886238815e-01 1.382681128509956059e-01
9.013292587217122120e-01 1.614771026188985825e-01
9.256211681125803281e-01 1.959407574108709138e-01
9.337055159560901929e-01 2.139425040884999074e-01
9.440778276782267886e-01 2.437703024780633054e-01
9.638044570585305726e-01 3.059110176892735344e-01
9.666757401312461306e-01 3.191222530130278789e-01
9.674715954218652270e-01 3.242879307255018828e-01
9.884303500960416322e-01 5.184851893316728688e-01
9.910430230304003718e-01 5.646348703836828742e-01
9.910566691063580347e-01 5.857360253926588989e-01
9.910309387237375978e-01 6.041753211329596862e-01
9.907160095709953707e-01 6.261824112524303487e-01
9.882381580656806053e-01 6.608651342267182205e-01
9.864800892992354742e-01 6.798316333653454668e-01
9.853203483072612290e-01 6.920001002350925079e-01
9.820236552733546675e-01 7.250350480308322965e-01
