7.360646603978707736e-01 4.336740946489459070e-02
7.930873393778204994e-01 5.947833713096284391e-02
8.370742200194815075e-01 7.995542187974202797e-02
8.488860969890054120e-01 8.670195800078461801e-02
8.632160326895552682e-01 9.615823174211479696e-02
8.752056779792900532e-01 1.065938456205185458e-01
8.881596715905427653e-01 1.193004379959756722e-01
9.190188552200118099e-01 1.501988475677819013e-01
9.348898460741577043e-01 1.747957908564451435e-01
9.591685259527686913e-01 2.129016783753815423e-01
9.637400115804929390e-01 2.202295609073842142e-01
9.802950812247438472e-01 2.492525351918971621e-01
9.820162470353732687e-01 2.585588320037786048e-01
9.875570561453543839e-01 2.899100599126260835e-01
9.922021823990626599e-01 3.273799957763480206e-01
9.933510866001211692e-01 3.416770605141685735e-01
9.951861174569004431e-01 3.685168909410407867e-01
9.966737503403149123e-01 4.137345479683603999e-01
9.961321197289219054e-01 4.570895726453232388e-01
9.935363982534825000e-01 5.577726639817984777e-01
9.909136274013400358e-01 5.760536920338584777e-01
9.843588752758924976e-01 6.166886289393189724e-01
9.752441163273191105e-01 6.640639635592835432e-01
9.681884675897705073e-01 7.000454026206629488e-01
9.664864072053904742e-01 7.057696396802087824e-01
9.626024085400936015e-01 7.169301014783614479e-01
9.542057326668579309e-01 7.369738167767142523e-01
9.181411286385292581e-01 8.155678268219455074e-01
9.136809922684164809e-01 8.248086272589837398e-01
9.023589460934057227e-01 8.449173759642278903e-01
8.944094198373817584e-01 8.581515499858407559e-01
8.861674501124413572e-01 8.699483254177385882e-01
8.735208793519085857e-01 8.854898130499776476e-01
8.453344295895169891e-01 9.119122611908156983e-01
8.227058962993600844e-01 9.317755069115143396e-01
8.140974417695184817e-01 9.375269552726961386e-01
8.063955693618707343e-01 9.424677884337818723e-01
8.015457356150498258e-01 9.451495285529746271e-01
7.753143700646599745e-01 9.552596054545563486e-01
7.589033173084083206e-01 9.591300060663815463e-01
7.358030347869238819e-01 9.638313270528411358e-01
6.957731402002770293e-01 9.707247427800499429e-01
6.823996899521344028e-01 9.729217624766016703e-01
6.307099432766317681e-01 9.798749192236763106e-01
6.164337395625714144e-01 9.814909490909371481e-01
5.712517918353520185e-01 9.861692159457841056e-01
4.963847185352785463e-01 9.936549027327661321e-01
4.758398205854803553e-01 9.953869018096501708e-01
4.283556171423238412e-01 9.959659359795867140e-01
3.801257924648717701e-01 9.932472241871982410e-01
3.734466217543763733e-01 9.920788926569333865e-01
3.605973971088202168e-01 9.895655954696234158e-01
3.210720912870325128e-01 9.803926429523985853e-01
3.074230730838160008e-01 9.766014727503988802e-01
3.028500753862408690e-01 9.752300643606779396e-01
2.955762064715327098e-01 9.727997869431548317e-01
2.472417052014505012e-01 9.559237353829598272e-01
2.188787990040108600e-01 9.455697845689148284e-01
2.092278592204595000e-01 9.398510767339091077e-01
1.606652567240517415e-01 9.094475410504835322e-01
1.480334174745311371e-01 8.995678257486336982e-01
1.094356965637633960e-01 8.606833877665368560e-01
7.466277029019308120e-02 8.226836074650469843e-01
5.417152692625493149e-02 7.964177388731477070e-01
1.884721540255640537e-02 7.331706747949294778e-01
1.573772415111018841e-02 7.267704376986933168e-01
1.168683305976792042e-02 7.135082008794546571e-01
8.602773499525984136e-03 7.005919255353639796e-01
6.013268817186112614e-03 6.772870820135092895e-01
4.388707140318026667e-03 6.492496444488674578e-01
3.561108320967454333e-03 6.301651704022650513e-01
3.326249659685087678e-03 6.100119246692901065e-01
5.237952050910155144e-03 5.929182676553323983e-01
8.449712700914546737e-03 5.733468057929732575e-01
3.196257774418964637e-02 4.493059753698163128e-01
3.503481657945750616e-02 4.371713369229034418e-01
5.630464724420347622e-02 3.730676761877446124e-01
6.626326806451110496e-02 3.444218317736660318e-01
8.095037799482673879e-02 3.038284639803380260e-01
8.158929669459757950e-02 3.022528833374734658e-01
1.008137894602830764e-01 2.583408347836989583e-01
1.146883723165604829e-01 2.309305990510200912e-01
1.463778941429401126e-01 1.757895491591803250e-01
1.954128276991154989e-01 9.297827418514714726e-02
2.146261949828321969e-01 7.047940318198908649e-02
2.337078665057725768e-01 5.051033494537926494e-02
2.592851564973589484e-01 3.280530676299864279e-02
2.762911594361437961e-01 2.222197060945252378e-02
2.844834055885685498e-01 2.034731825388724769e-02
3.325296832306195993e-01 1.354979315542026441e-02
3.458958196776933391e-01 1.175567541168331953e-02
4.149722035700508238e-01 4.232729003261659351e-03
4.207501693425057532e-01 4.034064020413286045e-03
4.834119698162896439e-01 4.838238668907313134e-03
5.304710989319234571e-01 6.711720395126796745e-03
5.352531239765999649e-01 7.092955073620843542e-03
5.695162069607865307e-01 1.187968173832931740e-02
6.170630890196275864e-01 2.013751086403270385e-02
6.543079073721618233e-01 2.679519119217088630e-02
7.249411173060863467e-01 4.109193088903728697e-02
