2.001419947288523016e-01 2.766766483721994074e-02
2.194547128633639321e-01 2.449292629197274973e-02
2.605054904405735838e-01 2.029151376462912104e-02
2.686277095154869787e-01 1.948879374722023439e-02
2.947974426014161597e-01 1.943841836976356596e-02
3.901230903946354411e-01 2.297358059729437407e-02
4.112817443208527379e-01 2.415217447632223013e-02
4.518655667294143585e-01 2.790918419136645401e-02
4.640319006790593059e-01 2.934752842947763174e-02
5.148918301474189052e-01 3.671570833813764256e-02
5.526981684733427436e-01 4.435522335597885668e-02
5.688682308254229270e-01 4.775831844741296184e-02
6.096812406111769000e-01 6.589262655879857267e-02
6.213096208385610053e-01 7.167464145372215434e-02
6.298909910215995112e-01 7.619226823147606797e-02
7.294810362862725883e-01 1.303033884568797207e-01
7.718246341401225896e-01 1.536503242558713289e-01
7.764220893242482768e-01 1.562258716464440811e-01
7.827647087843304652e-01 1.598605089487508124e-01
7.936944060873731832e-01 1.666672271529108240e-01
8.065561017684688139e-01 1.746878335455825937e-01
8.148462017549632508e-01 1.803126030442481209e-01
8.806320929683492116e-01 2.362626358674704274e-01
8.982353236757593118e-01 2.513093629085781933e-01
9.134779880794383633e-01 2.653945010495177836e-01
9.170414593188933594e-01 2.688081167714510000e-01
9.318233027746952724e-01 2.955070939846615730e-01
9.549097485163829946e-01 3.412953674256912207e-01
9.614754929738205114e-01 3.547567192080691711e-01
9.717647492948571220e-01 3.810599752292606057e-01
9.720965774540176740e-01 3.821019951601188902e-01
9.775779816327768712e-01 4.029760503729861165e-01
9.785258176742188674e-01 4.076254251612435597e-01
9.832497522827522429e-01 4.358532350630671681e-01
9.783659749079350876e-01 5.025573543148176281e-01
9.711069993621634922e-01 5.579419556386909784e-01
9.608336943976764077e-01 6.080804857474105818e-01
9.532395416322351211e-01 6.439079755307640651e-01
9.481791479141121748e-01 6.675924349521270562e-01
9.455116377619671164e-01 6.773083766522401961e-01
9.383826681137216186e-01 6.979912364191855900e-01
9.308091799795108479e-01 7.148520887853490047e-01
9.284367827436020848e-01 7.200737920809742176e-01
9.165695369516035917e-01 7.449704069558871211e-01
9.036356819307092003e-01 7.704216758075550509e-01
8.947181869295822709e-01 7.809077684295527844e-01
8.869860043538508876e-01 7.888023736066532843e-01
8.316857593610085253e-01 8.441328447895470877e-01
8.121973630426128077e-01 8.628527286901428450e-01
7.775743830567183323e-01 8.890136149420805323e-01
7.468058092051602648e-01 9.118654142199642543e-01
7.282560204454396890e-01 9.239325922476603337e-01
6.999955901357236554e-01 9.404905412108480744e-01
6.874570880582691057e-01 9.475099794546416598e-01
6.840436127771861718e-01 9.493469460157933915e-01
6.487136945503264585e-01 9.619952007854412068e-01
6.397265401376696081e-01 9.645367253521277551e-01
6.270465011516360709e-01 9.679004192383962035e-01
6.009564672215811365e-01 9.732042558832718626e-01
5.805388168377774161e-01 9.770418014358224212e-01
5.642125040051316764e-01 9.799076467740012175e-01
5.547953288051526988e-01 9.805615816302364340e-01
5.467671104381282010e-01 9.805018712151818416e-01
4.776709858267369491e-01 9.676769401847294949e-01
4.391066613864310630e-01 9.595615292419918951e-01
4.369566274305423104e-01 9.590380724367595366e-01
3.526872466175356990e-01 9.364422696315417571e-01
3.104591011169655079e-01 9.246437465219875529e-01
2.858196221449262886e-01 9.174757227703796980e-01
2.689712600738750625e-01 9.107954867600449589e-01
2.585977058752454427e-01 9.063966228197842812e-01
2.379151662409169088e-01 8.926241009780010449e-01
2.032199161777383800e-01 8.649755456810204191e-01
1.919050856661653759e-01 8.541915127243929762e-01
1.778560212056675693e-01 8.386025709942741546e-01
1.510454351514805005e-01 7.901944564684457717e-01
1.324714317038911959e-01 7.538130472789162928e-01
1.253221174197490795e-01 7.396218123219852059e-01
1.092259743264099026e-01 7.057704521282455179e-01
8.538590934536849364e-02 6.531559381981962842e-01
6.733815983243296444e-02 6.042230485141568685e-01
6.257963574269553853e-02 5.902991361962370842e-01
5.162148844295899597e-02 5.535589206234230453e-01
3.719175379061956388e-02 4.901327459355766525e-01
3.100763270747852740e-02 4.626801293527980086e-01
2.824346500386087921e-02 4.499870586379374204e-01
1.675024771724775707e-02 3.729996755041630196e-01
1.810584345628785119e-02 3.388635701899208597e-01
2.214816691209875454e-02 3.035072984319230338e-01
2.801006499925540183e-02 2.668073300716189422e-01
3.213462305880698811e-02 2.438145734780391427e-01
3.774394902689859332e-02 2.200406599492359394e-01
5.523757364193659924e-02 1.885515244766282628e-01
5.992862478001670379e-02 1.815972551701791060e-01
1.043778877676859729e-01 1.196190053750449955e-01
1.195984353057920613e-01 9.900190419335685998e-02
1.226590725730227760e-01 9.492329191069504013e-02
1.329972685691521717e-01 8.282088803420617484e-02
1.480815882835455621e-01 6.668234831843766752e-02
1.722921945794765319e-01 4.557043989631248682e-02
