3.033759420877335522e-02 7.434820673404090030e-01
1.628615621523621382e-02 6.568657418159007388e-01
1.228772797272792427e-02 6.139472603848867838e-01
8.878692280902322764e-03 5.740897084241045611e-01
7.892899155174770698e-03 5.559188454841754723e-01
6.521925057621613675e-03 5.134618112214722752e-01
6.720808023815472154e-03 4.805622695715738857e-01
8.421176336194213796e-03 4.235347615401262589e-01
1.458331173465077235e-02 3.707141000552560683e-01
1.931909231462169974e-02 3.310178154396270500e-01
2.240970252198581925e-02 3.218911421523050764e-01
3.086101315071865248e-02 3.003842062298975879e-01
4.896419757507985970e-02 2.688293587259622530e-01
7.426919827131939211e-02 2.267906530218717354e-01
7.916179690040614503e-02 2.187860772399861098e-01
8.130319385312256841e-02 2.155818057442214775e-01
9.547564349334092260e-02 1.991446792813957867e-01
1.141420711092063778e-01 1.786368274473897344e-01
1.433155519228643815e-01 1.490472802490683257e-01
1.509868646206377063e-01 1.414501783548549607e-01
1.731834256842234021e-01 1.225732669104143691e-01
1.849684364806013503e-01 1.131536306046757590e-01
2.055141579949122388e-01 9.780507471564114930e-02
2.510561463414379135e-01 6.532307840994433512e-02
2.664432343249301116e-01 5.629681572642131204e-02
2.813389942953428147e-01 4.824542906009532395e-02
2.885753919372227028e-01 4.436944279716703576e-02
3.527732672403012248e-01 2.643959763298986410e-02
3.914397774639866157e-01 1.615118198587528475e-02
3.933061247614929590e-01 1.574730494151699300e-02
4.282467802142030378e-01 1.007395705531477503e-02
4.586981374179033288e-01 8.806889029599473950e-03
5.238918371104347438e-01 6.761212000458649563e-03
5.453010744621451522e-01 6.101073348805940988e-03
5.569365944911444100e-01 6.212385680603782490e-03
6.008087813288509604e-01 9.783304669237491424e-03
6.293304306055872432e-01 1.224129057717748825e-02
6.498331699044499477e-01 1.411596612895182901e-02
6.770809219637672349e-01 1.773296115150080343e-02
7.317136601620347625e-01 2.744083942734776294e-02
7.568148479310086163e-01 3.507717630965390132e-02
7.578791677617332523e-01 3.540158291475747898e-02
7.641961134231716191e-01 3.768793254176272534e-02
7.839194662612268827e-01 4.599238437391905965e-02
8.080728444319392745e-01 5.744266773021688977e-02
8.089192461914082033e-01 5.795282320441963453e-02
8.296686341505928874e-01 7.091213596217516013e-02
8.544661075898630775e-01 8.834192304601617973e-02
8.664897559064149712e-01 1.023887224851525168e-01
8.992444638014670533e-01 1.532973231514477286e-01
9.211228860027484977e-01 1.955431366856441588e-01
9.376405038484382226e-01 2.357290018278060950e-01
9.438094863518569078e-01 2.534072304302554812e-01
9.718039173523543850e-01 3.561933071721899990e-01
9.790717597852300891e-01 3.897567226627723924e-01
9.871648384471668480e-01 4.337788182300451600e-01
9.905694931434361195e-01 4.529765020251615981e-01
9.926329779970249900e-01 4.691789776988096738e-01
9.934780749423783863e-01 5.038345428229191736e-01
9.927408386218934400e-01 5.450193364890205672e-01
9.915402966208093360e-01 5.636679414560125112e-01
9.870916519788150989e-01 5.988698665932133958e-01
9.813518004065711064e-01 6.188401563905284730e-01
9.757037978212267371e-01 6.347187139050799454e-01
9.606653511959362124e-01 6.721910909227637454e-01
9.558031123884722646e-01 6.842069841434509359e-01
9.473746592298518676e-01 7.008702248082074870e-01
9.144123587960334421e-01 7.524154715633123436e-01
9.015724320033680073e-01 7.697350612832735139e-01
8.843273637007690313e-01 7.909186312362065374e-01
8.337673636489779661e-01 8.461095876051968334e-01
8.146545946095616886e-01 8.602560708665707434e-01
8.049584047785900420e-01 8.671256681303006753e-01
7.658123686721683976e-01 8.939503601777870623e-01
7.508119458253555978e-01 9.041615171494755687e-01
7.295553849253040291e-01 9.136505091642531662e-01
6.900574418169417301e-01 9.305824644478366547e-01
6.596464758927907956e-01 9.424590370850174370e-01
6.149524055631766517e-01 9.550209706564837253e-01
5.569091008179178903e-01 9.705335094975573451e-01
5.471909697209487167e-01 9.730696722579122993e-01
5.133392579031547109e-01 9.788121009115104965e-01
4.921857764655191980e-01 9.820157773410327362e-01
4.633515150296884100e-01 9.854037934921027198e-01
4.309658721325468900e-01 9.889597216773100552e-01
3.884217094751447608e-01 9.921947208870456336e-01
3.448616228909182624e-01 9.938989266511941700e-01
3.218729302758436273e-01 9.924742935693179335e-01
2.874060534119985411e-01 9.869750372217511725e-01
2.744285967030370976e-01 9.843084511691381211e-01
2.390850053423850818e-01 9.727341636892435917e-01
2.320058252432897206e-01 9.698840086584975539e-01
1.839978134833597512e-01 9.505104321806885359e-01
1.456670909224747623e-01 9.271350678134456791e-01
1.109894749633987265e-01 9.057455157765765819e-01
9.845434360358606973e-02 8.925602618587092918e-01
7.589896166368415020e-02 8.630180020082368619e-01
5.902507264163336931e-02 8.328943601607867731e-01
4.767219650291165678e-02 8.025686010457292463e-01
4.047164263065228251e-02 7.814291703472542316e-01
