2.585336681693628513e-02 6.330411366222269409e-01
8.147090843428128615e-03 5.433702131315469863e-01
5.976127453723889538e-03 5.207726237584539009e-01
3.994952621745317956e-03 4.936357733251733881e-01
3.113768131900451763e-03 4.478490163722754769e-01
2.983299361988378529e-03 4.371949028959365435e-01
2.753394217752558326e-03 4.150081241870703375e-01
3.045530724930967104e-03 3.994671923561604610e-01
4.395058850744981704e-03 3.496655184025119212e-01
1.206407639762374640e-02 2.475244891466082953e-01
1.435514473632226728e-02 2.170297267526777318e-01
2.230500071718988231e-02 1.770093512783424972e-01
3.752324100504678128e-02 1.217719083084135567e-01
4.728662861510868343e-02 1.088282221516532200e-01
5.607758271188334476e-02 1.010842578725621443e-01
6.674868272678857739e-02 9.323095271300030351e-02
8.803235110191376389e-02 8.092989264488215095e-02
9.185951387124202672e-02 7.892053637781792919e-02
1.391538343450980930e-01 6.131357381484636715e-02
2.027660227331746778e-01 3.952353179113776704e-02
2.054280074613187290e-01 3.875359973234882016e-02
2.308436505383606452e-01 3.212919449950635276e-02
2.628661655306141487e-01 2.568468767086351523e-02
3.412853284356033301e-01 1.278954294306011708e-02
3.657622157195825618e-01 1.038689030213924003e-02
3.942326587073317068e-01 7.882133223641063502e-03
4.339437486671159361e-01 7.489208033741978632e-03
4.462137935537151545e-01 7.443913053704287464e-03
4.854839202943233012e-01 8.746300267367668191e-03
4.947285694678636991e-01 9.150274493597509995e-03
5.274026590418051663e-01 1.125455902915217798e-02
5.691491252571189152e-01 1.581664692208806233e-02
5.931675773416490438e-01 1.946742247262256420e-02
6.142182819419627071e-01 2.326318627303369801e-02
6.886606548632692171e-01 3.946953458421254002e-02
7.209737816202029803e-01 4.679223032701707030e-02
7.761846089607962185e-01 5.972236764704108580e-02
7.842240785250195190e-01 6.191836592348176627e-02
7.890801273825999163e-01 6.330931637855174987e-02
8.053534827864011758e-01 7.278179510158377941e-02
8.461518710742242932e-01 1.000670983363100008e-01
8.572549319359027420e-01 1.080457118366296987e-01
8.642548488552190822e-01 1.134652758838546882e-01
8.913507723538994787e-01 1.358229159108050865e-01
9.064330534470914635e-01 1.537902183151402813e-01
9.635881269969230889e-01 2.323934517936516730e-01
9.776941419338869288e-01 2.570538853701714865e-01
9.798630198189972607e-01 2.622892970286608838e-01
9.913064977485274154e-01 3.039023130601231637e-01
9.926994517479916791e-01 3.107663433596628000e-01
9.940831370526914679e-01 3.425504458094127402e-01
9.948188813238888484e-01 3.621455385652202486e-01
9.954826751821785891e-01 3.799918082707043343e-01
9.968018665867084405e-01 4.344353350153445925e-01
9.972466057822475527e-01 4.982082989084795077e-01
9.968206832321063748e-01 5.413680347810994054e-01
9.893968255851716131e-01 6.020928404659383615e-01
9.842000039076075346e-01 6.214464574211856496e-01
9.769031000274915888e-01 6.451856209740355341e-01
9.703554862303364059e-01 6.647444350709168503e-01
9.643664541828821379e-01 6.825077100317716861e-01
9.441146192840129681e-01 7.271252813624513589e-01
9.266854129666284301e-01 7.647631981988760597e-01
9.170895687870471713e-01 7.819685976403968342e-01
9.116023518161974204e-01 7.914699244820996293e-01
8.921283250554538080e-01 8.234732631087282595e-01
8.717159326645760320e-01 8.437856408999938607e-01
8.434648335702189526e-01 8.697584237225927106e-01
8.236413252682517339e-01 8.849599770526052067e-01
7.551643866308767050e-01 9.317054713363300822e-01
7.354303032170574905e-01 9.441197443597477701e-01
7.024519892352630857e-01 9.582783649182949892e-01
6.996069943418113946e-01 9.591945167389018811e-01
6.694505674934081441e-01 9.683273580416674742e-01
6.631006021408902829e-01 9.700147642913148349e-01
6.560778836415493975e-01 9.715013328531102443e-01
6.364610085596105193e-01 9.751929935219717516e-01
6.303932162999685840e-01 9.761992236178185234e-01
5.317792181852508682e-01 9.908727835582080701e-01
5.174095648563343808e-01 9.923148423029815035e-01
5.130847141153858093e-01 9.925560869462957125e-01
4.544305558612893314e-01 9.861782233373278528e-01
4.457112747161838806e-01 9.851638156205767549e-01
3.907281167032483626e-01 9.784342198208035857e-01
3.813405105492659874e-01 9.759248012997485677e-01
3.602409492299797344e-01 9.697948015950306200e-01
3.061267428983541761e-01 9.489384124847933810e-01
3.002966546888259369e-01 9.463744823119725202e-01
2.817205101171409432e-01 9.380474367124932433e-01
2.289915699493431100e-01 9.018122014126063180e-01
2.180158112424976924e-01 8.925410387850363225e-01
1.999001233010447853e-01 8.759421835538421242e-01
1.648123928466145305e-01 8.431041421587697204e-01
1.091985793674998817e-01 7.817142412959342535e-01
9.083643147623787772e-02 7.612995183980466596e-01
5.977585808627483566e-02 7.193560235421219140e-01
4.688030476666193991e-02 6.935884631905228082e-01
4.655262445296315388e-02 6.927008221664879839e-01
4.133424834315835295e-02 6.783769100861051227e-01
3.724172341511766682e-02 6.667935554457252723e-01
