3.640760258722222087e-01 1.455547787508426616e-02
3.994454763257245800e-01 9.586681236726013466e-03
4.879143013395238482e-01 6.817887926421795086e-03
4.988325187913342784e-01 6.563308807517098664e-03
5.156799631084136859e-01 6.439245242746083342e-03
5.542113816653093661e-01 6.739786547876991385e-03
5.984737587413742066e-01 7.941298349835812509e-03
6.106626956596189482e-01 9.064388366639475336e-03
6.259899717498852434e-01 1.059985291702947308e-02
6.418602208459407432e-01 1.315251154006813472e-02
6.613091533528009380e-01 1.713687850306711002e-02
6.719040574557785250e-01 1.991661434839719913e-02
7.068841822286547893e-01 3.214780312045872890e-02
7.395753395981325973e-01 4.440161889191263089e-02
7.556695316002363105e-01 5.148184949157974533e-02
7.834152428868080831e-01 6.927458478161541144e-02
7.937870798210734380e-01 7.617589571190030995e-02
8.453956558529077681e-01 1.107883453741236313e-01
8.640522954286746771e-01 1.256957083348562154e-01
9.007049291803712610e-01 1.561936194958088997e-01
9.198484492304349613e-01 1.770306140531663353e-01
9.352588985658540910e-01 2.194704039824731945e-01
9.594750348046842126e-01 2.914542144603856633e-01
9.701772114209129549e-01 3.402659594323386161e-01
9.730859089042354082e-01 3.583569984488775839e-01
9.799867584374744034e-01 4.028546555179380873e-01
9.844082883347519131e-01 4.520191664337623871e-01
9.872477511208840317e-01 4.916945813244218977e-01
9.889484188404314979e-01 5.291584402548868971e-01
9.894852585233701037e-01 5.758098760424469331e-01
9.891854030280492482e-01 6.061301455335287303e-01
9.838741943018362024e-01 6.397596638254654522e-01
9.764124498841970645e-01 6.845863782074974591e-01
9.653485073317288334e-01 7.394014710322449613e-01
9.580488963889531862e-01 7.688177637259374642e-01
9.466242717817717756e-01 7.985898418536812038e-01
9.303779011524745401e-01 8.365495064804698844e-01
9.225318423646270416e-01 8.512377797191162943e-01
9.123055859259865397e-01 8.698159966175353919e-01
8.901530960308563500e-01 8.959771984780084964e-01
8.785452529470183514e-01 9.094903622038866819e-01
8.728817458891088288e-01 9.144156455884537849e-01
8.071267900407529394e-01 9.530244649744101793e-01
7.614949539218114349e-01 9.714956010584067103e-01
7.095380555598317374e-01 9.862363205557352908e-01
6.656256232001441786e-01 9.911185730543975447e-01
6.489112887013238629e-01 9.921978565747001655e-01
6.164659194404840115e-01 9.934847123385579515e-01
5.918526720651382522e-01 9.935386754717204782e-01
5.745563298560046883e-01 9.935607547572539167e-01
5.416957458623773425e-01 9.931105416942257458e-01
4.973591610897014625e-01 9.909775207206359404e-01
4.544016717782701775e-01 9.852331314828887132e-01
4.434553111156077643e-01 9.834754490044457231e-01
4.277519424306984730e-01 9.807381193243006612e-01
3.245283804570220365e-01 9.595504614083725237e-01
3.178284012772750744e-01 9.569387980690322593e-01
2.921487625302686686e-01 9.442428441066255118e-01
2.768062394760834044e-01 9.352145052294849048e-01
2.467914132196233901e-01 9.161447056863447624e-01
2.321281715620525654e-01 9.062962757831138916e-01
2.089860791579822852e-01 8.886652252918736394e-01
1.614039991012077291e-01 8.479565304083058752e-01
1.528538032621877818e-01 8.396270893312401951e-01
1.321392863692670838e-01 8.159544834921943490e-01
1.173382712661853455e-01 7.975564927738064691e-01
7.911060670983893761e-02 7.475940908906947291e-01
7.362827182604658738e-02 7.404212969667167688e-01
6.647304267599596361e-02 7.301805475390559241e-01
5.994078088027732232e-02 7.167024623980620124e-01
4.144304281674482393e-02 6.639072519460371691e-01
3.437846965910895669e-02 6.419553695436712726e-01
2.730376693877245575e-02 6.100444462293649339e-01
1.792225875161346238e-02 5.628208273969526054e-01
1.660577386657813292e-02 5.529548656985693311e-01
1.354456047632401905e-02 5.030783435152208494e-01
1.051474147662989633e-02 4.526428800833655064e-01
1.185548440334271980e-02 4.400889965222688494e-01
1.228500680598143546e-02 4.374049597093871977e-01
1.379629287829586826e-02 4.309104812319495270e-01
1.705058058382691311e-02 4.181512826979113528e-01
1.887826326768804464e-02 4.117714347741519010e-01
3.445254479706061357e-02 3.719534555814962840e-01
8.611441732499081070e-02 2.583174334108031545e-01
8.754613907697583741e-02 2.553060115046108525e-01
1.135950092422028934e-01 2.024355187895786612e-01
1.279878228458126710e-01 1.760771277601934637e-01
1.346917607666945349e-01 1.649077408860650795e-01
1.391038890046865095e-01 1.575902254382416379e-01
1.532000289821102701e-01 1.355154021648603546e-01
1.592554032115103269e-01 1.285379935468308199e-01
1.612250180184920945e-01 1.263324078895732283e-01
1.724258353840404379e-01 1.156020101969202907e-01
1.897756686865682552e-01 1.008266744347386945e-01
1.938529198130133357e-01 9.742498273399013975e-02
2.045766646235515074e-01 8.953873501835718507e-02
2.249936398603298304e-01 7.618971438290977893e-02
3.127484692820400314e-01 3.593340682970436184e-02
3.399718888170091269e-01 2.384434391232359562e-02
3.576209952075853904e-01 1.691192044390610327e-02
