7.412260209852135073e-01 2.820001023679696850e-02
9.287825880007593016e-01 9.564725734650347810e-02
9.374916751887982791e-01 1.000322745161434934e-01
9.628895409985047671e-01 1.154622067273028962e-01
9.836976350237565114e-01 1.955226795729138045e-01
9.940381178561300546e-01 2.940985463892938911e-01
9.941247147627554348e-01 3.092634661800716112e-01
9.831979133525070580e-01 4.157562697340223545e-01
9.810049369715755363e-01 4.294380094275072057e-01
9.679222006396636102e-01 4.829079827518315549e-01
9.572966368520234859e-01 5.257672223972528203e-01
9.511419653825742282e-01 5.489015131660123226e-01
9.092636361496315711e-01 7.061224749171569615e-01
8.865815745181802043e-01 7.369675607249318583e-01
7.541923682613111968e-01 8.629203587346800930e-01
7.187948806258467327e-01 8.960235654754370449e-01
7.000242813031632982e-01 9.122028807610923495e-01
5.938287387074200341e-01 9.782346648373529963e-01
5.404321649797243499e-01 9.781520936016128154e-01
4.741589971848553242e-01 9.778942148937110890e-01
4.059688431827138677e-01 9.775508426111224614e-01
3.406788206548975184e-01 9.730160633924967994e-01
3.130372091793888201e-01 9.609518528261670189e-01
2.595761711976145580e-01 9.359619365380339451e-01
2.417422198066487837e-01 9.236386890430785535e-01
1.757316752536460802e-01 8.712670065022005694e-01
1.426606049014642608e-01 8.411397456501699121e-01
1.082486703321676735e-01 7.707616724578379985e-01
8.642962304679491226e-02 7.212811484738269607e-01
7.606608739658815566e-02 6.965730376927317113e-01
3.195999487307865650e-02 5.911298181776351024e-01
6.532448064584861491e-03 4.426969064003032361e-01
5.875285237244565195e-03 3.852658914799906853e-01
6.454214102693534016e-03 3.719898267794782276e-01
7.295712663528686193e-03 3.613364431468124582e-01
1.197529005240927091e-02 3.078991928341898721e-01
2.114548728592680060e-02 2.694442258440954419e-01
3.443415436765429050e-02 2.314871317062208167e-01
7.271791841174557458e-02 1.667123084374899644e-01
9.421282096679806095e-02 1.337874619598968806e-01
1.428024330009151077e-01 8.395108273562179590e-02
1.577603891245263901e-01 6.976984412376030509e-02
1.843904124365094432e-01 5.985755050509022901e-02
2.371660436768766589e-01 5.047609346800807639e-02
3.612774602797261814e-01 3.121717551225478005e-02
4.034378028781716585e-01 2.839137661201496243e-02
4.544006669004349019e-01 2.626469752688365134e-02
5.105404638176407328e-01 2.457633700279548972e-02
6.068324058722630587e-01 2.176533516264711476e-02
6.570850202619125113e-01 2.371020904786258487e-02
