7.365955706940818803e-02 8.636343907281275323e-01
5.551865774681918886e-02 8.340328400369149131e-01
5.347717183937961138e-02 8.154590168833713015e-01
4.270624908257092400e-02 7.170473701735500249e-01
2.794902386512321257e-02 5.433029174608904333e-01
2.291948254709652577e-02 4.763234347903543275e-01
1.963318779286715721e-02 4.069785237320746596e-01
2.163003221055381786e-02 3.569783554970303863e-01
2.884633336037856211e-02 2.173843217980163667e-01
4.161936143668976129e-02 8.241896795657888131e-02
5.145918905979174340e-02 7.576566618749680515e-02
9.088938794604772831e-02 5.341852754978082540e-02
1.951717359337179492e-01 3.568869846037114879e-02
2.906779789312377016e-01 3.402685613171751999e-02
4.559985892296869459e-01 6.249514149581691935e-02
5.850628883952020409e-01 8.586129793389496445e-02
6.266368618700653981e-01 9.668903898923142393e-02
7.318834257164659185e-01 1.380700149885765171e-01
7.364891494876684153e-01 1.400980888063348972e-01
7.655454387924747195e-01 1.546276237442139045e-01
8.018060628269141343e-01 1.731984752276055639e-01
8.275742492736800626e-01 1.934984715236159891e-01
8.996303622370239728e-01 2.630839453118046789e-01
9.214268730701904442e-01 2.918550541700826173e-01
9.670922461232355216e-01 3.568854279810390606e-01
9.705868117148693797e-01 3.804061240421907630e-01
9.776570156192176952e-01 4.496354965243853918e-01
9.803668122071328428e-01 4.797009617352981925e-01
9.792037854643892425e-01 5.183316961222004249e-01
9.558800273389164159e-01 5.828364826216096972e-01
9.372831692562777484e-01 6.338492619061014688e-01
9.192483228615339064e-01 6.823742390002922598e-01
8.899474220671140801e-01 7.518729649704904983e-01
8.520312610586353586e-01 8.213507547148408694e-01
8.272832382213415325e-01 8.559092066952387334e-01
7.826377418351214699e-01 8.991045067391330026e-01
7.764627245092634578e-01 9.024837079640388726e-01
7.567822605839217287e-01 9.116212696485447298e-01
6.760539826681039033e-01 9.486353886903841071e-01
6.692548670807795252e-01 9.511154868397073692e-01
6.384017656280669417e-01 9.548387255923360684e-01
6.280669991177418865e-01 9.559964488895767998e-01
5.881957884679989146e-01 9.588367328171183424e-01
5.277429775939711520e-01 9.623785149080760215e-01
4.970372076863470712e-01 9.637045125445569127e-01
4.115396283045397174e-01 9.659731438682825910e-01
3.103386106456891280e-01 9.641311177177677161e-01
1.877505687078925289e-01 9.522576346123384772e-01
1.613979458192991157e-01 9.356474438813393579e-01
9.000493484748517403e-02 8.796507172431669019e-01
