9.826347380872841875e-01 5.613473576040901580e-01
9.807472487713521092e-01 8.145747810409668110e-01
9.607327235606986093e-01 8.367722777281285662e-01
9.461895874279161456e-01 8.493108012730414824e-01
9.163796908580696954e-01 8.720676831681350993e-01
8.659402627652912354e-01 9.093149564958145081e-01
8.159617257534679258e-01 9.350771919458327197e-01
7.988347543647770221e-01 9.409740503122805411e-01
6.638868506771926636e-01 9.757984086609435836e-01
6.485449191611508679e-01 9.787745552058324527e-01
5.327820545531966046e-01 9.841031451497351812e-01
4.642523625720670344e-01 9.834351430975863950e-01
3.889890774757177594e-01 9.786232858461517692e-01
3.414946065348872795e-01 9.558646437595318401e-01
2.263706838867691751e-01 8.941357272815032564e-01
1.564617638879097772e-01 8.554705102050506049e-01
1.218562693554862131e-01 8.339853783954199740e-01
6.915715391208354657e-02 7.999564173185471638e-01
3.161385216226886286e-02 7.572429777584793742e-01
1.869483792384096787e-02 7.219648240137572781e-01
1.736526191271581254e-02 6.300185878480059065e-01
1.821521143402227150e-02 6.035394882270161965e-01
2.635119890430503986e-02 4.989100080570494367e-01
3.601655854464080875e-02 3.952304409225547710e-01
4.066651296423839934e-02 3.633442485572142555e-01
4.866048822768032078e-02 3.442887627039411536e-01
5.324595016995559149e-02 3.339315106584530568e-01
8.497279732892448756e-02 2.628186296382919451e-01
1.104247826439891389e-01 2.372547505862784289e-01
1.620638623041227300e-01 1.923719938374897076e-01
2.407076529853428015e-01 1.359829258663565188e-01
2.882298143530748202e-01 1.057587312570931193e-01
3.585682934864301563e-01 7.380335634393286881e-02
4.016722498253459950e-01 5.914884121612640211e-02
4.314878370071228986e-01 5.023819489885994471e-02
5.637241611280366937e-01 1.958925310699033417e-02
5.830329596257758373e-01 1.589685485026481881e-02
6.405707112209662046e-01 2.520577074985042021e-02
6.694216471403041657e-01 3.052138944739146709e-02
7.415004244145316781e-01 4.740519538992449267e-02
7.728018917382073472e-01 6.033812097094970461e-02
8.037378896004762074e-01 7.364471044112652631e-02
8.444583079672219883e-01 9.655059989606717963e-02
8.559183175920797026e-01 1.036584175276872299e-01
8.872030600081316498e-01 1.387912238321443725e-01
9.314081870701328425e-01 2.105503393190909511e-01
9.518414642979584617e-01 2.861783026448798672e-01
9.584301859082337005e-01 3.143025990889778409e-01
9.711289243652506675e-01 3.837516777703395832e-01
9.768134648482699189e-01 4.171480224486486810e-01
