7.840225452064776279e-01 7.086621377742641226e-02
8.732256737195885909e-01 1.473339987683124352e-01
9.353977144905615271e-01 2.551634465094693160e-01
9.413860003518282893e-01 2.671458998112146155e-01
9.567040260119924477e-01 3.165888856926755146e-01
9.597303222332966843e-01 3.498597532637495178e-01
9.573291331502911117e-01 4.373300093522946019e-01
9.509780673247474336e-01 5.066713257171218121e-01
9.428918826426824218e-01 5.721940309732559404e-01
9.297546134861898182e-01 6.683464775516579914e-01
9.139430493618657669e-01 7.624866389382689569e-01
9.129407317842951342e-01 7.683034400024005839e-01
8.921114880416587400e-01 8.603458448461912544e-01
8.744133520533358128e-01 9.043477684014588069e-01
8.449700969060361944e-01 9.290497136794835242e-01
8.147211286712298106e-01 9.474988059518363315e-01
7.979786637446724118e-01 9.566483045614484482e-01
7.664005366430252097e-01 9.725381536645172353e-01
7.427927038821848793e-01 9.814878090651728559e-01
7.087078394006361970e-01 9.916498901002632760e-01
6.742025928399701939e-01 9.893799645432351797e-01
6.562253441940374410e-01 9.850676533593890616e-01
5.956849220246875909e-01 9.672794356651513992e-01
5.528819935278064257e-01 9.407502310600125428e-01
4.875158258099021591e-01 8.970333010413977792e-01
4.544691146450149377e-01 8.734424917588005099e-01
3.353869786501608719e-01 7.842414889520491483e-01
2.872853928706863291e-01 7.472107618652402694e-01
2.372508618013998705e-01 6.998810203715173373e-01
1.877162276870451008e-01 6.501416050566308780e-01
1.654980610590703893e-01 6.255730803570198617e-01
1.200910007303412907e-01 5.726445174348251399e-01
8.854371025855622968e-02 5.255306100087767662e-01
4.866971862395486070e-02 4.615713371352827554e-01
4.215316035767435743e-02 4.168121654406586885e-01
4.026967776670331567e-02 3.977319241382445414e-01
5.640875876253614862e-02 3.059594661652641490e-01
7.791410091431183460e-02 2.288496112546736239e-01
1.244585132155483498e-01 1.731645642898630433e-01
2.316437620718224677e-01 8.523610976957274321e-02
2.492838009059772375e-01 7.745046386294174301e-02
3.267639624012761423e-01 4.828763144964942633e-02
3.303688887401947660e-01 4.706107923400826287e-02
3.610618194382509971e-01 3.876135790782553325e-02
5.283388978493680499e-01 1.277552837366013883e-02
5.353133754660603927e-01 1.215792385535541253e-02
6.527911048960998164e-01 8.350109899736724017e-03
6.862190181881543394e-01 1.823429437815482501e-02
7.377615286099922232e-01 4.513186850609329781e-02
7.465046289940718838e-01 4.994476631015687396e-02
