4.654687336351239213e-01 6.021319568126972666e-01
4.995762066727782447e-02 8.602739418430611629e-01
3.806709471542732426e-01 8.969864073212613365e-01
1.316249680693848678e-01 8.274050975202973390e-01
2.441849049981545394e-01 9.326883378306765060e-01
5.282315727860601440e-01 2.467862815440200475e-01
9.025928953258098575e-02 7.143890698413533080e-01
6.185451300265810692e-01 6.195558832544700856e-02
2.631010718701313755e-01 6.698393671557411055e-01
5.233510631322803031e-01 7.265655829570746294e-01
3.020968832445304897e-01 6.812696163929542470e-01
7.656588947939622081e-01 1.998844146900163321e-01
8.884431268482561039e-01 5.389930227175682154e-01
7.677548171739432270e-01 6.160585051914029275e-01
1.920268206551538348e-01 1.620316758344399755e-01
4.732432990263749084e-01 2.907815573206051774e-01
7.809663418630286014e-01 4.267899633564672390e-01
5.815288955671853444e-01 3.051822669099278629e-02
2.211953738102740985e-01 5.297947163306417906e-01
6.106725601579638951e-01 6.739348664626959584e-01
2.939290584625747771e-01 2.331503407737293143e-01
7.524244270484533592e-01 3.344937374326883983e-01
7.168667248809437176e-01 7.068559034601396007e-01
5.908257741606527391e-01 2.509042239188774559e-02
3.161279592522127091e-01 6.768022052635160046e-02
1.391217852578768288e-01 9.181343326743016675e-01
6.026837571717121866e-01 1.429299982021255133e-01
5.350096556740269182e-01 1.993451772207900374e-01
4.068783864031352282e-01 9.688107348322193557e-01
6.129190822207276623e-01 4.542910593983477963e-01
2.237656234109684783e-01 1.667589048321556910e-01
6.095165913487708975e-01 3.215650626267948509e-01
2.254819190125549877e-01 6.363220366221205015e-01
6.605973978823428405e-01 8.256191717153427145e-01
2.960195475765513007e-01 3.686586177674085474e-01
7.515757755789562733e-01 2.818587998685052609e-01
3.281834490547608230e-01 9.744374025148506702e-01
5.968582731007737729e-01 7.090025497804172128e-01
8.573794246869420599e-01 7.388782771930582083e-01
1.046835178061952115e-01 6.789373729273395774e-01
1.446708163524554613e-01 5.200204011450203501e-01
2.540602487820142752e-01 5.295719513108506638e-01
6.877859460740414210e-01 7.738200840591245022e-01
9.431611923614997561e-01 7.080798958695718737e-01
1.569265382798511466e-01 6.096593142889008554e-01
6.604059691536067200e-01 6.958517346263839443e-01
1.523016088708755711e-01 2.996508560955526423e-01
5.513353154133613376e-01 2.676014083342850292e-01
2.395933318164100156e-01 2.254757592534239463e-01
4.218366865250508524e-01 9.034900318650141982e-01
3.261514477851374938e-01 5.988490980794702878e-02
3.301743199078042701e-01 9.713349291167572286e-01
5.089117277128545336e-01 6.248175022216442276e-01
2.059355725224254752e-01 4.871837009263378371e-01
4.068503485616250387e-02 5.170920607115256917e-01
7.261941193197065658e-01 4.027739326505970774e-01
6.528375148333326328e-02 7.766057156250719684e-01
1.936783765717733918e-01 1.109135780619515677e-01
8.979929140114338848e-01 8.131148265243058892e-01
4.457629678358190350e-01 3.050609873623599810e-01
4.540466518773159793e-02 7.815614348881081419e-01
7.837365928974546758e-01 7.801243484412035967e-01
7.743368025022107082e-01 1.668619996234745606e-01
9.366982074919705248e-01 4.349636779217848082e-01
1.584325187691696391e-01 2.282218941107677646e-01
8.354888343703719134e-01 4.493797591533315594e-01
2.476487849733942370e-01 3.458953939688350632e-01
7.776097111814752605e-01 7.034697324876233449e-01
1.814506741524253841e-01 2.042095600762626473e-01
7.554374063062216926e-01 2.428679296689236211e-01
1.906263698002227946e-01 7.595002445910623567e-01
5.217505624843256362e-02 7.544243133551813418e-01
9.882853888379725116e-02 2.701232828177341228e-01
5.643707589801473246e-01 1.787844398806806845e-01
2.160789878918499274e-01 2.133173445434012050e-01
5.577210568930006662e-01 6.964134094403358066e-01
1.333882836854647647e-01 7.456961778416396625e-01
5.517893205845316729e-01 2.591044019554842315e-01
8.113994319519669540e-01 6.405847728110738437e-01
5.652670285443948117e-01 7.911190288843745755e-01
2.230125732513584258e-01 5.688059705182685333e-01
3.044960627258497254e-01 9.757867722796134125e-01
6.011961534002905339e-01 5.764602985117344147e-01
2.582641892366898118e-01 1.345877900108068126e-01
1.199071494584714181e-01 7.216001213817971882e-01
8.075867579621345271e-01 8.144322585654476532e-01
5.911789813195064136e-01 7.416395109613609371e-01
4.739558065140225818e-01 4.389240015884671164e-01
2.960639317563423453e-02 6.523758855697496806e-01
1.123467348058266868e-01 2.856731561718702794e-01
5.315334306215129256e-01 4.546187135219100783e-01
5.158131656662978681e-01 8.056117360164586350e-01
1.804094115727609415e-01 5.938899829449217904e-01
7.490300151888723557e-01 3.720389564492108114e-01
2.603446422977433450e-01 5.810333289059428363e-01
2.664964601329545824e-01 4.045915621250067984e-01
1.277523262232247714e-01 8.405274975867332854e-01
8.579816473574379820e-01 4.932018534155157008e-01
1.788351287481951268e-01 9.139904118197776928e-01
6.427883751014431546e-01 2.286048918593076573e-01
6.987189812136243017e-01 4.970565026184737278e-01
7.325208961925534501e-01 7.669761589961155979e-01
2.894887090021177611e-01 3.232585862961184775e-01
1.157138015638135425e-01 6.100327407524402945e-01
8.872247825194216897e-02 2.704994716598644322e-01
6.025817116301661613e-01 5.243818379562386056e-01
1.501651164534583693e-01 1.741110891017292051e-01
6.954204428334025134e-02 6.961261373092023641e-01
3.891233398086848538e-01 8.316611781409251059e-01
4.537770943803404178e-01 8.349418700510671254e-01
9.470245925738568493e-01 7.387226983742700703e-01
6.835600288928236345e-01 8.426094468892355582e-01
9.106614558534447124e-01 7.143075416043325188e-01
9.113917170040726212e-01 8.000173310408020821e-01
3.495390493361821838e-01 9.356530971263937735e-01
7.963014413689753490e-02 8.515839548742802911e-01
4.393885841791084212e-01 6.615479854118531122e-01
3.897683373436529597e-01 7.532569757343745565e-01
3.346179448376718213e-01 9.096789799266570276e-01
4.254613888390141874e-01 6.291122223814464842e-01
6.317871125548244482e-01 2.161134775653007489e-01
3.168556957149901154e-01 8.499180022333978624e-01
6.162207811756782450e-01 9.113338912548478721e-01
1.932987891680653936e-01 3.998423308161714873e-01
5.664867223749252556e-01 4.990641981112474701e-01
4.586417029636125631e-01 2.740607272566478736e-01
8.862161465273634686e-01 3.049997324404319921e-01
1.035516335435134050e-01 2.541963466957956053e-01
4.136435599137578412e-01 1.601384021759446052e-01
3.894482081883724467e-01 2.122509413564926950e-01
1.260549035409791463e-01 7.115481854725993482e-01
1.683548240809854546e-01 9.202924776079790536e-01
9.561061610937933442e-02 7.437917475543136536e-01
3.586043063790155250e-01 3.801054646384731672e-01
5.972225266824479073e-01 5.200461489238660251e-01
8.076141421929887709e-01 4.115135504314920700e-01
3.324277122549501584e-01 4.540331847148674216e-01
4.617452176467434777e-01 7.870422944448310920e-01
2.020214876000976933e-01 6.262883322003598430e-01
2.588867684390277479e-01 4.028105491745403444e-01
7.712753220305401669e-01 6.977244700928246779e-01
1.277390292137318140e-01 7.328816315094218714e-01
9.108160725075866715e-01 3.375277336314935761e-01
8.772725888843679876e-01 2.362588517630053175e-01
2.233529969394545400e-01 9.737118122723883440e-01
1.802532388296416155e-01 9.158521797302090484e-01
4.429890508018924367e-01 5.943568712744874416e-01
5.172502818662717550e-01 6.970201979091895650e-01
1.352961781919234108e-01 1.905075968958083732e-01
4.249451479516261898e-01 2.385841872941140140e-01
4.729998865212333703e-01 5.895363397299260289e-01
8.820031510208843351e-01 4.426143324942430901e-01
9.009796618682953673e-01 3.567784209504391013e-01
5.799450754991065660e-01 3.175134008599915236e-01
1.577254469934127323e-01 5.702408995485483967e-01
8.515082450723557850e-01 1.905219135024109889e-01
2.849469525465044839e-01 5.988322817009305021e-01
4.480298171937309171e-01 7.519993057292729821e-01
8.870957999340874922e-01 4.486976189827881489e-01
2.172146226046891837e-01 9.048460103541424715e-01
3.416946170305233954e-01 7.991244376839141683e-01
5.916618177673323986e-01 3.465282291574026674e-01
2.522348489677115890e-01 1.374690247452352021e-01
7.490279997249990052e-01 7.349977329967086748e-01
6.383131713424021747e-01 4.534132430881089304e-01
4.751378142914436387e-01 6.227068918633933414e-01
8.212915316352491502e-01 1.812627830205784107e-01
2.368964540600754232e-01 7.809755794159787268e-01
4.271650864655013313e-01 7.445271562173402247e-01
3.621326830254234519e-02 6.930097964717288894e-01
8.127045203540714802e-01 1.411200603416838950e-01
9.518132884173814423e-01 5.408855857443500836e-01
1.671046838900361875e-01 5.860724592583884673e-01
4.523996144250472806e-01 5.519689868666108890e-01
3.670484693983642188e-01 2.809589278968402937e-01
8.073511274785608594e-01 1.358817533438650971e-01
3.113711507125982436e-02 4.996137163134787285e-01
1.233658504146841056e-01 7.005937127522274821e-01
4.221937050695523386e-02 8.214388333068018966e-01
4.860572824175395934e-01 3.685993223875508873e-01
2.051485905705276447e-01 5.638046765497194412e-01
7.885691072616731745e-01 7.968213454098959092e-01
1.216385500023109689e-01 4.439071864669085765e-01
3.535831611967836241e-01 1.305280820047428070e-01
2.857921909670718685e-01 3.564496320291397069e-01
5.550600008009725084e-01 6.878956077511957368e-01
1.344458532412720064e-01 3.010682084604353603e-01
3.836710641419672774e-01 3.807633941148709233e-01
4.914122433714276372e-01 8.075761482895732479e-01
2.889579473611664784e-01 3.982671096994212512e-01
6.948030250208416803e-01 5.435424363390335412e-01
2.770335703118942394e-01 2.965421698498127423e-01
3.984984981146140193e-01 2.123563316596863704e-01
5.541356614780915679e-01 9.417013803913768522e-01
2.057896330912345750e-01 6.201370446021434724e-01
4.606973670515822628e-01 7.777797154099324040e-01
4.392615417658152221e-01 3.385433106508001222e-01
3.066645749954961531e-01 3.891568105229165075e-01
2.088648533923834760e-01 2.440211035452375388e-01
7.889708131260110280e-01 4.330064334133902904e-01
7.870909069601319530e-01 1.204130924419410942e-01
3.778387712593925807e-01 5.269947444329816655e-01
5.749079621960675457e-01 8.545798324100405408e-01
1.303915321397354776e-01 2.632888121943990356e-01
8.081117304695522030e-01 7.742555880017631953e-01
5.785900146911446829e-01 6.734351756380162479e-01
4.460547132154287775e-01 8.157059955218033398e-01
3.292863502470524395e-01 8.278972166765826701e-01
1.868519498623899822e-01 4.926626601323745303e-01
7.798936785891634749e-01 6.423550390754168005e-01
3.300121376835305487e-01 3.544710363937145781e-01
8.605611336871348271e-01 7.478184882595413363e-01
5.260369204375908714e-01 1.516332075720725203e-01
7.527626970091833014e-01 8.256173320463817689e-01
8.314176881268742214e-01 1.606248105001004678e-01
6.739665164651751361e-01 8.486673390481926926e-01
7.144900975990737813e-01 8.462391820100736428e-01
5.738012637460906396e-01 1.926111138304762438e-01
3.341569608290952953e-01 9.680944901662230651e-01
3.952516979741900749e-01 6.500906468386089543e-01
5.812045375044126994e-01 1.491000178468065429e-01
5.056923061344201775e-01 1.769746696443042222e-01
7.061365143942480715e-01 3.214353908828508910e-01
2.058449322655567515e-01 4.883976425792468934e-01
6.932492896361663881e-01 3.331030642024626065e-01
6.436508570768082471e-01 8.336367949325917959e-01
7.024402422370084054e-01 6.191546517605185374e-01
1.971809048034275924e-01 9.609494683267303383e-01
6.067470448446423692e-01 2.538275664111325214e-01
7.837386239535975019e-01 7.781444524525789053e-01
4.213262657504697195e-01 8.330082702009357076e-01
3.376268090080625228e-01 2.609729493532767508e-01
7.148596005525131858e-01 1.190454715465784907e-01
3.945847756644787485e-01 9.012969107560091508e-01
6.359395631238382585e-01 1.773038405577402610e-01
8.519258564926968091e-01 5.171600286989614936e-01
4.606141423275595392e-01 6.538771439629287308e-01
5.024514553399859196e-01 5.230182840787991339e-01
2.125842079779838301e-01 2.306117485721389804e-01
3.418134223445515874e-01 4.357777612728220284e-01
9.228197766974899352e-01 7.845493528874725175e-01
5.960765583359092235e-01 2.699564827759197705e-01
9.290650866680425501e-01 3.639416027320234726e-01
4.965696521343038738e-01 7.991646045340233817e-01
6.217380065569420022e-01 3.492102292586389267e-01
1.960113093186150179e-01 1.383843862554593462e-01
2.537368581224591635e-01 3.529952004476851202e-01
6.021788748022904869e-01 5.606211639107407940e-01
2.353920574036453828e-01 1.831474312415300731e-01
1.459523014773836114e-01 2.597880645344572415e-01
6.182885086373983707e-01 9.088825440089691732e-01
8.432054842724145960e-01 2.410988273868506226e-01
2.795344449891580263e-01 6.065417194721856031e-02
4.006410788020896008e-01 9.447853269612449534e-01
3.748465932306871973e-01 3.155010990480549005e-01
6.620791601401088133e-01 6.921812270221932017e-01
8.996706017364310970e-01 7.893531303039650338e-01
9.076180432886576943e-01 7.959509821089700843e-01
5.621809992092734465e-01 7.464702002929258784e-01
4.931716701900270561e-01 8.708302521011507258e-01
6.285693011022341903e-01 7.798747062346098047e-02
4.140857729877494564e-01 2.915366253714098965e-01
9.713426832355733787e-01 5.088839350167505549e-01
6.098376793650431837e-01 9.264340281755103490e-01
8.085499901063556427e-01 8.027226467637985641e-01
5.666507627479910880e-01 8.961192339624193259e-01
1.645030101092254116e-01 5.299168709149525425e-01
9.556785903531370141e-02 8.975134796265407111e-01
5.515700211967711208e-01 7.323798511291965685e-01
7.661427233106161694e-01 7.137875675366261996e-01
5.840240749863048753e-02 8.373944384729810064e-01
4.416857920226976986e-01 8.634952125600725559e-01
6.836519383483639078e-01 5.041242916324883971e-01
6.152838004219557400e-01 4.215083769557489979e-01
7.592493592256153168e-01 6.022605674358469940e-01
1.194140759020732301e-01 6.907415875750355649e-01
3.089378687823834402e-01 9.317860671481739687e-02
2.200128627239208434e-01 8.448590451795041645e-01
1.899068099802998788e-01 4.056495111742352000e-01
6.327986126845486226e-01 5.688424137222094501e-01
5.085387692613239086e-01 3.458504856389706950e-01
4.737112760419932567e-01 3.625663780406619408e-01
2.163163690495931435e-01 7.533698639400218111e-01
3.464304311140808945e-01 6.468487025809273039e-01
8.260972841716642812e-01 1.734028687315209427e-01
3.416994307288545030e-01 9.225525741231777044e-01
7.446488487422803226e-02 2.841885207590877926e-01
7.774067901785872703e-01 5.721440820316454623e-01
8.132457456950612507e-01 3.998247766826722449e-01
4.271658451429346526e-01 6.944379630462298447e-01
2.377469057889144977e-01 9.573226703727810705e-01
6.563331737880685468e-01 2.459814067719086339e-01
8.420963814078077370e-01 8.083422999787314156e-01
7.031911042298610859e-01 4.592623396656491108e-01
4.768691322447898839e-01 7.510963393595961879e-01
9.299701913807181253e-01 6.819628435160145496e-01
5.888154701707276617e-02 5.077759697084710533e-01
3.916341455865410270e-01 4.134597275965179453e-01
3.865288912825195489e-01 5.096376205280743754e-01
2.181998153394906492e-01 4.517483579315926812e-01
6.845847836142247012e-01 4.936947283501983419e-01
9.262222681873026886e-01 5.317588333593222805e-01
3.432653276025418587e-01 5.063183871417853421e-01
5.233614030791453597e-01 5.657811629365573358e-01
9.625598085910331836e-01 5.498807226590585184e-01
6.192314206077184080e-01 5.826433747913101202e-01
5.769752841699283818e-01 1.508697190591448412e-01
3.795318642342039306e-01 2.962986573571028126e-01
2.012496630708971723e-01 1.208014480753115127e-01
5.367326133596945770e-01 8.920234508397111295e-01
4.417941747772543559e-01 5.840050083798676850e-01
5.237511840484242454e-01 2.596951431915737185e-01
5.553771331308037240e-01 3.355705567482852869e-01
5.846570661048337003e-01 9.221505337934565727e-01
4.440744049050966424e-01 9.078003342797059672e-01
1.026579359086710330e-01 4.863259935924608701e-01
9.599645269545835635e-01 7.127109764984480567e-01
7.563762375357818701e-01 5.893447345438225238e-01
5.041090507671475152e-01 6.807797126939045818e-01
5.335564845960176772e-01 9.383595810896527833e-01
9.328635320191117630e-01 7.379599626111766897e-01
3.982033941216995276e-01 8.501918131454915262e-01
1.427894664878842645e-01 3.694937473750725121e-01
9.384798205988895692e-01 7.246801112185045080e-01
1.200332651771824910e-01 6.660643825803118645e-01
5.850080661062627696e-01 3.618234455891830015e-01
3.369752652925950276e-01 1.754948218056096576e-01
3.726890064580908879e-01 6.433820470293027949e-01
8.678575867046480763e-01 4.090631077183211062e-01
9.111489545073934992e-02 8.073500538877289578e-01
6.670328589782270612e-02 2.630164877175342752e-01
2.307559357626128294e-01 5.583549401916259036e-01
6.217155387450956638e-01 7.813731144243778459e-01
2.633840429804286676e-01 3.624514793745530206e-01
1.277879431183576719e-01 2.304946079067809461e-01
6.237710766219008995e-01 7.749144998902575132e-01
5.777272381170812654e-01 6.616233243372703354e-01
6.715335458533242541e-01 7.388117372257032578e-01
7.087454739050839114e-01 4.300744582368949964e-01
8.197045738984611862e-01 7.460976164160806334e-01
2.392037287992893058e-01 9.504340092169356602e-01
8.647319679433528306e-01 4.215430289954745224e-01
3.455317049133709850e-01 9.448659797767822166e-01
9.892150622045681185e-02 1.699259792258407398e-01
8.540253995140203447e-01 8.291742901552741074e-01
1.008039196861194031e-01 3.545520364516294154e-01
1.936920872632302559e-01 6.419368191470382623e-01
5.072539048710289489e-01 9.199465332914823490e-01
2.096471103936204672e-01 8.175912577969565165e-01
1.767698954775819564e-01 8.121913476964632839e-01
5.490572555005565070e-01 2.095698463927505029e-01
3.961588259758245800e-01 1.278026700578411001e-01
3.919960452614156265e-01 9.031756098183336690e-01
7.430772546489243791e-01 7.236972849462830482e-01
4.131033668077363497e-01 4.647019199192251038e-02
7.034699636886186935e-01 6.811270414802548245e-01
3.293845855309635029e-01 3.546736824807726896e-01
8.071944250990903402e-01 2.978161333237185349e-01
5.268208372647196214e-01 3.122307279980215400e-01
1.177491820043072013e-01 5.510384881765066911e-01
6.601256696913085920e-01 7.770746771201544889e-02
4.161907855653235178e-01 9.678912582379813889e-01
3.808079945970070934e-01 4.873486505946178493e-01
9.638045239074627402e-01 5.667882474961543071e-01
2.965253851804318663e-01 9.177417038512891700e-01
7.279476455268264479e-01 7.504198496163548837e-01
5.974235711291899786e-01 3.970525244871342396e-01
2.235263111471860187e-01 9.229409934413360661e-01
3.744688792826379453e-01 3.518411460445751704e-01
3.163897734543555385e-01 8.771774833367694812e-01
3.776133830428289873e-01 5.587094439059466788e-01
4.745878628976372138e-01 8.164765068719627150e-01
3.836010837259450357e-01 6.193308218805753107e-01
9.387090867700376151e-02 1.772057453631532553e-01
3.985556690116714984e-01 7.756965195005769420e-01
6.462314261881121347e-01 4.191932653182025015e-01
6.268369788374583695e-01 7.055244860978158172e-01
2.911743771340919440e-01 5.152810904626707877e-01
1.541004552799077054e-01 4.622886068197046838e-01
8.289671965828765421e-01 4.589655092867330755e-01
4.402810992632862908e-01 7.004194340652871720e-01
7.765116343725882164e-02 7.514525081952079244e-01
1.754479325383300758e-01 7.176477329023155383e-01
4.236191364418181449e-01 8.020351423987956974e-01
4.343497834635680066e-01 5.221099128733773520e-02
2.655782019951641315e-01 3.096744090914158587e-01
6.581861626174072555e-01 7.736708150631892433e-01
5.004861395146364966e-01 6.647504577748311050e-01
1.914868256027463800e-01 5.759357730187744107e-01
7.903558451095494819e-01 7.438539146387803669e-01
2.694701890169317049e-01 4.567032483586854208e-01
3.921577280056471326e-01 4.479955828371479654e-01
5.956017563899121958e-01 4.826053098306113398e-01
7.067433072630462387e-01 1.362161613786884717e-01
8.472511910159091775e-01 2.349366088444204137e-01
1.100864416038952048e-01 4.927363280177651239e-01
7.817716743089819786e-01 4.466791813808966838e-01
6.010620359644980315e-01 3.200129626761275548e-01
3.709783643702853628e-01 6.303764804937173061e-01
6.025924438912351189e-01 5.155635066096768693e-01
2.533415325344987590e-01 4.613427689333714499e-01
4.068816559955942269e-01 1.901492649632709475e-01
9.339524024584737738e-01 4.693570173053833172e-01
3.990122461212337601e-01 7.170798053739289024e-01
7.090768179872921628e-01 7.855259325941208459e-01
6.236460365720356558e-01 5.549744327183143700e-01
6.251476411640005670e-01 8.073148401680656505e-01
3.254554969254493946e-01 9.756845031492056286e-02
5.184347892041967221e-01 2.711015042539533515e-01
5.266266130393857381e-01 8.604995109882467297e-01
4.695187710135519943e-01 1.388695554503940888e-01
4.753742270909120382e-01 9.048734373659661490e-01
1.243110977689989571e-01 9.388728094658763679e-01
7.824001033428223950e-01 8.519808091306547704e-01
1.543707990600710900e-01 7.014705598199894032e-01
1.891262485873974331e-01 7.893717299451956659e-01
4.178084170384175899e-01 1.772917857621385818e-01
9.764606817570520292e-01 5.434472164693452401e-01
5.302599058739914106e-01 1.021537498730636789e-01
1.490401173035467985e-01 4.727991999859998407e-01
6.544086715194311621e-01 3.282435427117323390e-01
5.290227221819170378e-01 5.630622178766756525e-01
3.276982571514046594e-01 4.271681402897203883e-01
2.353931824294797082e-02 6.330790305565960896e-01
1.523087097531961864e-01 2.670740555228831026e-01
5.939537803914169967e-01 3.884007076185905238e-02
7.836430024084073409e-01 8.316402618175386952e-01
4.464810561513627984e-01 1.682218922839917308e-01
2.293399240069979306e-01 5.381678930761188973e-01
5.877012242401704611e-01 5.828007285469910537e-01
3.667258831098011429e-01 4.637167970008495010e-01
6.658692371913665919e-01 4.479453925663486880e-01
5.609678720038749900e-01 1.133578550514525440e-01
4.479425525899624061e-01 7.375012152035546054e-01
5.816104022400265805e-01 2.443958591721030749e-01
7.392712307866530219e-01 8.242952913940662096e-01
3.190546267561321092e-01 8.559166601405043817e-01
5.065307329427537475e-01 1.234581700036379570e-01
2.936820504812723831e-01 8.267587743583529880e-01
3.886940265246819903e-01 7.475506259762119965e-02
7.227004697320856819e-01 2.607111983692849133e-01
2.681403487306355804e-01 7.683628057831107805e-01
4.733861124175421375e-01 6.556923870291211376e-01
6.255734187884599562e-01 1.865683212654315470e-01
1.982198124529785110e-01 6.757526507290638751e-01
4.124522108133649723e-01 7.453091143356328496e-01
2.482747444078715338e-01 8.183157690995953581e-01
2.788134343488093414e-01 2.041054351669623068e-01
7.522363245943153309e-01 6.154766157238501512e-01
7.616727543947583445e-01 6.518018398168118344e-01
1.525246401356362413e-01 1.485947053653565719e-01
2.650900093863165496e-01 7.024294796367687166e-01
6.171187193595198961e-01 5.529366905027748302e-01
2.218563060554379351e-01 4.436502026949727950e-01
5.166481980980071054e-01 4.533981617726906554e-01
8.865629366884728579e-01 5.218337153755595592e-01
4.191411603122662810e-01 1.101009190114453085e-01
1.842540361169493490e-01 1.816505181123502788e-01
2.341403494505860383e-01 8.388413552475781909e-02
5.558430488751280318e-01 8.582305312510735140e-01
7.802320998487254355e-01 3.934453394279699423e-01
7.041321699235819631e-02 4.528398644834170095e-01
9.574424114219884929e-01 6.000818632044073730e-01
1.747372639574658604e-01 2.906317025055794590e-01
3.602314596140138159e-01 7.582774930268254554e-01
7.397960987590681547e-01 6.595923218188066706e-01
3.825869432377184687e-01 3.909480457780721840e-01
4.567850117816359967e-01 4.064699563558776818e-01
4.617138111025688718e-01 5.321270100998871655e-01
5.659357660069667117e-01 1.868072697839690266e-01
9.091622772164873467e-01 5.575329137240276900e-01
2.098088564310795490e-01 4.734481329733170041e-01
5.330483013444784479e-01 2.062743825125069042e-01
1.070385604546301717e-01 9.305138113293032198e-01
7.573238114105231844e-01 3.429536234279283446e-01
9.497201718545520421e-01 4.904820814895053394e-01
1.653703366341034431e-01 5.952543358151390906e-01
2.123365456862864598e-01 4.936293488055915057e-01
5.910834408228543557e-01 1.017740179358242736e-01
7.912581993020486593e-01 5.179111232414170818e-01
6.990985891468000091e-01 8.492173852255521238e-01
5.710334980775627622e-01 5.348923280748051345e-01
8.376675910318801543e-01 7.742000688873704739e-01
6.091358971105242937e-02 8.877148958579533788e-01
2.835553165536884301e-01 1.566140966174994764e-01
8.391658331111065960e-01 6.847462573997027402e-01
7.229258972668332062e-01 1.777375438053424850e-01
2.188601843608712627e-01 8.563100600589139688e-01
2.772164091505156525e-01 8.247410599013944577e-01
3.372797984113300451e-01 3.533307515283797273e-01
3.235466854618906929e-01 6.815895663663511239e-02
1.850826409525221927e-01 2.680326329707677369e-01
5.687081115279283283e-01 3.925956542854437958e-01
7.584078593909673316e-01 7.100315194524670082e-01
6.114211853484347037e-01 6.502439148277415759e-01
4.128361874749426619e-01 3.897816492653291554e-01
5.608873980744694121e-01 7.799441800980955186e-01
3.278372156306038621e-01 9.061110100421466695e-01
5.880165005322037786e-01 7.279018835030679480e-01
2.328684680371136684e-01 3.181947336648984770e-01
9.058286487471494119e-01 6.004998876749576553e-01
7.734273804120059825e-01 7.086733404864387076e-01
4.786439323922342948e-01 6.530419494734190922e-01
3.291184915283675294e-01 9.438590366894186179e-01
2.655344223471336473e-01 6.039794521040597886e-01
4.619084252027870763e-01 2.773954332802405220e-01
3.314682690030089640e-01 8.402229094616016081e-01
7.352598641495512455e-01 3.053378038389813476e-01
3.525130986601585081e-01 3.091194914162070373e-01
8.827975271901997711e-01 4.409721056158626418e-01
4.166068216961235082e-01 4.187175765320129694e-01
2.643775313199858701e-01 6.675827223257679854e-02
4.378738335682217375e-01 3.098168391629434471e-01
7.341722612973259343e-01 8.830328398913122045e-01
5.516710143442676850e-01 6.926716704680119241e-01
6.784083981997307555e-01 8.074833103036024307e-01
5.577584362700219733e-01 2.187183792470503985e-02
5.877043022896192292e-01 5.057726449726520634e-01
2.854623868077917348e-01 5.596496823209270444e-01
7.958868661470381856e-01 6.438178567648693562e-01
3.273510800089285411e-01 2.706441572296117148e-01
1.964016914605397346e-01 6.694833902959675953e-01
5.065799121862057941e-01 3.450245488425670581e-01
1.115582006277977545e-01 7.662532673909883130e-01
5.984054689523923276e-01 1.649889525121503442e-01
8.757372939014281821e-01 5.453870062021521914e-01
4.600372917147101393e-01 1.443048277986268002e-01
4.316158209826705949e-01 1.714978054354940329e-01
9.138448817225681697e-01 6.382292208375455189e-01
6.948677081221643625e-02 9.042527531686441744e-01
4.720364717131651511e-01 9.301076368417399154e-01
2.655858151495879005e-01 8.296479288807351304e-01
3.358697957961414016e-01 4.819911770413647378e-01
3.188041079843814685e-01 3.155658786402096294e-01
2.259403576906870714e-01 6.790827928511179445e-01
3.012546511400721050e-01 3.239534738061367602e-01
3.867594809571128778e-01 8.707810749891012336e-02
2.394013558067833169e-01 3.299177380125657422e-01
3.890475225538755910e-01 3.660389476719542734e-01
1.556900057744101118e-01 3.694219465930476676e-01
3.598407355490402804e-01 2.794896004010754553e-01
1.640952412646362046e-01 5.011638385443456523e-01
6.846436147464971533e-01 4.238455359650296073e-01
5.749519731929155775e-01 8.409182922866422771e-01
5.274013822535862372e-01 6.071781974558263517e-01
5.296344599739944980e-01 4.243303806652058419e-01
8.833366833546969499e-01 6.206839616815524874e-01
2.561946527783866001e-01 6.093895028552518411e-01
3.336488684235298652e-01 2.849605920863016451e-01
8.641426971744455843e-01 3.000279924432126544e-01
6.137748494056597393e-01 2.194389005149258720e-01
2.314422801733685975e-01 4.845547898217095750e-01
3.468482540208846499e-01 1.216656485637223339e-01
2.381238701286987614e-01 8.788472061817753644e-01
5.991365590366312111e-01 4.642278059245595889e-01
3.355693425004115937e-01 4.123311661334338463e-01
2.006236751475643787e-01 5.947380721059695174e-01
5.777253229221416264e-01 3.487657427026461532e-01
6.502527602991313715e-01 3.220323994833337866e-01
7.616358167547485625e-01 1.471352497932269521e-01
1.262719100069232547e-01 2.585817472972878894e-01
9.526028075480055257e-01 4.688823118750382601e-01
3.919454731306989403e-01 7.171017128134045127e-01
1.991313853936648448e-01 9.130287591588288620e-01
4.724342029760134065e-01 4.936891784262846250e-01
6.323857498151926881e-01 2.962202214999978267e-01
4.378622903056339499e-01 2.643584079733884984e-02
3.444333157637973208e-01 4.850619435789703116e-01
7.748260545897955875e-02 4.340144597877073074e-01
6.382570472195780997e-01 9.219374734224453638e-01
5.414644013388310029e-01 4.344289343804982328e-01
6.707359530307543949e-01 6.560112533452963079e-01
5.996765857412855727e-01 5.294656083463890051e-01
8.785170191723081778e-01 4.128431765231432848e-01
8.118922636056652431e-01 3.451323951121760825e-01
5.284554244274239920e-01 3.270038009889487673e-01
6.184897934754656212e-01 3.136560964920485084e-01
8.941471472055581571e-02 5.976849739230858383e-01
5.932508514568323177e-01 2.354603737618549131e-01
5.777932760110475741e-01 6.690739026460705841e-01
1.115848858506392483e-01 3.818891980598790870e-01
9.046378297773323141e-01 2.938986078921762557e-01
5.126022287076815731e-01 3.876928663789356300e-01
9.003715944004347937e-01 4.714518294710873803e-01
4.232699818029420080e-01 8.812674232005492103e-02
7.164684306719470985e-01 6.095653984299953532e-01
1.346065418110628242e-01 8.200498457845551981e-01
6.505384924736682395e-01 4.397469624553594358e-01
3.294553286732146424e-01 9.200760808643614341e-01
8.137749321373507483e-01 8.491252534523721085e-01
5.639816599171362244e-01 4.538925363758605225e-01
9.109079603356351473e-01 3.610618080455150203e-01
3.364741355924172339e-01 9.869450952057409743e-02
2.438880940238253026e-01 7.513755704913936961e-01
5.900273992024165359e-01 6.090620184405884929e-01
8.066974603347736306e-01 7.577315105469057954e-01
7.060047056142813027e-01 6.425965515226466085e-01
2.429094357472571242e-01 8.600395467943455774e-01
7.242834096600563321e-01 7.773702924287586580e-01
8.092595980737411487e-01 7.164129799621511419e-01
2.061276916291427952e-01 5.781361409710352728e-01
4.678485422562976281e-01 3.111919915418442373e-01
3.697580434951718287e-01 5.464313434892729138e-01
5.577970839261783276e-01 6.310440269068329222e-01
7.665997807449832502e-01 6.990250595438125547e-01
7.502587504702746823e-01 9.575417725815371650e-02
4.290919258838349903e-01 4.907983434355192576e-01
3.433535502351114377e-01 1.372629655274304472e-01
7.240195928868660147e-01 6.697469620859766160e-01
3.529192462159775889e-01 6.741899897844955136e-01
7.063148333737949702e-01 6.467870471240054764e-01
4.799236472534865738e-01 5.456356666291057866e-01
7.653658039377002620e-01 3.189169875771378782e-01
4.531694473726045197e-02 5.610871790477295340e-01
8.028212363101104865e-01 1.825069453866388636e-01
1.362494537884137991e-01 6.924547825535879442e-01
5.723829765227745892e-01 6.872969453311708055e-01
7.000040941820744322e-01 1.410579159579798403e-01
8.852296737827296536e-01 5.092530577387717194e-01
3.059012394159766335e-01 8.906627494337857609e-01
9.080227373631838406e-01 3.914957211224046607e-01
2.934596422159217455e-01 4.446085949931767312e-01
2.128507456630093220e-01 1.901152171747576003e-01
5.419682626206542286e-01 2.657021842731063788e-01
7.092805930065095854e-01 8.330161110517442236e-02
2.910240841964279457e-01 8.305271202178176049e-01
7.200644164386538204e-01 6.820492586654191003e-01
7.338391915241404551e-01 6.578811980946006610e-01
9.624987263802999848e-01 6.886797353987123005e-01
4.141055301319088722e-01 5.467783030100983321e-01
7.469075483551766981e-01 3.913503467694149918e-01
5.556064574975134729e-01 9.082696717997473801e-01
2.560708736393036422e-01 5.523777133635884296e-01
3.547925474440893345e-01 1.285886000120219919e-01
3.037753424668606650e-01 2.882157154981190295e-01
8.334626913728675479e-01 6.840796467107523871e-01
3.832044123793385548e-01 7.945683237044292024e-01
3.065128323177969127e-01 6.203664641325775664e-01
3.138331691797076051e-01 4.650774821716653906e-01
3.655125499908725151e-01 9.181177970503584529e-02
5.919962569911572103e-01 3.944817222395884393e-01
2.708748474202904988e-01 2.222433296241229372e-01
4.284178451881106020e-01 9.211123382824479844e-01
2.324480532441643432e-01 1.839184577368192797e-01
5.769305175765840898e-01 7.051046109622279845e-01
8.317937683240855806e-01 3.432920260636155296e-01
7.187229992265263823e-01 5.488639588079120557e-01
3.460139299409430991e-01 5.666942981915057409e-01
4.649819504124930170e-01 6.117414857075441637e-01
3.030778798528551699e-01 9.704013776610134201e-01
6.996319048971306742e-01 4.527390026393340317e-01
3.103040072263654747e-01 9.308052582408457010e-01
1.912871056464047759e-01 8.907652540330116553e-01
5.752919733359123100e-01 6.101020187975383369e-01
6.220445230917224233e-01 1.344198088404569280e-01
6.633580093156840052e-01 2.436171037698381392e-01
7.572957113903279192e-01 4.684228686344057424e-01
4.736684461273327207e-01 1.428170057569990714e-01
1.762211937030766229e-01 3.065804849477317129e-01
5.150925639769684539e-01 7.263383792004298734e-01
4.395988715756115606e-01 1.214738950119795685e-01
1.336987652314689801e-01 9.097600043246056867e-01
3.107438390152673091e-01 7.483701470453896221e-01
5.781468694558709043e-01 5.059942420780768613e-01
4.759149111083513795e-01 8.699166774342014241e-01
9.212086755039697872e-01 3.708561223278677432e-01
6.353959609042909573e-01 6.804122035984463412e-01
7.882187015257855478e-01 1.653100961659677848e-01
4.061119707646247412e-01 8.496686198656350220e-01
6.506697208327775206e-01 7.880490800544119878e-01
3.264331402420842521e-01 3.180358617232769136e-01
8.312172502451975475e-01 2.202853953055367020e-01
9.014607349632457467e-01 4.776263635916034866e-01
6.050057559388598571e-01 1.515378198653965225e-01
8.863559454142315719e-01 6.633052698659394064e-01
7.123263533036017225e-01 2.365195096515693429e-01
9.154343902949535483e-02 8.641087194819239148e-01
4.584555881622671691e-01 5.012471918938867788e-01
1.527463143245309796e-01 8.688917520656719296e-01
4.147411050504621888e-01 7.433617556106257851e-01
4.235233050934775756e-01 1.118213554663135267e-01
5.586003303259707842e-01 4.822801448524514090e-01
4.826368451613297639e-01 5.131335323442480778e-01
8.025867642419393100e-02 9.182598787153093411e-01
6.567779385792158475e-01 2.016990046214883758e-01
8.439927611555871900e-01 8.120867298991220062e-01
4.694442967673409517e-01 3.953919066782394243e-01
7.598915333648219583e-01 4.625347293064138166e-01
1.991610841099929474e-01 6.936920956359984292e-01
5.686880572043512272e-02 7.600623272434813282e-01
2.826647670935918399e-01 1.869864393526491364e-01
5.746697699854901309e-01 9.010177376448464948e-01
5.053308838598338237e-01 5.876987618766178478e-01
3.417911740643639895e-01 3.569171451255387928e-01
4.722947072866390816e-01 6.767058446562246310e-01
5.379809414797471767e-01 1.962594242242049758e-01
5.942991710093497026e-01 9.965659450677939735e-02
7.280580656328063949e-01 1.286509555001283112e-01
4.591056141410880809e-01 6.883660950751550045e-01
2.155775180394928492e-01 4.150893908043136182e-01
4.942356680929482771e-01 3.035471699203055596e-01
5.457613504033099749e-01 8.200952791359321647e-01
3.016121667006159690e-01 7.196928090536167666e-01
3.838932919646428354e-01 3.372746613309361985e-01
9.325619757600607240e-01 4.326914038683035146e-01
2.521349307905954018e-01 1.831793326839670222e-01
8.110097415441770430e-01 5.825690342078211348e-01
7.341738997839240000e-01 4.838507383249882610e-01
7.842117637814477460e-01 2.881767655279750540e-01
2.396793606910656849e-01 3.168991217274140793e-01
5.215716614332263079e-01 3.843090557707056210e-01
1.143966039859693334e-01 6.959503799104489463e-01
1.557000409562367682e-01 6.378896507646427683e-01
1.098012775271841046e-01 1.908353216826366716e-01
7.923042292735832381e-01 1.350954568867583083e-01
5.128744777680553923e-01 7.292820396655554926e-01
5.187620538563323391e-01 6.330237215827472230e-01
6.772291809258375039e-01 7.118207170736406963e-01
1.075545464118623923e-01 8.342790862292503995e-01
4.233740603760184351e-01 5.509594095071654873e-01
6.552760432285447134e-01 6.011401123602582164e-01
6.482087398511442444e-01 8.372166512891012768e-01
1.201125059912594439e-01 5.343858311942375483e-01
5.701280748168707779e-01 8.649876986972306891e-01
6.621612945725641186e-02 6.099255917426478213e-01
8.852383995811390349e-01 6.928100700607765505e-01
6.368846690475087335e-01 5.721923996655495781e-01
6.794033502933901625e-01 7.698411427461240852e-02
7.238768881770052399e-01 2.769946181696688603e-01
2.344319127797705737e-01 2.626541815464485952e-01
8.013713875599910441e-01 6.929494987499625891e-01
7.562397123605529847e-01 6.043209232947709397e-01
4.936046871162828031e-01 5.031156419052479345e-01
4.418255310326137386e-01 9.412135344490798472e-01
5.374348190938315062e-01 5.870273813361713833e-01
5.010519829266610881e-01 2.457906849798962567e-01
6.993249411080150191e-01 2.617826721801084777e-01
3.921327682431601236e-01 5.173953277966044512e-02
8.458633138675988317e-01 7.221717464147769938e-01
2.852725515270176926e-01 6.127604373969800511e-01
5.509935736130354700e-01 7.096821085359964476e-01
6.228656940188936897e-01 4.585202783629513945e-01
4.676136911136810626e-01 2.376168447986601318e-01
5.332724242817749039e-01 4.676112811953248016e-01
5.367988273664203724e-01 1.135033619816272210e-01
3.894797220523135151e-01 3.861218115335999790e-01
4.897062302059432826e-01 6.339261124928390334e-01
1.419868363499723618e-01 7.628534432560832856e-01
1.954899299553573833e-01 8.638870313077688934e-01
8.736315390878188758e-01 7.568689756279869396e-01
4.408777678668742706e-01 7.155240699302284346e-01
9.529552604262885307e-01 4.403023189663662906e-01
7.109305031685941856e-02 9.127721524781314821e-01
5.193518067023710216e-01 8.400195681370680179e-01
4.022326277310881437e-01 7.443193060736612576e-01
6.622061811409210019e-01 1.035579383773205381e-01
2.312169972529758977e-01 6.839251547692128952e-01
1.396749843191200102e-01 6.512526848614121899e-01
8.509021081485310667e-01 4.334043547070594027e-01
6.559424902216449693e-01 4.700192251332376836e-01
3.239824281180553323e-01 5.063708293366547819e-01
1.083223058721324711e-01 8.021451039674059036e-01
3.510698630577878676e-01 5.317982300947962093e-01
8.646604198245699813e-01 4.750564339519264268e-01
1.470995289192421618e-01 4.749871633330908227e-01
1.682098309690134852e-01 5.878450406254216443e-01
7.415014596675799652e-01 4.751815893104837096e-01
5.616486828248364871e-01 5.406351143928416203e-01
5.658719566528698230e-01 7.845274764522044419e-01
3.548110598404516369e-01 9.479705913196744271e-01
4.196103454099984753e-01 2.912941082244908664e-01
2.669355952004661137e-01 4.358015287458526510e-01
3.201344919979965536e-02 6.680021636272368557e-01
5.489199905607651253e-01 4.333003553866935920e-01
5.237857705564209487e-01 8.395807862150529433e-01
5.778461976825866042e-01 8.381827523747793496e-01
3.417693378553006700e-01 4.046970164713089013e-01
6.960549920537933977e-01 3.680671393199199670e-01
4.053958170380355663e-01 5.071131508972229890e-02
3.675749025643441636e-01 3.838365164435142418e-01
7.074891879168055953e-01 6.190002238377018129e-01
9.090560522196312887e-02 4.927579764498213888e-01
7.869209202962462735e-01 3.827338017944472148e-01
1.174476913596747413e-01 8.795024753389977246e-01
3.107619489700831905e-01 6.475142812124690117e-01
5.581311080737026975e-01 8.256110297856518176e-01
3.738902282468983818e-01 7.896991750758646234e-01
9.040586548380659115e-01 5.205939964228356587e-01
7.328107358237497815e-01 2.816414313392093249e-01
2.423381703753310357e-01 7.916406934376190030e-01
9.020673166901050921e-01 4.227882782888806590e-01
9.361229018418848469e-01 4.662929480235150081e-01
3.792171187692286449e-01 3.718882907368090684e-01
5.710472088229829879e-01 5.545237182982309943e-01
4.633185946466202298e-01 9.537833186625632731e-01
4.405593242841117640e-01 6.786912503864925839e-01
1.387063495381660738e-01 2.918923758134429614e-01
6.285661278815177777e-01 4.226676462556396285e-01
6.539795583595811035e-01 4.367990403120802778e-02
5.838755403999819349e-02 6.479380733301425277e-01
1.851843936453853590e-01 5.226970598502639342e-01
4.295558997815212554e-01 7.065493888090376706e-02
5.956543763289829929e-01 7.641277624646619637e-01
4.137080092965355060e-01 4.039744213120526339e-01
5.593235306970089082e-01 2.124957967936654257e-01
3.634762734308718546e-01 4.482980899723102569e-02
4.688219422079731302e-01 4.084881800031772703e-01
9.688779521652803872e-01 6.690069253822572559e-01
4.538682913901957439e-01 1.340417225018488423e-01
7.620974182332976854e-01 6.943623350501937352e-01
4.709780133520349299e-01 1.259265515363957866e-01
5.043544271009958030e-02 8.081844762443832764e-01
1.867578791806044636e-01 6.109988735381485236e-01
4.247970199196979268e-01 1.792050738854397418e-01
7.071746323158595304e-01 4.224315409320839043e-01
5.214488967715991130e-01 5.828171893720197616e-01
2.035872022201918319e-01 6.508566057817339878e-01
2.922080082594429307e-01 1.274223404851182739e-01
6.918027533201011325e-02 4.543862429758098176e-01
2.718102853514279271e-01 3.378157287129245900e-01
2.233541030846616093e-01 2.472293076154209457e-01
4.729281382062631156e-01 9.580624021413820524e-01
2.242117753160622340e-01 5.976505073932387724e-01
4.647012577383456966e-01 2.773202465333211020e-01
4.255541911263671651e-01 4.076372450981349815e-02
5.552885372218738791e-01 2.451113240952351169e-01
2.556926884004820932e-01 5.250232412034485652e-01
9.196517086786785145e-01 7.273250272718581044e-01
3.140919181358248768e-01 3.292843546451889036e-01
9.396723171391968554e-01 5.382741513188564753e-01
9.369859952708838868e-01 6.041843605737946543e-01
3.042270531513072140e-01 5.065930189364463709e-01
3.022688081219750966e-01 2.535640554244031897e-01
2.678593747175743167e-01 2.074888189188396903e-01
6.141736446530725591e-01 4.892395550661821080e-01
4.828874968481011165e-01 7.505744031857486398e-01
2.725115989499259928e-01 8.260845133218941427e-01
5.722595823518177305e-01 7.120182610535237266e-01
2.790363000907096214e-01 7.711875570223517551e-01
4.257376112165679460e-01 6.426195920841420994e-01
2.115816578506908296e-01 5.455739390489489082e-01
8.518104770086214472e-01 6.304447110339500560e-01
7.583457054104961181e-02 3.205429985842150331e-01
3.349087890915652954e-01 1.623597319671502004e-01
2.739561695048852719e-01 7.918783781061511373e-01
9.448994082578460185e-02 4.016278923659764022e-01
5.496953536222867198e-01 3.851780070673094247e-01
3.546638587648977547e-01 1.020246329189760520e-01
3.363659936454110322e-01 5.699728129311260050e-01
1.943003663687714599e-01 3.558620717522694155e-01
4.132279046708168257e-01 5.544309770823195871e-01
2.199538384830776738e-01 9.092381024944098389e-01
5.477805879949539936e-01 2.227944819513881514e-02
6.780809776704936898e-01 7.414180004156818438e-01
6.284073010302890783e-01 4.581951663957389287e-01
3.178138049735387272e-01 4.891111599301550261e-01
9.132453254497362449e-01 4.137224926394534319e-01
1.159910926074902565e-01 4.751275592666613368e-01
4.570284331402879596e-01 2.203094459947712580e-01
9.287012704727551915e-01 4.063426532903567923e-01
5.142445796285283199e-01 8.318585063482051289e-01
5.078331317419202406e-01 1.452889311646883841e-01
5.760202862000226576e-01 6.211285775554740152e-01
5.678407489145982368e-01 4.543360173538635305e-01
6.184313697060062065e-01 4.258595355785476100e-01
1.282158261904457475e-01 9.269032028153728620e-01
4.868650360756654472e-02 3.364515171485055189e-01
8.161458940573542709e-01 6.779078675047575109e-01
2.620959021035837999e-01 8.563424865787102602e-01
6.127315901860845848e-01 2.365950816897959552e-01
7.446383919812014085e-01 8.472630529563771606e-01
5.367206166872908746e-01 4.386161754865767204e-01
2.168702956798299608e-01 4.908682843803970353e-01
6.604389707230567952e-01 2.256954204900139538e-01
4.806699102101048005e-01 9.180230524319682450e-01
4.210678564929138945e-01 4.630530602226942127e-01
2.449922471110710653e-01 2.628672716246857055e-01
5.811555812092203954e-01 7.345732959462190070e-01
6.613385425255475791e-01 3.883001489256441285e-01
6.012347096910345412e-01 7.685082629923509767e-01
1.404048338838519983e-01 2.301475864796879711e-01
5.516809018790294061e-01 1.606211162307302209e-01
5.140836397715964345e-01 2.907354670850643696e-01
9.369303149576063694e-02 8.447747175359152649e-01
8.253613020868045824e-01 7.345880399789561643e-01
9.525553460204762013e-01 4.410720949406184421e-01
2.834829465767931267e-01 7.662812341736273680e-01
4.475987569484257134e-01 8.847959528530650042e-01
7.039361531469187083e-01 8.373777586391732974e-01
1.717107030813482260e-01 7.329161505349335304e-01
7.553782417812617833e-01 7.666249696358259369e-01
2.374216785733040402e-01 9.007381260519123356e-02
8.526510335544601471e-01 4.587787539434554640e-01
3.644710419956025405e-01 5.281497958402023851e-01
3.091405803727040880e-01 7.067887365601912553e-01
3.680322138921210406e-02 4.023252000077743862e-01
3.453069658843838652e-01 9.217906542741109988e-01
7.376264629909000670e-01 1.645252306384423213e-01
1.405543675217344191e-01 1.603588182035505516e-01
3.616276337987349709e-01 6.120356146989598678e-02
1.921515704209660891e-01 8.181672796497572175e-01
5.914169891693819014e-01 8.482430689108023669e-01
4.427604773045537567e-01 1.477085915052353260e-01
2.176707824095161503e-01 5.365641845876599758e-01
4.855821926073505823e-01 1.632778274411950670e-01
5.668680916523826108e-01 9.425160541228119193e-01
6.928004532992768638e-01 5.937622723217730325e-01
3.182831845082083611e-01 5.083974240893863739e-01
8.982443778478467200e-01 5.824395063141958317e-01
2.452269918689536088e-01 2.457007532741282696e-01
5.102827690277792483e-01 2.394277845657818427e-01
2.055784596169083767e-01 6.689214014096478422e-01
6.173283396694465575e-01 6.788272286692454971e-01
6.918439333885555431e-01 6.165379181293589861e-01
4.399714488870017370e-01 7.841221997814503686e-01
5.097408455076817280e-01 5.045101952667818690e-02
2.047622257031216364e-01 6.340627976511303832e-01
4.324691855232140614e-01 7.919515878941376652e-01
3.110209734421168215e-01 9.118387077676879393e-01
1.935361019888975909e-01 9.662730663122691688e-01
7.081582339406190529e-01 6.064863173128794971e-01
7.992677738427791945e-02 7.898876388749882516e-01
7.283516430052816570e-01 2.845802133453365634e-01
3.228047108950024557e-01 2.956633708132352933e-01
1.947949342138150797e-01 6.576406139590011968e-01
7.689040626026393266e-01 7.614359276803137622e-01
8.457460186448885198e-01 5.366770969231611232e-01
7.555633513590570560e-01 1.624043454645206497e-01
5.704121198312337437e-01 8.413329156166385880e-01
3.704659753942892153e-01 7.592236961750952196e-01
6.763793605961740951e-01 6.638425582408569170e-02
8.586916668027037014e-01 2.284876881909521096e-01
5.730859309937104129e-01 7.224631137127158764e-01
2.539875222916230246e-01 9.781281620752948491e-01
6.735587725285723248e-01 1.168582961029990680e-01
4.630438356218687934e-01 7.109292406109491980e-01
9.216595336809447758e-01 4.474838445067240711e-01
5.902599371215611068e-01 7.440770918562849001e-01
7.647473038583899596e-01 7.897116063798074181e-01
1.021127549580883864e-01 8.060383330485616504e-01
2.863407890221176810e-01 1.158283049903375828e-01
6.433087997851449913e-01 6.752952955156985571e-01
1.205808989855878116e-01 5.682063662819335503e-01
7.569685030561413841e-01 2.652622201774058608e-01
2.647927886193557345e-01 8.353115843595894097e-01
5.601749995109390756e-01 2.702218964067269469e-01
6.824406378165980280e-01 2.789086721787571443e-01
4.456936128629032101e-01 7.661107899404796528e-01
7.812947290600626982e-01 8.171086013048970420e-01
5.894135496805992247e-01 7.764634001310959377e-01
4.349277584738913682e-01 8.730077410425052253e-01
2.437527859861786661e-01 2.294979383432180220e-01
6.272258052270849316e-01 5.691694004955063502e-01
8.226348864305497166e-01 7.582358254137037123e-01
4.064213118613392295e-01 3.207557608100232160e-01
6.081912084204996738e-01 3.153961851915771386e-01
8.421043817661054698e-01 8.036615871046057791e-01
5.528971827025584984e-01 2.219836548936244269e-01
2.621829039730142474e-01 9.071091577771939196e-01
2.985157068792324564e-01 6.768502863288827776e-01
8.288315375356452019e-01 7.325167524094415850e-01
5.561511258688199844e-01 3.411707463554112252e-01
4.177959983524183185e-01 3.308326016339881992e-01
2.759670418191015884e-01 4.678399729797562689e-01
3.224608021627073939e-01 3.760339434768239508e-01
8.678060490976110541e-01 8.087930066619017921e-01
8.351212608584247521e-01 4.837444855159138135e-01
5.699531261682660999e-01 2.024767326801184542e-01
7.278248421734944129e-01 3.229196914457567735e-01
5.979870456976971171e-01 3.603087459719382935e-01
5.765799510260977145e-01 5.834372291920050108e-02
4.919428597628160982e-01 4.676697725756714941e-01
5.726554634292628787e-01 1.192070920869635064e-01
2.617295427911495165e-01 8.022946701326405528e-01
8.272325981353622071e-01 7.762005794332635933e-01
3.050155908921005632e-01 6.565627795117245924e-01
5.951190023082411074e-01 5.176572783877779749e-01
7.321242423334048954e-01 7.640925898643846637e-01
6.397486520994117853e-01 6.769595811715545253e-02
8.552626712584555646e-01 4.108065589612661661e-01
5.077346598289459445e-01 8.791615687194916928e-01
2.349096684567397730e-01 8.054431317141368396e-01
2.468247433161262494e-01 7.216696832443283416e-01
6.789527603200532502e-01 7.456536271015691275e-01
7.757178678766931679e-01 2.932771116037506953e-01
7.547370313943350117e-01 8.333776136710799864e-01
6.666929697870129790e-01 3.968665614551801779e-01
4.794309427765303111e-01 1.826117605773804886e-01
3.100592991934130183e-01 3.385867390093845186e-01
2.460808579014246988e-01 9.165905818591232324e-01
8.532224178558631689e-01 6.903525653523568950e-01
3.582610521597142106e-01 6.083714851938231138e-01
2.321154434139635347e-01 6.950207296518162714e-01
4.726369740456547452e-01 4.339976678453095760e-01
5.535450418794146676e-01 2.147792581591791428e-01
5.063486720138317132e-01 2.240019257117153995e-02
1.277708340449915936e-01 8.586794419289861535e-01
4.972469937344448088e-01 8.490300617612493994e-01
8.909569693385726019e-01 5.205441301329347681e-01
1.165066239080098653e-01 4.793788699288996646e-01
