3.980771881233462484e-01 2.306191659805198746e-01
7.001408060695666347e-01 5.034333590434579841e-01
5.606075323457393456e-01 9.661404349029637517e-01
4.096078603705519683e-01 1.576691348040994145e-01
3.268812895347256720e-01 7.247080333433869592e-01
7.791530872028736843e-01 2.939867760143907160e-01
2.056751718461921272e-02 6.397432713134367788e-01
5.216665019075605869e-01 7.334547708868498495e-01
3.217016117735241321e-01 7.903158653333136607e-01
3.266844624848835865e-02 7.674938952245344836e-01
2.045371930144724848e-01 1.403953464650601335e-01
6.897780390138603668e-01 3.996597888614078498e-01
6.308460534436405309e-01 8.613811552745896938e-01
2.020931338794136334e-01 4.719675128827056643e-01
3.681071450326763861e-01 1.467755097888706617e-01
5.508691883064167349e-01 5.044191892729031901e-01
3.088221938595047122e-01 2.022798255506265686e-01
8.452285852616273631e-01 3.161950248799574870e-01
8.825410438995959783e-01 4.224483588184910765e-01
4.299767306260995903e-01 7.502274962413429948e-02
9.208021553289874594e-01 3.769871524227458304e-01
6.085370291589662362e-01 3.437209266438225885e-01
3.321571973770010011e-01 4.274608404421224583e-01
5.832809221712038639e-01 2.462567422378425519e-02
4.350582598180378902e-02 3.450792264222763972e-01
3.590665594549803386e-01 7.327263044763756561e-01
2.235633496870941261e-01 9.677033409140772813e-01
4.212187597017331697e-01 8.650104376484493152e-01
2.870366379972847173e-02 4.986353048468910032e-01
2.490459125543114660e-01 6.422576366210197563e-01
3.530459479220626057e-02 5.193989186787622003e-01
7.724711403705644130e-01 4.881089038482839815e-01
7.160161193802322410e-01 2.721514450796936324e-01
6.256094180915389158e-01 4.650342661867246097e-01
2.742623943898039873e-01 9.955279052247341109e-01
1.161951242753231223e-01 5.726519246487604686e-01
9.593431266437134619e-01 4.817036355625057276e-01
2.937387397207142370e-01 1.109386295612695000e-01
5.283436805832797400e-01 1.299600782390871734e-01
9.287715710388224633e-01 3.512089560326363546e-01
7.470777290651599012e-01 1.378555129795034639e-01
2.456491816087068014e-01 3.039388430882207226e-01
4.679180007655591167e-01 1.862353435703425764e-01
5.492500604868961744e-01 6.494577930613785188e-01
1.723430026823809802e-01 6.945806644727903212e-01
6.186829473608014274e-01 8.842436300598720544e-01
7.253982003519661159e-01 1.086525022252334965e-01
1.983073629836769602e-01 3.142236694819747767e-01
6.542630103938306130e-01 7.005808371597930240e-01
2.135724082990216321e-01 1.856899371700434509e-01
3.103177292450607361e-01 5.874414757413819466e-01
6.723143602915704342e-02 3.296084728546184728e-01
1.101378619327887665e-01 2.254271771554056669e-01
1.135030876376175585e-01 6.509647215418485899e-01
3.817852649658569075e-01 3.873674345487332360e-01
8.971342824892120094e-01 8.452973271062711458e-01
4.751024892453287879e-02 6.270428270781834845e-01
1.988389543281734728e-01 1.503254126970523796e-01
2.761407260774023098e-01 8.743796203725868743e-01
5.959745852458685211e-02 2.451179888398692663e-01
7.356095480214317472e-01 5.093877830092695680e-01
3.633922628046942771e-01 1.841028567082051703e-01
4.588553516731142673e-02 7.022727968993692782e-01
8.561479547201451545e-01 9.138828787098428608e-01
2.569416646585813702e-01 4.082487875099057306e-01
1.398393627152964003e-01 9.305894752377715795e-01
4.896793401659893519e-01 1.891999972687396225e-01
7.510444821224482315e-01 1.393497056357998753e-01
4.455113864888534669e-01 1.267470525339134957e-01
6.907791243245371693e-02 5.766309557408608732e-01
7.235274580243911124e-01 3.382550563835622359e-01
2.974193262940810212e-01 7.841635185514522766e-01
5.456957040617826937e-01 2.325856452820013187e-01
7.582907531525734379e-01 5.416326697080244834e-01
1.045564524703653519e-01 1.622456959025955214e-01
8.506283340062481546e-01 4.988091170383903705e-01
5.313896270031599478e-01 7.782350683190437657e-01
3.583414201228080631e-01 4.146904779127393859e-01
6.991826166888696070e-01 5.373364186816226296e-01
4.110815869507238873e-01 3.143672283196682349e-01
5.644491774776680959e-01 6.695562858919189564e-01
4.152354989679500341e-01 4.600010211447077002e-01
7.303680438409215769e-01 2.064910832416059216e-01
4.802078630160429018e-01 1.969293938870826099e-01
9.821940366088250940e-01 7.068729932828207163e-01
7.371595036223678177e-01 6.467997751160723396e-01
3.446157725135859384e-01 2.435334274197262505e-01
4.525249040698453018e-01 6.368484472279359876e-01
2.140330897791595938e-02 4.887044524251371591e-01
3.741872142990312899e-01 3.420007952526670225e-01
4.781818054226016357e-01 3.902899611865056073e-01
5.366624470715274375e-01 5.888217821789897277e-01
6.070310921654527014e-01 2.974282636803327051e-01
5.109037208163418331e-01 6.945380176550228768e-01
5.719300360995990262e-01 7.350837239370408005e-01
8.186422919452619462e-01 9.549701367524613405e-01
8.066527941132262125e-01 7.346679017816397650e-01
8.644871816550014909e-02 4.601500108782014542e-01
6.966796487932541693e-01 8.559520389794715856e-01
5.397165380051949235e-01 2.973989664363797802e-02
1.951380475415128712e-01 5.224977486025006446e-01
4.967450520415981341e-01 7.773680120528481119e-01
4.401856148988697592e-01 2.905639862315000377e-01
4.071043272594733198e-01 7.630137828391943267e-02
4.244738309857625236e-01 1.238284331952414774e-01
8.398867997259523710e-01 2.121949649855899844e-01
3.627622695947965159e-01 9.138461315366342985e-01
9.072890878811556981e-01 3.061220934498845025e-01
3.779200767477839396e-01 7.895557634386933810e-01
8.312381193067197582e-01 6.827680086854923669e-01
2.390016435288666030e-01 1.044566149980899333e-01
3.511215420806469978e-01 7.210934833186615212e-01
3.790524578743186823e-01 5.237763125859692392e-01
7.505435073464086226e-01 4.034916359522739415e-01
4.284515175951488231e-01 4.226881841406915918e-01
5.820291975029079357e-01 5.062191320631568292e-01
3.112957318162448694e-01 4.418351691556806626e-01
2.195182363961986627e-01 8.972386130647802549e-01
3.046939219705011581e-01 7.852272915730458269e-01
7.916427879463462380e-01 2.471409386022889731e-01
2.552220329952860634e-01 6.970513412107022244e-01
1.060431968718659884e-01 2.228157816339661756e-01
1.455940201460368677e-01 8.828928086771468120e-01
8.288042610776956698e-01 6.554727040652742476e-01
5.515758634413812089e-01 3.526915292207688513e-01
2.816913377877906521e-01 2.663483712260567016e-01
2.103963779600831474e-02 4.095364472396544331e-01
5.889991972098833628e-01 6.156785458279838696e-01
6.989157749096444050e-01 2.845164078846055267e-01
7.886793022595824931e-01 1.861123804046763142e-01
6.960104300231033658e-01 5.522902721266115256e-01
6.209015239381316942e-01 3.981856365235114659e-02
2.165388890572757796e-01 6.819811704267086938e-01
7.560578422802167742e-01 9.148150924072959711e-01
8.437279329039900633e-01 8.231722852145978431e-01
7.992304272848892166e-02 7.442187347080042592e-01
5.149958555061215915e-01 8.920800138251451239e-01
8.689989305347421977e-01 7.799997177664574899e-01
7.526577082683010289e-01 2.267513590967855097e-01
5.330838430764921476e-01 1.511417354808507474e-01
8.724130874029227822e-01 9.161185828890938687e-01
2.768610412151339961e-01 1.390847143556976917e-01
6.691930826207500571e-01 3.032732237799414809e-01
5.538373716949069880e-01 1.759262250454847187e-01
2.854492979363708050e-01 3.153128889741818597e-02
2.462978288235118940e-01 5.694559105106363761e-01
9.352145400610167858e-01 4.185657452715555449e-01
6.273310095326893598e-02 5.989738633788259659e-01
7.302743646102216601e-01 5.953210018634432776e-01
6.906427576019411596e-01 5.764574216429312337e-01
5.813071483931161465e-01 8.292979294654606592e-01
2.356713679690540242e-01 9.894281592503839651e-01
3.084994183553056990e-01 9.863219427532091688e-01
5.168279506826001235e-01 4.249633485380081011e-01
6.024133834367702001e-01 5.088792215653821227e-01
9.514950539849815758e-01 6.144218690543187256e-01
3.851524455798749358e-01 6.140006551188379458e-01
4.533960761828881303e-01 3.668425929213343095e-01
2.201233151810535194e-01 7.526714138920788111e-01
5.681391223801413037e-01 1.718255808264185502e-01
3.784408705977198029e-01 5.032165610177999904e-01
4.766392888509793924e-01 5.437810277076495780e-01
4.666465091655053188e-01 1.490663525181888660e-01
1.030505298701145239e-01 2.984022069378401976e-01
4.587911924935933472e-01 8.964308111073707730e-01
6.969311033341456518e-01 4.763219046940465051e-01
3.263293431001362266e-01 9.570252882749890055e-01
1.096184800217094718e-01 6.986146944910219814e-01
4.992662668828875550e-01 5.351982546651928851e-01
8.207970770761126023e-01 2.652077095595161138e-01
7.724286988009894106e-01 3.846968121991046208e-01
2.321545029789263137e-01 3.851341468771458665e-01
9.030888803416829980e-01 7.152035304525865556e-01
6.475994649627980770e-01 5.690337023657638937e-01
6.349166519539181097e-01 5.873893104137920540e-01
3.532128635678800643e-01 8.003024772721108182e-02
3.812630418889914052e-01 6.683768832299744611e-01
5.526993298242901531e-01 7.942658077684053852e-01
9.841673120107714556e-01 5.513558161802544211e-01
4.421435076047722235e-01 9.982688294243999838e-01
9.985655876200313918e-02 2.513560316222034907e-01
8.861270087771608850e-01 4.937663990746165577e-01
2.818949380795566229e-01 6.577861412112818995e-02
7.402215213023047857e-01 8.641594472705570462e-01
4.355078546101981418e-01 3.790514661107823313e-01
7.193950731897001960e-01 4.768085395554608197e-01
1.224662798280436726e-01 2.156706917095937426e-01
4.368821620657373228e-01 4.981459962966164889e-01
2.287505213745051613e-01 6.674353486568521121e-02
3.729723251020862773e-01 9.625909550221665167e-01
6.239313850271431816e-01 4.816539574724890138e-01
7.964072594950993844e-02 1.767085820094350668e-01
3.198776465830876492e-01 2.883384564970903341e-01
4.815138598190434882e-01 9.099549005841972571e-02
2.385382219247460522e-01 8.179361927833852519e-01
5.932299406568226630e-01 9.181090719588861360e-01
4.190499549318105199e-01 9.102434710707446586e-01
3.064525238530172446e-01 2.191712909427554479e-01
2.843320084751990162e-01 2.018784263897913933e-01
2.817828869476904363e-01 4.519700247834163576e-01
4.043867853088531916e-01 4.187188027947295055e-01
5.177608178506745013e-02 5.649855399551394486e-01
1.236199616895728576e-01 7.223620700681470108e-01
6.791466460472738165e-01 7.096642916741542351e-01
6.020662620978237678e-01 6.652904446504115388e-01
4.279572931469648456e-01 7.833913691780048927e-01
8.308852913317097411e-01 5.028998602455871936e-01
6.461595232165028291e-01 4.380866341736500691e-01
4.702820739631340952e-01 1.902578336054363828e-01
8.549728875014912521e-01 8.724624414166612940e-01
2.948908994851083820e-01 6.387403839001219996e-01
3.797261917585557645e-01 1.607984255672544327e-01
7.850676692393290246e-01 1.927635425358048271e-01
3.115459907081051805e-01 4.196498129281057698e-01
7.060685500802755810e-01 7.707963833052990932e-01
4.262650667888849831e-01 8.922226499833268987e-01
7.476527891478725873e-01 4.778369014711527085e-01
7.163343436006489595e-01 9.601795954632735830e-01
6.413094130793334235e-01 6.493216753880620695e-01
8.062128128464860488e-01 9.369510897193258359e-01
7.206658070011545680e-01 3.672390436889790832e-01
3.621867289381595079e-01 4.660407906819469259e-01
3.421528933005803519e-01 8.213948432531213983e-01
6.620682865362352842e-01 9.402997952333603804e-01
6.628018807371798271e-01 7.447096818791591744e-02
5.796287745841874894e-01 8.917585162473452565e-01
7.920326353828823773e-01 7.571430994027437134e-01
4.737140728699162917e-01 2.544178145449751960e-01
6.468226804854089185e-01 8.043696608662322944e-01
3.480062370538430927e-01 3.716103957252764323e-01
1.581430118206126334e-01 6.890084615691064451e-01
4.294914745533118805e-01 4.681845994626162022e-01
2.184308146582619736e-02 7.191082024606116896e-01
9.312191112634399248e-01 3.828587090271797777e-01
2.762225475985361500e-01 2.714816951573583159e-01
5.436160307013652160e-01 5.829643978524909897e-01
8.879791490890710515e-01 3.957157765903053237e-01
8.078324007355898173e-01 5.845712655008180603e-01
6.740996327783620456e-01 3.445002967145506800e-01
1.412202314859136998e-01 7.632049272986313193e-01
8.599293811525823283e-01 7.915867936751332934e-01
3.725315066110234108e-01 2.300288019291202302e-01
6.432029724441673535e-01 6.465737440082321985e-01
8.564447012948672722e-01 5.800076515105776487e-01
5.871977149878019331e-01 6.328004379395344436e-01
7.206802632189402980e-01 2.812899793066837573e-01
7.014346939795640390e-01 8.580507275516451315e-01
4.921674745210580237e-01 7.275975478819468600e-01
7.137947799263858473e-01 1.777899253972169968e-01
9.690994786460599419e-02 9.140503742429597622e-01
8.177242474773482872e-01 4.006887780424540635e-01
8.797892286793396188e-01 8.869308442066313747e-01
4.448707261433575422e-01 5.472289407913999426e-01
7.828006787072212536e-01 3.106040603953738599e-01
8.545688429279505449e-01 5.097990109092258582e-01
3.592710482860140275e-01 4.745575278401659158e-01
6.571903979839930354e-01 3.499542090670872962e-01
2.495047121570126980e-01 1.756472790736328393e-01
2.856251800058119406e-01 8.662703583167420396e-01
1.996919261826071157e-01 7.001981192702274592e-01
5.310521024102050625e-01 5.115911867271807356e-01
8.121637419732268270e-01 9.906059551311120481e-01
6.397419620843697308e-02 8.464282815893787726e-01
1.506737845662838582e-01 6.653231020347347702e-01
6.296712332645736376e-01 2.975076450788287641e-01
5.598448217828189133e-01 2.984996834436757784e-01
6.592112560209226202e-02 5.768168158217703567e-01
3.945742799634482378e-01 3.593508862554580796e-01
8.492973180981435721e-01 4.238422453739810747e-01
4.864437737328703437e-01 4.189106038801401199e-01
2.659647037077385034e-01 6.445200258331885701e-01
1.409832789718963031e-01 2.462476609204242994e-01
4.846781484572031951e-01 9.902321030668810309e-01
1.978469834472037225e-01 4.843501898471470613e-01
7.153483318992948092e-01 4.715313900829699589e-01
6.449166904411912649e-02 8.110330206726228397e-01
1.004779669410611337e-01 7.793010254360908107e-01
3.378605377454000358e-01 4.282327016518125973e-01
7.752197758374053116e-01 3.473163979953944880e-01
5.094412146175574252e-01 3.694289287805631039e-01
2.199687673431433843e-01 4.261487884786461233e-01
6.938394909426285340e-01 4.607414497116644192e-01
3.138504596624289156e-01 1.385279600536331590e-01
9.168261199179289500e-02 6.275576823928723513e-01
5.240829159599267317e-01 9.155435800510370870e-01
1.481226930031701305e-01 7.585297522092976363e-01
9.243614716414064736e-01 8.574220765658165933e-01
2.941298247665290466e-01 6.130302229230364386e-01
7.692522480877522773e-02 7.566009359792142952e-01
2.605441715487694793e-02 5.590557932757994619e-01
1.602589872158502460e-01 8.526706229714908769e-01
7.762226248459966893e-01 5.597063845288280381e-01
2.537367192432875007e-01 2.995616121245019414e-01
1.301152922172222060e-01 8.918196645992689797e-01
6.584090157945858834e-01 5.556440610158314142e-01
8.728738290299047353e-01 5.648190218042603572e-01
3.863943065442995706e-01 7.206943957680811419e-01
7.233332126065064038e-01 4.185432325280395993e-01
1.868653641455365610e-01 2.260408004832500095e-01
1.169984171236949089e-01 2.941808562862140430e-01
2.064832864741061869e-01 5.386742931752791508e-01
6.668311422911036290e-01 5.377132810946475550e-01
1.382560426635039419e-01 9.426877786805178960e-01
2.657382170943972666e-01 3.242617258180273687e-01
3.275117015348435467e-01 6.395715563277669657e-01
6.297202055466599724e-01 2.523765549593532387e-01
1.970943741547548367e-01 2.067178084458163867e-01
3.746168358513232155e-01 8.227598952672888766e-01
3.850623569835177618e-01 4.301194207803569758e-01
5.338819008395981891e-01 1.642424909578661663e-01
7.578786587651609175e-02 6.861693064527645269e-01
1.335615374493346885e-01 3.046396132922793987e-01
7.610707892153810716e-01 2.179432523443344816e-01
7.690597916319399374e-01 3.744306982837746212e-01
8.829641433731436617e-01 7.797307532525323825e-01
3.200272417593614804e-01 3.465077147796852275e-01
5.631487354064420581e-01 5.736114536961888222e-01
6.316792910096945546e-01 5.955748435602169488e-01
4.715212069757616087e-01 2.524727592942560550e-01
4.352198067647105040e-01 5.982417451820321030e-01
1.430773337884102825e-01 1.177441733393111423e-01
7.376699255963850010e-01 1.396167587515868280e-01
6.493611265111951525e-01 5.768979698907086284e-01
4.127109247775376799e-01 2.264309637420594268e-01
4.286101484813183982e-01 3.529533597759486607e-01
2.887278806327487346e-01 7.846234521714547938e-01
9.259629553770269972e-01 7.423197385410618132e-01
3.734731314658610302e-01 8.740150762623415392e-01
7.962598062279480082e-01 1.498828611211703299e-01
6.458872556637104134e-01 1.031886725785750858e-01
8.379622385937766094e-01 5.985365122429302520e-01
5.941515412154476650e-01 4.228631013509523973e-01
1.111477638591584216e-01 1.487219925888085825e-01
3.043698478723365075e-01 8.289555952248417459e-01
9.705256687947515226e-02 4.049828041885824570e-01
2.459641623942778743e-01 1.088223794508375725e-01
5.972681212234470793e-01 4.205780272402819264e-01
9.526917180802083052e-02 7.140765142302392121e-01
3.330614475674156250e-01 5.525182759088850815e-02
6.428896438358622234e-01 1.644085152032133401e-01
4.561253597798565207e-01 7.352800555137060101e-01
5.855269613094090664e-01 2.360256039995460853e-01
7.027213344302115638e-01 6.529514099921591708e-01
6.934234995962863524e-01 8.209585877862056735e-01
8.275540953426753221e-01 9.525793128242203700e-01
4.563026338260124937e-01 3.051751188143367877e-01
3.813438083476769491e-01 5.235952831534606000e-01
6.145286681036429277e-01 5.373293565658771032e-01
3.936358720165221148e-01 3.563564639681227608e-01
4.108634850763436264e-01 3.344298860463317258e-01
1.038840827486900570e-01 4.644649850473621111e-01
9.782268894648155078e-01 5.986969567538026338e-01
2.891704054147364866e-01 3.058725336183223953e-02
7.917660238193988675e-01 7.620893224531432031e-01
7.272616651102409291e-01 3.988127288120514313e-01
1.010532556053518605e-01 7.167334172298202022e-01
1.401559227382048745e-01 2.586932292178961146e-01
2.329346701530040920e-01 8.279077772280946101e-01
6.098705285298265943e-01 8.169954399130341383e-01
2.299740170781719439e-01 1.090811995397881345e-01
8.117119364930011072e-01 8.168618579849571404e-01
8.508790314168548363e-01 4.507592957235049824e-01
1.140625290759596788e-01 8.067592772016333180e-01
2.278938852579240892e-01 7.987006013883769517e-01
6.700382004994500651e-01 1.360434339493638012e-01
6.034804853095078192e-01 6.064476683759749687e-01
1.526294124540829578e-01 1.964258118518820984e-01
5.379031223444030729e-01 1.613526940762199380e-01
3.041959358875642727e-01 3.241624679090486238e-01
5.257324477882270308e-01 3.106405175220100512e-01
9.411449120107950872e-01 4.063317686689657537e-01
1.168877110334738956e-01 9.294095949465848161e-01
7.696834486131085562e-01 1.276026869816939691e-01
5.422167547133327492e-01 9.763916497613086554e-01
7.126713595772440346e-01 7.181601177867431574e-01
6.949718668416259293e-01 2.350723461171642659e-01
6.691664900992181364e-01 7.307169113396023707e-01
1.205149459257258415e-01 6.515999660444999897e-01
2.485011275503776762e-01 5.016240208600482031e-01
6.417408142209330979e-01 4.107169864219797351e-01
3.377664623194129856e-01 7.433377716122504530e-01
1.720085952267692841e-01 7.724727281499649267e-01
2.555950775154152699e-01 5.751212215778553904e-01
7.932692861351846592e-01 9.541031492932623426e-01
6.880810773658136981e-01 6.119049026872797059e-01
7.856399872879169521e-01 6.329416378270746879e-01
5.231417251026849735e-01 7.812155574583077300e-01
6.216835418875241714e-01 2.272889141130521873e-01
1.510281219603858693e-01 8.154918853669028689e-01
3.589725448005786634e-01 6.162736528998455920e-01
2.229951409442580412e-01 9.391319524272234709e-01
7.576103300531637774e-02 6.696257667270786307e-01
7.518511137709351644e-01 7.408086162658331641e-01
5.822301777161347225e-01 5.778566387637904533e-01
6.347891714904012606e-01 7.636235546247134298e-01
5.671493735215673571e-01 9.494143767208171880e-01
3.942814142144562273e-01 1.682483932469178156e-02
4.353288246681459306e-01 1.887021754368260473e-01
1.240785390739350125e-01 1.299066446101574401e-01
4.792403185570084934e-01 6.635794924370590486e-01
5.076753148287476564e-02 4.086991243845680133e-01
4.713310924308529160e-01 6.278899577520403730e-01
3.571047273891251317e-01 7.795314068273104247e-02
6.263650074269813128e-01 1.759026337040964783e-01
8.592602061571479322e-01 7.523907346628543324e-01
1.353205746512721741e-01 5.390897951771180807e-01
8.273852850701776118e-01 8.646129739612591347e-01
1.309569784454277519e-01 7.942557814253560222e-01
6.919027995243129947e-01 1.223474787428846383e-01
1.059039361922850253e-01 2.374542123279941574e-01
5.625487062795276882e-01 5.385593085356735754e-01
4.029796754187303653e-01 5.206530770653347573e-02
5.228534093428740537e-01 6.415703066278709565e-01
7.810314833060789663e-01 6.079545940923668512e-01
8.770764770149191980e-01 2.800365718547275784e-01
3.040886160519180037e-01 8.085636728690659414e-01
7.255048984830028136e-01 1.988649363057693742e-01
6.262708358446472667e-01 3.834833806603162865e-01
4.610737038617596095e-01 1.409224441779811654e-01
9.181531680065866396e-01 5.228536616406057602e-01
3.841772208761189411e-01 3.586271882117320065e-01
2.691934339834262113e-01 8.735072554568723557e-01
7.678938499081151559e-01 7.765189346362736389e-01
3.881151101600950892e-01 7.875290332817076744e-02
9.364279950375464789e-01 5.835503666290424718e-01
4.085754123373490088e-01 6.137958990872138809e-02
9.359396377956901159e-01 8.450210597608690533e-01
7.775512886347670793e-01 6.850717982056717670e-01
4.096960669889903039e-01 3.056215416419510306e-02
2.935183348493435040e-02 4.218219156781023993e-01
2.921257751452870921e-01 2.228849181307978045e-01
7.136715870494276803e-01 7.372398838552252087e-01
1.463863135029846718e-01 3.106773516713686178e-01
4.787880407298073515e-01 3.941273617936276175e-01
1.966486223207399298e-01 4.085612837912943607e-01
5.126999005570370693e-01 9.728007571530250530e-01
4.432573226041497949e-01 8.635729665469644711e-01
6.259837695546330849e-01 4.672369184603641923e-01
5.404358924920970031e-01 3.800124148117837164e-01
5.426688861267501274e-01 3.617242243723682305e-01
8.475461595209912158e-01 5.980368570104959147e-01
2.718264713924971043e-01 1.833248940490533052e-01
5.196168255641891998e-01 7.711693368611988175e-01
5.595650621081761367e-01 9.749559118640540589e-01
1.700589076411511691e-01 1.052517842690085803e-01
5.241384321271045366e-01 2.368363591476000118e-01
6.235090881240292759e-01 4.082586208063033739e-01
5.457606315924974361e-01 4.687910339955947414e-02
7.775159846094097382e-01 7.260587332302197439e-01
6.050551863048313495e-01 7.047277282486578143e-01
6.580246452566802517e-01 2.016737828832029233e-01
7.784993767362706762e-01 4.433265629433357780e-01
7.037035440438232925e-01 9.042874201416072344e-01
7.827854763540609273e-01 9.915804695276688729e-01
2.832237195756479586e-01 5.015697869490669536e-01
6.852162028518878900e-01 1.571150650748789068e-01
6.025599425884702320e-01 9.403998851648496249e-01
3.213258030124757081e-01 5.274301116965542935e-01
4.557873659931871990e-01 9.249772510572382700e-01
4.313931045478594517e-01 5.530790545802403146e-01
3.658141130876578773e-01 7.591049104109963697e-01
2.447023849106336468e-01 5.407915752726146635e-02
4.753898367393947222e-01 4.507733735012517950e-01
3.093009971407995051e-01 3.051884156665768955e-01
6.080764033267931357e-01 1.380756866204158606e-01
6.544908638238473575e-01 8.616082328999334905e-01
6.301938763099108609e-01 4.306860272608116214e-01
3.346796024607379683e-01 7.694559522142377928e-01
6.019673156908018630e-01 1.601143773974528228e-01
1.867025327354796538e-01 3.621519910929066888e-01
8.219338742361332883e-01 9.875357258833570295e-01
5.653905108323653561e-01 8.555724477496671199e-01
8.078783631134156540e-01 1.609455824088364961e-01
9.131658206751911422e-01 4.505822219649860960e-01
2.562006581899857194e-01 4.876809153100465366e-01
8.948307137308262327e-01 4.928468684037794478e-01
6.168043971715531093e-01 5.526938864833190468e-02
8.514658742637311040e-01 9.596173514016532735e-01
4.725608721209425545e-01 7.582742979625555213e-01
6.074892405082160662e-01 6.343500719374572938e-01
2.101760238435544936e-01 3.936488927852758168e-01
9.711263514708390332e-01 4.650829303560019001e-01
7.696055277332589650e-01 6.470815765955340026e-01
6.685511212729591257e-01 5.903616813045439171e-01
7.906523786150114474e-02 8.387093826248149808e-01
4.399447655736866691e-01 7.148658933924706416e-01
1.121983713238076386e-01 1.659169672724545852e-01
9.377529021711338286e-01 6.452733364870919530e-01
8.850082906671516980e-01 2.972771888041165211e-01
2.362752676591650947e-01 7.601818424240900374e-01
6.611549947065896715e-01 5.219228680324369263e-01
6.300762593785089738e-01 7.058062062716858875e-01
8.505165939349110804e-01 2.214720302308321731e-01
5.563952277384979217e-01 8.123986818843181856e-02
5.741683238257799804e-01 6.993236750026552428e-01
3.586060793640581390e-01 5.620210594165349072e-01
8.253899195802332223e-01 8.911571164950622403e-01
1.211604019017887973e-01 4.086809590205089937e-01
4.912112765751366350e-01 3.927212608609461086e-01
2.330065237947691048e-01 4.430986501328114668e-01
5.989096195835417191e-01 5.167165732069357587e-01
7.929715752641236515e-01 4.107029738755350046e-01
6.921757858305602751e-01 7.177910390485178205e-01
1.536823859248977742e-01 9.384003157231095571e-01
6.972223010050124792e-01 2.088220706798056825e-01
5.543153744058301191e-01 4.847901917850319098e-01
3.542997548241670902e-01 3.173278065738230347e-01
7.990901907432739204e-01 8.662203450860582743e-01
6.336199744769668296e-01 1.486297560859407285e-01
8.074697428545674072e-01 6.102966205411953782e-01
6.033538735284937893e-01 3.562796860314744185e-01
7.843251877274682871e-01 8.645679872203027028e-01
2.881433342395852137e-01 4.563780189033633805e-01
2.138449731737939452e-01 6.093279670820026528e-01
4.371956397842617914e-01 2.474154942049373029e-01
5.990048547864824657e-01 7.987390004171525115e-01
5.851280140310622935e-01 9.393447466438705762e-01
2.892793291951194501e-01 3.714883711989481752e-01
1.055057783417027717e-01 4.936009989212559734e-01
2.503960727109533213e-01 1.366757203423215328e-01
4.143485808228983824e-01 7.825777258411428239e-01
6.495833220277605902e-01 2.630386550912108268e-01
4.697647223503779307e-02 5.275937111352102526e-01
3.524949998644547611e-01 6.529919309286650320e-01
2.334504638313240621e-01 3.840756133467689293e-01
1.996772367501627177e-01 5.492182912497571845e-01
4.065885700164993399e-01 3.908656824247042083e-02
8.590346887832078782e-01 5.610430349606352340e-01
6.624187997582068332e-01 8.556158735488352818e-01
1.365156906409957793e-01 5.310119163823137090e-01
9.111233462601316946e-01 8.287503130001450113e-01
4.501874071700265878e-01 5.584150316028484440e-01
7.585685205400408693e-01 4.573043233329225910e-01
7.238941413636899025e-01 7.992936804221788538e-01
1.982178713430092498e-02 6.531701846815842760e-01
2.699851642682002950e-01 3.793935733735994131e-01
9.338014246692443177e-01 3.555050523312248689e-01
2.776021738539373174e-01 2.076302573296976151e-01
4.115451235001652552e-01 5.035304335202113180e-01
5.203990578663042488e-02 7.790783487170537258e-01
2.562945203354952128e-01 2.915973312013446783e-01
6.885465511245136838e-01 9.522047188586713062e-01
1.009173619009706563e-01 6.306509530715607159e-01
4.342133558361944146e-01 5.792627894572078828e-01
2.847293509933789268e-01 3.514354894893725323e-01
5.069875207119401983e-01 2.642130785932224613e-01
1.868500335615430608e-01 9.344376417826493197e-01
6.009562080798791506e-01 9.306530992036974315e-01
1.714731159060988719e-01 1.305110492984766779e-01
2.473713129133139621e-01 6.174688718905538831e-01
3.777317685082121068e-01 2.983985942616461662e-01
3.253306783005022740e-01 7.339675814255709474e-01
4.616198019628760529e-01 1.687517511631793643e-01
7.748685579644977173e-01 8.723307496662167093e-01
5.750460206644437688e-01 2.273092877367695330e-01
1.947699763927594474e-01 8.289352765041324567e-02
5.003910732227612179e-01 6.522248209892134163e-01
9.333677618335021187e-01 5.347131021213883395e-01
9.052899717265333601e-01 6.052764450006602459e-01
6.191996320399253406e-01 7.007300489982061231e-01
4.726668007216722756e-01 6.772764164142270893e-01
6.479842804444987392e-01 7.048805140908841194e-02
7.992758420682292142e-01 4.040673823323705505e-01
1.930304147200578857e-01 6.546029450195791632e-01
2.571591645985992214e-01 8.764987536892527853e-01
5.681981958480477601e-01 2.411877863217775642e-01
6.153880480283663301e-01 5.868256778671768203e-02
1.749281067271314660e-01 2.913339650391200686e-01
1.790491733325844104e-02 4.757343812829762930e-01
3.140147000802526178e-01 2.344601210665349100e-01
4.832971548481121982e-01 9.265103439173292266e-01
7.149278260177567290e-01 1.314788073480391839e-01
7.657531701995456963e-01 2.371505828514786363e-01
4.285241038536619085e-02 7.973077000832423655e-01
8.149911140119947550e-01 7.499970477794057899e-01
3.589171430501664761e-01 3.467932442075378208e-01
3.868708698395163514e-01 2.229657608362823340e-01
1.139164990963164731e-01 5.822784030546950262e-01
6.984162062553748163e-01 5.965236023854350034e-01
6.510103147336346874e-01 9.832505634876165246e-01
9.321147994251871571e-01 5.618139111193097834e-01
1.583268798922848886e-02 5.409474051296823127e-01
6.777345281710653868e-01 5.739254937402502588e-01
8.076408202589300256e-01 8.254393000001565284e-01
7.072887245719688964e-02 4.055558902365488660e-01
3.270422903406772219e-02 3.459376084935668061e-01
1.489133991894333320e-01 3.715229632462096476e-01
2.846116184031552976e-01 6.139155432167322513e-01
2.109279465923080410e-01 3.096913798230012116e-01
1.971014714586245553e-01 7.562891746959278239e-01
2.070947356057353805e-01 9.788642299653356194e-01
2.200077735302879423e-01 1.459282738374974853e-01
8.461291034240971953e-01 5.777834975443422172e-01
7.565775991225839325e-01 7.891593170778584687e-01
4.788156275410420104e-01 2.690026849490202432e-01
5.554390037768598409e-01 2.770238519953026612e-01
6.076449090505978701e-01 6.842134531989150226e-01
4.442172305413512046e-01 4.863497627016639124e-01
4.749739537787911470e-01 5.661918486618136015e-01
6.578408184921096247e-01 5.402568040971417185e-01
9.941797711916440516e-02 1.565671715645300111e-01
5.070311679593987320e-01 8.994076505474729588e-01
6.279081229224369176e-01 9.173641377270367325e-01
5.541191590277470824e-02 5.711210514358280310e-01
6.547573559601531645e-01 1.879493450320244841e-01
2.758142489205667180e-01 3.778686375610464943e-01
4.065992554497840361e-01 6.748618266444108560e-01
3.604852766240044248e-01 8.750202921949697954e-01
6.949505012097758616e-01 6.692888213745854520e-01
3.583949743899530471e-01 5.089197366744497852e-01
8.972967405412435316e-02 2.246248010745495738e-01
5.341023645048509350e-01 6.251904164693834753e-02
4.423179507977119673e-01 4.914999106215058866e-01
6.747329786631168780e-01 1.924369877073446589e-01
2.572835238344111652e-01 1.602418230939275101e-01
2.752729730489336113e-01 9.583782179557831515e-01
1.429448525565261141e-01 6.844279402205002416e-01
2.371685475031460322e-01 5.729568447352317850e-02
5.274822025031594697e-02 8.231320808753225249e-01
2.505277290084143016e-01 4.935115132891587653e-02
8.150573243691137115e-01 8.019330907955337651e-01
7.489842729027130774e-01 3.275092181652634604e-01
3.436525643047945722e-01 3.304394178421399264e-01
1.559463178804291750e-01 3.410695021102878588e-01
4.978042141058325876e-01 7.063864227933909223e-01
3.117068681259448359e-01 2.266324424406907234e-01
6.432589766618503901e-01 7.990646226440648592e-01
3.563947767129798661e-01 6.757569714228964797e-01
7.616520260871166847e-01 5.933579207979505776e-01
7.398641745408107706e-01 9.304574021722222810e-01
9.358165509547904104e-02 7.304271328496988458e-01
7.546768333953856045e-01 3.891266566198119392e-01
4.038500512759700678e-01 9.520237124216793800e-01
3.553396918082463718e-01 5.169003256808452074e-01
8.472055190288667603e-01 8.321235360291689975e-01
2.346702033465701553e-01 8.228504091192226921e-01
9.027872774042905446e-01 5.128145627149238717e-01
2.811592754077812950e-01 3.183544185502289459e-01
2.273000716064203786e-01 1.855581578155811873e-01
6.405178543132776792e-01 4.684986297666460242e-01
3.096797343000355918e-01 7.385091186224491677e-01
4.269437489004528352e-01 9.196444242701585781e-01
2.243035360839022163e-01 6.606369429419731709e-01
6.528584606851945971e-01 7.745398887591840031e-01
9.801106707983972544e-02 5.566626913688902389e-01
7.867402165661286917e-01 6.034570110642775154e-01
4.387027559108184760e-01 1.539269410563737228e-01
1.609110852170890227e-01 3.875502428680967504e-01
2.538223484181500456e-01 2.697949235763438258e-01
7.078692255812936152e-01 9.875175474020962962e-01
3.773520527349840115e-01 1.625121386254446132e-01
8.752958011985212394e-01 3.904344080301913045e-01
5.796810929038581639e-02 6.763536261390286075e-01
4.085773990024152980e-01 9.962766973661185688e-01
1.041673007903131665e-01 1.488839563163918411e-01
2.769282522862391849e-01 2.487217630970964266e-01
1.077360087565092939e-01 6.185914952766491393e-01
3.556890844723498701e-01 8.875450987791808077e-02
3.837589929066422267e-01 7.314453267020017968e-01
7.087944103323662315e-01 2.700540393266149808e-01
1.356454921238955946e-01 5.160307304361635428e-01
5.309809790500482629e-01 2.443957574330581362e-01
2.413017761486991319e-01 4.880049899042479544e-01
3.767781739500419835e-01 7.849982012725903457e-01
7.396721382569841907e-01 1.117804165440820785e-01
7.525977412334164951e-01 4.256491893902602519e-01
1.290393099811094901e-01 1.305144760973382667e-01
5.469252655441164679e-01 6.877410347602415097e-01
7.231414004257480377e-01 3.780468394274822397e-01
6.363035888081441938e-01 4.922450732017944475e-01
2.053477622318320983e-01 9.541025804546174882e-01
1.924361050877995694e-01 3.695093535167405241e-01
6.875380657095998549e-01 4.549878827266529147e-01
4.205310664184153668e-01 3.619844334213638826e-01
4.058902334250471533e-01 8.468322140166977263e-01
1.493545597896060728e-01 7.146094535252227598e-01
5.853580569693370705e-01 8.848781583304428100e-01
4.798015683828111833e-01 6.469877666158579954e-01
3.416116263613832027e-01 2.613283110228575498e-02
7.159938931657058303e-01 3.522735266490743533e-01
6.476847150758098248e-01 5.855700593375702256e-01
5.364240317528176094e-01 9.238873476088627079e-01
1.293505554162291682e-01 8.841989046399290064e-01
2.788043241779710746e-01 3.598258993360182734e-01
3.827716037943187377e-01 2.288168178581714007e-01
7.204307736675307217e-01 7.638544197035866956e-01
6.271173954904869507e-01 6.875447250381019337e-01
4.524189910228521572e-01 4.609362647032849702e-01
6.243511729771822338e-01 8.816848962986945093e-01
5.035280424840595792e-01 3.079527654755920968e-02
3.083514436945063997e-01 1.432723294581479401e-01
9.184989660910585219e-01 3.252051000164866146e-01
1.722547629571820893e-01 3.904885660643814260e-01
4.765353970298705777e-01 9.391610059479361672e-01
4.572278073414036692e-01 2.454167062147795120e-01
4.703245369446849566e-01 9.467323124529510858e-01
7.538354487057467024e-01 4.074125683721768754e-01
4.892213858248116720e-01 2.089147702170791043e-01
4.771752652259050320e-01 6.450756343192047826e-01
2.299191428899866607e-01 2.325044128381850428e-01
1.755274645788872379e-01 4.073135955639290429e-01
7.339189910798080696e-01 8.058579410962183331e-01
8.413443766487890274e-01 5.182001773217985718e-01
7.368878592871703770e-01 4.703924005792962104e-01
6.982413754826374275e-01 6.577131091222524484e-01
4.611460672387668325e-01 7.716506649363469306e-01
8.408067079976344615e-01 3.606984857062534577e-01
6.897050376379271208e-01 3.824170270198716803e-01
6.356563630766125517e-01 9.814132207135999320e-01
7.657285425821476199e-01 6.684938748218558491e-01
2.046918377485949514e-01 5.883641295138335447e-01
2.144904921873793946e-01 9.402862191204313103e-01
7.505368150873912292e-01 9.590416251748693499e-01
7.555974102202290821e-01 2.689818416237927390e-01
8.580821232272557442e-01 2.905067380876703576e-01
3.132550973632712288e-01 1.004075084327613193e-01
6.881712075555568298e-01 2.168583630484444136e-01
5.415586768820417340e-01 8.681805285699584207e-01
9.453301038678267876e-01 8.215393074625085834e-01
2.646504061889460302e-01 6.598991159685230201e-01
1.199853117073156061e-01 8.637169767535199938e-01
7.277041231742674698e-01 6.180346660803168746e-01
9.717476996344160955e-01 4.338018330422852564e-01
9.070231074428923568e-02 7.529020669292317836e-01
8.070210665465715749e-01 7.397850541703322458e-01
2.778698590012049774e-01 4.952653782906589752e-01
5.268068923016294702e-01 5.027857569456049003e-01
5.708877780988300676e-01 8.123311196389920719e-01
1.110960409929544063e-01 3.775891827314221683e-01
2.047808922564026413e-01 9.108163241820339540e-01
7.277380335973424597e-01 5.859405482006287968e-01
4.250978363557593731e-01 4.517639500030248834e-02
5.992250567071453204e-01 5.358502046742283920e-01
1.936619221668948732e-01 4.378771630550420957e-01
4.828122495052764029e-01 9.061307892056368329e-01
3.645297036459821394e-01 1.465618566675020717e-01
5.491902988201317060e-01 5.043813453130189250e-01
2.688578667197433769e-01 3.282855739021529051e-01
3.751308653324327835e-01 7.068125561828566550e-01
5.053679933171655314e-01 3.178758693966600157e-01
6.616477152406865514e-01 1.924307072539509778e-01
8.731738312739403263e-01 4.558289035409310852e-01
1.430167491137001867e-01 7.979617130081220200e-01
5.192091984344329170e-01 6.551940948314290969e-01
5.284916711306099080e-01 5.013007039345773741e-01
6.109607247974447874e-01 1.895991325307389841e-01
7.941192842086810533e-01 2.255135601646818533e-01
7.201166056107336511e-01 7.071773202708098172e-01
4.330024820584714718e-01 8.834610093043779866e-01
7.180639954586767182e-01 1.515703041366666115e-01
9.709291363851211276e-01 4.317736605898733204e-01
4.095094414475612399e-01 5.231508784001548396e-01
2.884894654188073226e-01 9.186244948022276313e-01
7.366057828271752594e-01 5.303155205822089879e-01
6.418688424413550031e-01 6.509483862622315042e-01
4.345867331987414706e-01 9.575996866464328572e-02
8.775645555725459790e-01 6.992882018835524516e-01
7.473175121224110429e-01 2.722973086962687805e-01
6.216678761191409830e-01 1.784353835769979524e-01
6.133548687598879834e-01 6.995263876304952388e-01
1.732000030266059865e-01 3.978618508622617234e-01
7.660342730113095522e-01 7.076137680142071673e-01
5.577343570742122614e-01 4.922438375194827520e-01
1.260931818694945861e-01 6.943898617992916300e-01
3.205844621933907623e-01 9.941880775449862817e-01
6.495569809991318388e-01 2.274748421256432840e-01
5.348636464170072879e-02 4.185268861106778981e-01
8.452120733164989463e-01 5.476806911531307831e-01
1.195385640482089923e-01 7.433448209975928034e-01
9.044630340509747235e-01 5.492543947780121893e-01
6.080458236250069204e-01 5.551836834983514546e-02
1.613942997786479705e-01 6.070587753669757225e-01
7.877287870344796827e-01 6.890905011700149130e-01
7.011130675794630118e-01 1.525909958851893455e-01
7.728935913315883033e-01 5.636648983906833443e-01
2.452648345501794447e-01 4.120257905436820467e-01
2.495852911004753372e-02 7.445490225852537947e-01
3.050374823913076794e-01 1.571740698892828136e-01
2.438915843182390686e-01 3.382486568974455432e-01
3.897025089111060270e-01 4.879083957108933944e-01
1.359914173422381856e-01 8.682090429893107864e-01
9.404011577284422385e-01 3.960638860938524575e-01
5.262580093813057358e-02 2.651381155947025725e-01
1.605293910192985285e-01 4.763113567299023243e-01
4.974274007566881206e-01 5.256748920964453287e-02
7.454593343504798408e-01 8.885544366934629013e-01
7.858355987243894614e-01 7.506427198047881388e-01
8.359220079481001209e-01 4.982024364793619098e-01
9.230733729846258839e-01 7.269061075505089953e-01
8.152319677768188333e-01 3.768766993977430979e-01
2.155547357255978014e-01 5.713992594786977408e-01
3.141411039286840512e-01 9.932363165884194878e-01
4.594551042064071722e-01 4.119873627794947701e-01
9.504709465879075392e-01 6.871706516460518444e-01
4.887003876447799100e-01 4.320095259981868718e-01
1.634027613838424653e-01 3.891949972660873058e-01
4.291055484489246230e-01 8.275320288256409196e-01
3.768008905054997526e-01 7.348127949925140623e-01
7.368295761536844957e-01 5.408930386009798141e-01
1.196635809502890752e-01 5.059316692981418173e-01
2.779222675113154906e-01 1.132191309891771025e-01
4.727533719365168419e-01 6.014035464357828653e-01
2.481563895564990463e-01 8.452812024773589950e-02
8.218961238581226070e-01 2.053645846566720112e-01
4.902622630871157905e-01 6.078366628480861289e-01
9.380501258298944434e-01 6.531327214147129023e-01
5.020684576343801275e-01 3.570433541226214480e-03
1.616800185095109144e-01 2.764230443352118649e-01
3.368113302649596852e-01 8.447345966605768197e-01
3.096832700080608403e-01 6.641084691483080116e-01
8.701330889738756458e-01 3.919920839258924650e-01
5.864386891264761204e-01 7.230588881113955146e-01
3.698943324498422669e-01 2.755072531106053310e-02
8.390703742184032476e-01 8.719116357639010717e-01
1.614429423605723557e-01 3.054880716177763578e-01
6.542607090271366221e-01 1.069504224912996571e-01
2.813410397246873806e-01 5.312294311095488997e-01
3.504498302817037891e-01 9.076605618388966512e-03
5.717104596661033433e-01 9.838296698377350102e-01
9.300647493590192827e-01 6.533054687253729842e-01
4.919687608589430883e-01 8.693916081351752423e-01
7.585877804421188308e-01 6.050903261059461524e-01
2.351068949027578514e-01 5.896163430724032928e-01
7.617585182888508832e-01 1.977346902007394991e-01
3.310953940603211798e-01 6.121702755804201423e-01
6.267779672286308834e-01 3.176079382676930685e-01
6.361574077029030772e-01 4.846051300199571976e-02
2.953459451515084710e-01 5.824695968935474921e-01
4.861408733054016773e-01 1.800859542776829247e-01
5.479931941936512230e-01 7.324902728672891827e-01
9.207934210929357155e-01 5.887637910222900395e-01
6.271266826281494122e-01 3.857954691700151706e-01
3.274715322060901823e-02 5.491164138912093540e-01
4.329633595390345868e-01 4.472724679105546386e-01
1.557766199745284352e-01 5.154591512637228812e-01
8.611701351529197357e-01 4.129146861136719915e-01
9.077179158999824082e-01 7.564051713205022232e-01
6.149205171644123169e-02 5.947771131911335774e-01
3.937057802350452662e-01 1.794926258926339557e-01
9.342534369435144814e-01 6.533090093684732480e-01
7.667909588068096971e-01 5.451618425339169738e-01
6.616482249906452395e-01 6.417274819594561697e-01
4.962645931707484470e-01 5.310443173777101844e-02
2.298313104208025703e-01 6.598186250881274972e-01
7.536667001395409571e-01 4.347214949268218276e-01
3.849866386352657210e-01 8.470361626431723856e-01
2.707814340390010122e-01 5.458592593999924691e-01
6.850599631807426926e-01 9.045629596557382968e-01
2.100149152771054739e-01 6.574028084903302815e-01
2.497086079456700136e-01 9.697964886057122147e-01
9.390945633724127051e-01 5.760702805590778297e-01
1.092912917019136232e-01 7.747994826308283178e-01
1.989430240265477878e-01 5.076057462078983340e-01
4.468553234240907335e-01 2.948114878232285796e-01
2.304535722362680561e-01 1.672904898778076466e-01
1.353457004596679558e-01 8.708793952795050863e-01
9.644629578464727904e-02 5.900041372738402679e-01
7.772175488754610173e-01 3.922521191545187413e-01
4.145530804132834812e-01 4.941429805101671957e-01
2.816923453413091583e-01 5.820149180908785747e-01
4.774741683806924541e-01 2.879248855599352286e-01
1.639790464811557991e-02 5.802710353187306991e-01
4.452870267779118763e-01 5.606351521176228259e-01
5.796876770833928605e-01 3.443240555059326469e-01
9.476890045556812803e-01 4.664074607074458756e-01
7.036295873963231973e-01 1.901153271289206248e-01
6.927624413822583982e-01 7.866966121745226914e-01
4.933997438235490085e-01 2.057108305818890481e-01
7.900665829224895464e-01 5.122103078952435773e-01
2.190589822579764104e-02 6.666925620362118554e-01
1.509939285016084487e-01 1.909720501883967470e-01
7.695520089544385378e-01 7.743533532030378863e-01
2.487016958481558238e-01 9.172304042238593746e-01
5.473946122451439633e-01 1.057188523348790432e-01
3.157241664214939236e-01 8.372993668494456143e-01
3.329513092161368037e-01 9.333541463717407449e-01
4.373417588045146465e-01 1.771155425327927413e-01
6.316256324806285294e-01 6.547360052155899446e-01
8.617878970799426330e-01 6.993160339533930347e-01
7.241638269269260464e-01 1.734313314607721368e-01
9.287880409824350592e-01 4.175027981706441182e-01
5.374698953141865410e-01 2.575316390426569124e-01
8.271948199635269505e-01 8.207590527366095401e-01
2.146558873576066839e-01 4.438230095764493788e-01
5.417069770190227063e-01 2.629124830697484039e-01
3.535133967566567170e-01 3.854427745493191892e-01
4.288481863782616643e-01 9.518256896044323678e-01
5.858978386214612755e-01 7.595382166803859025e-01
1.979297046307495478e-01 4.032624422434394340e-01
9.149052969196724838e-01 3.501634701537561511e-01
3.392304068932921468e-01 4.893012387697109888e-01
6.532547949489506678e-01 8.402350507134342950e-01
3.010431627962860679e-01 3.883324055001035613e-01
2.832450551406084371e-01 1.287947510887537395e-01
6.899922209247801863e-01 7.016840558618150370e-01
9.645511407972542361e-01 5.564118981400147934e-01
8.038271656884214966e-01 5.029806030451431376e-01
1.527866820116071667e-01 4.980766038411917895e-01
6.026208075597265512e-02 5.123051039900725634e-01
3.757601278018065094e-01 7.374853467357984638e-01
5.873211791792170011e-01 3.683134973381078647e-01
6.771440011306919526e-01 8.568079670515766910e-01
3.486174893030407063e-01 3.781299450729197487e-01
5.128861634195512886e-01 4.925612689430454716e-01
7.597919368316851108e-01 3.761610929360237887e-01
7.804490517679896211e-01 3.254835202570905417e-01
7.534197040537832235e-02 4.832513719520562523e-01
4.210014203877336381e-01 5.018386666788519079e-01
2.467458469617358485e-01 4.944647247413115898e-01
8.525344429962735671e-01 8.217867887018279749e-01
5.309236955810706649e-01 5.521095665036668265e-01
7.250394797255805823e-01 5.427028860959992596e-01
7.317235336081373553e-01 9.117014492568091821e-01
7.958743453318781746e-01 7.219710584926193331e-01
1.230011447594289847e-01 5.541753695769708887e-01
8.236370433588076079e-01 5.060876785625010310e-01
7.765443231945611258e-01 6.334056661543637778e-01
7.468969502874470701e-01 9.215187001499809405e-01
6.546826197563530014e-01 9.360916204471175783e-02
3.798284704284547453e-01 5.820376554586546014e-01
3.347824108204148219e-01 6.985894992849611684e-01
6.668543123266928996e-01 7.679342999322265051e-01
7.899744192195876646e-01 4.395674993374360517e-01
3.560262378344282719e-01 6.941749911806553985e-01
1.967280970404823581e-01 4.427219791470645704e-01
7.977966877244570265e-02 7.394717966309369839e-01
1.184165994156913954e-01 7.994328349367090247e-01
5.649230732569405777e-01 9.122763925632842996e-01
3.818219133884103167e-01 3.794622086225644120e-01
2.706515502702036557e-01 7.598851695587816035e-01
1.078993592003814894e-01 2.930169725757133525e-01
4.412140651849815187e-01 6.362918820885558047e-01
7.110501201960968132e-01 4.197645706586776715e-01
3.258081965629587295e-01 2.728811865865076181e-01
4.635727064567844447e-01 7.764101036575488113e-01
5.157538357711630717e-01 4.600041960034273458e-03
9.574563365630560652e-01 5.759487195448316221e-01
4.713226463370974173e-01 2.467329873906021764e-01
4.528044821398267694e-01 5.741279460035068061e-01
7.299088985525268303e-01 3.227111652956474730e-01
1.463161250219655041e-01 3.754824681724971969e-01
5.674311673642415954e-01 9.460388500726771843e-01
6.649084372268866394e-01 5.037694640730616680e-01
5.776625077393459096e-01 8.099761698740777227e-01
5.713009692847933474e-01 4.688797289736821305e-01
9.379984398746411545e-01 5.928132531872318811e-01
1.165351858741667662e-01 6.339969979605194483e-01
2.322200238767648250e-01 6.207108055639975336e-02
8.143980350451652805e-01 4.442367980734107102e-01
3.985293133213765326e-01 2.363116253722156446e-01
3.732698767543677909e-01 1.262739131845038165e-01
7.936644610266762045e-01 4.114436930160489947e-01
5.905064681389661230e-01 7.218993211013227107e-01
1.969396465426315190e-01 9.359783632404314879e-01
1.731053110278988894e-01 5.601053031349063627e-01
3.077985991653411912e-01 5.496036863499764724e-02
9.111700882809505853e-01 5.344047013767152521e-01
1.604801362682578836e-01 3.851596770613360809e-01
3.223246159430446789e-01 6.300952348445110207e-01
8.205119782266677431e-02 8.098850461480217033e-01
4.328307450936770273e-01 2.612939400695726833e-01
8.078290274029064078e-01 4.851850182803807421e-01
2.931535424467149875e-01 1.543162703311091177e-01
1.554447095701208537e-01 7.951474598921689507e-01
8.253956675390885511e-01 4.842770864939547337e-01
8.293544878477462357e-01 2.796613493255506455e-01
2.377916783769545572e-01 2.792047488738177430e-01
6.080366081452402982e-01 7.917689117437504143e-01
5.438941875710237017e-01 4.320881310863078362e-01
1.152675184939696007e-01 1.891518960507941882e-01
7.530599925173091513e-01 1.900358982993906320e-01
8.689998534181401224e-01 7.346951972761487371e-01
4.273527591972502981e-01 1.731170575600016193e-03
4.475805051134498780e-01 7.321977270951234296e-01
8.889921145413814951e-01 4.084263967926989869e-01
7.319553065050172780e-01 2.711232620289421025e-01
5.140562061475061340e-01 5.093461588430846509e-01
2.829926382685498121e-01 4.876216048783109103e-01
5.184838821751031057e-01 3.080286374285069462e-01
9.065538634927214900e-01 5.382083233225145591e-01
9.487222237466321761e-01 4.064190318078810815e-01
5.651773450624325568e-01 9.117759390256617857e-01
3.617181257417263762e-02 4.304686343059639930e-01
4.680889693750003855e-01 5.472339270103970810e-01
4.435723577154698227e-01 8.731576088113344181e-01
3.975162160188575045e-01 7.428913874579322341e-02
9.029436656438075692e-01 6.502669369168989633e-01
3.697697634886743523e-01 1.314283242061882184e-01
7.965680941016060057e-01 6.356837590618169553e-01
1.264415718788949872e-01 3.745043377174307464e-01
6.549712425406746252e-01 1.790797139139931882e-01
1.675313479890338242e-01 5.979596464843026649e-01
1.040891584192857738e-01 6.028103736147972791e-01
3.676150186925674634e-01 5.889007209056500436e-01
8.685349989866688603e-01 9.031493019327356819e-01
3.570469948173079500e-01 2.056499158642467462e-01
1.277099070860095442e-01 3.109808427630117444e-01
5.747699782910158373e-01 2.836379365664528640e-01
2.644342822163651130e-01 3.969599785001278192e-01
2.015429336044970432e-01 3.200984524226803685e-01
