5.862000107522385983e-01 3.085314985746309135e-01
4.023706816793963803e-01 6.712850229827427295e-01
2.815747762433807866e-01 7.250599914036744142e-02
7.395687575955451898e-01 9.060782316180477913e-01
1.981586156008354194e-01 5.333256589684944871e-01
8.375887337031536761e-01 2.245388820098610239e-01
9.647831410081064707e-01 4.225697807358129721e-01
2.479688657883408753e-01 8.342665155497741569e-01
5.333068162306512372e-01 8.558741880000022562e-01
6.172721814514060545e-01 9.317536137891416215e-02
5.817417887762803552e-01 8.663170894300853409e-01
3.484588136096982147e-01 6.443484977444762229e-01
6.885398529968165260e-01 1.053554167359650462e-01
4.602750996908924752e-01 4.773592438637705992e-01
9.117797209154333560e-01 5.771448877392175714e-01
5.323180639447617768e-01 2.294676482200182499e-01
4.786592032388321122e-02 4.113356381541992679e-01
7.323971884307380886e-01 3.950925126551810274e-01
6.469691725224867573e-01 3.722628502177164900e-01
4.618259803443697936e-02 3.929053911307934244e-01
5.209295734524954646e-01 3.977319133826514030e-01
8.744432270702516830e-01 6.702201196401122996e-01
6.715855627554839780e-01 3.494227094820167023e-01
6.736409633239334172e-01 6.995410030489921382e-01
4.358034968990913693e-01 1.257609781870549781e-01
1.726100905056489609e-01 1.622660003518092142e-01
3.326303926620099993e-01 6.584316767560042249e-01
4.379759365709088303e-01 7.445303318295081185e-01
6.201462274622056015e-01 3.631024886741109348e-01
3.360962491186677004e-01 4.636342363733243488e-01
1.168895411147573005e-01 8.299470187032302881e-01
7.688683553702790885e-01 7.630890042200725309e-01
7.381197395563040553e-01 1.490839145711145286e-01
3.599670867833186239e-01 2.917040070601734092e-01
7.787211127964892565e-01 5.043890602264127221e-01
8.785207683986033800e-01 1.958795188127629705e-01
4.004311919780262352e-01 1.429184328653599900e-01
5.701218164687940071e-01 6.982932610007966945e-01
7.872283768816399352e-01 7.498768806402880127e-01
5.084431350452210951e-01 8.580947407768741986e-01
5.988721879552652005e-01 5.356184533711889628e-01
1.481313727215090581e-01 7.718459495147005356e-01
5.287988657082629551e-01 6.944774496323959934e-01
3.820357273569966461e-01 6.700728118119656518e-01
5.519374824002636348e-01 3.686083446019101095e-01
8.746025324395075851e-01 5.535605597737857098e-01
8.902788968355888066e-01 1.998343711390526412e-01
3.079955763882377129e-01 6.056770451037036818e-01
7.810309107462127809e-01 2.426052653103311640e-01
1.757323776811538507e-01 6.697557230324995281e-01
4.638896406366151970e-01 4.855243976291535035e-01
8.339037810340296231e-01 8.222560984517504057e-01
2.073936347879690723e-01 6.049744831000043455e-01
7.670251761497941523e-01 8.785539771737078674e-01
6.245520482797134454e-01 2.060917435224979277e-01
4.369748483814803741e-01 8.653478460296133434e-01
5.190321937764138527e-01 8.886985583130210253e-01
6.079771750841842515e-01 2.222923673682819512e-01
8.253707929555803569e-02 7.014395005907549940e-01
6.818209188877415450e-01 4.200234766525808849e-01
1.424111628830875831e-01 8.349119984924493476e-01
6.442986079409693811e-01 8.082783906208963476e-01
3.714394145510004908e-01 6.936014118684319385e-01
6.037721999653704597e-01 3.848411837561323545e-01
3.367748257637267484e-01 5.780401631322609202e-01
4.553390953843515776e-01 8.772518051951089246e-01
7.891178435094696741e-01 4.472686685510263715e-01
7.395921397898991279e-01 7.922278373777840166e-01
4.659073384986742727e-01 5.774580490752200257e-01
7.727639114527967701e-02 7.479508059351954730e-01
7.923366142740886353e-01 3.449189777706457294e-01
8.536851093301925375e-02 3.896356392082613862e-01
4.775778492009561393e-01 4.007675818307518401e-01
5.331445769970418747e-01 1.042183234967021255e-01
6.300675273994287284e-01 3.827699710251967202e-01
4.542207975916241480e-01 5.257305781060763739e-01
4.945403025613443471e-01 2.061969188581792845e-01
4.134461284348142640e-01 5.111268361667983262e-01
5.234253227305394329e-01 1.866758422128039496e-01
8.484611848637870768e-01 1.144234485327254580e-01
7.979412199734798872e-01 1.812271126183793157e-01
5.775969652545004385e-01 4.218638699401402459e-01
2.914605111564850803e-01 1.685584073383205594e-01
8.539298759479516665e-01 1.176120666493867262e-01
7.661304231431318446e-01 4.407494305878543739e-01
2.184458766724732826e-01 7.756889934857171820e-01
4.990816498862586936e-01 4.938172424267430749e-01
2.991613002623609852e-01 5.711529414467209076e-01
3.357644886074306889e-01 4.347890436166436112e-01
2.635150303862960341e-01 7.676311596361727885e-01
5.370626046280888577e-01 9.502697242638937780e-01
8.009941656473089644e-01 6.467909910251326000e-01
5.833336147207585087e-01 8.665015272007228209e-01
3.865475262008432611e-01 2.663409233085493044e-01
7.548173272633688091e-01 6.991143538512106792e-01
5.963963087874220026e-01 9.574219399756746240e-02
4.432756109408103606e-01 6.130308483088324767e-01
4.971507777293696639e-01 4.400679752777223452e-01
1.638511759687735214e-01 3.817359850145196076e-01
5.638365221269245886e-01 2.515200628462849752e-01
8.295217446168057229e-01 2.056050560521849313e-01
8.606190015021537576e-01 2.104592658191724031e-01
4.943664922431308950e-01 7.870543464316788196e-01
3.310676047183801485e-01 7.888391469116002863e-01
3.917080052033842241e-01 9.233154661198146318e-01
4.271727923700203988e-02 6.032308343209935586e-01
1.967458845965284198e-01 8.874336403069257306e-01
5.635908000919801486e-01 7.708622521608679001e-01
3.424807303377414014e-01 9.249632631570048336e-01
9.206979974914086817e-02 5.976134790318042844e-01
7.171867767135390315e-01 4.083577943405760635e-01
4.872232642681548209e-01 6.470040212330034901e-01
4.994613826280737690e-01 2.651980772588650725e-01
7.983715442150119967e-01 7.594651162554826307e-01
4.165871419583245805e-01 4.953004012931561673e-01
3.310235056211755511e-01 1.268056903338703190e-01
7.489175026216383646e-01 7.524859108848358513e-02
8.617574489115541470e-01 5.903078956186209592e-01
1.369884596503856689e-01 2.461595860201005181e-01
7.162893884127116695e-02 6.794398773935385050e-01
8.662361366148427777e-01 1.262576286437480100e-01
9.127718087858291973e-01 6.541167361502312483e-01
1.566395168575305807e-01 2.965688403744651258e-01
8.674321739726758018e-01 2.286222212155421540e-01
6.065916275874105867e-01 9.222859268181512471e-01
2.868710380266035198e-01 1.357286929308043621e-01
2.923025929483220042e-01 6.712957011957567666e-01
6.293048900466265971e-01 6.990753113478829217e-01
5.638553547886889783e-01 4.480848038436904268e-01
3.427487692797273056e-01 2.376334050526320296e-01
8.494052015861334182e-01 7.591922209893593454e-01
7.500556376012863513e-01 6.873206514450147520e-01
3.269216851372940824e-01 1.484498356035099109e-01
7.429058002148651862e-01 4.267705050274113732e-01
8.926632595466189590e-01 7.052825853833685210e-01
7.597893007394791454e-01 8.156266487530163811e-01
4.810391546388079753e-01 4.407271309989074792e-02
5.552098163159585598e-01 1.987632729885024374e-01
1.019659894815226897e-01 3.543617158707138004e-01
2.191524241268712758e-01 8.778224272667648487e-01
4.496162203926851175e-01 2.680057927729461165e-01
1.938489659535588827e-01 8.886868239998130248e-01
8.409397381812080408e-01 3.540988613511650285e-01
1.176831958333579009e-01 4.992217467813825915e-01
2.473230395783873603e-01 8.052411833917139106e-02
1.543332745782261539e-01 6.045746011252194352e-01
9.268223773641464103e-01 3.516419476078594397e-01
7.791005937771220413e-01 8.260475179441144622e-01
4.640466835926232991e-01 9.192305226655347328e-01
1.090711533282285040e-01 2.912354893596068028e-01
5.996063653676527716e-01 9.021175072301325093e-01
4.646834090160442132e-01 8.356778523491543986e-02
7.312865363755158832e-01 9.001681788300688325e-01
3.736428920808190224e-01 6.918535615101883973e-01
9.026205279256332981e-01 5.325395382431434843e-01
5.787418551289591484e-01 3.375899930843501151e-01
2.266927088103867227e-01 2.773517347768638674e-01
3.570132244281951084e-01 1.643747978238580820e-01
1.978189225561573505e-01 6.035624975612435827e-01
4.146455130754491680e-01 1.530409807487533580e-01
6.581217546728660439e-01 5.613906049954584532e-01
4.085864433280716468e-01 2.395648002484420669e-01
4.243482761914011969e-01 5.245547903647005406e-01
3.568894142230971678e-01 4.794421906935000255e-01
4.142160879233036663e-01 8.082580825216405529e-01
5.712927389041750903e-01 7.441340531436002603e-01
4.044343946120385613e-01 3.717765279406563123e-02
4.394808475299373796e-01 6.011139916495558122e-01
9.171712140823585768e-01 2.855716872751151714e-01
3.708392882607922658e-01 6.068502684347558684e-01
9.135240105972399771e-01 2.936918892022448713e-01
8.931164291291593393e-01 3.636672653411234246e-01
6.694217392826619095e-01 3.681589445923603154e-01
2.841285455625880974e-01 8.485881722566048779e-01
4.350144719582731412e-01 4.451629255115441830e-01
7.208903033765088342e-01 3.356951762573487374e-01
6.986087823894977511e-01 4.846913523141883062e-01
3.437912995181403586e-01 2.978668327380233904e-01
7.493313424305547699e-01 1.064055227432373907e-01
7.892372249101945458e-01 4.332218746238480356e-01
3.772996435177233820e-01 2.647929479770425587e-01
5.790056504255067793e-01 7.814931339933184340e-01
6.824191261696991306e-01 6.650659475354913086e-01
2.881748004128326102e-01 3.755025358604808239e-01
7.774953988071059419e-01 5.213567219890330451e-01
8.561799387699650099e-01 7.006772064653511434e-01
4.225099386938409030e-01 8.551297378004042715e-02
3.845189677878327328e-01 8.638119517913858125e-01
1.833206461976550350e-01 4.189534116521418383e-01
1.781364979586661790e-01 3.833999984813339923e-01
6.175356711614538030e-01 1.641854456413517904e-01
2.942521695405940774e-01 8.126857338044395085e-02
3.514395876205465563e-01 1.454661217849853305e-01
6.875190256355441232e-01 5.277884174463295386e-01
8.446380758776392828e-01 5.785897023684184459e-01
1.106181171916457984e-01 3.738917208653892432e-01
2.016363110497962075e-01 3.998064249296879868e-01
4.043080819892458933e-01 6.416980725794694251e-01
6.543874690861841703e-01 6.674295985789414631e-01
7.193231908455510748e-01 3.262988421853976195e-01
9.349866383063371034e-01 3.167037613676428331e-01
4.648895516447723031e-01 4.908604797609836812e-01
3.370973793615125169e-01 8.141426651283708571e-01
4.736890925932937813e-01 9.090677425937494505e-01
7.226980649650545097e-01 9.142777450582567633e-01
8.408086643436633034e-01 3.162571999688243984e-01
6.240189246388145872e-01 1.832912161235144832e-01
7.354496440695026949e-02 6.588516858987651936e-01
6.236414010839596012e-01 5.386307342801935905e-01
3.808879821061535442e-01 1.523879288629536866e-01
4.795296724083256690e-01 2.171617762045894851e-01
3.938031502027580233e-01 5.855387230046149583e-01
7.131563226162683511e-02 2.456946757979563412e-01
3.811457706572874415e-01 2.091204360674168705e-01
6.085683109693104109e-01 1.631862131282553197e-01
3.254456700855342111e-01 2.422179601762329271e-01
4.285444477625975357e-01 5.914565438411947262e-01
3.615286045758834277e-01 1.972396805714732304e-01
3.193447472314058233e-01 5.924153997422531015e-01
4.869427205421287819e-01 1.730538214172997469e-01
1.560349593732751894e-01 6.330419152176225417e-01
5.574649720451686497e-01 8.320385039803249172e-02
5.534382351493334351e-01 5.941988325333622672e-02
2.734475204452834762e-01 1.356900324628981525e-01
2.767044621685718075e-01 5.172601310275739550e-01
6.835026716032091554e-02 3.690321148434050902e-01
1.687305537510736808e-01 3.549770127341586035e-01
4.699068680850809754e-01 1.146019156012444001e-01
6.448176285476225900e-01 1.746083798261384712e-01
4.789391274282885358e-01 9.699391351035605568e-01
4.071190206117702437e-01 1.342259637312759324e-02
5.626676209367933446e-01 4.018877108306156271e-02
3.474734556773305671e-01 8.400804448648576672e-01
6.036319935379558244e-01 3.804698758766267286e-01
1.099119993423835207e-01 8.032846890971446774e-01
5.976037539584818647e-01 5.588380031304659434e-01
7.433219338772510953e-01 7.240714290484948634e-01
7.504287170807164564e-01 6.168348054647403433e-01
1.293158907666649982e-01 7.942943236609558699e-01
1.927773576579389914e-01 2.753787498940256651e-01
6.008684240723178860e-01 7.064392528895020451e-01
1.055511006530122781e-01 5.169927566988806733e-01
8.251477273907694698e-01 7.959623088937933799e-01
2.836918594747031008e-01 7.997303183556946360e-01
8.204250753241943972e-01 4.011762830438475036e-01
4.959908806589969910e-01 9.526782874364294607e-01
1.531651137895407855e-01 5.776294181980486941e-01
8.058227037704499551e-01 3.099405743368905952e-01
4.695332643192380306e-01 6.884790015051089895e-01
1.513973608986503572e-01 1.656410302520993083e-01
2.620532843480714025e-01 5.833259149475746863e-01
1.954441411879123403e-01 2.080199801873740817e-01
3.203035294807993205e-01 3.109598534942294989e-01
4.655628215293772798e-01 4.757581101054683681e-01
2.887293344041728660e-01 1.948157506000523231e-01
6.504749379891552330e-01 3.986579567429693882e-01
3.038459691638287774e-01 1.994757272125808056e-01
2.540200290944314432e-01 5.215265815976519725e-01
2.562044360485123407e-01 1.522389750620949944e-01
4.371397898895003631e-01 6.545402699592146600e-01
2.129136970561597564e-01 6.877452515555138035e-01
4.893137636135949653e-01 1.379292330111138443e-01
6.721724945179392563e-01 7.785678395580379885e-01
1.214870656364294144e-01 7.197497725796684342e-01
2.797601419654922594e-01 8.223420212956317199e-01
5.639962894580923258e-01 2.225513309650120064e-01
7.293703742258164091e-01 8.478358281606778180e-01
4.329495384633951227e-01 3.959702469988687357e-01
1.483238032449047950e-01 6.447994029403543159e-01
3.273862925970164595e-01 3.537413273670271252e-01
3.883713367202680233e-01 9.676120138490633682e-01
5.226422812810113117e-01 8.867086435119185817e-01
4.633305335268789737e-01 6.028565414086241026e-01
2.571114204808039316e-01 1.919188364409823710e-01
7.286125468590634036e-01 2.893158903280091399e-01
6.952938363552523260e-01 5.340854784162275548e-01
8.795332441128198564e-01 7.100415241695720026e-01
9.621438326484936798e-01 5.482707989810682303e-01
1.600269519179746136e-01 4.279988287138707936e-01
3.765326613354376128e-01 4.544683544634879890e-01
5.366498950991073214e-01 3.652140569219066712e-01
4.217365896784049384e-01 1.468254323714668352e-02
1.939597546773313141e-01 3.579743914838811047e-01
1.730559014688657082e-01 6.274731263255810543e-01
8.603638784537015471e-01 7.848626026456816396e-01
5.986623856006197952e-01 3.555506772913060720e-01
4.747724897954892775e-02 5.430979652587353268e-01
5.801205038656731539e-01 5.889773505483408833e-01
4.678476003511807257e-01 9.813445038474232218e-01
6.662791749389118667e-01 1.580131258367769020e-01
1.552358755582672611e-01 3.915932875730691598e-01
3.871489839084240048e-01 7.359762291159731573e-01
1.810971929186419027e-01 7.997198037119531699e-01
2.332939648493066176e-01 5.210156351451412649e-01
7.775606185521818370e-01 1.853353161076837508e-01
6.791746374198255332e-01 4.617978229015033964e-01
8.676271067872567411e-01 2.242614730110928933e-01
7.283005234566117814e-01 6.093713370178934774e-01
8.527841399639262132e-01 4.477156771855240192e-01
1.868517782804015592e-01 8.101257283504492701e-01
1.925799774151429611e-01 6.307344647964541196e-01
1.911857908268382866e-01 3.884229241732116145e-01
1.694255608211949204e-01 1.819850270026655559e-01
6.403777699861594730e-01 1.944033350181790243e-01
6.990792263186734745e-01 7.474813678042044884e-01
5.277258077198527797e-01 2.374999212887883016e-01
6.429727568197565191e-01 8.322974259640507633e-01
7.664309349696147855e-01 5.054227041236392104e-01
4.056660056816457360e-01 1.625479978218298538e-01
6.277470851882149816e-01 9.092741556732215624e-01
5.514371823292318897e-01 2.115919859380772095e-01
3.888578500251920755e-01 3.699505040800757372e-02
4.146500751361814618e-01 7.966083891697360864e-01
2.270701277369185922e-01 8.634305117392977458e-01
8.355502523615478960e-01 1.117155269955156377e-01
1.656765167783371129e-01 7.818273855135910999e-01
3.577431271009471336e-01 5.285385940742621802e-01
2.458842308828828316e-01 6.274055509900593464e-01
2.503059109229116563e-01 7.775414471917133641e-01
7.980065625470997848e-01 2.648052868286028261e-01
6.215041759250684583e-01 6.825010301244343047e-01
4.197871800426372091e-01 2.658602101015117292e-01
4.895924329838101108e-01 1.215274943527478169e-01
3.990294172269771011e-01 5.999775508004991931e-01
7.275070897358293376e-01 6.792121417771425085e-01
2.496800235730224360e-01 5.656318822514445621e-01
2.208978922404267464e-01 6.272277295063902747e-01
2.684296267768921385e-01 9.158416536156066545e-01
7.858443719661978299e-02 6.434464569296785008e-01
6.799016896449654457e-01 3.060646180297421082e-01
3.959099938428859433e-01 8.605898506500704315e-01
3.379053937263841179e-01 3.402955141715199305e-01
2.576423880938650268e-01 8.468978365394231878e-01
7.006976718950174154e-01 6.238753071241546211e-01
4.376927289947382671e-01 9.454347747236420130e-01
1.620148414083381616e-01 6.660182787611399480e-01
8.493159324898886808e-01 3.275983809917371037e-01
9.315870094696969694e-01 2.907856585854055043e-01
7.065560533384087627e-01 2.400872876725357041e-01
6.747866623449119139e-01 7.994213110216510376e-01
5.355216613902558098e-01 4.653593172763295649e-01
1.572774146730698819e-01 3.713174852677463278e-01
7.372286772037757174e-01 4.422758726660766526e-01
8.782219321232709319e-01 1.712315840450539806e-01
6.714039048824569367e-01 9.310186776315421131e-01
5.479251129263976727e-01 6.418684022843743620e-01
4.286014035504000508e-01 9.865774036268724068e-01
4.503411711482289692e-01 6.224621202720572732e-01
8.226489066316051701e-01 4.994271650338157897e-01
5.647073600234771007e-01 7.676067081310089524e-01
3.027550717503033062e-01 5.927657688583631845e-01
5.296258695464676203e-01 7.141695704192186911e-01
4.388269539565208821e-01 8.956108906579369755e-01
7.365023411300955503e-02 4.858688701759563133e-01
7.316790134305312110e-01 1.054859974075749995e-01
7.787416158956034229e-01 5.752517790797130326e-01
1.538008526585291635e-01 5.726034098108696568e-01
9.011461862540258716e-01 2.104530893832236016e-01
5.550548547379474673e-01 3.712177004138929037e-01
6.261654607011094553e-01 9.308349039114545143e-01
5.000897724813063716e-01 2.136400974523156304e-01
6.577256751321397532e-01 7.268971354841823329e-01
3.454296741913009394e-01 4.660687933760063184e-01
7.759810905945091486e-01 8.017636832885342013e-01
4.849794648819161225e-01 6.923626753644203102e-01
2.363572023643936149e-01 7.875067062260072692e-01
1.019977612964038938e-01 4.100828154413585502e-01
4.249545746746531405e-01 5.131443318345406679e-01
8.042009865753871889e-01 2.713693590787389920e-01
4.117624048807401738e-01 2.314073461569944867e-01
6.722486548685857599e-01 7.365592184823058775e-01
5.099891219224025329e-01 2.017145719755635280e-01
9.645602469491176834e-02 4.196802996277071984e-01
3.677129787825430540e-01 4.920423699652015093e-01
2.727008270573631488e-01 9.418969670530202842e-01
6.723242010310812589e-01 3.557867984473370160e-01
7.162308825021732606e-01 2.886108292330694103e-01
1.937092119010191127e-01 7.271610527441045857e-01
5.385207708450256980e-01 2.878030040090810426e-01
3.073308912015759176e-01 6.104771316006227799e-01
6.525473193855408915e-01 4.372526928066891583e-01
5.607166849658710150e-01 1.752237561683475664e-01
5.215326154151268545e-01 5.433317258884223788e-01
7.845786135117625015e-01 5.973443706748260418e-01
4.615671590423583992e-01 8.313373947882525261e-01
9.551897190325602249e-01 5.905113452126915519e-01
6.831747200408966325e-01 6.589054153509257272e-01
4.405692246427241887e-01 1.238935951937383401e-01
5.452089300654048287e-01 2.278765874419652060e-01
9.149159518570675331e-01 2.644686947809973820e-01
1.232943496858903420e-01 7.167793177338074306e-01
7.596410387985423618e-02 6.190156609652781583e-01
2.590022819145604283e-01 4.139684470866841215e-01
8.487267458056344527e-01 6.013641625418771897e-01
4.137517154477843295e-01 5.853818899532742259e-01
1.816939455799336800e-01 6.874144919888158789e-01
2.269393371928263015e-01 7.405069594482815987e-01
8.120859032967279179e-01 8.497920994186114463e-01
4.560229232377572273e-01 4.009381209348577557e-01
2.884915349305403609e-01 9.352832156715693568e-01
4.965698535587033668e-01 5.013905034088421697e-01
7.440704989281919923e-01 1.811578213697187245e-01
1.461589859918338563e-01 6.736898480544872836e-01
4.581897982158236182e-01 9.414118082971461021e-01
4.651284961395664164e-01 5.905284824004745081e-01
8.108260498069674860e-01 7.256905576292389526e-01
5.026557323376077413e-01 3.345937716913074400e-01
5.119509804348688631e-01 3.274261661819621860e-01
8.175943829045904110e-01 7.887112138758808344e-01
3.670393788194086238e-01 9.011794661353234037e-01
3.629952338423643177e-01 1.364063074576161161e-01
7.990138900177687908e-01 6.707732371835893881e-01
2.304197110767063905e-01 3.834910019985417473e-01
1.911632692835169012e-01 7.142399828602749023e-01
1.956556789387194073e-01 6.969566250788170603e-01
1.885262460119354888e-01 8.575119887009373665e-01
3.533004658481292415e-01 7.350369501329513389e-01
3.759552314606944279e-01 1.555475425697504244e-02
4.231140485233819692e-01 3.414643065387386045e-01
3.472306308869964053e-01 1.410341120445390839e-02
4.516277464597279190e-01 5.494683414026045876e-01
7.732437534746592345e-01 7.274194488950518345e-01
3.025051384197340321e-01 6.142562492957650416e-02
4.604585793678045436e-01 1.397584210866638643e-01
5.343870259803835676e-01 2.046845458337744061e-01
8.338445445116720034e-01 8.050579157925025209e-01
3.272880803265281191e-01 3.869705403873791028e-01
4.783326248776363920e-01 9.359301205734239792e-02
8.912007581910666998e-01 5.567987143029216046e-01
2.742243810385619485e-01 4.944266165301628435e-01
3.343654428086760833e-01 3.727705505271568520e-01
8.998737780323576851e-01 4.851477180197747985e-01
2.947263465309484243e-01 7.456048988155379309e-01
2.863626575372537064e-01 8.169670416800010049e-01
6.026131922252009332e-01 4.434211833443559292e-01
8.999929421031379606e-01 6.333193040579477850e-01
3.586414065144935548e-01 9.779495995977666167e-01
2.821371745182948976e-01 5.551468320525534406e-01
4.086628415330766928e-01 6.038796331811212975e-02
4.432245684077580905e-01 8.371423088833672699e-01
6.026857053642178386e-01 7.905628041990888644e-01
2.166020160772527126e-01 7.882165649929481210e-01
6.935122805197038165e-01 6.601873848190812355e-01
2.771107364121191408e-01 4.838226858109441753e-01
4.169859285389831971e-02 5.536487887798277052e-01
2.904856641620086610e-01 8.882275626490077070e-01
1.980172611577748487e-01 4.758700051524731856e-01
6.108979159965164385e-01 5.249998536724441722e-01
6.826991938634376922e-01 9.098149514810992544e-01
1.155725782127205031e-01 4.658460168417529190e-01
4.120035449101806524e-01 8.167072573871551056e-01
6.401481204543832959e-01 5.946608730628484274e-01
1.224995781401169159e-01 4.346355393144274437e-01
8.664790475672901060e-01 7.357366806829926942e-01
2.569341735647374669e-01 3.428303928319367255e-01
4.902057229034432195e-01 2.945604183186558908e-02
5.971276508674174810e-01 9.509599808967950096e-01
4.355229346812650171e-01 6.374738524784837601e-01
8.263923112248394709e-01 6.006040808876147441e-01
3.563178902536507375e-01 7.995177708554559448e-01
7.004450916581120845e-01 7.857680095359139694e-01
1.313268666552155073e-01 5.201921128594027000e-01
4.184141630583654292e-02 6.311196181919056514e-01
6.940533081223982936e-01 5.556826153190442819e-01
2.321589878692741915e-01 4.957637236283877757e-01
8.917197698940340089e-01 5.269111878784074054e-01
1.917824059218319888e-01 8.315203566592492823e-01
2.125425333237579151e-01 6.756120768435667223e-01
2.583531364648319339e-01 3.384987259496010648e-01
3.185066875284019439e-01 7.281337212957312843e-01
5.629240043618346512e-01 2.375615909570996942e-01
8.454799403032304816e-01 1.954980245591269594e-01
1.034446566601966155e-01 5.178876096086690861e-01
1.662481473680647581e-01 6.352616332707152758e-01
3.486592092867375481e-01 3.445893899904141633e-01
7.077302819415456359e-01 2.321005319493424091e-01
3.546514015025746258e-01 1.473803792368620080e-01
9.410557095015997797e-02 4.288407765904954649e-01
4.544155975053311147e-01 9.052640802021065802e-01
9.979547734339122567e-02 2.769799825638178392e-01
5.585607570875215089e-01 4.758124903129916095e-01
6.326770885127352972e-01 9.661255809760210811e-02
7.095708907774219698e-01 6.909053083523725158e-01
7.669862546568353423e-01 4.476732420656805433e-01
6.439987061134561097e-01 7.641858830730865471e-01
5.157633455385034482e-01 4.358332339752449269e-01
9.542336810644019840e-02 5.222260194813870271e-01
7.783345457552254265e-01 7.965832252424077664e-01
6.595873662228585177e-01 4.464599164258115094e-01
7.671948348055783740e-01 7.541292647517781056e-01
5.203674867593129916e-01 3.006254938602509474e-02
8.678310498173541498e-01 5.651241332827663388e-01
4.862643210362550539e-01 5.702367758111076546e-01
5.803453937191326295e-01 2.953030524801663059e-01
6.921295107293670146e-01 3.323956517998123972e-01
4.909185842426208035e-01 3.368933422719018744e-01
3.538465133806182328e-01 3.009456576171292697e-01
6.630338752058893004e-01 3.523332721800579437e-01
4.662049661620530916e-01 6.771569410352462626e-01
6.303712845856093150e-01 4.304641139217988965e-01
9.473552137029955800e-01 5.195583919662102312e-01
1.754450258652901495e-01 4.455851377945840297e-01
3.958980484607826922e-02 3.637853484298028128e-01
6.631594313323685430e-01 3.937404902348957680e-01
9.147278283499723495e-01 4.649812632731280537e-01
5.475246119594040506e-01 3.829632952608828522e-01
1.301407745857016962e-01 6.145885676957405508e-01
4.309811544309236631e-01 8.647513875699895936e-01
2.634208051573909692e-01 7.465639964188017230e-02
7.294007746422189742e-01 8.945139114896556443e-01
1.905430935335932496e-01 4.596591360925094683e-01
3.862557501992801567e-01 1.867552941321548587e-01
3.526609257031241285e-01 7.036253694510130607e-02
5.822759406633412071e-01 2.417842686998698254e-01
8.024511761527578502e-01 3.137369192207327684e-01
8.181840327084846098e-01 3.054322758228897317e-01
6.124831290606290723e-01 6.440405648214897472e-01
9.005727342138898361e-01 5.215502105607988659e-01
5.920717794256645794e-01 5.769774849986587517e-01
6.417498666543764996e-01 4.145023534237085028e-01
7.890707161463548225e-01 2.617600237478572844e-01
3.774665999393325144e-01 7.171789359054724367e-01
7.395296053578309659e-01 6.348824826031789215e-01
6.816547870353910632e-01 5.486339100499073584e-01
4.965945003753119980e-01 1.106025351546433971e-01
4.562496579123296869e-01 3.333756339567142679e-01
5.724436848817776591e-01 7.301215336617751517e-02
3.110365178262705088e-01 4.486788294234325125e-01
4.510554836597249762e-01 5.149143062541616800e-01
8.209823824726972807e-01 7.473167815689776283e-01
1.653020834045072218e-01 4.155811901353845816e-01
3.323342248141839539e-01 2.943280855082151815e-02
5.627593351379087672e-01 2.920476776971768218e-01
3.763472581177544352e-01 8.335617572465665592e-01
2.846244442618613424e-01 1.257446561277059116e-01
7.008907515604844152e-01 6.668023874611163082e-01
5.353792841441541439e-01 1.297226600980063982e-01
8.432777185815084620e-01 5.673660105790609975e-01
5.227553149436886537e-02 6.688756749789097622e-01
8.065864650498921762e-01 8.203604359565191961e-01
4.132177019282698982e-01 2.669873346284739601e-01
7.685255372684337560e-01 3.995733500168121566e-01
9.485652551333011440e-01 5.708612141744691115e-01
4.197757596454745888e-01 1.912254637689489167e-01
7.212086874020742222e-01 1.853470180876196638e-01
1.837987706064256599e-01 4.575874940878253416e-01
8.843610140317237356e-01 4.572309257957403172e-01
1.728713675170176489e-01 3.138226136478273198e-01
5.266456107047928770e-01 7.829728059628093817e-01
7.681912820610268255e-01 2.937653745448607356e-01
4.241041097870651422e-01 3.527412669280901025e-01
3.859610822845243039e-01 8.168822066147622962e-01
2.619339669596110198e-01 3.444958906334589233e-01
1.975634412008643315e-01 1.823507671083821058e-01
6.286650858726225977e-01 6.412959046295351184e-01
6.843824293435791795e-01 4.086806712387135998e-01
3.550746373300529002e-01 5.059112448538717333e-01
4.326282193201365089e-01 5.728639478434391918e-01
1.138324797968432722e-01 8.091996758964410397e-01
3.305677828265430329e-01 4.592870066252200956e-01
8.936541481055888525e-01 1.888511482045072132e-01
1.214559955146025244e-01 5.593676695721012671e-01
6.541061763293651854e-01 2.268725115532304326e-01
3.401783047054024456e-01 1.913470825487170734e-01
7.885073680770398052e-01 2.764854275989876986e-01
4.179165412798577783e-01 6.792167858896550614e-01
7.193110423630476591e-01 8.551326268278289233e-02
7.925055254559715268e-01 3.845875502950777958e-01
6.070934690404590217e-01 5.941189568353605344e-01
4.584551143329845813e-01 4.151971159191078509e-01
4.067692154901025869e-01 6.114936467364058270e-01
7.281226274615293370e-01 6.001972348318804773e-01
7.013756027680100313e-01 8.412593795213737513e-01
1.631546626065433214e-01 2.143525614497447662e-01
6.997566727979840362e-01 5.832200198916610567e-01
5.091500374028630205e-01 4.646904112745434690e-01
6.232181551228360705e-01 1.946812350056694729e-01
1.717533499762864402e-01 4.103120632394882672e-01
8.647404468721613391e-01 7.144989671360705286e-01
2.771169165359491093e-01 5.577106264196158847e-01
3.389163693628479690e-01 4.427178276338437635e-01
6.423294587415336876e-01 4.410412443641325009e-01
5.028348994985800541e-02 4.602932188746029496e-01
3.659004522587622210e-01 8.426097358686238659e-01
2.428158474071672179e-01 7.806275968932898657e-01
7.580015397513970576e-01 1.835978562498944699e-01
5.815742591267407668e-01 6.945757884147765182e-01
7.550096008534566971e-01 7.011158940567612241e-01
5.632288571473871297e-01 5.593186031651237178e-01
2.629986614474471018e-01 6.619482863509634774e-01
7.093941776160994639e-02 5.540922540785525596e-01
2.615298173195251819e-01 1.612240773402451866e-01
8.397504347606370434e-01 4.157620276273298332e-01
8.813493258492388627e-01 4.484978182219981901e-01
4.013416882858129586e-01 7.671604099135456156e-01
7.904808030492556092e-01 2.149952349380804817e-01
6.858907636327453705e-01 2.896500051173060419e-01
8.155265605155854747e-01 1.468888987676587599e-01
3.992558908882967161e-01 9.138825243858252900e-01
3.683126349523785925e-01 8.214746563977788352e-01
6.551361959271473356e-01 7.519110916181535043e-01
7.397281458754277894e-01 8.205202449980835144e-01
4.461882270053036947e-01 3.106550456329281729e-01
3.632424146707878831e-01 8.692502441368796795e-01
8.172437406232206936e-01 5.325274709311380583e-01
1.402313273553749962e-01 4.617644944091788273e-01
4.041423928316330016e-01 4.488408911657459921e-01
6.432190704892957189e-01 4.840115492021447308e-01
2.739800855779721545e-01 5.412997180033297662e-01
5.642012763715216206e-01 3.658199584841468899e-01
7.736044319301716987e-01 8.301259503176432464e-01
8.435793450428535900e-02 4.387435920171155468e-01
6.126049158152185869e-01 6.116702541796875670e-02
5.941999769994323888e-01 8.264743602469404316e-01
6.928072236589568611e-01 4.392936198037243889e-01
2.154067144123392730e-01 7.031766701369095429e-01
6.973099484452538466e-01 3.608973385671080392e-01
2.301869140497588284e-01 3.432725190309467989e-01
4.091339882579604348e-01 7.591069157861481953e-01
5.112261734788037248e-01 8.678362402255659358e-01
5.786517605821056565e-01 2.601655303457897084e-01
4.111358048428092049e-01 4.251791151207791053e-01
5.462147324265160808e-01 5.883746200151767081e-01
1.637289685440261600e-01 3.011266389262602927e-01
5.525252962365065912e-01 5.189892400767651681e-01
8.391322886081371557e-01 7.743502488498957836e-01
4.103274469955510151e-01 1.285612189390086813e-01
7.600370016289353936e-01 1.517904472714307618e-01
2.126932019460463508e-01 6.030481618872399752e-01
4.049077543521691913e-01 6.761786553097910435e-01
4.652785796605030111e-01 9.305047070986469659e-01
3.719281548204517729e-01 2.789212854653403961e-01
6.884797201778503073e-01 9.259535134168551951e-02
5.867851288039168667e-01 6.875812280343107652e-01
4.440274290853308270e-01 3.394634594738232258e-01
5.877501636495361392e-01 1.646771612481017222e-01
6.453763296692986984e-01 3.219126636365986505e-01
6.152065998712523687e-01 3.870351310120249688e-01
6.391542652019109871e-01 5.507816003701813123e-01
3.038982254250190418e-01 6.426584348624206910e-01
7.254729185287587256e-01 1.636253278633686137e-01
4.550859921711433165e-01 4.374631803132857377e-01
6.145902656719073320e-01 6.411183546437010383e-01
5.898623093069973455e-01 1.542506512917463379e-01
3.700389013640373870e-01 5.344040679390856807e-01
5.001866682973928890e-01 4.930599021018057249e-01
3.460580526244322330e-02 4.683755480096797319e-01
2.529281594718978399e-01 4.169381455596358754e-01
4.458675023202222087e-01 8.824375129350208180e-01
8.365125599747276208e-01 6.490932111123631776e-01
3.737110441512583869e-01 3.441571820523686709e-01
6.552562424502162974e-01 5.527018799879669375e-01
6.108981570247294934e-01 9.231223338495816444e-01
3.586898821165260820e-01 7.507601394778976589e-01
6.216716187716224695e-01 8.212908287412508113e-01
7.251595299518106552e-01 3.348396502741462499e-01
1.945046421347609855e-01 1.693065396479780382e-01
7.438703156972162889e-01 2.998691479870297938e-01
8.191821093377569252e-01 2.409719151925728275e-01
3.112686753083523938e-01 7.095235443273709697e-01
6.398610243832977273e-01 1.150857081447322905e-01
7.104615807269862859e-01 8.641751592669660864e-01
1.857895457939343631e-01 1.866008085921622706e-01
4.077519524324464406e-01 4.054935747676884916e-01
1.977814372534030529e-01 1.714985071271559192e-01
5.370508662818750389e-01 7.778508828451675683e-01
9.390144874336484593e-01 5.829820067820594698e-01
4.186901857359054957e-01 9.680586971000986196e-01
4.025839035881062511e-01 7.439252178938762228e-01
6.827509458130188724e-01 2.656952494673093246e-01
1.646596463924929754e-01 3.080984250900194454e-01
5.340483125436948919e-01 5.138529094596652191e-01
3.516342177368765864e-01 5.934254605650857162e-01
8.274767330128214304e-01 5.063318292473385496e-01
8.208975956381665551e-01 7.941386411692373803e-01
1.063075958734736037e-01 3.826737832222077418e-01
8.912290714598464225e-01 7.032795592384204486e-01
1.220593406492865851e-01 6.140416900780318876e-01
6.120325688627095140e-01 8.264655644669427481e-01
3.127982514225871036e-01 5.528322752440134602e-01
2.832600765046218161e-01 2.511656690596834052e-01
2.915862368644018821e-01 8.488379701123295318e-01
7.642408739029243891e-01 6.055860638835868226e-01
2.833168460198569050e-01 4.316578466307295359e-01
7.735489834497232264e-01 1.914337699947366578e-01
8.423975191181393152e-01 4.677367520707049198e-01
7.030184604086189282e-01 5.613610560252796366e-01
8.303710908692351067e-01 3.412841689534749090e-01
5.368589620789567807e-01 9.667475187640549583e-01
3.125471655084674505e-01 2.889983922883399003e-02
8.354043914520024039e-01 3.964288589010180885e-01
5.680251821961807002e-01 7.600984834558960346e-02
7.163988327921027022e-01 2.920327375021566363e-01
4.370465951147216588e-01 9.812809963324596874e-01
9.492699729594312741e-01 4.423973191339359845e-01
4.211936018492328793e-01 4.845964336172317033e-01
3.096494540372732862e-01 9.345088597309207934e-01
4.692252309127837306e-01 2.160057499091638800e-02
5.720915571536109301e-01 2.110454585523295346e-01
2.754484757928896688e-01 3.881799050165910536e-01
8.028901458302168948e-01 6.887148659797130978e-01
8.811753745193701137e-02 2.232329611251862023e-01
6.314233958291251003e-01 3.415019711250350531e-01
4.120518385042531984e-01 1.389580036816212560e-01
3.632820065735637982e-01 6.362036761374713079e-01
4.676080540523802620e-01 1.335077418453539944e-01
4.658735274142515870e-01 6.200744713192765101e-01
6.286541047458454878e-01 9.097423418827100816e-01
7.966600061280557643e-01 6.486235713060228836e-01
1.827055051208378023e-01 3.283956953702372727e-01
2.716080056768676032e-01 4.414701431265852238e-01
4.594430476191656010e-01 8.455210084316093777e-01
3.442224134299306515e-01 1.590616034124168743e-01
1.874978473443569271e-01 5.535442721972603231e-01
8.647711347156923356e-01 2.782743190234018837e-01
7.421556785662152267e-01 6.028683124033312746e-01
6.470077347854701066e-02 6.991124017295532456e-01
5.125317865993210820e-01 2.258411485766245175e-01
2.918618768319943824e-01 5.873815086030687027e-01
5.441182622770714961e-01 5.095847216410467201e-02
6.064089626960258439e-01 3.859927981585815626e-01
2.172194733635670616e-01 6.305806206278092851e-01
8.402181407169208027e-01 1.394729553986597814e-01
1.071376856283643153e-01 8.080505878936945496e-01
4.170361833855720235e-01 5.565324587929805222e-01
1.390038998303712858e-01 2.663885169801766262e-01
9.292996081001789754e-01 3.849742829055399773e-01
4.766837812191909718e-01 1.964500440722813379e-01
4.280482556904645630e-01 6.893186450412699395e-01
1.532728040291546634e-01 3.633835428692969161e-01
7.752106186056981763e-01 5.351473344932206055e-01
2.410636036418797867e-01 5.015149315943452368e-01
9.679981605296699154e-01 4.465674769289497137e-01
7.279481734850579144e-01 6.712019737424234078e-01
4.956384361408632810e-01 8.813496551459775175e-01
1.457175450942358452e-01 3.047590954377702999e-01
3.044199576405828833e-01 9.614888259759712952e-01
9.404753496659656875e-02 5.194796437637589914e-01
8.255538393646784101e-01 8.461524348194935374e-01
5.319544787049653722e-01 8.864376347559889124e-01
9.407142406592514661e-01 6.269527436572229773e-01
1.332755351357169105e-01 3.913728340616753898e-01
8.327076418581080830e-01 3.414427904039125661e-01
3.462742731080010183e-01 5.101973901015074420e-01
3.946004744095373273e-01 2.350627252825794322e-01
6.333865136746326119e-01 4.693684156857497736e-01
6.611817018981580585e-01 7.254382045605591856e-01
3.927244684685004539e-01 1.524031280000074928e-01
4.325605056453361574e-01 9.220664603895205591e-01
6.401772499397742067e-01 2.690663935649614813e-01
3.764856346769716033e-01 8.113247529241318645e-01
6.208416340892379814e-01 5.176895718088077303e-02
5.468827620297438130e-02 3.717080646415873435e-01
8.721323296421223947e-02 2.878906451525308219e-01
1.614476480144248494e-01 3.593610500410662212e-01
3.962984571690043034e-01 4.345233924761058297e-01
7.066535142748698872e-01 6.073353187631747030e-01
3.453852628525194701e-02 6.037050054666704968e-01
9.049363510702845836e-02 5.424636586831670382e-01
5.038006912119588065e-01 8.166693566603043797e-01
1.978737122657514558e-01 6.233790657682549696e-01
4.117720150999653050e-01 2.655669346087833338e-01
5.715193059366641126e-01 7.398649055988385514e-01
2.739155842359864979e-01 7.371828772633436389e-01
6.978079988299324965e-01 1.153679644190351017e-01
3.200183947033014009e-02 5.608286489922644780e-01
1.567246878138869315e-01 4.141918178657998939e-01
4.556481103861311777e-01 5.524975807783378823e-01
8.431395784194570808e-01 6.443476591569698986e-01
4.808078399905915123e-01 4.558203542537589970e-01
3.670021462639254661e-01 3.955791778473821130e-01
3.447093871465499171e-01 5.195681622430340374e-01
7.135599246490736958e-02 4.720246712390634425e-01
1.456073512206580989e-01 4.779402444124200011e-01
2.139398916164329534e-01 6.976729868771318621e-01
1.604208004764446360e-01 8.287950711046243590e-01
3.563565745176319188e-01 3.488419107087484261e-01
1.172309209936394092e-01 2.672069138858053639e-01
5.056233297271058857e-01 1.862562078388049214e-01
4.093076351293978843e-01 8.076226571176288171e-01
5.189687919541587924e-01 4.698933173103871375e-01
4.029327683662067283e-01 6.950764829488287333e-01
7.183236482617857410e-01 5.421977061704948975e-01
6.897118557311947562e-01 6.735745060150761798e-01
4.492039741012604503e-01 9.762889285502798220e-01
3.553887710544521572e-01 6.271780780238991326e-01
4.694025329465302265e-01 8.569227916325996564e-01
1.319353418138423384e-01 6.199176274028281863e-01
2.070836474829074181e-01 2.582151059540667704e-01
3.265965570861997236e-01 6.122507470221273396e-01
6.292604478779548760e-01 4.753224850623694042e-02
7.741846050091457654e-01 2.137822484296728887e-01
4.642512607412706549e-01 5.080960494418734763e-01
6.029729136038133319e-01 6.736800657338732901e-01
7.434022834233848798e-01 8.573568017148918141e-01
8.320910514277642944e-01 1.187209612357033317e-01
4.314089566190301150e-01 4.141324509560077582e-01
8.741196336259076105e-01 7.593004910821703479e-01
3.758573554272764405e-01 3.750621445735526360e-01
5.177266831506652234e-02 5.852781870035930201e-01
3.371564144744710334e-01 7.506736131508592313e-01
2.005305690647528338e-01 2.465557279387051159e-01
5.265019583557227489e-02 5.900172378201740120e-01
4.160514710422901219e-01 3.915716987279317940e-01
2.530138648136032176e-01 3.620303531081284221e-01
4.029828240997876398e-02 5.462545352604296633e-01
5.984499380824970238e-01 1.362806955118859020e-01
7.812734835061000416e-01 4.962454246811623393e-01
7.023946064894119878e-01 6.624989324164004545e-02
5.033102771905401118e-01 6.764474626334779916e-01
6.645268207416400452e-01 2.767687806804356443e-01
4.062764291447175657e-01 8.667798712830072638e-01
8.014327797224343186e-01 5.772996586529212104e-01
8.453171740897822417e-01 6.176345002512236837e-01
5.215194207040605434e-01 7.795047355543952561e-01
3.604794319454058815e-01 3.164169544980444115e-01
3.959223513844911113e-01 1.057150230734417024e-01
6.162534224934873572e-02 2.485952188074794789e-01
7.320111027509294821e-02 6.984665506796713386e-01
9.641804453469853264e-01 5.362433047656823826e-01
7.937968796392745885e-01 7.799838789183447529e-01
5.930532045655417805e-01 3.806880878462416962e-01
2.622236450389087703e-01 3.251763799330972260e-01
5.041346519528645542e-01 7.720717784695105834e-01
4.476420964853494167e-01 2.356537930233800204e-01
7.766338008197096743e-01 5.429310563159374103e-01
2.655904556885002599e-01 4.779179218589943434e-01
9.000740955798438581e-01 5.756076080591548960e-01
5.492240067275495630e-01 6.485525503270149761e-01
2.340164081535159868e-01 8.458470197296112936e-01
7.173632101280222884e-01 2.281101036613986111e-01
1.932749372797332166e-01 5.803124036539059061e-01
7.565099803396646561e-01 1.860073297460637376e-01
1.720567715843674406e-01 8.729749826979288363e-01
4.286506880380391293e-01 4.507669437317934347e-01
8.669412251228076904e-01 4.721970411595385331e-01
6.219006831739501973e-01 5.395786375908911275e-02
6.047009499481663664e-01 7.182448992533342347e-01
9.166724523708419392e-02 2.580655540003082282e-01
3.006134272487133718e-01 6.926593874257223060e-01
6.235588171068860985e-01 2.413332227707811195e-01
5.037599850609688623e-01 1.727198430580726973e-01
9.640685503105141940e-01 5.376831796370199479e-01
8.086731616625425501e-01 6.281513398548054239e-01
6.998830294521036777e-01 7.067898732999182698e-01
1.132043889433304584e-01 3.488446743394524319e-01
6.283537176634959032e-01 3.728657616233039818e-01
4.716744973804851693e-01 6.211359429037136559e-01
1.319827501922668511e-01 7.421102527468961263e-01
3.514764278586418045e-01 1.485681271667736447e-01
4.204985328419599266e-01 9.832784754842134323e-01
1.608662639006421535e-01 5.339035414628029441e-01
4.850862454427349868e-01 6.192789466777790519e-01
5.809174306318276582e-01 2.149500405701272043e-01
3.415570355503415034e-01 3.364866951564191577e-01
9.361788599817968404e-01 4.840879267726654889e-01
5.395095293338473263e-01 6.932944850892723831e-01
8.259016777351839700e-01 4.460130018822466846e-01
7.130246021078832097e-01 1.104574863937593104e-01
2.751632167348916358e-01 6.997725825733310812e-01
7.994241429800703624e-01 5.111723678389877845e-01
5.410791876740193018e-01 4.134238697250545158e-01
1.693465817783702532e-01 5.300299445881178073e-01
7.581875016851056248e-01 4.742691134854760127e-01
3.265509611878224527e-01 6.581869187861466575e-01
7.687311923122749358e-01 2.821525830173888805e-01
5.529799118931757462e-01 6.941155994825065623e-01
4.331327834951045896e-01 3.466058353289521721e-01
4.918738775117357243e-01 2.558367661033011387e-01
2.301390445387137551e-01 2.687442183662284712e-01
5.692049516927947250e-01 3.245883373561713192e-01
5.049098091735223504e-01 1.502380258636450139e-01
3.134857199973774544e-01 8.727899025911239894e-01
8.901672561039311038e-01 2.249948548468023168e-01
3.659695630365280006e-01 8.787914950192114993e-01
8.474406224559432044e-01 1.360009056057123744e-01
2.219909784280315601e-01 2.372736373294314915e-01
5.691903738155354997e-01 8.808734441643363278e-01
4.236653122826759543e-01 9.678273367802019411e-01
4.818974328508004445e-01 3.070183990670993235e-01
4.884925816835367085e-02 3.076563100994481603e-01
8.219120469981504584e-01 6.550969407796574107e-01
5.698354449945242095e-01 7.980983923803428581e-01
4.857213484257441038e-01 1.420913140938815655e-01
4.511551343066975139e-01 9.778062109844769534e-01
9.437847031170276679e-01 3.390145560869040064e-01
5.283478858912842302e-01 1.215543859405787686e-01
4.355275437750571466e-01 3.201135167428579842e-01
9.134390738861928316e-01 5.723799850665247657e-01
2.677270492671310897e-01 4.635286511459692504e-01
8.764230222602409359e-01 5.726320308418580973e-01
7.770337539775258318e-01 7.893041571940451195e-01
3.182872171592044386e-01 5.143861190457944543e-01
8.429426039309700913e-01 2.431630847368873583e-01
7.604516251671182558e-02 4.119287656134502096e-01
9.150459427026195192e-01 5.450783538296301023e-01
3.429284860965749471e-01 9.748883439453732702e-01
6.072380299080476496e-01 2.356368636040359343e-01
3.797309655260131533e-01 1.716688691820433266e-01
9.461669187596795094e-01 3.527302775585782202e-01
6.524647488483708013e-01 5.901793408467517210e-01
1.143537310958547548e-01 2.986948235161160925e-01
6.115240099693901588e-01 8.650613566861542481e-02
8.897885452642698700e-01 6.337821796527594032e-01
7.087226745970395259e-01 8.199427067352018650e-01
2.390208497321534009e-01 3.457635935204558808e-01
4.412204528141889792e-01 7.236321676773396216e-01
3.104444032018983113e-01 9.756938669800555020e-02
1.950109874908416696e-01 7.658177336886256015e-01
7.045639925708748752e-01 8.226299906466540968e-01
8.372614248230242362e-01 6.889839463559117583e-01
9.341175191311152926e-01 6.346746224943681236e-01
6.408341279015532521e-01 8.433764752013546140e-01
1.543259243699584282e-01 5.745907955950794177e-01
3.819301494777683770e-01 2.278981145240437378e-01
4.384355850813248523e-01 7.391173123281203905e-01
4.222275373166324286e-01 4.099393903237795733e-01
3.533595962523332634e-01 3.792373636693819883e-01
3.129038790753033150e-01 9.200074412209876540e-01
7.090192400820051477e-02 3.984149671963062578e-01
2.599677468910268074e-01 5.230892296992093460e-01
6.847097428166788458e-01 5.692814513289888856e-01
2.347015700015223638e-01 8.350182268110281081e-01
4.804710392472631986e-01 5.341735110313515777e-01
2.366050128986866841e-01 4.149768060735573583e-01
5.692669837137775968e-01 8.368975478807429980e-01
5.709137787170078804e-01 1.064542748520507509e-01
4.017955794763171662e-01 5.730626626183503713e-01
3.048166959366402917e-01 2.382359228277068364e-01
4.855095978741128526e-01 5.696849883422806099e-02
5.609207710565380367e-01 5.795859438354025173e-01
7.479277391691950827e-01 1.101593782937979882e-01
3.381233332940808411e-01 4.748803923500090063e-01
4.120578474870671970e-01 8.266278291428450498e-01
3.774372917388930104e-01 8.821117838541212564e-01
1.179620203545358320e-01 5.402837803435154296e-01
3.675923397230362877e-01 9.331876667228498068e-01
7.199252676961356290e-01 4.283996252936547178e-01
3.776447123133853667e-01 8.636562043130503463e-01
8.468997345780917563e-01 6.846432021774422338e-01
2.394883630848647360e-01 3.734937235144443757e-01
4.731156751486756962e-01 6.564154905212989943e-01
8.946028423105898408e-01 3.803722163586532590e-01
2.902801939097680584e-01 6.276961180882874025e-01
7.395304527105044379e-01 1.903890870758740694e-01
4.596214851948496327e-01 4.556390235751521800e-01
5.698824982838864850e-01 1.245094209434809696e-01
3.974236429807803672e-01 4.980191684574453714e-01
3.569090848882034983e-01 3.086495251607117574e-01
4.831948153279113645e-01 4.619029028095856804e-01
8.508693798405910780e-01 4.551863886787829716e-01
1.960056221942513832e-01 7.412835411810456687e-01
5.311827101503731052e-01 1.741972874290739770e-01
8.188705655016141893e-01 1.406945736941435099e-01
2.337072022415069839e-01 2.928468431924101112e-01
1.864932155309506623e-01 6.827232574684285460e-01
4.266861286196870218e-01 5.172357948476161704e-01
9.110189266473984748e-01 5.907369118813070585e-01
2.813990070212120109e-01 8.058725105442927639e-01
6.854472736601784355e-01 8.357939788592838593e-01
3.894188066765977840e-01 9.777770039587867501e-01
1.333089352564688912e-01 2.363300219727980100e-01
6.609308106260012305e-01 9.053894136102039747e-01
2.113904833630886881e-01 5.628376456321706467e-01
7.212097379117559104e-01 6.809556208155387313e-02
9.068148000279021570e-01 3.453113071952462754e-01
6.450362700985753373e-01 7.354052547156859632e-01
4.813362229541383042e-01 6.315334947579005487e-01
3.161310058399622314e-01 3.577254539199992145e-01
1.328634352255462503e-01 4.164729931337491919e-01
6.160485425791440983e-01 6.566420091008882132e-01
3.268607262262082647e-01 9.707408932410849234e-01
1.967784785742467402e-01 7.045704496245387416e-01
8.333815100334180936e-01 4.492757849446043505e-01
1.058329979103162510e-01 3.756283121191373864e-01
9.167281995370918368e-01 3.208362070471811323e-01
6.210384678378743084e-01 5.306003846777225252e-01
1.540244603973812410e-01 5.956476936373843456e-01
6.620186062878313793e-01 1.479608740035451286e-01
1.812221662350156637e-01 3.691706822808296651e-01
4.433607344233953668e-02 4.432303225105619360e-01
7.349321011508295198e-01 6.969352650109801317e-01
2.336215814128032031e-01 4.794945880864205368e-01
2.439232103493378656e-01 2.656470239068118855e-01
6.318787615255747614e-01 5.789333215060165072e-01
8.264697985639772870e-01 5.013421298009971272e-01
9.129274730592359943e-02 7.023852193599758875e-01
6.655398597451095410e-01 7.874308408021579719e-01
5.856130641106547241e-01 4.616007910649925772e-01
6.035638649636492215e-01 6.950960585817910209e-01
8.148664710691103652e-01 7.610567999275954509e-01
2.409794492758641493e-01 5.037445827368823847e-01
4.837228095522356774e-01 5.057824216896648073e-01
7.840697618598370111e-01 3.823652174737109388e-01
4.220196681829774810e-01 6.877219822957643114e-01
6.472545425818858611e-01 5.313984404377092297e-01
2.461978358114332577e-01 3.953486391172831849e-01
5.670945147713331025e-01 1.545516119422771228e-01
1.895792358047383441e-01 1.616405707571737238e-01
1.180618724526313890e-01 6.787004622803972653e-01
