6.278799304787223701e-01 7.030651295702352588e-01
3.669313449316318199e-01 8.418105315700759039e-01
2.863281514660891425e-01 8.166610707922603574e-01
5.509101778872562694e-01 4.395329321673735468e-01
4.242362965872634728e-01 5.007504263919598797e-01
3.174845191541255662e-01 5.310429208719000815e-01
6.402312244011019171e-01 3.248399609638070173e-01
7.136718485339108575e-01 1.581894684299242071e-01
3.526248068268000857e-01 5.765060540102706632e-01
4.375548857565466077e-01 4.414370136178176196e-01
