3.159287898926635973e-01 1.609424868484575777e-01
6.842831850791630810e-01 6.476246565760612750e-01
5.164741111914794569e-02 7.657936618367048309e-01
8.352277123786955304e-02 2.072359386689668348e-01
4.014185211116442775e-01 2.265407016562517029e-01
3.012734004943496968e-01 7.126799486610628787e-01
8.116902379819416202e-01 3.729532186023742923e-01
9.483525888808521653e-01 8.390575131515425333e-01
3.097064824301355435e-01 3.958238469762508371e-01
3.752539556742091054e-01 4.222594271383277587e-01
