6.116737498404813955e-01 6.236207701740439369e-01
4.348455864807323490e-01 8.224886710605223694e-01
3.516842517881927921e-01 9.835386287939220651e-01
4.564299363421924216e-01 5.326298242196270127e-01
5.863699701109340578e-01 5.900444846415717759e-01
6.564077722530574643e-01 2.119624704543089377e-01
3.435922277469425912e-01 6.733199037430971368e-01
6.252440959929596032e-01 4.650416326968637715e-01
4.325260111119609840e-01 7.044083233428555246e-01
6.457592611530700299e-01 1.646137120607782389e-02
