1.075417169846928367e-01 8.598731280490309326e-01
2.482715106835063079e-01 3.491514912632003309e-01
7.643013826691112955e-01 3.125116125601226091e-01
8.463279158221107545e-01 5.970658606429020132e-01
6.184797004805225873e-01 7.412536035831573944e-01
7.521907900987607754e-01 7.662877080867905866e-01
7.447329750770608214e-01 4.004423862872492634e-01
8.924582830153071633e-01 1.401268719509690674e-01
1.271442298746474631e-01 1.637409054461855806e-01
4.415464357562939868e-01 5.109260666877410983e-01
