8.312816798111538619e-01 1.251149731560171618e-01
3.824936974418012836e-01 3.778026135848957523e-01
4.310798139290272779e-01 8.176454628248907008e-01
3.416254540830199193e-01 7.140674943962175281e-01
3.530870079998681410e-01 2.115622579048315188e-01
5.073839465764216072e-01 4.091188153534736083e-01
1.687183201888461381e-01 6.703583232222122268e-01
6.366926979303991763e-01 2.853866440898197854e-01
3.225107651711951462e-01 8.121109423142846007e-01
1.754548333326294562e-01 8.748850268439828382e-01
