5.956153431621753480e-01 4.408778219629176931e-01
5.549509453430732098e-01 5.117395913023131682e-01
4.720690981349500159e-01 3.052992305881241375e-01
3.901508646622307563e-01 2.315238707775107985e-01
6.775415442820036382e-01 2.927356615313693178e-01
3.016758317548833834e-01 7.684761292224892015e-01
3.776940174599776046e-01 6.062897922373565729e-01
4.125103210142474497e-01 2.732322912862037434e-01
3.827069548318139391e-01 5.258289878284568841e-01
6.983241682451166721e-01 3.503583338718430085e-01
