7.601093594116266061e-01 6.274415567062761045e-01
3.685260797613920114e-01 5.549468201098370912e-01
4.305549908824712890e-01 5.017007089890348492e-01
5.689589500666905053e-01 4.325849469449262186e-01
7.046628256446952898e-01 2.544766256266703941e-01
1.337893371537199894e-01 7.455233743733296059e-01
7.482872947611002301e-01 5.286556655826488704e-01
8.662106628462800106e-01 6.235433033626219812e-01
2.791111226443270810e-01 6.814498311665682095e-01
6.203563469955735155e-01 5.881048554834246156e-01
