3.461917814628571177e-01 4.473930002638286663e-01
4.643855155311004124e-01 7.764265446916788216e-01
6.590362894878921685e-01 4.571110521627180789e-01
3.458727308073388240e-01 3.142905055788328128e-01
8.504312182687977506e-01 3.512550698502092672e-01
6.887773851694609650e-01 3.347572699195681678e-01
4.245108054810544096e-01 6.816747245597918337e-01
5.184015638895856926e-01 4.944483701351780613e-01
4.086046379993586442e-01 3.146953112139586617e-01
1.495687817312022494e-01 2.235734553083211784e-01
