4.994730420083234312e-01 5.392414592376952864e-01
4.432909419708342402e-01 5.798854026952378060e-01
4.867033097176177714e-01 5.023878121277425279e-01
4.626475353269290935e-01 6.244011502380113487e-01
4.641696451495561648e-01 5.968068559896376746e-01
5.451258236799664258e-01 4.367249911157046194e-01
4.698396396115498419e-01 6.519483342537994996e-01
4.202340690651978905e-01 6.091321614143734298e-01
5.797659309348021095e-01 3.480516657462006114e-01
4.678662098864784236e-01 5.640725044595473747e-01
