7.152896668331241159e-01 6.654935113201564389e-01
5.812971355227189996e-01 5.783472836403970030e-01
2.058605502671432275e-01 1.196593736418879450e-01
7.941394497328568836e-01 3.520483492599831843e-01
5.483595118156912029e-01 4.122559374373102048e-01
5.501513251924432524e-01 6.269167309331041826e-01
2.534602241301523451e-01 1.896293536792682810e-01
4.263278218148944809e-01 3.178081714791570755e-01
6.908761200940072289e-01 8.803406263581120550e-01
5.318634389211434055e-01 4.779001453897435692e-01
