6.315720875254631217e-01 4.257872721544170291e-01
5.577653928490684532e-01 8.119134838454867831e-01
4.430832408103259623e-01 6.495460536010113639e-01
5.456332368855696391e-01 9.447154525005494463e-01
4.834041818439552829e-01 2.984448866186323324e-01
2.495483942866486560e-01 2.117489869544150194e-01
4.208082862922973844e-01 4.765251992060473007e-01
4.374883921660366326e-01 1.865449400175672179e-01
7.504516057133514551e-01 5.528454749945066471e-02
5.846922847739794982e-01 5.787976496900912871e-01
