5.174369276076322688e-01 4.332219656969084620e-01
5.249101624561622881e-01 3.005340698419967649e-01
4.921584892255780330e-01 8.293404324350809320e-01
5.474521455768472933e-01 9.319312322533501725e-02
5.119028767851260264e-01 5.445446718050995782e-01
5.028421091446093616e-01 7.850424759867520308e-01
4.525478544231527067e-01 8.963923076889463992e-01
4.952598650672601632e-01 9.068068767746649828e-01
5.020226581685595102e-01 7.595224524054322579e-01
4.665612111550904162e-01 7.785714818015317951e-01
