8.331650272287101089e-01 4.936459425652371946e-01
1.668349727712899466e-01 5.063540574347628054e-01
4.432135565732874261e-01 5.011388754374188625e-01
4.195673398362477768e-01 5.036155304824652124e-01
4.857787883700606657e-01 5.009103073636230752e-01
3.495859098983865043e-01 5.056192143185691545e-01
3.822570371468890227e-01 5.039203437375807670e-01
5.907377961054223192e-01 4.984123725336514488e-01
3.480991337829785204e-01 5.031498930343430986e-01
4.181441392878207375e-01 5.037205565058506807e-01
