4.770601813922069612e-01 3.683121686936395855e-01
4.805436573453303328e-01 4.483409980653718097e-01
5.258460771537334377e-01 6.771427117082773339e-01
5.337225440335564564e-01 5.836471045092592735e-01
4.286528290655272633e-01 3.228572882917226661e-01
4.720683734404210186e-01 3.992016169905212575e-01
5.188077370750471262e-01 6.036403323319865510e-01
5.713471709344726257e-01 3.716556226871774449e-01
4.627564469107635636e-01 4.177991495848747960e-01
4.687201902695563582e-01 4.527945844436386258e-01
