2.372091874427196545e-01 3.612882237328622903e-01
8.173863040157534066e-01 3.653466101993290138e-01
3.709724826247184359e-01 4.348428761739731585e-01
3.549353455471478402e-01 5.863324813379259259e-01
2.510004551522544980e-01 8.418864586340699674e-01
3.154958476301532033e-01 2.513024244241527372e-01
2.650867764280145922e-01 6.279457734078687237e-01
1.826136959842466490e-01 1.581135413659299216e-01
4.154178771873816567e-01 6.168495578528073731e-01
6.934652028453768269e-01 4.612323596165096573e-01
