2.103576882766893252e-01 2.339202308922995188e-01
7.530948913517510057e-01 5.339515140671621252e-01
5.151282888569826968e-01 3.744038702181905487e-01
3.850562569503241384e-01 2.922812869718468543e-01
5.684312141814903407e-01 3.178716724897266976e-01
7.587230592668290363e-01 2.351146745602152865e-01
6.927424174544309921e-01 5.498771640479462874e-01
7.896423117233106748e-01 7.660797691077005922e-01
6.076495365374310342e-01 3.955210946759546431e-01
4.690126921705859986e-01 2.979241370017040591e-01
