6.877500627966385283e-01 3.436624642260678320e-01
6.688164403735031849e-01 6.637901147478906250e-01
7.318952344296940637e-01 8.185848986282937556e-01
1.737493717871199106e-01 1.814151013717062444e-01
6.590189711291389862e-01 2.546316386887731986e-01
6.766805230024431905e-01 6.980122689410884762e-01
6.077198539039376790e-01 4.056541425065242068e-01
8.262506282128802004e-01 2.245124601335191095e-01
3.781636902492088170e-01 3.601688790791712780e-01
6.953980924751181902e-01 4.751195905994451962e-01
