4.424690382402727273e-01 2.707057779018482435e-01
7.460328698091225341e-01 3.572232651268270609e-01
6.055115245595013018e-01 6.844534052730542051e-01
4.371722905262678260e-01 9.275667034801937660e-01
3.142081931956322571e-01 3.440941942691411182e-01
5.185904495741210374e-01 6.355224759063119455e-01
1.927348772463954862e-02 7.243329651980623396e-02
3.037902264162435362e-01 5.030673971015590107e-01
9.807265122753604514e-01 4.266715654239193745e-01
6.008955176558637978e-01 5.805029148027356367e-01
