6.228998631794402385e-01 3.711320867388899769e-01
1.964370654066449895e-01 7.876007382783486444e-01
4.589115924490446696e-01 2.938971291853439416e-01
2.785053119490620288e-01 5.978226002074803480e-01
4.940939884861102471e-01 2.499132975753782793e-01
1.698694720080645704e-01 8.483106274957559201e-01
8.764553510874149023e-01 1.516893725042439689e-01
1.235446489125850977e-01 2.753044560988133771e-01
3.109040568936036197e-01 7.065217011921142154e-01
2.223621949453345459e-01 6.976190602668290719e-01
