3.545694764836212487e-01 5.911221873542260585e-01
6.621895897230760664e-01 2.571329536879986000e-01
5.385204000873503594e-01 4.212263970414067971e-01
6.033731067575497375e-01 4.369273374977422075e-01
3.584086603848293251e-01 6.027125823424196449e-01
3.311736394763785674e-01 5.339639286431761001e-01
6.509265673547892650e-01 8.506963741060591389e-01
2.640951925758896479e-01 5.659005698878339929e-01
3.863837027682817671e-01 6.005336063134378843e-01
7.359048074241102411e-01 1.493036258939407501e-01
