3.240020548691818769e-01 3.593332853092933155e-01
4.701753739386646536e-01 4.849114861421531808e-01
2.318449959633207547e-01 2.796780673856620325e-01
2.949492420567380035e-01 3.328714437287874639e-01
4.852097751007194981e-01 5.025954597167451299e-01
7.681550040366791343e-01 7.203219326143379675e-01
3.720538665535884082e-01 5.018342109024230835e-01
6.626958580931460174e-01 6.528823048064469337e-01
3.022186912227747824e-01 3.877339901110578024e-01
4.415028543959998442e-01 4.854479584180284024e-01
