7.461832708284059645e-01 5.313126923022245540e-01
8.200439645223925877e-01 4.704778907228763241e-01
4.782721580244849169e-01 5.123148127113213990e-01
7.531877194990796998e-01 4.649354201531851194e-01
1.027678786039518122e-01 5.780999837910572037e-01
4.456816901137856668e-01 5.514745043570901117e-01
7.411576642559645212e-01 5.060862576613440744e-01
6.833994757815936572e-01 4.763133088823132688e-01
2.791103957685325820e-01 5.583525288435253753e-01
8.972321213960481323e-01 4.219000162089427963e-01
