4.717010592506468702e-01 4.460645685580499342e-01
4.232269605730765716e-01 4.146737874832922000e-01
4.502460070700071704e-01 4.943584928993342009e-01
3.827629595360346193e-01 6.164596452808657201e-01
4.302545183252086125e-01 5.400169505300735917e-01
6.172370404639653252e-01 3.835403547191341689e-01
4.860029235141771764e-01 4.497210690345613826e-01
4.271060319974838149e-01 4.920544421101355481e-01
4.116577303970604951e-01 4.824298280005869799e-01
4.893864934313546522e-01 4.433037860286525023e-01
