6.805893542199672464e-01 5.410796803232573726e-01
1.913689636892169643e-01 4.017567656658553865e-01
5.513802541273975510e-01 4.934022848108805537e-01
6.065825514837004384e-01 4.762619052664258668e-01
8.086310363107830357e-01 5.982432343341446135e-01
3.610215534670893067e-01 4.442204610473220461e-01
5.444409408183076282e-01 4.663752390091999156e-01
6.657653227092519277e-01 5.484526015047302971e-01
7.161504008309729219e-01 5.540088254086013020e-01
4.204458645533278305e-01 4.705422941376475876e-01
