5.816339236151844005e-01 6.282582130203918647e-01
6.689148460185803113e-01 6.986235226169104084e-01
4.776536948881409117e-01 5.073790827879722798e-01
5.857199315972718701e-01 5.749625115822840637e-01
4.867781907178226342e-01 4.496533521922621013e-01
6.505646605759100032e-01 6.915527231492913929e-01
7.316772968331173299e-01 7.308885607904771486e-01
4.177447641366189846e-01 2.691114392095228514e-01
2.683227031668827811e-01 5.120389463141595821e-01
3.599262626436802170e-01 4.765277842790929808e-01
