6.575387653648068209e-02 8.278036461973640181e-01
8.101165829652354211e-02 8.364586805449469864e-01
9.342461234635193179e-01 1.019807460609393202e-01
6.052710979636499733e-01 4.169318829310234009e-01
5.935741320594245529e-01 4.177547606881479858e-01
1.827626825669186883e-01 7.691753974131897431e-01
3.576147324045733100e-01 6.709860076670653983e-01
6.724129430870775526e-01 3.422689442526910542e-01
8.439477408338769138e-01 1.896699799976681311e-01
1.485117756250365906e-01 8.980192539390607909e-01
