4.006971683632206682e-01 1.574908463773290190e-01
5.421414243832988200e-01 5.814631531167964162e-01
5.263667447770533636e-01 4.267173192535617110e-01
5.035654383965493253e-01 2.695520324170411763e-01
5.993028316367794428e-01 8.425091536226709810e-01
5.830071668267516882e-01 7.511380484090597331e-01
4.944720352204817759e-01 4.484864083059730833e-01
5.121037340857474973e-01 4.706402576858683684e-01
5.283920441852951733e-01 5.362123155134020935e-01
4.808673611924461078e-01 3.094957643254703239e-01
