7.128444023748025105e-01 3.481269758026733774e-01
7.267886403933037087e-01 6.167317452296072755e-01
7.132858697420737526e-01 4.121993962739741169e-01
7.421260650378306289e-01 5.683399108983137049e-01
7.931429894772705769e-01 6.518730241973266226e-01
2.068570105227293121e-01 5.586909781922203555e-01
4.752845984052582740e-01 5.979215338465033724e-01
4.909560770940480934e-01 6.022042986944153853e-01
7.617713330203110811e-01 5.743703599069256427e-01
7.850150297355377171e-01 6.411630344573039375e-01
