7.901941690593580203e-01 4.761142075228530501e-01
5.522629958397133887e-01 3.813761082492439503e-01
5.065231558315401728e-01 4.206504777635100556e-01
6.061775046753119511e-01 4.105645490613844539e-01
3.997561648641841936e-01 5.601641064853981611e-01
4.235114451041869232e-01 5.518368109683833289e-01
5.864651089941372852e-01 3.432482838158675831e-01
5.480047266530932992e-01 5.105433887822544703e-01
2.098058309406419797e-01 6.567517161841323059e-01
4.094817344645138579e-01 5.185820889279043611e-01
