4.341448478536418243e-01 4.130065083214926602e-01
5.010488892231678149e-01 4.863522219374366018e-01
4.241369109282304706e-01 4.283382308554819495e-01
5.286010420988240810e-01 4.630653060012405176e-01
3.494026552458818768e-01 3.172559120712499237e-01
2.351809447974567424e-01 2.927660001584370120e-01
8.999596578793185309e-01 7.550924070589346560e-01
5.684631730491440660e-01 4.946377926005647296e-01
1.000403421206813581e-01 2.449075929410652330e-01
7.573724165838998656e-01 6.632208720914497535e-01
