4.508138861859654067e-01 5.481781865902936035e-01
2.882130787890879176e-01 6.489312566014812100e-01
3.995038783994585008e-01 5.973912860825705273e-01
4.127482906426422904e-01 5.728209172149076878e-01
3.562092102346816613e-01 6.207381176078592411e-01
3.057872526225473564e-01 6.581568595817632872e-01
3.300551696000142976e-01 6.738464143804606676e-01
7.117869212109120269e-01 3.261535856195393324e-01
3.264765520164047419e-01 6.325453822524971237e-01
3.977962587958261409e-01 5.836540325025155740e-01
