5.970393599161667453e-01 4.910533077795790069e-01
8.987621950933710746e-01 4.565272953922425714e-01
4.152975216246443946e-01 5.206340163173905911e-01
1.378020559503941866e-01 5.661680573173341058e-01
4.308931359861449817e-01 4.750368681365308987e-01
1.485044680595012379e-01 5.240874289610916170e-01
1.731216974954383758e-01 4.180106286197396992e-01
3.048356930544506849e-01 4.623144165295314245e-01
2.005357412467277389e-01 4.794863678836589482e-01
1.012378049066289254e-01 5.819893713802601898e-01
