5.026869172501607919e-01 5.470243778934267276e-01
4.980050761917427238e-01 3.781332431253965343e-01
5.139936705518673987e-01 8.288886786023672570e-01
5.043302320210242273e-01 5.729234732140977560e-01
4.960538589654355790e-01 5.650417488378983721e-01
4.867351310145668353e-01 5.797155326264105124e-01
4.860063294481326013e-01 5.801384557840956191e-01
5.091396585837657529e-01 1.711113213976326319e-01
4.977252411859373060e-01 3.769868681451760684e-01
5.098469277527664101e-01 2.982364731436231708e-01
