4.996518033503842826e-01 5.007334327651387085e-01
4.102493406907217199e-01 6.992209230322837810e-01
4.759227607933059212e-01 5.530613215982123076e-01
4.703126942141379052e-01 5.642549120538598029e-01
3.263747804222684179e-01 8.974647523525285386e-01
5.886218997877822323e-01 2.956544925679278624e-01
5.189179684987369479e-01 4.557875912805270935e-01
3.683995277863029161e-01 8.001581554225746240e-01
6.736252195777315821e-01 1.025352476474715724e-01
5.261492417365215557e-01 4.368616265396157994e-01
