5.518549656161568784e-01 6.682648891006031100e-01
7.915714819848432837e-01 4.273566001714779183e-01
1.762741602123935047e-01 7.594832177594904588e-01
6.563331178724640669e-01 5.909382083148798648e-01
2.089170261881446167e-01 7.407590846193125023e-01
4.759466688322328554e-01 6.399228277453999914e-01
7.394144372049007430e-01 7.287382288330545022e-01
8.237258397876064953e-01 2.405167822405095412e-01
6.711050360477796017e-01 5.041209766822252192e-01
8.109423415779920541e-01 7.446900799749848199e-01
