4.715629199866472887e-01 3.310160603711603811e-01
4.841771183739609907e-01 5.343029822837197518e-01
5.495683438848000257e-01 6.122068247429325316e-01
5.026986331685563414e-01 4.962883394373245327e-01
4.568166600841524483e-01 2.666760805154281266e-01
5.359283117966702203e-01 5.365943679971069136e-01
5.052377185275135352e-01 5.365981132556629785e-01
6.040781045728536025e-01 7.333239194845718734e-01
4.274900234403063992e-01 4.060788686089041866e-01
3.959218954271463975e-01 4.185894912878960206e-01
