8.061730629681060911e-01 5.526290015668090527e-01
4.808494331367743069e-01 4.914116611757992636e-01
4.963282130329941810e-01 5.077207346119197995e-01
3.889600714334275899e-01 4.742389959555045054e-01
1.938269370318939089e-01 4.676115424233494577e-01
3.472923798226964509e-01 4.761833871699706622e-01
2.664067489514108100e-01 4.617594687831768629e-01
3.241626848535216765e-01 4.822008299591688529e-01
2.575672962889358208e-01 4.473709984331909473e-01
4.406508712050056231e-01 5.002865173370574237e-01
