4.016233878507547428e-01 4.709808252172594800e-01
3.771938532831322077e-01 4.735858387920009460e-01
2.141038816476305007e-01 5.003162054771369549e-01
5.417902952087494395e-01 5.056145106423575175e-01
7.858961183523693883e-01 5.687369872923851988e-01
4.929945975348168918e-01 4.312630127076148012e-01
5.731605533698043153e-01 5.308032674334290935e-01
6.101661743599808840e-01 5.441557760363548990e-01
6.226984636873440504e-01 5.336152810157286375e-01
3.771137543690663563e-01 4.767274876746269152e-01
