3.773721919998752616e-01 8.536772843282787182e-01
4.010929976089243620e-01 7.519263546269188137e-01
4.835802686194481392e-01 4.258426049169896088e-01
4.543324109683851697e-01 5.759908664138935208e-01
3.953653761064145344e-01 5.361574430096018862e-01
5.132246438324564730e-01 4.400029669054761894e-01
3.872267395626896036e-01 5.113030409448513502e-01
4.569339609884147113e-01 5.577016146113742412e-01
5.351847189403200478e-01 3.529372217897847608e-01
6.226278080001247384e-01 1.463227156717212818e-01
