2.460392769709900951e-01 6.298491840154276655e-01
5.332179423515921446e-01 3.362110059707792420e-01
5.199762056960451906e-01 1.988203665938250431e-01
3.797442808227787236e-01 3.560997300607144922e-01
8.521986121919735702e-01 8.722329533981950656e-01
4.917006704947856077e-01 1.277670466018049344e-01
5.556505252839593068e-01 4.785145316133964655e-01
1.478013878080265409e-01 6.434630620390157096e-01
3.434476417235421963e-01 5.350544252349120899e-01
5.630819466142047425e-01 7.241429717201028904e-01
