6.899978652110777544e-01 9.964937665827172664e-01
6.254455755559452657e-01 9.969727543482049814e-01
5.930720737101065065e-01 9.954356760655196368e-01
4.970149110490369448e-01 9.886024020252873745e-01
4.855854270819414120e-01 9.873034925072823320e-01
4.579550102587883753e-01 9.816479565292618448e-01
4.414639757301411782e-01 9.763996872198019705e-01
4.083648099733538928e-01 9.645375783058010022e-01
3.740515591971311782e-01 9.515874057555306909e-01
3.724495818190247665e-01 9.508638516175705879e-01
3.612757747049041290e-01 9.456270049414586820e-01
3.359071614773254666e-01 9.331617063596941986e-01
2.873296079627905009e-01 8.963961559924267242e-01
2.453325244884989598e-01 8.622314757830671361e-01
2.313838039352725806e-01 8.502841892746001440e-01
2.267278876108731467e-01 8.461176924384010700e-01
1.865033075561148834e-01 8.010853698464993622e-01
1.476080623013416027e-01 7.524278825978234497e-01
1.382016365134688396e-01 7.394321446869861481e-01
1.221456671125558113e-01 7.132260268926978730e-01
1.136497059445439328e-01 6.983967554381332876e-01
9.581336803751028253e-02 6.653628396156042735e-01
6.573318218009038816e-02 6.085299686872193137e-01
5.295064989880859940e-02 5.833350475200952401e-01
3.676046406661559462e-02 5.513261461730969426e-01
2.855458043113456856e-02 5.335542155518042673e-01
2.012898199271417887e-02 5.105564033656481149e-01
1.893191054328313694e-02 5.066216722404909278e-01
1.570202463271197502e-02 4.908157468355122122e-01
1.361250957752457857e-02 4.790925330667730186e-01
1.176115537592525850e-02 4.644834435826961094e-01
9.487020623531017272e-03 4.328646013248551583e-01
8.462769813477599712e-03 4.119647710211264968e-01
8.079773999144834740e-03 4.038491806968553810e-01
8.059654519804948514e-03 3.938292464879897814e-01
8.135871304973285589e-03 3.792601585850964296e-01
8.473544437694990883e-03 3.771184259441698883e-01
9.914245266032351012e-03 3.689583742995138360e-01
1.787616341302833423e-02 3.239464257528973379e-01
3.223972950313158670e-02 2.898445975059512625e-01
4.383957957336559463e-02 2.693444594502990563e-01
9.482382612775563935e-02 1.858201685941894832e-01
1.100405615620481115e-01 1.644809812690971595e-01
1.543124825926250887e-01 1.231892492310964204e-01
1.883788333017715200e-01 1.006638067571249406e-01
2.397275967905909688e-01 7.287285948784927303e-02
2.560333458069864454e-01 6.580201462862089734e-02
3.008692823137653072e-01 4.853273071013974871e-02
3.209037668577325864e-01 4.135645133448806465e-02
3.653778808308856263e-01 2.727650372041889870e-02
4.171607490849398303e-01 1.700388689264475950e-02
4.696424517593801307e-01 8.526099122577956990e-03
4.926011957864644408e-01 4.965050426949946250e-03
5.153541438742885727e-01 3.411613953233083585e-03
5.222327398189406944e-01 3.027245651795129611e-03
5.394210705525330773e-01 3.888145146829780074e-03
5.671378265483435488e-01 6.465810105709013378e-03
5.964287397067216112e-01 9.318357243714769922e-03
6.550005081215894975e-01 1.613110994764199724e-02
6.821504978752093162e-01 1.959225151166832379e-02
7.597633269892312136e-01 3.141173451916434711e-02
7.710639221078994243e-01 3.492571088935336743e-02
8.104451580971899771e-01 4.754313170884039152e-02
8.218965717299997475e-01 5.237437363448538274e-02
8.472475750981849352e-01 6.327026021214376961e-02
8.619100474498476716e-01 7.000974419337924193e-02
8.698459531147121337e-01 7.704957887021579577e-02
8.876857784373758387e-01 9.613651424147107161e-02
9.123738424480145603e-01 1.307058981267277264e-01
9.469298138682743504e-01 1.839011005097931362e-01
9.567041665240801906e-01 1.989723090953036122e-01
9.645147516617080807e-01 2.164740258699421327e-01
9.662950670714810508e-01 2.209202613672381910e-01
9.733174881272108614e-01 2.461464063254089618e-01
9.813959909081301225e-01 2.795060489558539585e-01
9.843358202977229299e-01 2.974185611419538633e-01
9.894413411477637199e-01 3.571758018525357237e-01
9.904973712977553912e-01 3.719556991421816283e-01
9.917802752600727301e-01 4.367110808084596618e-01
9.919403454801950515e-01 5.068960888142461929e-01
9.915372856430834103e-01 5.445148242275472672e-01
9.857246693295047546e-01 5.979766256905023614e-01
9.723374977725884882e-01 6.866182681000654320e-01
9.674270898701230470e-01 7.122654494042728324e-01
9.647928800919147729e-01 7.226395487195990119e-01
9.594048625107981509e-01 7.428926174736547594e-01
9.557343895300824954e-01 7.566461284888904570e-01
9.436539549406566252e-01 7.943829702260485348e-01
9.271687323330750630e-01 8.389353018851222199e-01
9.124881164231720687e-01 8.761126738561287874e-01
9.024843614143401860e-01 8.928641110402329994e-01
9.002315553474410370e-01 8.958532610475165026e-01
8.926795556226688744e-01 9.034894664953961874e-01
8.815132472451383538e-01 9.146626689846372171e-01
8.526053440218326340e-01 9.433108717318317016e-01
8.307285393926430173e-01 9.620449045669708932e-01
8.051517708028055331e-01 9.690883548200094344e-01
7.673333452954907985e-01 9.789956539212290032e-01
7.149945716595721423e-01 9.910608598992132201e-01
6.981036880760637109e-01 9.949178790081406598e-01
