9.746291830133659850e-01 3.188578985274974631e-01
9.837156689966619627e-01 3.418356124503099114e-01
9.853460335849741902e-01 3.567949468458473383e-01
9.906364455445431094e-01 4.232693319419428279e-01
9.929310976520078214e-01 4.668854933696408027e-01
9.932695207994316489e-01 4.818244077667599434e-01
9.932244502503595474e-01 5.450699269637356847e-01
9.917919447337438799e-01 6.056229325058435364e-01
9.910494710226082082e-01 6.256146153462478487e-01
9.840064495487127472e-01 6.782068582951448210e-01
9.822658262873974477e-01 6.867963495646320915e-01
9.775790940584702104e-01 7.083139850934826454e-01
9.764674148866822057e-01 7.131142440201285737e-01
9.714484991760052868e-01 7.293887510028389531e-01
9.666005927422737232e-01 7.410207061112425997e-01
9.587261385403768044e-01 7.593148553173761917e-01
9.316557080814108494e-01 8.140875050199929408e-01
9.213974952199931456e-01 8.346064444138500127e-01
8.814508943570801280e-01 8.889071722124143315e-01
8.783722165585672315e-01 8.928420266607114408e-01
8.332337215453983204e-01 9.313345485740022189e-01
7.953295273266195453e-01 9.611610657342997133e-01
7.911052328899504937e-01 9.638265536621425378e-01
7.905091703282675075e-01 9.640954626254608639e-01
7.705562655029409846e-01 9.725110228179753014e-01
7.536593470898932390e-01 9.764305807448594443e-01
7.307829454312172457e-01 9.812182552705074334e-01
6.948008396551395016e-01 9.883817312271933053e-01
6.856417420592917367e-01 9.898142408458640018e-01
6.198019435808930222e-01 9.949586801234009403e-01
5.701096910129538342e-01 9.939284181119210082e-01
5.374080607022324596e-01 9.921588688336437922e-01
4.950119310202930611e-01 9.884602837013389820e-01
4.471190779206559718e-01 9.826892707597679744e-01
3.953033263549877718e-01 9.750236544551457163e-01
3.513594372611326122e-01 9.634879234220875555e-01
3.442632563971573800e-01 9.614762233865048469e-01
3.023654638001131989e-01 9.466905637933407114e-01
2.458126559342089790e-01 9.143167118163012530e-01
2.149497758895480004e-01 8.957436981696560441e-01
1.964637498175935137e-01 8.837519045136625895e-01
1.601400698896756625e-01 8.523902471138230519e-01
1.458826618554420751e-01 8.398101603739677179e-01
1.379109182653899257e-01 8.324102025068749189e-01
1.238821819592913487e-01 8.161086332197553528e-01
6.247418969234830310e-02 7.306272307845189662e-01
5.269167761539039763e-02 7.097258537264601319e-01
5.057132894567406556e-02 7.050128446441061847e-01
4.026081661807712209e-02 6.799854871396489031e-01
3.254465700266007122e-02 6.434618632931183857e-01
2.879778835486024313e-02 6.250481735575188491e-01
2.487459857815488284e-02 6.047421093225496813e-01
2.008562548867576236e-02 5.775810168433725966e-01
1.752635688674075709e-02 5.624903776809001554e-01
1.601186019288480811e-02 5.525194098189112335e-01
9.905578132114012391e-03 4.936372711573171479e-01
7.929333640308677822e-03 4.622905848224918568e-01
6.730479200568240117e-03 4.407600840425505151e-01
8.129038120180398508e-03 4.126364301752686314e-01
1.008978800983517665e-02 3.915618339945476922e-01
1.669192235089167475e-02 3.447447342081646493e-01
2.024267896335352201e-02 3.321768917889931227e-01
2.514690081069093086e-02 3.161443117086248922e-01
5.302263440487653412e-02 2.351635357192858322e-01
6.815170211387422405e-02 1.962561243128512212e-01
7.350035534071763799e-02 1.839435375150241248e-01
8.159993299688783619e-02 1.724008669664804927e-01
8.518173637687287414e-02 1.674448188908953528e-01
9.488284450498751799e-02 1.553777036708203774e-01
1.160809293193856284e-01 1.334573632025973788e-01
1.528724373519972923e-01 1.041674917296968594e-01
1.656961056043989577e-01 9.478263109330098413e-02
1.703188507417868758e-01 9.156433836318089714e-02
1.832027737249988242e-01 8.283424655547044768e-02
1.881101044665864919e-01 7.953554081502400841e-02
2.104114315507388255e-01 6.459474360761607858e-02
2.204435406032210221e-01 5.914635279280977542e-02
2.220537150833681306e-01 5.827288521667783883e-02
2.688371751377667263e-01 4.132183262346322827e-02
2.966813435948459921e-01 3.218040624164464347e-02
3.131519766920124459e-01 2.697190341283017823e-02
3.498447027762947581e-01 1.677115906431403403e-02
3.944102326485503518e-01 1.273668235058389442e-02
4.517642024703206749e-01 8.165506452249893243e-03
5.573950074149598422e-01 5.048343735000959676e-03
5.622089874129211351e-01 5.041319876599059668e-03
5.733976646313659886e-01 5.561063185919090657e-03
5.935276985265476313e-01 6.778079553779847721e-03
6.839804416373105322e-01 1.389262564807436373e-02
6.944726806982033374e-01 1.564593092699384513e-02
7.329144000386065283e-01 2.355414115365428440e-02
7.855613743166084406e-01 3.626814807359601822e-02
7.890288129838689546e-01 3.715024304362257723e-02
8.039188057641240004e-01 4.540535939826939593e-02
8.137408138457371543e-01 5.222595390896656031e-02
8.472155593780966720e-01 9.076690847732460377e-02
8.631636410556117189e-01 1.109734186030538750e-01
8.849870511762383263e-01 1.423430697179117743e-01
9.237471169019735306e-01 1.986838430195746463e-01
9.404054609155299005e-01 2.378509632265520812e-01
