5.447061859710561338e-02 6.502487584713507740e-01
2.772789106693135386e-02 5.462067883302785809e-01
2.373293291444017461e-02 5.235040446352779986e-01
1.489676064850092851e-02 4.692450353325574586e-01
1.284054121692274064e-02 4.250254281749822338e-01
1.270147690272888097e-02 4.183474877832237260e-01
1.300539696376384891e-02 3.686593421902474299e-01
1.384050458651681081e-02 3.623177127813890230e-01
2.046215803193657257e-02 3.363971851936059521e-01
2.426193039463581114e-02 3.215682204402187105e-01
2.996828270698997931e-02 3.038644472326770263e-01
4.556245071188685936e-02 2.588510290393264413e-01
6.174093733739388634e-02 2.245062617483402079e-01
6.720214999612944551e-02 2.138207234812741220e-01
8.027248124734892576e-02 1.899403184769056230e-01
8.329201762675070286e-02 1.849226108995306594e-01
8.998913150515347459e-02 1.747489644865130032e-01
9.307100193247513920e-02 1.704416376380495368e-01
1.021304000062041584e-01 1.605012499862781272e-01
1.237334175503331246e-01 1.388037438036607840e-01
1.414394714624657712e-01 1.230764401751002213e-01
1.520116790147208463e-01 1.139991083519443782e-01
1.608375828358318826e-01 1.069734598161637962e-01
1.637197950259487444e-01 1.049855644467019289e-01
1.682105896463839678e-01 1.019076685739992438e-01
1.839614869889099613e-01 9.150059574261681927e-02
1.966443601613487302e-01 8.430490316651151339e-02
2.374071553930779399e-01 6.432989268117483839e-02
2.483047651784365262e-01 5.922533854078559923e-02
2.597091276436959695e-01 5.563358793783534928e-02
2.854100927252368192e-01 4.756053816062744133e-02
3.144905123808223180e-01 3.962191669768189151e-02
3.689675315172372128e-01 2.608479097034077654e-02
3.736415664729331731e-01 2.534834263117180519e-02
4.452543107288437496e-01 1.465430697353831135e-02
4.743233263234898911e-01 1.033103524945022667e-02
4.888509088206356989e-01 9.279094462292469814e-03
4.983160075163921010e-01 9.145902760238078244e-03
5.827409350533792054e-01 1.848397335895302085e-02
6.225102081991475966e-01 2.435324137590133553e-02
6.489242046433085775e-01 2.920795847351664865e-02
7.152952124958156244e-01 4.325730074873090913e-02
7.464054914389692819e-01 5.320333543156874345e-02
7.509168978005353878e-01 5.477027722725769099e-02
7.705109084174550649e-01 6.314261339794546846e-02
8.091412169400926668e-01 8.062133273622618113e-02
8.272557738022168206e-01 9.023401378591799915e-02
8.451674666795496726e-01 1.023235403408239153e-01
8.851501185749151013e-01 1.317437408177166702e-01
8.958546659361450448e-01 1.406169989977879009e-01
9.248315012431909121e-01 1.791321139607559010e-01
9.266393376548778260e-01 1.824835323664062425e-01
9.405448068549338014e-01 2.172115162783001541e-01
9.570271233083780249e-01 2.617477640784698911e-01
9.747558022526310317e-01 3.134123371456809526e-01
9.872985230972710635e-01 3.581327002254799385e-01
9.852881082364224330e-01 3.805616098319032359e-01
9.823791114997511009e-01 4.043253902836554392e-01
9.736652244411105883e-01 4.503324898809684118e-01
9.554231172470448730e-01 5.251623226902087938e-01
9.420216704728874291e-01 5.792300802275934801e-01
9.271788683780837204e-01 6.291704086727383238e-01
9.163295889795912696e-01 6.592603142256987514e-01
8.939162837623497726e-01 7.034789676473067743e-01
8.919721470260884022e-01 7.068476107065196912e-01
8.511062055491700473e-01 7.771989880003454809e-01
8.100671225380353668e-01 8.374116123693751135e-01
7.917541713699338679e-01 8.620766317318970806e-01
7.758838149794873296e-01 8.816895702001619206e-01
7.508592736779458043e-01 9.057053887845961659e-01
7.248593872672439709e-01 9.256308702964953783e-01
7.151224239077562661e-01 9.322925734325930858e-01
7.101050870512319868e-01 9.347820580039916116e-01
6.644864003093924332e-01 9.554603063882803893e-01
6.450146240528662478e-01 9.637110604033175543e-01
6.272018838867721158e-01 9.695504475159308910e-01
5.973300275756032729e-01 9.775225447159497927e-01
5.704647625939727185e-01 9.839069401188395014e-01
5.452619205489575016e-01 9.884873035415132625e-01
5.363346758325995278e-01 9.892645095395755650e-01
5.273847356326595293e-01 9.899035985972762797e-01
4.979525531965231511e-01 9.908540972397619218e-01
4.799406998267913838e-01 9.908311051238012368e-01
4.602018727188773028e-01 9.900743880645632711e-01
3.878227452559457888e-01 9.866484038960959824e-01
3.669894613864408961e-01 9.827133716282315801e-01
3.363278032859614020e-01 9.757050047351260025e-01
3.251776818663486002e-01 9.731136198142816829e-01
3.223331429591521080e-01 9.722641045618577449e-01
2.973144902681840729e-01 9.629862115678965440e-01
2.674411411491153800e-01 9.500231902185287680e-01
2.618176653017499356e-01 9.467741190590299727e-01
2.190801815176598999e-01 9.204156127716315305e-01
1.958618283948787009e-01 9.057245932711939229e-01
1.709251408370193182e-01 8.880172431389089516e-01
1.419686131837419318e-01 8.667794602472507215e-01
1.115728708802809499e-01 8.177006443309974282e-01
9.998054433049247125e-02 7.952930193535993064e-01
9.152598940043127351e-02 7.726580556007498490e-01
7.098319839408290255e-02 7.072820739508399734e-01
