9.511635838833836232e-01 3.021926769600620233e-01
4.662921292778811622e-01 9.919675843669951698e-01
9.933476444784286041e-01 4.654407511602426384e-01
9.218345348136860462e-01 2.469719043379421386e-01
4.460667075721797548e-01 9.934997773413787314e-01
6.445730442417862971e-03 3.618751452185454687e-01
9.478260747642792694e-01 7.020421730594580412e-01
7.226577553411275279e-01 4.015409346322240669e-02
5.973066186100979280e-01 9.681648790022491236e-01
6.233763065221531452e-01 1.139395882661575765e-02
3.013444668773351820e-02 5.504292125312958417e-01
8.230413377202638880e-01 1.047469507692011526e-01
1.865782743777957831e-01 9.396742598303143845e-01
9.533522652733514846e-01 3.082850477080651963e-01
9.888180338754033460e-01 5.651946789397995774e-01
5.928194631328145281e-01 7.529602986509620344e-03
9.883368948909949658e-01 4.220535890130654444e-01
9.952878343587536758e-01 4.856108505898164562e-01
4.225124769503257882e-02 2.035320311693965545e-01
2.449740883348489051e-02 2.476128975609638294e-01
8.234020559684052110e-01 8.633472046311094772e-01
2.861745266356238715e-01 1.585058578001941054e-02
6.153983928706920903e-01 1.022960834905917160e-02
1.460183350448691075e-01 8.815690965927067690e-01
9.873699215978830601e-01 4.168221092054316124e-01
9.846634625575654276e-01 4.038403575211753083e-01
1.030972435684684441e-01 1.320464387850119881e-01
1.566768964126857844e-02 2.736338244182247026e-01
3.357800868149030671e-01 9.962578661351922937e-01
9.284529446625096050e-01 7.487712255918492765e-01
9.045257247713904825e-01 7.895770070088121706e-01
3.505194757457322230e-01 9.983381932185318997e-01
1.302685820484549839e-01 1.098544339431486438e-01
4.515236330680058585e-01 1.661806781468100347e-03
5.106800370549477996e-01 9.846900470860954213e-01
9.041137802634284792e-01 7.900722400904429676e-01
7.446691173340922454e-01 4.940945860057310846e-02
1.746986094249231014e-02 4.654871211985776025e-01
7.358704705884233643e-01 9.193358747762548910e-01
6.159214569997756294e-02 6.907997509416686777e-01
2.518733308393939496e-01 2.765711862892672457e-02
1.963089852662086576e-02 4.821252687042348883e-01
7.969860626905828083e-02 1.540316778462289538e-01
3.156483582793144227e-01 9.916889484001454313e-01
6.392906956927393303e-01 9.582578550302138787e-01
7.453935732815997195e-03 3.130668489747797656e-01
8.598121131090952218e-01 1.465109586263255714e-01
6.146499966022902495e-01 9.646343518811388851e-01
3.555518618034415046e-01 9.982251394645549336e-01
5.208473746291836237e-02 6.525991843183882590e-01
6.199585589048903778e-01 9.633340981873169673e-01
8.826928797789312942e-01 1.825505767713517802e-01
7.464862298487251469e-03 3.728474462607823670e-01
8.022189990270047755e-01 8.795244811995094336e-01
1.883952022452987651e-01 6.682296349990324291e-02
2.368996092847640011e-01 9.676848864391227600e-01
4.712165641246268688e-03 3.271377440032652295e-01
4.940347699130545611e-01 9.874418878375045283e-01
2.745651805042986782e-02 5.361877578405150890e-01
6.927759570568541303e-01 2.830241833633551085e-02
5.363415462430959346e-02 1.790866438457096033e-01
2.690058964741787184e-02 5.332104045195249498e-01
1.232489786413585864e-01 8.404582629270879179e-01
9.776760247855902364e-01 6.111424175807761427e-01
9.711630219520195340e-01 3.584700121598117795e-01
4.175443362855561502e-01 9.956466153333147773e-01
2.065761393442342997e-01 9.521746123516593441e-01
4.005899528949022348e-01 3.776899707640057891e-03
6.869978961525897709e-01 2.635891760810427087e-02
6.522550653300152046e-01 9.541375178390375522e-01
8.036083807985148209e-01 8.448917330110294888e-02
9.367510310943580887e-01 2.720812266724249584e-01
8.074119364051770553e-01 8.761485208884473019e-01
2.318878336688348640e-01 3.743528143589636148e-02
7.935684219958344388e-02 7.535039077232400517e-01
5.646071412183661931e-01 9.744297044110352690e-01
7.903827175054551901e-01 7.432203312202256829e-02
2.061874190507597127e-01 5.396027812930437317e-02
8.551419774692348152e-01 8.349755632283086815e-01
8.301333003759847617e-03 3.808424290823839709e-01
2.487716150016429650e-01 9.734466546606114212e-01
9.199635273686044279e-01 7.634496600774376418e-01
4.226568116038248446e-02 6.125462171734494810e-01
1.110782490915342424e-01 8.184014042790798138e-01
1.853353864575940646e-02 4.743359058811569273e-01
5.379087376969251544e-01 5.039475351052757901e-03
7.316885223076458056e-02 7.325497934968400182e-01
3.528673592265560433e-01 8.224050608912514271e-03
8.555812850786268520e-01 1.415147724118113182e-01
6.146110554589817587e-02 1.714181621523017673e-01
8.918560765527772105e-01 8.015228707955606158e-01
1.487641769148662640e-01 9.575462712023530276e-02
7.878084039426307417e-01 7.289617954429850055e-02
2.772074329441175933e-01 9.825694965071203324e-01
1.759466278312942777e-01 9.286769943226744761e-01
1.523902258641768315e-02 4.459796571034202461e-01
6.889259623113714870e-01 9.405396505378329497e-01
3.245915922469845838e-01 1.105751449419645205e-02
7.073422389389512066e-01 9.328360566266297171e-01
9.908945255256529361e-01 5.511703091458335368e-01
