3.404736101338179388e-01 2.960128596188149608e-02
9.520800743264729027e-01 3.923742116976816074e-01
5.967166968322489273e-01 3.686404264062093095e-02
5.885565899478584218e-02 6.642135806634449358e-01
3.835354804797215245e-01 9.756344935744035718e-01
5.926360034199047444e-01 9.919178321693962186e-01
3.029165043126367252e-01 3.946619581074228833e-02
8.257650602592677691e-01 2.081102153865008741e-01
8.935787605418615831e-01 8.819764475277986904e-01
7.176656280109643404e-01 9.179027711386411603e-02
9.718275638921607396e-01 6.870316019620692494e-01
1.256760512182850675e-01 1.475271106888761397e-01
1.008551664682597604e-01 1.772144173279859292e-01
8.851379930872945723e-01 9.001560170697797680e-01
1.997723462054037391e-01 8.936254414384500189e-01
6.484467777991924642e-01 9.907857464852664053e-01
4.213353581678025428e-02 6.115731213985998727e-01
4.886268113649727685e-01 9.875557121001449223e-01
1.670192321160857141e-02 5.057505589052101458e-01
1.595060809349824194e-02 4.754378217906578552e-01
9.606724938089060695e-01 4.177654235076485589e-01
9.300330992877546832e-01 7.956677800186361393e-01
8.514079740431668153e-02 2.008001820236051671e-01
3.320137905473252715e-01 9.607393563133739267e-01
4.229189647842730437e-01 1.013194546136475527e-02
1.893190515280830377e-01 8.840923132467991552e-01
1.169643123636777693e-01 1.577480801491467632e-01
4.886049105239659296e-01 1.241954743643858272e-02
8.791196221969802549e-01 2.778631538764231301e-01
2.542170882894636552e-01 9.300313278757498248e-01
1.498836604082717239e-01 8.447909535946156456e-01
2.715900059610815154e-01 5.045828554417131073e-02
8.402640010513040547e-02 7.353825065092207680e-01
7.253789488791962947e-01 9.806751103242278278e-01
2.086648799335658611e-01 7.460457178877044626e-02
3.130950711732620739e-01 9.548936518396600182e-01
6.921150611614724779e-01 9.855189879277489462e-01
7.164351444322081264e-02 7.027634882214781609e-01
1.979067399046257059e-01 7.938535289328096933e-02
2.671411535470336052e-02 3.344206179915085730e-01
9.595607482771779662e-01 4.123505665168414325e-01
6.378772240064742860e-01 9.912413355663864944e-01
4.555756498892672424e-01 8.082167830603781411e-03
1.891490246759466309e-01 8.485077332307078279e-02
2.388522194277734600e-01 9.206565312654875211e-01
4.953237768476168590e-01 9.880494828904897719e-01
8.231797646298610882e-02 7.313096257865773220e-01
7.669884141550664669e-02 7.168556012126960919e-01
9.398376179708733957e-01 3.684507322609119617e-01
7.906948061668638283e-01 1.632329243544450303e-01
7.293124583147311268e-01 9.800297032910643136e-02
6.143920660517165899e-02 2.394681872536078560e-01
4.965562622987795827e-02 6.355387416499412856e-01
1.131581588344495737e-01 7.885168456710683893e-01
9.379936875415662012e-01 7.762021066145422532e-01
2.890147980013024753e-01 4.406579006918753816e-02
9.651438861010789294e-01 4.441025661241716493e-01
9.830700489892237881e-01 6.350308984521114697e-01
9.094185176521696334e-02 1.919195002441529407e-01
9.164956802994512763e-01 3.323689928800768190e-01
5.233043529952715600e-01 1.846797397177735167e-02
9.731065773238649630e-01 4.924140692952727605e-01
2.786263070434125133e-01 9.421699759311060740e-01
9.839768171368845628e-02 1.805175395827269824e-01
4.178504243468997847e-01 9.807592617590535911e-01
1.583703357901899977e-02 4.875871896908710035e-01
2.232450335218916226e-02 5.437400056653181046e-01
6.176818750743506836e-01 4.528169668293635652e-02
6.585325881807662096e-01 9.899676065901180655e-01
1.831778653688975744e-02 5.223744699411719816e-01
8.794617232190660161e-01 9.113129922087825907e-01
8.485764889340677852e-01 2.373957425118674580e-01
1.321901530408113867e-01 8.183306427650303139e-01
2.076669958807026983e-01 9.007185898546435920e-01
5.579399159437858913e-01 2.559659469767772144e-02
2.274597799638284901e-01 6.668338586633126841e-02
8.974907510089086271e-01 3.039465387558057952e-01
8.245356417407656568e-01 9.544338540376513524e-01
2.645017904613938819e-01 9.357411881837717216e-01
1.750161430259455919e-02 4.467621968918349395e-01
2.466214875376604443e-01 9.256219645805356944e-01
2.070236420365423324e-02 3.933185585004033147e-01
3.850329722174367086e-01 1.844048670179143645e-02
3.775907422515112355e-02 2.969966209512500122e-01
1.343659262317115077e-01 1.378058187098205600e-01
1.772929009432960834e-01 9.239848470502554090e-02
9.551629830593438841e-01 7.324617591818255447e-01
9.209414993078779421e-02 7.546067643631537702e-01
4.645418285435631844e-02 2.739722345654325153e-01
7.566747809277462045e-01 1.264248102051188649e-01
6.582975014449229390e-01 6.359578111380503884e-02
2.937821098531189223e-01 4.240784838375399879e-02
3.708890126369847051e-01 9.725638282832738124e-01
1.688101190220526737e-01 8.642508880180699293e-01
1.824649207778616944e-02 5.218206985436494305e-01
1.451193212217393169e-01 1.262433421898626618e-01
8.604508717604836265e-01 9.347054228865213643e-01
9.841629664209811112e-01 6.135177898368232574e-01
9.812779749486780778e-01 5.726903002804797360e-01
2.434025804968109608e-02 3.442995259231992344e-01
