9.561628471813057306e-01 1.513666251943868168e-01
1.355640534233942818e-02 3.861699271331011651e-01
9.066455034567997284e-01 7.275373206665810555e-01
1.254603798594663977e-01 1.973189293885609930e-01
9.937973922011476002e-01 3.887543662910590836e-01
9.896535342540018210e-01 4.677156895360961020e-01
1.672089258367618902e-01 9.214889181058333323e-01
5.575892736608873967e-01 1.180345123884696257e-02
7.689928271542858518e-01 9.078940782359308237e-01
2.097835555344901293e-02 3.652775023199096305e-01
6.950058876440514677e-01 4.914720181201537308e-03
4.471129292424108059e-01 3.656719720338053037e-02
2.702514990853719934e-01 8.396227589732463414e-02
6.230490767823113618e-01 9.787975414443881306e-01
6.782117883512859269e-01 4.884646435701189837e-03
9.928628296004795573e-01 2.675633765403578890e-01
9.958570005901150601e-01 3.438523843167150540e-01
9.507769207823015822e-01 1.428759742530951726e-01
1.050465471562325726e-01 2.176334621278919190e-01
4.904645089873134745e-01 9.951153535642989212e-01
4.628857407901234011e-01 9.944474938141204534e-01
5.519964922624127635e-01 9.920021652194983552e-01
4.142999409884884354e-03 5.390911621623452055e-01
2.822025169446679693e-01 7.811100733824227760e-02
5.880637182165033838e-01 8.161007191053615273e-03
6.308087009177802962e-01 5.402910378156433602e-03
9.208960617582746533e-01 6.972643140883258983e-01
1.051671063458931021e-02 6.946077989277417153e-01
9.352401278009156993e-01 6.644610800728900646e-01
8.109078288816484736e-01 4.077226486820917373e-02
1.690578758277311300e-02 7.205232926065937571e-01
6.072990433955345324e-01 9.831754175914986238e-01
4.057099016064464325e-01 9.886214400493030796e-01
1.523893490271882589e-02 7.164488460730888963e-01
2.166361933357308645e-01 1.195810649245052648e-01
3.379034467497895045e-01 9.814435130339741464e-01
1.113971305245329835e-01 8.622899605466476380e-01
9.922732642585874174e-01 4.208201556629527218e-01
1.309820268415667899e-02 7.071389813053488016e-01
3.746685061395173544e-01 9.854073447392119878e-01
8.350533974078949706e-02 8.299024731404935906e-01
5.923949645472248449e-01 9.863062841585529261e-01
3.414286872535346462e-01 9.818604795994347878e-01
8.275837567284998197e-01 8.696008442419769224e-01
9.435570512568194346e-01 1.316156597317702515e-01
8.755229709058649501e-01 8.018788321318182089e-02
9.758930386385040734e-01 2.009854793122693994e-01
9.535240728504565944e-01 6.180862181025840174e-01
7.872512348943574434e-01 2.997953505110628747e-02
7.001504614958993233e-01 5.206312073140262342e-03
9.821901268658093098e-01 2.226654431737340456e-01
5.015992705813503427e-01 2.393890977501866857e-02
2.999870090912135079e-01 9.741954026007348943e-01
7.540755076284999525e-01 1.779819032678731094e-02
7.091749357109600194e-03 4.363983308691676832e-01
1.021451309349404313e-01 8.523042841897781052e-01
7.757967183250886745e-01 9.036119822499771859e-01
2.552754849908373536e-01 9.647975123802718933e-01
8.306402411080977544e-01 8.668002630885279780e-01
9.725971693442467814e-01 5.530078785152765519e-01
1.786460327034827822e-02 7.226970946852580013e-01
9.892406457616900184e-01 2.469438592333541571e-01
2.792213196000466469e-01 7.923737695697563588e-02
1.606606693481454906e-02 3.754941259947012222e-01
9.942055225377717242e-01 2.797125050999746954e-01
3.274549535919896170e-02 7.560674565980994855e-01
8.639418752954610703e-01 8.113206620325073004e-01
3.974178261315088334e-01 4.876682926073516722e-02
6.938419092005487787e-03 6.725595085506158588e-01
5.615349552263942945e-02 7.966242542739432331e-01
2.178902675744727735e-01 9.515268340152374105e-01
4.011315764506678816e-02 3.268561335561732673e-01
9.816010582942593654e-01 5.200833161061320098e-01
8.422195384520221317e-01 8.499345012038559410e-01
9.619667539325091887e-01 1.608928881408067113e-01
6.883688662792974977e-01 9.562065597884656931e-01
1.370239521309740693e-02 3.851579927829349437e-01
8.297709842900287125e-01 8.677632018496629351e-01
5.602053621192759625e-03 4.511403737997885521e-01
5.316686653558571063e-01 1.713844535522524026e-02
4.780695385580624457e-03 6.166765951385082545e-01
7.476100392362645675e-01 1.605989650611139297e-02
3.071386120752119253e-01 7.153275573448503177e-02
8.947090031506268470e-01 7.520639300169809083e-01
5.829539242257057996e-01 9.881399467729675701e-01
5.790233753506914827e-01 8.785496247756041654e-03
9.132554966712886912e-01 1.071253564979974815e-01
1.824113650688402033e-01 1.434605198640253043e-01
9.375618873826025990e-01 1.247259620336174102e-01
9.952147688251369306e-01 3.086519855659348721e-01
8.031204007733518946e-01 3.672079414329965097e-02
1.817410751324077256e-01 9.337723656000780359e-01
6.584592581507053843e-01 9.674000489288271387e-01
5.072280651353542336e-01 9.949689167704074411e-01
8.512192733496761754e-01 6.420730404554753079e-02
1.985089601286326721e-01 9.439844577932555714e-01
8.847814916468170754e-01 8.667021053067847092e-02
1.683147005749119907e-01 1.560626667762614606e-01
1.740026327033537545e-01 9.272809117607139218e-01
2.574869383319388638e-01 9.137288764419559950e-02
