6.274976947943958772e-01 9.696562633207922444e-01
2.073371109979837978e-02 5.649715442405792709e-01
9.915498701332073894e-01 4.632033397406069009e-01
1.645040670093371737e-01 8.683801733232719977e-01
1.361922879729619007e-01 8.411000336202694161e-01
5.105471132050573013e-01 9.777588565231073447e-01
4.999343512446708937e-01 9.782432468017434601e-01
3.500147602050005524e-01 9.594868150257008788e-01
7.155395296305566699e-02 1.236433632814906147e-01
9.806956744867850739e-01 5.485756606024150273e-01
3.875115345958223267e-01 2.215927110746240825e-02
3.696909621275545899e-02 1.876628586470355797e-01
9.067223767330675477e-01 7.968420780419928073e-01
6.111104074187534430e-02 7.132728803130768958e-01
6.068446867422532254e-01 3.019847332229952386e-02
3.152822534676114064e-02 2.026320154827704334e-01
3.531147709161907011e-01 2.185790662271824836e-02
8.861242620086717814e-01 8.395280597317965610e-01
1.927846136618639461e-01 8.907253418774629949e-01
6.419784014220856205e-01 9.681232772362068362e-01
2.509366133455106507e-01 9.263837749688129675e-01
4.808948558263260731e-01 2.324142975379828169e-02
6.983434777854979902e-01 9.608913865804302734e-01
9.575627072443081422e-01 2.433966944073123750e-01
9.672985407608518660e-01 2.655440913930120495e-01
1.132955322173446744e-01 8.352543365703968270e-02
4.406347353138138079e-01 9.742949163337021323e-01
7.427128797444235708e-01 5.999440396110322649e-02
8.093951352937115429e-01 8.734064324795376422e-02
5.273281553973258040e-01 9.768269904449479180e-01
8.849668395896594930e-01 1.378552769951837398e-01
9.514490119619938291e-01 6.841954475143547931e-01
9.167274202645103731e-01 7.750984941603197287e-01
9.940409668456029468e-01 3.636918328713206749e-01
9.818759275096323735e-01 3.061877129338732573e-01
6.999377453539775695e-01 4.786419271644481999e-02
1.372309369718655025e-01 7.057548430556770391e-02
8.254886105583131295e-01 9.433432318211332213e-02
4.486534753855542235e-02 1.670692053507950581e-01
6.277125682864248546e-01 3.206635368324162183e-02
8.005733605890024140e-01 9.369909069313215877e-01
6.184292063125249594e-01 9.705588721373478167e-01
4.349018687782879589e-02 6.699735579857679646e-01
1.208015738215839630e-02 4.964038755991607710e-01
7.334802441421057750e-01 5.685825661545595988e-02
4.207888235888912476e-02 6.664619143555524650e-01
3.922887310358516011e-01 9.679589734700797532e-01
9.723388333248109694e-01 6.061033002557980609e-01
8.670743581053556026e-01 1.234098041819796654e-01
8.234307106572757995e-01 9.205584124627227416e-01
9.940256421713936641e-01 4.259123715753770911e-01
9.925846263405244674e-01 3.519115384948343639e-01
9.944108047821059726e-01 3.947948311903738405e-01
9.808615152108957069e-02 7.844681592840008211e-01
3.160999943101538978e-02 6.352483783612387080e-01
1.447832851848379621e-01 8.515440559202185344e-01
4.385900118962571259e-02 1.688709860079170566e-01
2.141145969573898800e-01 4.631736218470261512e-02
5.834237681672433951e-01 9.733621192432710956e-01
5.727933804784157701e-02 1.461008076115403176e-01
9.332873339161065207e-01 7.329288675999068303e-01
9.270528874069824399e-01 7.489683102137558723e-01
5.327283545736793968e-01 2.516943362764845205e-02
2.840570712444520085e-01 3.234237430315634043e-02
1.392204109824379810e-02 2.863211490643627899e-01
4.593660960813624738e-01 9.765397362112816504e-01
3.082673640358513101e-02 6.310160237202878664e-01
3.385532413773130189e-01 2.175675319825665088e-02
1.010799950993884755e-01 9.173027716592785374e-02
9.868390107700238945e-01 3.254600416989261724e-01
9.589183087853867526e-01 6.638342609709177999e-01
2.340095564290095576e-01 9.179426316287703225e-01
9.157050895928992018e-01 1.750869523189617638e-01
9.094403534550130619e-01 1.652159353950505283e-01
1.703707337261969323e-01 5.611900468144759291e-02
5.264659785721155227e-01 9.768755642252718863e-01
1.712918632533055874e-02 2.625511057049614294e-01
8.542164974479137252e-01 8.885731722148345613e-01
8.432983427943030463e-01 9.013525168650857733e-01
1.499224713926350372e-01 8.559751933850993089e-01
5.986777195924775086e-03 3.583980011534578791e-01
7.863773642446958423e-01 9.448314918238414073e-01
9.708268385406173540e-01 6.152136177317167887e-01
6.642476068378098120e-01 3.869698920921615937e-02
2.934327262929624647e-01 9.424731137921771307e-01
5.891370196740464138e-03 4.213660149373071873e-01
5.589195217894027401e-03 4.139691419351944068e-01
6.386489820763840974e-03 4.328194159238276661e-01
7.820104075528455656e-01 9.458533414593777167e-01
8.076932444128981370e-01 9.319083814882834771e-01
4.618319991132813218e-01 2.289086525200034750e-02
7.366869201943296863e-01 9.544483859320677110e-01
7.472769914209520525e-02 7.451586649389798644e-01
8.658629784349262115e-01 8.715441298460459008e-01
9.843915373039170413e-01 3.157568155272140187e-01
3.786697717783912287e-01 9.659265813710613546e-01
8.984465207112782847e-01 8.142728085168129404e-01
3.658982453255195111e-01 9.630864034515689287e-01
8.440134560864522850e-01 1.066512330402816788e-01
8.779704364481577539e-02 1.033087045733496190e-01
