1.367125964996636078e-01 9.412641389636404732e-01
1.265279448293840092e-01 9.345999164058668152e-01
1.026640200481304666e-01 9.125832897146218814e-01
9.378650481001837846e-02 9.041075889874571336e-01
8.687702704481403693e-02 8.968544572637811019e-01
7.999624717892361847e-02 8.877901955856660754e-01
6.852800513419621264e-02 8.638612848916464859e-01
5.240556448549793522e-02 8.213359254975696189e-01
3.862559425050737794e-02 7.845086981557994887e-01
3.073851619920864309e-02 7.627823265974439382e-01
2.190763737178735848e-02 7.267959748848082935e-01
9.422030673908676768e-03 6.749084208120196271e-01
8.739849622822815078e-03 6.671989568703241558e-01
4.247016507414658193e-03 5.946240066852762629e-01
4.449727716964613222e-03 5.296361693161147910e-01
5.012550259750780945e-03 5.208043590867487138e-01
5.155151213347530792e-03 5.187904949381182407e-01
6.701938519263039851e-03 5.004791666990674459e-01
1.068757254449770322e-02 4.619606600678671793e-01
1.631380760373490890e-02 4.352386300256900764e-01
2.138389189172740235e-02 4.136218272246821037e-01
2.988326019130826960e-02 3.795824003615496656e-01
3.466625717472160417e-02 3.662439371213699335e-01
3.694577550775812735e-02 3.601973850728857895e-01
4.697771078712253967e-02 3.360884893719590094e-01
5.174929403774664038e-02 3.255092657748152041e-01
6.216941081703131200e-02 3.063536934846458060e-01
7.962755674475519019e-02 2.782028191649208448e-01
8.857882265147609679e-02 2.643889831854780992e-01
1.120749994562838525e-01 2.339020599082886065e-01
1.270026856314699915e-01 2.179530481487984561e-01
1.686317152115460738e-01 1.761129537081380647e-01
1.989631194523910906e-01 1.479481194493736940e-01
2.190679689312550193e-01 1.345548596138690378e-01
2.498821096729120228e-01 1.154411150510383788e-01
3.238232855036271562e-01 7.002703740015225886e-02
3.412805090270419894e-01 6.055006734584533756e-02
3.571443327108556609e-01 5.275422894951620201e-02
4.029509826970891773e-01 3.435463982201780730e-02
4.328443250213158677e-01 2.584624078225405963e-02
4.488743445697896961e-01 2.187905751893204354e-02
4.624891251132975389e-01 1.878994587170990105e-02
4.765396929778660251e-01 1.582007546810748622e-02
5.370273596984206366e-01 1.085572374316801092e-02
5.734634459563777709e-01 8.458792768564871167e-03
6.277313732975409177e-01 1.136794582420019850e-02
6.452393426398400633e-01 1.239324353939663670e-02
6.746103788526265355e-01 1.462248699547286090e-02
6.962608467231705678e-01 1.745072848100759355e-02
6.995943865726340638e-01 1.798376416602454064e-02
7.056677130979613910e-01 1.907170887329301401e-02
7.357338660943186781e-01 2.467849729186377683e-02
7.577853716443648802e-01 3.007644741309545289e-02
7.814278008234439854e-01 3.655607141358852008e-02
8.017759595346308776e-01 4.360741775083032401e-02
8.113819258890112573e-01 4.710579468876618936e-02
8.431621687195550718e-01 6.323497119518528553e-02
8.626179320364328884e-01 7.415259348257419170e-02
8.895529384515513671e-01 9.401876523994179280e-02
9.221583302204409138e-01 1.193134243095108626e-01
9.325485703020557349e-01 1.414110337326742739e-01
9.547917217613157703e-01 1.968935713429509349e-01
9.763902739734096059e-01 2.528138674055465662e-01
9.776249062601649609e-01 2.564272072140757475e-01
9.852524733950934754e-01 2.798590264194217303e-01
9.868535921716958814e-01 2.915625348177678378e-01
9.881823647537073541e-01 3.097696576803856683e-01
9.930335592413050971e-01 3.765844469692432028e-01
9.949069804532716388e-01 4.125445174176293195e-01
9.957529834925853418e-01 4.471721366271337317e-01
9.952669734420021008e-01 4.738787500226377958e-01
9.935667783523804975e-01 4.924401133787531526e-01
9.731609249085432234e-01 5.828750382549178211e-01
9.706504491192031736e-01 5.928920445090608560e-01
9.607262068228429319e-01 6.216519538293283631e-01
9.415228134415962735e-01 6.641314462144656261e-01
9.340398097717510506e-01 6.773273491926325995e-01
9.098743710557473108e-01 7.118155856722061525e-01
8.938080459854309545e-01 7.333850707699455240e-01
8.576564632326407756e-01 7.807968513658447574e-01
8.043517694310453603e-01 8.399428432340326767e-01
7.740715474570253329e-01 8.711994353996663776e-01
7.383012383908605925e-01 9.080854139994561924e-01
7.301769125395695115e-01 9.135560569461492753e-01
7.151254955048254036e-01 9.216815200997235946e-01
6.725596793785132421e-01 9.413524756908623337e-01
6.402724493610847389e-01 9.546450625218176889e-01
6.154861420286872331e-01 9.648426594583953131e-01
5.912595812212051438e-01 9.727038929173317250e-01
5.727801986070465423e-01 9.782945238578752978e-01
5.217636459128617288e-01 9.910061242369451184e-01
4.872247723732597846e-01 9.915412072314351288e-01
4.743989448382438523e-01 9.910290458258350643e-01
4.061038681519493210e-01 9.879853332365509111e-01
3.512246210512638411e-01 9.845053164931580891e-01
3.004567344584939681e-01 9.805725089559099716e-01
2.754774621224498343e-01 9.778977418443073333e-01
2.433628564584336962e-01 9.743199060674917478e-01
2.227198408476200875e-01 9.719656933601232840e-01
2.021666854742156794e-01 9.696160098258125304e-01
