1.052276479624469907e-02 4.329683184169212939e-01
1.000614607690797353e-02 4.098355046453312500e-01
1.024680934963939638e-02 4.066805532713040350e-01
1.139591202780365631e-02 3.995129614594604694e-01
1.312701340274069484e-02 3.901162388142684900e-01
1.643222489953699572e-02 3.725674545304320517e-01
1.820000095179019617e-02 3.639090709191900030e-01
2.990082013386152759e-02 3.090122030866840896e-01
3.433530216686775383e-02 2.899985990413783687e-01
4.405681357769763995e-02 2.625044337201837275e-01
4.849677298967913774e-02 2.533773783734056817e-01
1.032314452742477684e-01 1.956146518145761570e-01
1.392843767398938004e-01 1.635292370368403025e-01
1.634930477072504829e-01 1.447303579310971200e-01
2.085025337554216041e-01 1.130555650901339249e-01
2.112054550047439694e-01 1.115779804732878189e-01
2.210902225746708138e-01 1.065548648361430706e-01
2.283282200261809169e-01 1.029174237248327017e-01
2.549800564037368877e-01 9.141107470028186910e-02
2.839933935304119750e-01 7.963266717243155934e-02
3.409464034151986622e-01 5.946010836407422673e-02
4.009688345844825141e-01 4.183082569856944044e-02
4.064319907411734212e-01 4.074194889328963676e-02
4.392700062722839638e-01 3.439652970581497105e-02
4.809024219539037581e-01 2.768674287407713042e-02
5.242136203444137665e-01 2.107957345562783136e-02
5.473881375969454899e-01 1.947745924655319705e-02
5.716756037249949296e-01 1.928553825394063725e-02
5.970983986335637317e-01 2.087123724559547533e-02
6.497513805695174227e-01 2.713940138463766250e-02
6.911329283774442223e-01 3.353839704958216927e-02
7.459430522879444414e-01 4.666292036862107473e-02
7.745285692979121395e-01 5.735454726801914038e-02
8.082612953598564687e-01 7.518349595372531002e-02
8.218319566174325796e-01 8.322668325809667866e-02
8.694335521768348229e-01 1.150459418206530859e-01
8.954909217207772665e-01 1.353439230551896078e-01
9.073033956740332862e-01 1.449669405352601581e-01
9.187204178377686992e-01 1.589955355809223869e-01
9.484521832159028554e-01 2.012912206931425363e-01
9.571106180920048168e-01 2.149522526360687635e-01
9.688529912328273097e-01 2.342400407062790180e-01
9.738009837859691320e-01 2.482541351135030272e-01
9.790452856050699815e-01 2.675871560697193896e-01
9.807157301632575264e-01 2.817349833626439093e-01
9.838459694100361030e-01 3.152209328345670913e-01
9.876590998666009424e-01 3.688579110088004986e-01
9.899938539230920265e-01 4.265875123015847592e-01
9.853398857083784934e-01 4.632843556188601664e-01
9.764262764315939647e-01 5.235001160791552532e-01
9.741545497511975293e-01 5.378214752348698946e-01
9.654510923899889407e-01 5.787658247444523729e-01
9.420130221504843249e-01 6.674442778468455684e-01
9.396984658496422282e-01 6.737986846122964169e-01
9.354241617963403588e-01 6.848057876055384519e-01
9.029406468366842908e-01 7.602206888697340403e-01
8.945284798937545023e-01 7.775699975797174535e-01
8.891067936426159113e-01 7.881814367892285844e-01
8.834704949869783830e-01 7.977329579501019063e-01
8.698009535901206624e-01 8.144222696705407660e-01
7.969661951544487755e-01 8.756470689006145003e-01
7.546708009764414582e-01 9.090503850075225545e-01
7.360412871374762966e-01 9.233235718854548857e-01
6.909112748487641342e-01 9.437806826419045114e-01
6.758385404723730172e-01 9.505001619145581060e-01
6.633321281495069277e-01 9.534066628966798573e-01
6.520977299457396681e-01 9.554917361628691985e-01
6.338907493362867518e-01 9.587769470532827576e-01
6.098341404729838988e-01 9.626369878325246043e-01
5.462526210155694839e-01 9.721679268857276179e-01
5.178336267198271337e-01 9.757319007033434799e-01
4.953774723260792046e-01 9.783835306347538063e-01
4.895617684554708360e-01 9.786516713083113217e-01
4.347416265525887447e-01 9.805070268251004917e-01
4.105324345393217556e-01 9.807144617460593627e-01
3.888311811544198360e-01 9.801868912002165146e-01
3.539790624556832244e-01 9.761296713285005922e-01
3.249912950430433600e-01 9.699211393833021555e-01
3.012175197819569883e-01 9.648267572076429932e-01
2.964122260735402303e-01 9.634388160717717309e-01
2.725826703432220333e-01 9.564690529685740961e-01
2.343228009931068723e-01 9.419860891555646987e-01
2.285422397460511457e-01 9.396729506368730611e-01
1.746815100108589647e-01 9.023888127120742730e-01
1.360344286749671783e-01 8.754091528874523576e-01
1.165594517824565246e-01 8.588900949756929082e-01
1.043105339344744253e-01 8.481474306201005620e-01
9.304990179428962449e-02 8.379113160238234048e-01
9.026647667141818321e-02 8.352564015503971540e-01
8.293262283958502401e-02 8.278155576711148100e-01
7.238909975812912734e-02 8.168551643047377020e-01
6.324394337541172639e-02 8.041489495930826958e-01
6.085744517578139945e-02 7.987788379369348268e-01
5.681856394691087164e-02 7.896783442139597708e-01
4.929073586228494008e-02 7.712000861624715986e-01
3.972039678100214299e-02 7.306870768076675349e-01
3.416011402377971962e-02 7.019282122618356601e-01
3.116651594544006532e-02 6.789090760489031595e-01
2.579135408022037446e-02 6.301257340615600278e-01
1.236772263914165393e-02 5.047281399367673504e-01
