7.869763786069017275e-03 5.221679162882544301e-01
5.566970204032239966e-03 4.255494466915320517e-01
6.763908706127919057e-03 4.036685185914897778e-01
8.806617538194505546e-03 3.809637312066191939e-01
1.270543877928326237e-02 3.533652586908566651e-01
2.075707909499641124e-02 2.972034586756538976e-01
2.977562762251678707e-02 2.499713805962779922e-01
3.855652738007336877e-02 2.068438288446629025e-01
4.644347228556905405e-02 1.833318984177372268e-01
5.635121020667338554e-02 1.554356715655769161e-01
7.050516600312434212e-02 1.370886783527204278e-01
8.310138480777568004e-02 1.270152033078706388e-01
1.291541868496139389e-01 9.555316056581675266e-02
2.017639179394540849e-01 5.532595461361078382e-02
2.073156340433434663e-01 5.271662981322366992e-02
2.235733530423192339e-01 4.546361484353622640e-02
2.347015174104499224e-01 4.135503993971922920e-02
2.696383280474335398e-01 2.952809165393366353e-02
2.844597053144650167e-01 2.557018106967723359e-02
2.993587253257979364e-01 2.283007656731250723e-02
3.394769843970821266e-01 1.758769342039867567e-02
3.919802529556096204e-01 1.227622504577063900e-02
4.142851666865965954e-01 1.141941971001159128e-02
4.385268980524297810e-01 1.153156528372623058e-02
4.446452492744626395e-01 1.161396033216621770e-02
4.689199147168088833e-01 1.249291511653516373e-02
5.012464773938594131e-01 1.388343107400069609e-02
5.238257254454994349e-01 1.509479180430606249e-02
5.908303148213722711e-01 2.216563676546046135e-02
6.949921439237747300e-01 3.857837839223021703e-02
7.079212922437976285e-01 4.073462877230393797e-02
7.567599638092985526e-01 4.910605978531268345e-02
7.768424358437435728e-01 5.280094675911661817e-02
7.954001181964425182e-01 5.644463172164326803e-02
7.980846918708797144e-01 5.704857762257720122e-02
8.044668141309834208e-01 5.924757164034555323e-02
8.265060652809452790e-01 6.698059119212340651e-02
8.338335133572727376e-01 7.217797596987418629e-02
8.433385727590829717e-01 7.958772427888327616e-02
8.831963725963081213e-01 1.145680992326045811e-01
8.927259524639503674e-01 1.282360392289821904e-01
9.140839036885892721e-01 1.696433090144764400e-01
9.373979478093832363e-01 2.158520446759499833e-01
9.678357715516878734e-01 2.776784682814481542e-01
9.854428783923858681e-01 3.199811434243675645e-01
9.915474917951030420e-01 3.368018409713602335e-01
9.944330297959678155e-01 3.468647196273915156e-01
9.935352032565034630e-01 3.928050389801504005e-01
9.902671165821370636e-01 4.778116591528871471e-01
9.890490168891830081e-01 5.026835888743667047e-01
9.756083572243714475e-01 5.501924058675535800e-01
9.737101435934130134e-01 5.563603491900044329e-01
9.644930025022422360e-01 5.847656825001994463e-01
9.502882221549291408e-01 6.207488669661036518e-01
9.347747350920820875e-01 6.555906171399360494e-01
9.298016494239418339e-01 6.631136695996071584e-01
9.006783423932231969e-01 7.063400958317750389e-01
8.884939790678689775e-01 7.241132200609781133e-01
8.574150591182356784e-01 7.675987793131472392e-01
8.563869880144525659e-01 7.689972646877990536e-01
8.454747858798234983e-01 7.824024413157762980e-01
8.176715706502899472e-01 8.125773398095070821e-01
8.005695034553468314e-01 8.278293262839141464e-01
7.841495345172291298e-01 8.414617149583009104e-01
7.769026659195745754e-01 8.472435256786824409e-01
7.661923698788071224e-01 8.540325275023583629e-01
7.478836506190102984e-01 8.656255104626364716e-01
7.204389637023933535e-01 8.818788882339653190e-01
7.178432182717469079e-01 8.832948321147516824e-01
6.672892792193210187e-01 9.082870396162455728e-01
6.281036544198557170e-01 9.247061462615886462e-01
6.092220821592582158e-01 9.321668633558551909e-01
5.700201747187298995e-01 9.474172314418167762e-01
5.460401360876361299e-01 9.559119336605320649e-01
5.049270604300732934e-01 9.693782390239662483e-01
4.795805263843693766e-01 9.752183986150073647e-01
4.577633495117832685e-01 9.795824776032533432e-01
4.468722575693462873e-01 9.813566563112677832e-01
4.437687034962398136e-01 9.818238946187468619e-01
4.120174645707883054e-01 9.863288192435710755e-01
3.909204414314794707e-01 9.881586611019013144e-01
3.483571482070451641e-01 9.885805802899884087e-01
3.362155264786281239e-01 9.882755971013242879e-01
3.122434412664381598e-01 9.874505867815609461e-01
2.672393438759855244e-01 9.742569151603672761e-01
2.496941458012248982e-01 9.679127613910692984e-01
2.296861495652953722e-01 9.561410275485411336e-01
1.931527203294873263e-01 9.265930190982335501e-01
1.793159643909099654e-01 9.150644707227468810e-01
1.453113527693658535e-01 8.785633511716243182e-01
1.318842427699039033e-01 8.616053129719274395e-01
9.954030785798068104e-02 8.196425972029580675e-01
6.137722154317465373e-02 7.573555880960788356e-01
4.487630406783776893e-02 7.274712984677542682e-01
3.424023008605220353e-02 7.065757734954375424e-01
2.434077751979041304e-02 6.714817240025241496e-01
1.601599478884935257e-02 6.285470933478564115e-01
1.348698757758298727e-02 6.135804339603893043e-01
1.120038867992417808e-02 5.795429702929177918e-01
8.850769107028033655e-03 5.423610902827949998e-01
