5.605658462489004901e-03 8.390555091169001889e-01
1.407513629495815710e-03 8.124555132637747423e-01
1.522806573918955575e-03 7.663149243166299529e-01
1.805999824066539805e-03 7.480878347773390891e-01
1.150991857126942852e-02 6.307005759533751421e-01
1.710119454945296935e-02 5.824356275602806665e-01
2.205546166578736811e-02 5.506345067271990468e-01
2.476174573266104462e-02 5.346143400234694143e-01
3.008360596324627378e-02 5.068161423527565157e-01
3.663427338294716895e-02 4.837554619140731482e-01
5.792256994639849443e-02 4.192682646587827522e-01
6.190143349909121850e-02 4.089709773386206448e-01
7.918109181227056537e-02 3.668142566103230751e-01
1.471258960794261106e-01 2.094261198760720699e-01
1.614240678793135708e-01 1.821892563032093681e-01
1.688561274284377522e-01 1.700847826961126019e-01
1.824211566266089046e-01 1.519214644128322744e-01
1.844687667832632383e-01 1.500947528036338241e-01
2.230313405746064404e-01 1.194360982209858868e-01
2.519763744722116061e-01 9.860806118331055803e-02
2.892270755011533967e-01 7.582364938994490267e-02
3.219294237051420482e-01 5.816427853596772835e-02
3.328408979623023733e-01 5.251286121841647336e-02
4.033638274901933385e-01 1.740292019758760134e-02
4.261260788658616794e-01 1.115124971367553730e-02
4.448427215515959321e-01 7.156750800292654979e-03
4.547680685388864608e-01 5.321456604749474906e-03
4.704715802216448695e-01 2.527578619550663319e-03
4.848431186789477487e-01 1.749427005055981255e-03
5.958038641494767251e-01 1.922749706530169078e-03
6.290140744765386760e-01 3.589837369025516978e-03
6.513657195764757102e-01 6.455209175648790598e-03
6.882812130305617782e-01 1.339129272963046624e-02
7.355253826068886003e-01 2.913083968919194522e-02
7.495148505017625862e-01 3.408924739434870954e-02
7.629717911311160172e-01 3.888758636053046835e-02
8.017527065315614987e-01 5.408343794030534557e-02
8.114231366556086122e-01 5.816307274414533879e-02
8.275135468829457608e-01 6.536056824523550635e-02
8.451920341465093411e-01 7.406052562689546814e-02
8.939797473888499990e-01 1.058758743936272229e-01
9.142511362540068909e-01 1.206642396842955156e-01
9.238079575123887555e-01 1.282058242025041483e-01
9.341896277665853177e-01 1.368630670951697104e-01
9.427013754410398239e-01 1.489345871908029917e-01
9.511165561533130308e-01 1.617404188043999325e-01
9.519597980136424997e-01 1.630452192815717849e-01
9.581103768318459668e-01 1.751309836137083797e-01
9.620761943930902227e-01 1.849976063101298474e-01
9.730112700849449237e-01 2.134844449796878818e-01
9.802943867725224525e-01 2.378987279794615439e-01
9.805072545528077388e-01 2.393987699117183787e-01
9.878626711983713449e-01 2.922413884611179125e-01
9.894033997982878414e-01 3.053779108254909280e-01
9.907811749868247198e-01 3.173212613696761997e-01
9.935679901053393603e-01 3.460981348840219685e-01
9.940034614387842637e-01 3.513349282864355327e-01
9.957598976230708221e-01 3.782944787925466290e-01
9.972161981687128751e-01 4.085326541711831183e-01
9.978970012643031406e-01 4.363935164803232070e-01
9.985924863705042398e-01 4.748584725132066753e-01
9.976634254345158048e-01 4.924024514933231789e-01
9.936561424076990612e-01 5.253682564957055101e-01
9.846586732942879117e-01 5.863246739002887509e-01
9.697081019320077377e-01 6.492395472220751085e-01
9.649626393126145008e-01 6.670370504354827812e-01
9.500871065802669602e-01 7.063193125043897291e-01
9.433477392736473455e-01 7.211332424204115465e-01
9.231161324149030900e-01 7.566122862233309876e-01
9.107462189692623333e-01 7.765060341078079409e-01
9.009717065590352458e-01 7.919963739519111368e-01
8.561650662092168407e-01 8.441475336825193798e-01
8.500952581476812764e-01 8.511668034284689544e-01
8.439929575005260531e-01 8.564376798997099804e-01
8.241289456112850242e-01 8.725015759688060646e-01
8.118020030539736531e-01 8.799200035135844589e-01
8.048180926843666594e-01 8.835866896544307680e-01
7.954385007497795090e-01 8.878201922426506298e-01
7.473156973868970709e-01 9.067618945580656620e-01
7.421697923677650355e-01 9.087270531183827549e-01
7.096215863254005107e-01 9.210912174270031727e-01
6.470070002534995535e-01 9.367596958635922011e-01
6.301095935845086871e-01 9.409279456819550358e-01
6.056960329489005090e-01 9.469386608349770196e-01
5.812198523804434913e-01 9.528777265930489238e-01
5.605610545245933718e-01 9.578724427555728171e-01
5.042992314692824607e-01 9.676769076537223846e-01
4.331411210094971431e-01 9.782427274785258087e-01
4.085292942687347995e-01 9.818843104654937370e-01
3.858706462380004365e-01 9.851711418863641212e-01
3.749231526449082197e-01 9.863185053145322456e-01
3.370220784599405328e-01 9.902562476042877648e-01
2.880952287809746548e-01 9.944704725594397665e-01
2.517538477909443961e-01 9.958269260142402768e-01
1.935221805415047736e-01 9.968302015460258625e-01
1.005778456843716140e-01 9.982414937525331267e-01
6.959290775822352115e-02 9.982505729949440187e-01
3.787206267067305676e-02 9.591817997531726370e-01
2.767345352604805298e-02 9.456978076726820781e-01
1.018660395749265701e-02 8.622095670475448115e-01
