1.000000000000000000e+00 0.000000000000000000e+00
2.499950652140342788e-01 1.570785991389737771e-03
1.111023382448684538e-01 1.396226653705845292e-03
6.248889702380056033e-02 1.178027482213010952e-03
3.998736757133199843e-02 1.005203817733499273e-03
2.776407112127032145e-02 8.725210855035636648e-04
2.039366270695079988e-02 7.691874014272354803e-04
1.560988960434569854e-02 6.870018487166390866e-04
1.233008588402490641e-02 6.203002244415994817e-04
9.984015501089750153e-03 5.651853448202452234e-04
8.248154780398938776e-03 5.189299134653997886e-04
6.927864627508508420e-03 4.795835119055957179e-04
5.900348522252153553e-03 4.457207427688326951e-04
5.085030245071581016e-03 4.162786304497833765e-04
4.427260485080766923e-03 3.904497624477474226e-04
3.888913924230781236e-03 3.676105989004465279e-04
3.442737082980277565e-03 3.472723697273871930e-04
3.068829599990737563e-03 3.290467724545058977e-04
2.752385901717474982e-03 3.126215647464866232e-04
2.482206511424534055e-03 2.977429002371743396e-04
2.249693200259587217e-03 2.842023436832296084e-04
2.048156262540303061e-03 2.718271882071952557e-04
1.872327836855673319e-03 2.604731392904310753e-04
1.718014094796269054e-03 2.500187197087711129e-04
1.581842791580662533e-03 2.403609425932113112e-04
1.461077426915884233e-03 2.314119305328859045e-04
1.353478661464839472e-03 2.230962485526523842e-04
1.257199738710456597e-03 2.153487815213442206e-04
1.170706699796914734e-03 2.081130308861784122e-04
1.092716894439255170e-03 2.013397373634859483e-04
1.022151145399259912e-03 1.949857591943023993e-04
9.580962084407559443e-04 1.890131523934181982e-04
8.997750710599144736e-04 1.833884118589596294e-04
8.465232736379516660e-04 1.780818414964371388e-04
7.977698967903620614e-04 1.730670285077996924e-04
7.530221928539718342e-04 1.683204023121470444e-04
7.118530845774851280e-04 1.638208626365092219e-04
6.738909355831901446e-04 1.595494644574726854e-04
6.388111327512649299e-04 1.554891499169787621e-04
6.063291228063160754e-04 1.516245192471296383e-04
5.761946229200660399e-04 1.479416342444109364e-04
5.481867844458247980e-04 1.444278490268606214e-04
5.221101345772167753e-04 1.410716637587327833e-04
4.977911561415339792e-04 1.378625977894501725e-04
4.750753933758449063e-04 1.347910792678149046e-04
4.538249932310695176e-04 1.318483487898059045e-04
4.339166088806590649e-04 1.290263750429950808e-04
4.152396057112979315e-04 1.263177807414374331e-04
3.976945209273815033e-04 1.237157774165076785e-04
3.811917366068875361e-04 1.212141078531095764e-04
3.656503330623427583e-04 1.188069951460774275e-04
3.509970950407894480e-04 1.164890975056600560e-04
3.371656479155373041e-04 1.142554680694942928e-04
3.240957047941717475e-04 1.121015190860570864e-04
3.117324085596246113e-04 1.100229899249542491e-04
3.000257554063219013e-04 1.080159184455648560e-04
2.889300885361261980e-04 1.060766153199498512e-04
2.784036524221736699e-04 1.042016409605407338e-04
2.684081994991703666e-04 1.023877847495693031e-04
2.589086423495030377e-04 1.006320463068182243e-04
2.498727454684900474e-04 9.893161856615907419e-05
2.412708515438765353e-04 9.728387246040593296e-05
2.330756379023577948e-04 9.568634303900253664e-05
2.252618993823522677e-04 9.413671686459876384e-05
2.178063544061231769e-04 9.263282055318401080e-05
2.106874714609690440e-04 9.117261033856304247e-05
2.038853135711556173e-04 8.975416255595068281e-05
1.973813986599270640e-04 8.837566495163258148e-05
1.911585739729039295e-04 8.703540873624955425e-05
1.852009029675748730e-04 8.573178130853189270e-05
1.794935632743541859e-04 8.446325958442228385e-05
1.740227545077551786e-04 8.322840387364176132e-05
1.687756148557648767e-04 8.202585225200466053e-05
1.637401455049736850e-04 8.085431538329098441e-05
1.589051420713357722e-04 7.971257174933906104e-05
1.542601323040803198e-04 7.859946325130657511e-05
1.497953194153389439e-04 7.751389114884260005e-05
1.455015304622707633e-04 7.645481230727454211e-05
1.413701692733461369e-04 7.542123572589849907e-05
1.373931734672744029e-04 7.441221932311547387e-05
1.335629751629116764e-04 7.342686695651811561e-05
1.298724650222962836e-04 7.246432565813983474e-05
1.263149593075229692e-04 7.152378306696059859e-05
1.228841696661692141e-04 7.060446504244483686e-05
1.195741753900118036e-04 6.970563344439596027e-05
1.163793979183266170e-04 6.882658406576139395e-05
1.132945773805855928e-04 6.796664470623679408e-05
1.103147509942271610e-04 6.712517337560814626e-05
1.074352331517096262e-04 6.630155661675237865e-05
1.046515970475411382e-04 6.549520793910297068e-05
1.019596577106647844e-04 6.470556635418387207e-05
9.935545632067215298e-05 6.393209500553825072e-05
9.683524569801616258e-05 6.317427988602950233e-05
9.439547686885143391e-05 6.243162863608308852e-05
9.203278661449447744e-05 6.170366941697373229e-05
8.974398592388909053e-05 6.098994985374680584e-05
8.752604927499494779e-05 6.029003604280545262e-05
8.537610467778554066e-05 5.960351161959505611e-05
8.329142441762921428e-05 5.892997688218217954e-05
8.126941644330939942e-05 5.826904796685761191e-05
7.930761634888221516e-05 5.762035607219616996e-05
7.740367990302978189e-05 5.698354672828327840e-05
7.555537608359662858e-05 5.635827910807039400e-05
7.376058057864008026e-05 5.574422537805331755e-05
7.201726971862452205e-05 5.514107008567849146e-05
7.032351480737721277e-05 5.454850958107657468e-05
6.867747682213458523e-05 5.396625147090001638e-05
6.707740145546879792e-05 5.339401410220444115e-05
6.552161447412032042e-05 5.283152607446346775e-05
6.400851737179618988e-05 5.227852577794416894e-05
6.253658329484532532e-05 5.173476095679649980e-05
6.110435322140862757e-05 5.119998829532720354e-05
5.971043237618042798e-05 5.067397302603526100e-05
5.835348686432147717e-05 5.015648855808547258e-05
5.703224050934622253e-05 4.964731612498725870e-05
5.574547188097945703e-05 4.914624445033084066e-05
5.449201150004982672e-05 4.865306943051002348e-05
5.327073920847020882e-05 4.816759383343292215e-05
5.208058169325428382e-05 4.768962701228898993e-05
5.092051015434444845e-05 4.721898463350132765e-05
4.978953810678311148e-05 4.675548841805126493e-05
4.868671930845516695e-05 4.629896589541443512e-05
4.761114580526848889e-05 4.584925016939685009e-05
4.656194608622731505e-05 4.540617969520503749e-05
4.553828334139426197e-05 4.496959806712634978e-05
4.453935381623504673e-05 4.453935381623504673e-05
4.356438525629916430e-05 4.411530021757612761e-05
4.261263543661332584e-05 4.369729510631293365e-05
4.168339077055495303e-05 4.328520070235604395e-05
4.077596499333423170e-05 4.287888344302050555e-05
3.988969791554621388e-05 4.247821382328603116e-05
3.902395424256308894e-05 4.208306624325987728e-05
3.817812245582138166e-05 4.169331886246672645e-05
3.735161375232345465e-05 4.130885346061145309e-05
3.654386103891640788e-05 4.092955530448186849e-05
3.575431797813861506e-05 4.055531302067796147e-05
3.498245808263393666e-05 4.018601847387201351e-05
3.422777385532864289e-05 3.982156665032145660e-05
3.348977597274697932e-05 3.946185554637171724e-05
3.276799250900940647e-05 3.910678606170152355e-05
3.206196819821385282e-05 3.875626189707707025e-05
3.137126373304525810e-05 3.841018945639425758e-05
3.069545509759403980e-05 3.806847775280078962e-05
3.003413293248999476e-05 3.773103831870120052e-05
2.938690193057476419e-05 3.739778511945868482e-05
2.875338026144570126e-05 3.706863447061786075e-05
2.813319902330535687e-05 3.674350495848189251e-05
2.752600172064576168e-05 3.642231736388655192e-05
2.693144376638525168e-05 3.610499458902195898e-05
2.634919200715819397e-05 3.579146158716097349e-05
2.577892427053520195e-05 3.548164529516018977e-05
2.522032893302355216e-05 3.517547456860690655e-05
2.467310450776486109e-05 3.487288011949181345e-05
2.413695925091039745e-05 3.457379445629331593e-05
2.361161078571307116e-05 3.427815182636534928e-05
2.309678574343074266e-05 3.398588816052604175e-05
2.259221942018694866e-05 3.369694101974979089e-05
2.209765544898374275e-05 3.341124954387001994e-05
2.161284548610692353e-05 3.312875440220488192e-05
2.113754891120608453e-05 3.284939774602223142e-05
2.067153254037253703e-05 3.257312316276436492e-05
2.021457035157499317e-05 3.229987563195713698e-05
1.976644322184861028e-05 3.202960148273144769e-05
1.932693867566587651e-05 3.176224835288872202e-05
1.889585064394881200e-05 3.149776514944544435e-05
1.847297923321132153e-05 3.123610201059455542e-05
1.805813050434798195e-05 3.097721026902489381e-05
1.765111626061121260e-05 3.072104241654230353e-05
1.725175384434338843e-05 3.046755206993892584e-05
1.685986594205301711e-05 3.021669393805952156e-05
1.647528039744588702e-05 2.996842379001620054e-05
1.609783003204228976e-05 2.972269842450500892e-05
1.572735247303059763e-05 2.947947564018019962e-05
1.536368998802544706e-05 2.923871420704370232e-05
1.500668932641593157e-05 2.900037383880961649e-05
1.465620156700499816e-05 2.876441516620505524e-05
1.431208197165669075e-05 2.853079971117059919e-05
1.397418984468191147e-05 2.829948986192512707e-05
1.364238839770709397e-05 2.807044884886148752e-05
1.331654461978268520e-05 2.784364072124082790e-05
1.299652915250061582e-05 2.761903032465491112e-05
1.268221616990117105e-05 2.739658327922705184e-05
1.237348326296050216e-05 2.717626595852356433e-05
1.207021132846021722e-05 2.695804546914883020e-05
1.177228446205004238e-05 2.674188963099832108e-05
1.147958985532375241e-05 2.652776695814490376e-05
1.119201769673718334e-05 2.631564664033487688e-05
1.090946107620520067e-05 2.610549852507115058e-05
1.063181589322250577e-05 2.589729310026197645e-05
1.035898076836012109e-05 2.569100147741444170e-05
1.009085695799671283e-05 2.548659537535296108e-05
9.827348272150220130e-06 2.528404710444365750e-05
9.568360995281772089e-06 2.508332955130639658e-05
9.313803809949489451e-06 2.488441616399703613e-05
9.063587723195714127e-06 2.468728093764297396e-05
8.817625995556317299e-06 2.449189840051607282e-05
8.575834072585912223e-06 2.429824360052730968e-05
8.338129518797634388e-06 2.410629209212847841e-05
8.104431953920593565e-06 2.391601992360658377e-05
7.874662991382616928e-06 2.372740362475736397e-05
7.648746178929913999e-06 2.354042019492471788e-05
7.426606941299235407e-06 2.335504709139346358e-05
7.208172524861920122e-06 2.317126221812329870e-05
6.993371944162623243e-06 2.298904391481234471e-05
6.782135930279028257e-06 2.280837094627901973e-05
6.574396880931979988e-06 2.262922249215154347e-05
6.370088812278591544e-06 2.245157813685467297e-05
6.169147312323772030e-06 2.227541785988373138e-05
5.971509495888303518e-06 2.210072202635639935e-05
5.777113961074425671e-06 2.192747137783299205e-05
5.585900747172232735e-06 2.175564702339639927e-05
5.397811293952642290e-06 2.158523043098313005e-05
5.212788402295064298e-06 2.141620341895730345e-05
5.030776196099891249e-06 2.124854814791961286e-05
4.851720085438207811e-06 2.108224711274369169e-05
4.675566730892975996e-06 2.091728313483254831e-05
4.502264009047861028e-06 2.075363935458798237e-05
4.331760979081755391e-06 2.059129922408618925e-05
4.164007850428618747e-06 2.043024649995302036e-05
3.998955951464058163e-06 2.027046523643252280e-05
3.836557699181522346e-06 2.011193977864271057e-05
3.676766569822607332e-06 1.995465475601269567e-05
3.519537070427236154e-06 1.979859507589546002e-05
3.364824711271002176e-06 1.964374591735088433e-05
3.212585979158196977e-06 1.949009272509369089e-05
3.062778311540271834e-06 1.933762120360125542e-05
2.915360071430787584e-06 1.918631731137639202e-05
2.770290523088875783e-06 1.903616725536032048e-05
2.627529808444498713e-06 1.888715748549133673e-05
2.487038924239746140e-06 1.873927468940466011e-05
2.348779699861401603e-06 1.859250578726931349e-05
2.212714775841068911e-06 1.844683792675783516e-05
2.078807582999900459e-06 1.830225847814489899e-05
1.947022322216012916e-06 1.815875502953099048e-05
1.817323944793389064e-06 1.801631538218741863e-05
1.689678133411995638e-06 1.787492754601910263e-05
1.564051283639433194e-06 1.773457973514167078e-05
1.440410485985411268e-06 1.759526036356948335e-05
1.318723508480817100e-06 1.745695804101143203e-05
1.198958779763993174e-06 1.731966156877126997e-05
1.081085372657384171e-06 1.718335993574958236e-05
9.650729882184382942e-07 1.704804231454434493e-05
8.508919402491083276e-07 1.691369805764733603e-05
7.385131402490072735e-07 1.678031669373361733e-05
6.279080827977458403e-07 1.664788792404147086e-05
5.190488313525083520e-07 1.651640161884016658e-05
4.119080044475000523e-07 1.638584781398318206e-05
3.064587622822609332e-07 1.625621670754437032e-05
2.026747936864369267e-07 1.612749865653483308e-05
1.005303034489450527e-07 1.599968417369819525e-05
9.719264766808091724e-22 1.587276392438215320e-05
-9.894091656523908694e-08 1.574672872348414503e-05
-1.963167661321478552e-07 1.562156953246912378e-05
-2.921513998916245978e-07 1.549727745645745138e-05
-3.864682113546698618e-07 1.537384374138100584e-05
-4.792901470661663522e-07 1.525125977120562134e-05
-5.706397170272763259e-07 1.512951706521808400e-05
-6.605390048354181115e-07 1.500860727537594879e-05
-7.490096775505653817e-07 1.488852218371845117e-05
-8.360729952962203456e-07 1.476925369983690927e-05
-9.217498206032412883e-07 1.465079385840301228e-05
-1.006060627504310283e-06 1.453313481675347044e-05
-1.089025510386627417e-06 1.441626885252951378e-05
-1.170664192610157207e-06 1.430018836136980477e-05
-1.250996034898443379e-06 1.418488585465535707e-05
-1.330040043508880945e-06 1.407035395730510524e-05
-1.407814878188991332e-06 1.395658540562078517e-05
-1.484338859925092916e-06 1.384357304517986856e-05
-1.559629978489541180e-06 1.373130982877528566e-05
-1.633705899792452720e-06 1.361978881440073711e-05
-1.706583973043727108e-06 1.350900316328042582e-05
-1.778281237730893930e-06 1.339894613794207737e-05
-1.848814430418200308e-06 1.328961110033210195e-05
-1.918199991372105999e-06 1.318099150997190688e-05
-1.986454071018276325e-06 1.307308092215423482e-05
-2.053592536234917119e-06 1.296587298617855526e-05
-2.119630976487163511e-06 1.285936144362454881e-05
-2.184584709807125546e-06 1.275354012666267287e-05
-2.248468788623940576e-06 1.264840295640093629e-05
-2.311298005448182569e-06 1.254394394126695972e-05
-2.373086898414721625e-06 1.244015717542443222e-05
-2.433849756688047365e-06 1.233703683722315454e-05
-2.493600625733957204e-06 1.223457718768178960e-05
-2.552353312461329671e-06 1.213277256900258179e-05
-2.610121390237665257e-06 1.203161740311718601e-05
-2.666918203781876103e-06 1.193110619026293915e-05
-2.722756873937780400e-06 1.183123350758874381e-05
-2.777650302331576160e-06 1.173199400778991374e-05
-2.831611175916529151e-06 1.163338241777126620e-05
-2.884651971407933650e-06 1.153539353733776315e-05
-2.936784959611419463e-06 1.143802223791206104e-05
-2.988022209647471995e-06 1.134126346127832535e-05
-3.038375593075011413e-06 1.124511221835168658e-05
-3.087856787916786278e-06 1.114956358797271579e-05
-3.136477282589199002e-06 1.105461271572635412e-05
-3.184248379739193151e-06 1.096025481278468613e-05
-3.231181199990658992e-06 1.086648515477304906e-05
-3.277286685602806064e-06 1.077329908065887293e-05
-3.322575604042849046e-06 1.068069199166276721e-05
-3.367058551475264695e-06 1.058865935019132026e-05
-3.410745956169880571e-06 1.049719667879111360e-05
-3.453648081830890709e-06 1.040629955912344615e-05
-3.495775030848928928e-06 1.031596363095932113e-05
-3.537136747478167866e-06 1.022618459119421802e-05
-3.577743020940463067e-06 1.013695819288217683e-05
-3.617603488458406867e-06 1.004828024428879325e-05
-3.656727638219152156e-06 9.960146607962675730e-06
-3.695124812270817823e-06 9.872553199824932470e-06
-3.732804209353176306e-06 9.785495988276329260e-06
-3.769774887664366434e-06 9.698970993321653916e-06
-3.806045767565243894e-06 9.612974285710977339e-06
-3.841625634222964709e-06 9.527501986097358866e-06
-3.876523140195378044e-06 9.442550264210699469e-06
-3.910746807957690768e-06 9.358115338047332809e-06
-3.944305032372914002e-06 9.274193473075035695e-06
-3.977206083107479113e-06 9.190780981453105551e-06
-4.009458106993427951e-06 9.107874221267179657e-06
-4.041069130338485147e-06 9.025469595778479347e-06
-4.072047061185366884e-06 8.943563552687135298e-06
-4.102399691521545859e-06 8.862152583409344854e-06
-4.132134699440734519e-06 8.781233222367983629e-06
-4.161259651257273273e-06 8.700802046296464702e-06
-4.189782003574583252e-06 8.620855673555494740e-06
-4.217709105308845758e-06 8.541390763462467842e-06
-4.245048199668943473e-06 8.462404015633266739e-06
-4.271806426093819626e-06 8.383892169336142663e-06
-4.297990822148227515e-06 8.305852002857453696e-06
-4.323608325377922398e-06 8.228280332879009154e-06
-4.348665775125253742e-06 8.151174013866772683e-06
-4.373169914306145483e-06 8.074529937470671656e-06
-4.397127391149363831e-06 7.998345031935301104e-06
-4.420544760899010296e-06 7.922616261521266381e-06
-4.443428487481097975e-06 7.847340625936979913e-06
-4.465784945135095404e-06 7.772515159780649441e-06
-4.487620420011234185e-06 7.698136931992295142e-06
-4.508941111734440128e-06 7.624203045315544045e-06
-4.529753134935647688e-06 7.550710635769023027e-06
-4.550062520751282917e-06 7.477656872127158955e-06
-4.569875218291659451e-06 7.405038955410166600e-06
-4.589197096079015985e-06 7.332854118383071844e-06
-4.608033943455911844e-06 7.261099625063552504e-06
-4.626391471964670954e-06 7.189772770238442609e-06
-4.644275316698561177e-06 7.118870878988701922e-06
-4.661691037625322257e-06 7.048391306222714342e-06
-4.678644120883743714e-06 6.978331436217709345e-06
-4.695139980053880534e-06 6.908688682169150623e-06
-4.711183957401491954e-06 6.839460485747971630e-06
-4.726781325097359787e-06 6.770644316665448833e-06
-4.741937286411995361e-06 6.702237672245581360e-06
-4.756656976886333920e-06 6.634238077004849157e-06
-4.770945465478957741e-06 6.566643082239165841e-06
-4.784807755690367200e-06 6.499450265617913596e-06
-4.798248786664835114e-06 6.432657230784910189e-06
-4.811273434270360190e-06 6.366261606966159020e-06
-4.823886512157152437e-06 6.300261048584292432e-06
-4.836092772795229887e-06 6.234653234879517692e-06
-4.847896908491507809e-06 6.169435869536983476e-06
-4.859303552386881846e-06 6.104606680320434736e-06
-4.870317279433743848e-06 6.040163418712017022e-06
-4.880942607354354762e-06 5.976103859558131152e-06
-4.891183997580510789e-06 5.912425800721213742e-06
-4.901045856174906022e-06 5.849127062737323284e-06
-4.910532534734604040e-06 5.786205488479446245e-06
-4.919648331277008961e-06 5.723658942826364783e-06
-4.928397491108698478e-06 5.661485312337053894e-06
-4.936784207677533919e-06 5.599682504930421643e-06
-4.944812623408381918e-06 5.538248449570360292e-06
-4.952486830522802599e-06 5.477181095955955854e-06
-4.959810871843071034e-06 5.416478414216801878e-06
-4.966788741580856397e-06 5.356138394613293776e-06
-4.973424386110888309e-06 5.296159047241820702e-06
-4.979721704729941553e-06 5.236538401744759259e-06
-4.985684550401460200e-06 5.177274507025185176e-06
-4.991316730486091337e-06 5.118365430966222498e-06
-4.996622007458482462e-06 5.059809260154918467e-06
-5.001604099610594969e-06 5.001604099610595816e-06
-5.006266681741835246e-06 4.943748072517566448e-06
-5.010613385836281237e-06 4.886239319962155653e-06
-5.014647801727271268e-06 4.829076000673936930e-06
-5.018373477749630429e-06 4.772256290771110500e-06
-5.021793921379787769e-06 4.715778383509956884e-06
-5.024912599864037576e-06 4.659640489038262226e-06
-5.027732940835194610e-06 4.603840834152694178e-06
-5.030258332917882149e-06 4.548377662060005519e-06
-5.032492126322699346e-06 4.493249232142024870e-06
-5.034437633429484732e-06 4.438453819724367568e-06
-5.036098129359907092e-06 4.383989715848782853e-06
-5.037476852539603123e-06 4.329855227049093333e-06
-5.038577005250084617e-06 4.276048675130644538e-06
-5.039401754170610002e-06 4.222568396953218847e-06
-5.039954230910244701e-06 4.169412744217331619e-06
-5.040237532530284792e-06 4.116580083253882419e-06
-5.040254722057270142e-06 4.064068794817063083e-06
-5.040008828986756400e-06 4.011877273880495523e-06
-5.039502849778041531e-06 3.960003929436528119e-06
-5.038739748340031542e-06 3.908447184298645802e-06
-5.037722456508419030e-06 3.857205474906923524e-06
-5.036453874514349900e-06 3.806277251136490090e-06
-5.034936871444756974e-06 3.755660976108935843e-06
-5.033174285694512109e-06 3.705355126006621027e-06
-5.031168925410584012e-06 3.655358189889821695e-06
-5.028923568928330516e-06 3.605668669516695824e-06
-5.026440965200105720e-06 3.556285079165979838e-06
-5.023723834216329382e-06 3.507205945462398176e-06
-5.020774867419158335e-06 3.458429807204733390e-06
-5.017596728108919993e-06 3.409955215196501297e-06
-5.014192051843432486e-06 3.361780732079202801e-06
-5.010563446830372341e-06 3.313904932168099027e-06
-5.006713494312812542e-06 3.266326401290458947e-06
-5.002644748948060558e-06 3.219043736626269325e-06
-4.998359739179941176e-06 3.172055546551328643e-06
-4.993860967604646130e-06 3.125360450482693656e-06
-4.989150911330263162e-06 3.078957078726474773e-06
-4.984232022330130218e-06 3.032844072327882847e-06
-4.979106727790112175e-06 2.987020082923539665e-06
-4.973777430449932256e-06 2.941483772595988605e-06
-4.968246508938663986e-06 2.896233813730373272e-06
-4.962516318104496371e-06 2.851268888873256588e-06
-4.956589189338895095e-06 2.806587690593535017e-06
-4.950467430895237684e-06 2.762188921345423361e-06
-4.944153328202072548e-06 2.718071293333458890e-06
-4.937649144171043406e-06 2.674233528379525207e-06
-4.930957119499651900e-06 2.630674357791821341e-06
-4.924079472968889723e-06 2.587392522235774347e-06
-4.917018401735885962e-06 2.544386771606853918e-06
-4.909776081621634873e-06 2.501655864905259369e-06
-4.902354667393907428e-06 2.459198570112446799e-06
-4.894756293045439801e-06 2.417013664069468473e-06
-4.886983072067480120e-06 2.375099932357099030e-06
-4.879037097718781568e-06 2.333456169177713770e-06
-4.870920443290138393e-06 2.292081177238886852e-06
-4.862635162364524127e-06 2.250973767638709375e-06
-4.854183289072936194e-06 2.210132759752754959e-06
-4.845566838346018904e-06 2.169556981122709729e-06
-4.836787806161541072e-06 2.129245267346612521e-06
-4.827848169787797708e-06 2.089196461970691731e-06
-4.818749888023031505e-06 2.049409416382775967e-06
-4.809494901430927482e-06 2.009882989707243750e-06
-4.800085132572257008e-06 1.970616048701497874e-06
-4.790522486232754235e-06 1.931607467653929281e-06
-4.780808849647273197e-06 1.892856128283370221e-06
-4.770946092720311148e-06 1.854360919639983778e-06
-4.760936068242956569e-06 1.816120738007586361e-06
-4.750780612106323683e-06 1.778134486807376686e-06
-4.740481543511547166e-06 1.740401076503052847e-06
-4.730040665176383652e-06 1.702919424507286106e-06
-4.719459763538502179e-06 1.665688455089542965e-06
-4.708740608955500008e-06 1.628707099285229652e-06
-4.697884955901727670e-06 1.591974294806125590e-06
-4.686894543161947801e-06 1.555488985952123198e-06
-4.675771094021925181e-06 1.519250123524208387e-06
-4.664516316455961520e-06 1.483256664738693599e-06
-4.653131903311467327e-06 1.447507573142673760e-06
-4.641619532490590337e-06 1.412001818530690303e-06
-4.629980867128974193e-06 1.376738376862582107e-06
-4.618217555771694808e-06 1.341716230182503845e-06
-4.606331232546413388e-06 1.306934366539102668e-06
-4.594323517333812159e-06 1.272391779906827354e-06
-4.582196015935342471e-06 1.238087470108348985e-06
-4.569950320238350484e-06 1.204020442738101406e-06
-4.557588008378612620e-06 1.170189709086889356e-06
-4.545110644900329081e-06 1.136594286067574672e-06
-4.532519780913630470e-06 1.103233196141814292e-06
-4.519816954249622090e-06 1.070105467247837565e-06
-4.507003689613029447e-06 1.037210132729245085e-06
-4.494081498732466129e-06 1.004546231264815711e-06
-4.481051880508386744e-06 9.721128067993103188e-07
-4.467916321158741012e-06 9.399089084752420357e-07
-4.454676294362395079e-06 9.079335905656323008e-07
-4.441333261400335296e-06 8.761859124076988811e-07
-4.427888671294704444e-06 8.446649383374804919e-07
-4.414343960945712748e-06 8.133697376254024710e-07
-4.400700555266439786e-06 7.822993844127328965e-07
-4.386959867315592502e-06 7.514529576489437594e-07
-4.373123298428223567e-06 7.208295410299558025e-07
-4.359192238344474455e-06 6.904282229372527341e-07
-4.345168065336348326e-06 6.602480963778556023e-07
-4.331052146332570304e-06 6.302882589251439915e-07
-4.316845837041553794e-06 6.005478126605029696e-07
-4.302550482072510942e-06 5.710258641158109275e-07
-4.288167415054731818e-06 5.417215242167199232e-07
-4.273697958755072967e-06 5.126339082267435667e-07
-4.259143425193679897e-06 4.837621356921324333e-07
-4.244505115757969765e-06 4.551053303875249887e-07
-4.229784321314912363e-06 4.266626202623657141e-07
-4.214982322321631453e-06 3.984331373880775141e-07
-4.200100388934356916e-06 3.704160179059790902e-07
-4.185139781115753146e-06 3.426104019759385976e-07
-4.170101748740654172e-06 3.150154337257415097e-07
-4.154987531700230075e-06 2.876302612011914305e-07
-4.139798360004610962e-06 2.604540363168958927e-07
-4.124535453883993895e-06 2.334859148077561183e-07
-4.109200023888259053e-06 2.067250561811390392e-07
-4.093793270985119675e-06 1.801706236697247462e-07
-4.078316386656827807e-06 1.538217841850200237e-07
-4.062770552995462124e-06 1.276777082715280180e-07
-4.047156942796820684e-06 1.017375700615678432e-07
-4.031476719652944878e-06 7.600054723072394434e-08
-4.015731038043285587e-06 5.046582095394330073e-08
-3.999921043424548813e-06 2.513257586223650803e-08
