9.264766570214173491e-01 7.267079341657018965e-01
7.991721718351627590e-01 9.155700874747780826e-01
4.472308324836469229e-01 8.448019216289136546e-01
2.524156153677881154e-01 7.915062962313567096e-01
1.617075710120433607e-01 7.157841527117072555e-01
5.693909020891141370e-02 5.783228757699749867e-01
5.575523168005991348e-02 5.150041910356425445e-01
5.554189038108658938e-02 4.968424468509481384e-01
5.903790569947886535e-02 4.621919012527080373e-01
6.082116283553140601e-02 4.446412169771223333e-01
8.213670215960344745e-02 3.151441233836043132e-01
2.580026301002338318e-01 1.480612478912816110e-01
3.570033113852365547e-01 9.364379032185465856e-02
4.254635781517566162e-01 8.442991252522202839e-02
4.618706798292410154e-01 9.187782558613899475e-02
7.239702243420870209e-01 1.543559444581028561e-01
9.397489879708831317e-01 2.441626617770504826e-01
9.444581096189135216e-01 3.923808967117652369e-01
9.429053272146682430e-01 4.963644067125345671e-01
9.353956460920515026e-01 6.509159781575361015e-01
