6.632812514597086206e-01 2.851747068091248227e-02
8.467520666880246072e-01 9.060749545607293953e-02
8.879163411681501028e-01 1.366064335833919730e-01
9.339207341405635354e-01 2.041042266419332840e-01
9.741290727596976229e-01 2.779668209409597024e-01
7.399946002850423810e-01 7.210316616789170796e-01
5.991032112197440807e-01 8.773955224742784331e-01
4.318868016798775300e-01 9.674207752224912582e-01
2.109519547105888626e-01 9.714825293190874067e-01
1.236467466947134830e-01 9.605938874066609623e-01
6.832666323744102099e-02 8.579151531817744702e-01
4.741250874130314985e-02 7.884094933961128815e-01
2.825044172322083158e-02 6.961195980919883119e-01
2.587092724030232160e-02 6.815299459691881445e-01
5.462394478046445068e-02 3.251394644494234321e-01
1.026142356386939292e-01 2.505047000310166583e-01
1.291204263981106659e-01 2.182047634893745647e-01
1.708810776662455511e-01 1.888124101010999478e-01
2.580937136372292717e-01 1.296830838211218140e-01
4.505967073910218113e-01 4.914695480137276640e-02
