2.648147097758257740e-02 7.026705066891055784e-01
4.476036725991550114e-02 3.760555183314309158e-01
3.317411109585186590e-01 7.792576802635997613e-02
6.188687137630632940e-01 7.375106703796707741e-03
7.473066652069230154e-01 3.987047581559566289e-02
8.870728705951221871e-01 1.246616337764013815e-01
9.168191408172778889e-01 1.763613654351665616e-01
9.216093499652933119e-01 2.089754029623589471e-01
9.735185290224174226e-01 5.691566645382555301e-01
9.705905482760822656e-01 7.424188811843696056e-01
9.415306934534716232e-01 8.323404306756533311e-01
9.198725496307379457e-01 8.844196376348116839e-01
8.088791492107431091e-01 9.489450770453912165e-01
6.974467469779456197e-01 9.756314117404177866e-01
6.544996263223586963e-01 9.799492829714835374e-01
4.977341424064040121e-01 9.926248932962032923e-01
1.860209359173853327e-01 9.803436329981680686e-01
1.593444704597841710e-01 9.666780591917345511e-01
5.687216423361407536e-02 8.900987906409258965e-01
5.361239046119281593e-02 8.836625963311985910e-01
