4.103213948602169037e-02 7.412687020309792763e-01
5.742846980633542486e-02 5.628570202210547713e-01
6.336890560479890855e-02 5.512346820685299909e-01
1.180576270929589722e-01 4.500374052960847138e-01
1.543670932949342545e-01 3.843014198043062102e-01
2.547250823654259033e-01 2.296235896055306425e-01
3.076581512681424435e-01 1.830352480793018266e-01
3.810437436029868730e-01 1.413520459531107942e-01
5.200100593124841186e-01 9.421553424017825584e-02
5.600549909743010035e-01 9.094126761782284074e-02
6.404880640341323872e-01 9.956088996355860754e-02
7.072839728132028769e-01 1.253574154112396810e-01
8.057062013428081260e-01 3.524533128832894047e-01
9.058275083324909271e-01 6.359453180812634221e-01
9.589678605139783096e-01 8.320478720588152521e-01
9.584731414956589868e-01 8.574191850708772211e-01
8.612951215140600691e-01 9.053260261042364032e-01
8.086881903338468680e-01 9.090587323821771593e-01
6.080991111537025207e-01 8.902531352863545244e-01
4.707855307667495603e-01 8.765980819644419997e-01
