2.391505813224104049e-02 6.323917775181459033e-01
3.140404532184837283e-02 5.016992997127956988e-01
7.641996597381639500e-02 4.351805578647912620e-01
1.836098902008340694e-01 2.922824755281788756e-01
3.334466205209093426e-01 1.433453048205409752e-01
4.450305402055327875e-01 1.248709599087061139e-01
7.183353501267289998e-01 1.035148722748959749e-01
7.807545968445773754e-01 9.869781027723012468e-02
8.675673564474950528e-01 1.137250051642050286e-01
9.533252152139126689e-01 1.393514456391675704e-01
9.760849418677589595e-01 2.902764533340760345e-01
9.666771451321151121e-01 5.745027023765288954e-01
9.546913306908574315e-01 6.977536361710577895e-01
9.256164959018093885e-01 7.525926082736763556e-01
8.432418108995458628e-01 8.987825059861437316e-01
8.252098900563078487e-01 9.013021897227699863e-01
3.067289999580727899e-01 8.691158485978813797e-01
2.879352992678932965e-01 8.631608724780172048e-01
9.556024239058080738e-02 7.734638052021372001e-01
2.978322773247199517e-02 6.492011522647882504e-01
