3.400807883118882602e-01 9.511472396812400421e-01
4.000614852278094880e-02 9.764875882180681366e-01
4.577498496223098012e-02 7.265643562814898537e-01
5.396164431780647863e-02 4.468757608843559881e-01
6.814507600773611617e-02 1.580386491835259477e-01
9.728786871775518819e-02 9.333499293208813441e-02
2.375321710565391209e-01 2.351241178193175241e-02
4.819466813701617225e-01 4.897326403975865716e-02
6.786943161058974772e-01 8.111430797853291796e-02
8.189288515532622270e-01 1.227923436325780715e-01
8.667052966423992588e-01 1.549333532528961443e-01
9.173217680749041758e-01 1.926827723680535343e-01
9.319124902604742910e-01 2.258097603182113167e-01
9.435725935119977370e-01 2.679278062137036009e-01
9.599938514772190512e-01 5.037198758474225047e-01
9.457021401924841086e-01 5.761794324550890689e-01
8.983877897403224067e-01 8.010181012684730595e-01
8.062526351699008664e-01 8.536558039993841218e-01
7.900067251448453787e-01 8.597748624776699877e-01
7.426738183111393221e-01 8.704326551315864080e-01
