4.857930431023615991e-01 7.991199217658994103e-01
1.806156536095376297e-01 7.051845911439949544e-02
6.259259707534718942e-01 9.554045068479027902e-02
7.768929729712508170e-01 7.147394026561304514e-01
5.885655384254984135e-01 3.214525489507122913e-01
4.840652997042351746e-01 9.799479464788627414e-01
8.779254605779852616e-01 1.787429331339372707e-01
4.979698328595438817e-01 1.433124911755509212e-01
3.279379825998507414e-02 3.328253892733821218e-01
1.902786036115486079e-01 1.816270871732325320e-01
9.260897164930694814e-01 4.259105867156907643e-01
4.138118493576415924e-01 2.453506415172901356e-02
9.341841876724693572e-01 7.608177023039495168e-01
8.463236840780250514e-01 4.071984067991094580e-01
1.000083572576563606e-01 4.905772468749280413e-01
1.643175211239841227e-01 6.549485270215581467e-01
4.081924477509838445e-01 9.708978581985361345e-01
7.184913523454862228e-01 3.877037550947457500e-01
6.548818928772358605e-01 9.324268340353411011e-01
1.610536524813334924e-01 8.556899720827382261e-01
8.284081814659127740e-01 7.387295550033502467e-01
3.290548929371384101e-02 5.838076874223921964e-01
9.412748791438703133e-01 8.166071218688133460e-01
1.501838069196663739e-01 2.735922581340433091e-02
4.073849579150423672e-02 6.569258273697653472e-01
6.773483614755329008e-01 1.459410253295855830e-01
2.464324656284881399e-01 6.159065954537612519e-01
6.665741087501161344e-01 7.975981748524449966e-01
4.624963358136712777e-01 4.688923406666214433e-01
8.068393579360353396e-01 3.361784517530809757e-01
5.170043586496642085e-02 5.163857983814676977e-01
8.740633904632859608e-01 1.426803063085178014e-01
3.315327851058822439e-01 5.273740596141314185e-01
2.556143945340041412e-01 2.496470167829722420e-01
6.735080615099220402e-01 4.833726777024804910e-02
9.672062017400149259e-01 7.346879568735921184e-01
1.762905733106525652e-01 8.813882753388270208e-01
1.033312675017272614e-01 6.153836534626722088e-01
6.044023289494477869e-01 3.478539864746662547e-01
1.469511282861200863e-01 6.678781119510953657e-01
6.141542905007930653e-01 6.156291615544376983e-01
2.968876831211977319e-01 2.005205352113725858e-02
8.012317452854521294e-02 5.861366464014153843e-01
4.413740533519239229e-02 1.196089883066342452e-01
6.591000290551126684e-01 8.561378429234216547e-01
8.151943576927247470e-01 7.697638196323535187e-01
3.833007332198057338e-01 9.623954168486911209e-01
3.738199851155458719e-01 5.204328342887026837e-01
2.959264833964428965e-01 2.870306415131989586e-01
2.146672727894194110e-01 1.575643663289046648e-01
4.497794424148683634e-02 5.682789349425324543e-01
5.744405416760648420e-01 2.094384038130111259e-01
2.518400448031493655e-01 6.308086397332116624e-01
3.839191922269392654e-01 5.372514693433869670e-01
6.133297006959120834e-01 9.032131550753808025e-02
2.476616525424430726e-01 7.828269842950804636e-01
3.969681758348045930e-01 5.774087355662225196e-01
1.752483235207215606e-01 4.414821347006913088e-01
3.046055731077667583e-01 3.186611203736900988e-01
5.020932482542828090e-01 1.090614563026054973e-01
7.664507705497504153e-01 7.359441393900850725e-01
8.723645734790023143e-01 5.380506083106497695e-01
3.574072816614663473e-01 9.435379720561089256e-02
4.620276610502227488e-01 7.358325619214231561e-02
9.023469529980051584e-01 8.410385029048845773e-01
3.143614144086284701e-01 6.400230027141381450e-01
4.208026854940146722e-01 4.766098872088085359e-01
6.378338994435117648e-01 3.094523139057079320e-01
7.794182268161911065e-01 3.138460597138130748e-01
7.576579343732310345e-01 7.541641630634328131e-01
6.287096746545434156e-01 4.810820322691297668e-02
4.552964320672574505e-01 7.715114466883071787e-02
9.281381973398505902e-01 4.241087830689100890e-01
3.915864696098840247e-01 9.142381161636681242e-01
7.905503022137509717e-02 5.307988402726053767e-01
9.549319388611199333e-01 8.023994484090425372e-01
6.715701499699258115e-01 2.378985201292777574e-01
6.660317368059276433e-01 4.619578325036329813e-01
9.281214268234330156e-01 7.961870706796554398e-01
5.985392282432956401e-01 5.952086404587114687e-01
5.742968094898410758e-01 7.780890496232039100e-01
7.140853042003614259e-01 3.802580507808213661e-01
6.311940943369467316e-01 3.542232518042267575e-01
4.772867561030715855e-01 2.922464853730611933e-01
5.979300533955796970e-01 6.121986784526768366e-01
6.466352292905360732e-01 2.593719575306255298e-01
3.453048803075504658e-01 3.741204302619144384e-01
7.702854137773333942e-01 7.384220861949936099e-02
5.031492422816086219e-02 6.774422813486681294e-01
4.900464780226760908e-01 2.666012766227043307e-01
8.858729666759520560e-01 9.269501191154638775e-02
1.855605189527744503e-01 4.523940624866536475e-01
6.469775737712328834e-01 4.008818852495750207e-01
7.778539916786322284e-01 1.458735397431424885e-01
1.718482126572973556e-01 3.775815900550349991e-01
1.094944250581217082e-01 5.274456057582074253e-01
1.801061337007820173e-01 1.303943414551279600e-01
8.670871469062967074e-02 4.484895705581439240e-01
2.184364992922396831e-01 8.324253126268342795e-01
7.862364409605732130e-01 1.201692641944049483e-01
