6.619302674498089845e-01 5.152980122141676000e-01
3.861643729773717726e-01 7.448177884027500362e-01
2.391781498197788070e-01 9.674350027767250060e-01
1.291204263981106659e-01 2.182047634893745647e-01
5.902562477162878185e-01 2.620683349846442134e-01
6.300396069413866096e-01 6.385579935867834456e-01
1.158830452760142293e-01 8.607127367393455630e-01
6.832666323744102099e-02 8.579151531817744702e-01
4.571153703413283198e-01 7.094686496663078490e-01
1.789797212797305526e-01 9.661528588077910040e-01
2.330136974407272243e-01 8.827287245947706973e-01
4.394837978719945970e-01 2.006229026728085785e-01
6.554941600175185901e-01 2.123043056252441607e-01
3.054910554058540839e-01 5.344417079694288031e-01
8.879163411681501028e-01 1.366064335833919730e-01
6.269707255310085214e-01 1.965446106343582133e-01
7.440982819066619403e-01 5.691857611936146366e-01
7.604472935135500045e-01 2.557413798226116919e-01
4.782000152723964725e-01 7.608444921157242469e-02
2.109519547105888626e-01 9.714825293190874067e-01
2.788123501400310289e-01 4.384236442283138691e-01
1.814554616188798764e-01 8.714395192049814165e-01
2.580937136372292717e-01 1.296830838211218140e-01
1.670279809353063527e-01 4.712452603960773923e-01
1.708810776662455511e-01 1.888124101010999478e-01
9.447765669298464897e-02 4.150852039325618192e-01
5.462394478046445068e-02 3.251394644494234321e-01
9.741290727596976229e-01 2.779668209409597024e-01
5.372887287651469945e-01 6.166802257092839357e-01
7.399946002850423810e-01 7.210316616789170796e-01
5.901867913073274852e-02 5.775155937453554378e-01
4.797697662652575801e-01 3.247889316274571447e-01
2.587092724030232160e-02 6.815299459691881445e-01
8.467520666880246072e-01 9.060749545607293953e-02
5.459420288438518454e-02 7.562123382734741162e-01
1.936986147658517621e-01 7.339973449351234747e-01
6.523982433596606789e-01 3.105493212098783262e-01
2.325773724881429472e-01 8.878889593441079420e-01
6.231628638033401835e-01 7.960058529617137779e-01
8.729222883712446368e-01 3.876109303808977780e-01
2.184897148574843628e-01 4.862565751242347578e-01
2.250143869636875849e-01 3.274367982847715131e-01
3.142496904407625635e-01 2.615381454273221218e-01
7.261559709754126235e-01 4.736657973172878622e-01
5.758603749994296583e-01 7.436349291401538331e-01
4.060758157259554690e-01 8.338060743543964648e-01
6.255018619009204972e-01 5.990553582048663284e-01
5.157743170601224447e-01 3.794059288233789795e-01
1.873165479927218768e-01 5.533263784454645062e-01
4.195228299383067516e-01 1.946257951261714525e-01
3.953949904603334259e-02 5.523009398304882245e-01
5.991032112197440807e-01 8.773955224742784331e-01
6.632812514597086206e-01 2.851747068091248227e-02
4.008853641369616305e-01 7.954793447761038250e-01
6.154679303925777445e-01 1.229661191685806065e-01
2.933781612294690255e-01 1.206570281883417306e-01
6.816516628564155411e-01 5.750662739134588808e-01
7.474999897338816535e-01 4.287097856815871855e-01
6.720769988983014143e-01 7.054051069643250127e-01
2.437691812776889289e-01 9.582781203495253086e-01
8.698424777497077987e-01 3.648968021184348931e-01
4.450924791052958129e-01 1.398900522714526251e-01
7.526765307712018904e-01 5.380578834921290188e-01
1.815130341034502104e-01 6.349363523060267411e-01
8.164469740935652309e-02 4.232006315542439778e-01
6.088595084738051000e-01 2.829817100658301721e-01
4.505967073910218113e-01 4.914695480137276640e-02
3.566164929101084402e-01 9.587531771481401233e-01
2.688921461634716792e-01 3.141895966523141071e-01
1.758997738010996958e-01 6.410689250129520955e-01
7.462706599917258155e-01 1.401402107305008693e-01
2.961145699629902373e-01 6.688010900085767929e-01
6.788336645438206585e-01 6.075627315631307868e-01
2.512861071219314457e-01 3.289351730593892409e-01
4.666241815984972785e-01 4.210026256370278386e-01
7.375231467496085047e-02 7.306563537573345091e-01
8.966786537431019610e-01 4.216398774869714039e-01
6.099368087483507672e-01 5.243993797372912269e-01
2.825044172322083158e-02 6.961195980919883119e-01
1.026142356386939292e-01 2.505047000310166583e-01
9.099501392514325326e-02 7.660112409929396016e-01
1.693615348750277805e-01 4.397141475473465566e-01
8.152203096758585676e-01 4.679635747296246873e-01
4.318868016798775300e-01 9.674207752224912582e-01
4.278007810789328236e-01 1.418241358381633344e-01
9.339207341405635354e-01 2.041042266419332840e-01
5.955427409780967851e-01 1.993887695179354380e-01
7.356980857015091857e-01 5.287189977400332808e-01
8.402947527438937581e-01 3.564655027067038517e-01
6.075633280250484214e-01 5.009503740618245216e-01
3.990892079165980766e-01 1.500951458193303945e-01
1.093695935441330175e-01 9.266206145082100942e-01
6.758172833176507854e-01 6.951431184826376564e-01
5.908935476673243814e-01 2.258341702106727023e-01
5.109896397432024395e-01 8.196462711401972800e-01
2.767916726389020310e-01 4.074138521010205460e-01
2.513546989484996552e-01 5.654285810949887248e-01
1.236467466947134830e-01 9.605938874066609623e-01
4.741250874130314985e-02 7.884094933961128815e-01
1.638349536620932467e-01 4.627202487927895014e-01
