9.005614277636103671e-01 3.506518079194008708e-01
2.156475439412205708e-01 7.310440683938476125e-01
6.631425641714053798e-01 4.974830813304707000e-01
1.539827374590596598e-01 4.038642209203835431e-01
3.207693103897076847e-01 4.351111841652651746e-01
7.656323098694357565e-01 6.082456093288495236e-01
2.647664909544273359e-01 3.432879204302988763e-01
7.570536117301496226e-01 5.154894719002136583e-01
4.019259714092121016e-01 1.075199328396930776e-01
5.506625481781824982e-01 1.960251835427160860e-01
7.463252442839847234e-01 8.659579391198063414e-01
6.106447051983295848e-01 2.161228475229178270e-01
3.605029903517116274e-01 3.705917583694475770e-01
4.296914188332990325e-01 2.081068052191714091e-01
3.018015846067717556e-01 6.293057314270322777e-01
8.635966032327200281e-01 5.729328201055042813e-01
5.109538122320544939e-01 3.629651965163773752e-01
1.206108003130194617e-01 3.684130351516481383e-01
8.694842857602338437e-01 3.122420562895644736e-01
3.057929925458072185e-01 5.439485495142920568e-01
7.986293435331988100e-01 6.374860920250391416e-01
6.604597474314223282e-01 6.387670022718501261e-01
8.920597642803357319e-01 3.971754081353909283e-01
5.312084158893761732e-01 4.436228591151253342e-01
6.897280597769912536e-01 1.360991814691133728e-01
5.598169919915031434e-01 3.373759362279611929e-01
7.633080054443683871e-01 1.659933906323929342e-01
6.033907962944214942e-01 4.198670370465511503e-01
3.511270517538925828e-01 3.702266261338112985e-01
1.279594674056368786e-01 5.667028065372454737e-01
3.944376461175430615e-02 7.403663757940117662e-01
8.459696863536535494e-01 3.820963696802954224e-01
2.056771969096487518e-01 5.492121460618418771e-01
7.082868663612142957e-01 7.657270109577630768e-01
2.150847556383156667e-01 6.288833470635781797e-01
1.597212722180252065e-01 7.778323490627923054e-01
4.813538789467683432e-01 8.922036128294963397e-01
3.598212165114848538e-01 6.542831663258259489e-01
2.186834096395461891e-01 5.750577237242742168e-01
4.623196474576491410e-01 3.425127019629831127e-01
7.046496259475537594e-01 7.583595320956615371e-01
2.827304264635095432e-01 2.586325917882336123e-01
7.986038189622972627e-01 2.930227134184756888e-01
5.974218308750306461e-01 8.072936243240286247e-01
2.194128416262412506e-01 8.500800041315944577e-01
4.370751222924814661e-01 7.844905258049119645e-01
4.918520471380899428e-02 6.948521079599871975e-01
7.828564346796706985e-01 8.348026591593847856e-01
6.601566707616124408e-01 1.812571831882836548e-01
4.761525765693800372e-01 7.544161565273189707e-01
8.009489928080196774e-01 7.016942765559610606e-01
7.242636748073669750e-01 7.395026271894088454e-01
9.605562353882457494e-01 3.968868918466572637e-01
2.674932192349588900e-01 4.950057504433074129e-01
6.346464116334294969e-01 5.565192488048924524e-01
5.970336528987947311e-01 2.352274193574038219e-01
4.100407381144252628e-01 8.924800671603069224e-01
4.592203272462885844e-01 5.691266623436217476e-01
6.082613157068044174e-01 1.111761906457472415e-01
2.140556960981798151e-01 5.221989476202163472e-01
9.133771193247217646e-01 6.222677919775206901e-01
5.369555829680370262e-01 4.771626776328621311e-01
2.614615557626371323e-01 6.953435586239538058e-01
3.385910389779738239e-01 5.270944421648302569e-01
7.586417238320322110e-01 5.762853499352231790e-01
7.221046094686272010e-01 7.528729000305744989e-01
2.768536696825859011e-01 8.611878387317249972e-01
2.042839846444680918e-01 5.161942638082438473e-01
7.567826004688036345e-01 6.274326200991581226e-01
4.687372813556226481e-01 5.435542971616638130e-01
1.151707437369899334e-01 8.022970510774566355e-01
4.135184109505197214e-01 6.262400896187954036e-01
4.915073297351429393e-01 1.966264833774715448e-01
5.770529682681814210e-01 4.728645769634957086e-01
8.121000945470554511e-01 2.229235630936989565e-01
4.675273627828837597e-01 3.395581744703272120e-01
5.561573699645890878e-01 1.478780771825311813e-01
6.623929637343896060e-01 6.496046692432263514e-01
2.878101706645915248e-01 7.825300199652419630e-01
7.702348089914421436e-01 4.931490030461098129e-01
4.234415461427039062e-01 5.969495611935085044e-01
9.484461781239856837e-01 3.096389036089249869e-01
2.723320602138767366e-01 2.029919589192452634e-01
6.168127908391448644e-01 5.679287413972239351e-01
1.299463042200153517e-01 3.379654416655454297e-01
3.905190337449315208e-01 7.856368160868680839e-01
5.949663207095414741e-01 8.818352850205632976e-01
2.982940015327989469e-01 4.288601821257452817e-01
8.673005241764210060e-01 6.741081688315064824e-01
9.004926470507752523e-01 2.555310723992928468e-01
3.426244763215897104e-01 2.119143136143392947e-01
4.335563812005124307e-01 3.068250374848167095e-01
6.840061549348334102e-01 2.843729133263143694e-01
4.678176442934410817e-01 3.869016966834523119e-01
9.425005744188956758e-01 3.573597016798860659e-01
3.657800270925315456e-01 8.040452802525425158e-01
6.460549412403759906e-01 4.845334586063277382e-01
2.152194283454612056e-01 2.776492008699761316e-01
2.983453987264749752e-01 1.182826633486728785e-01
2.995959040619067260e-01 2.328698542572796570e-01
