3.460748220866943781e-01 4.249940834117137967e-01
9.524303436230048270e-01 6.223059431460107316e-01
7.509793689179123932e-01 6.010406426731388363e-01
3.787771061032908504e-01 1.206037728052674618e-01
7.331995273754297049e-01 8.708319230426917468e-01
1.238428093967762628e-01 5.865541368936937339e-01
7.299254020594295733e-01 4.518861918472499295e-01
5.792708904011141247e-01 2.253892316745254032e-02
6.582119771001226916e-01 2.768692568264721210e-01
3.978345520573600691e-01 7.313436776503235981e-01
1.215290540737635899e-01 6.936274591478420737e-01
7.192062456753884891e-01 7.458604408406414032e-01
6.003215713135374720e-01 2.423708486097375658e-01
5.494524693434184037e-01 4.594352869721139987e-01
1.120400070212997506e-01 4.969058396897184648e-01
8.533858242859037047e-01 7.872915420941291043e-01
4.909514899451075665e-01 9.533329846507770933e-01
7.576052126899034400e-01 6.982439074996338313e-01
9.137384667629946389e-01 6.384305436477626383e-01
6.428095227724915928e-01 9.689267197808486554e-01
4.470252648438963750e-01 7.829121364106991776e-02
8.017840608674563496e-01 3.965479294758415540e-01
5.379499290377662835e-01 3.082055577982556471e-02
4.823583053366312656e-01 5.149850270146937303e-01
2.967134587579037808e-01 5.105100694214953494e-01
4.471846532244017070e-01 5.356772166607337571e-02
5.209279447187864509e-01 3.887403751860892265e-01
2.968932778623937230e-01 9.622382740320115646e-01
5.339137030557730146e-01 3.145063579043431146e-01
2.964051233124961326e-01 5.724972891561141974e-01
3.050054436019433712e-02 6.104068203873225240e-01
4.704879207197920632e-01 9.062227441152108653e-01
3.661295427608868280e-01 3.283292709725073033e-01
5.383517104277009135e-01 9.774610768325473487e-01
4.172400989549121531e-01 9.042290767206932756e-02
3.750409610852371012e-01 9.096196329127668179e-01
3.307393573175132495e-01 1.495507927641115953e-01
9.089968439734976702e-01 5.260952801056684169e-01
4.931823771483304641e-01 8.577126878645116026e-01
6.622930554393091640e-01 9.120694324613377868e-02
6.563159877721169710e-01 7.601594828410007665e-02
4.121159005354208538e-01 3.224426954321146788e-01
1.476100065947788809e-01 6.057206577690399385e-01
5.402568790193130743e-01 7.632409952435735556e-02
8.723687185770387376e-02 5.194673333163810636e-01
7.519364530423905402e-01 9.329987174021631136e-01
8.696030171164833567e-01 5.293932373056691176e-01
4.931048657893136733e-01 4.658901110362659859e-01
4.257336713784466015e-02 5.950873212150529223e-01
1.906429508431696229e-01 3.174717625313537850e-01
2.205834133718643786e-01 9.461727396401325985e-01
6.332917645301943121e-01 9.415387008769880994e-01
8.724361592410279087e-01 7.743482663156371348e-01
2.162102967216172622e-01 3.669416447590529429e-01
3.632511653813068064e-01 2.104733005819169889e-01
3.142354498932562468e-01 1.604499811987726288e-01
8.921814081410875952e-01 6.025963350749969916e-01
2.966561939534841930e-01 6.841350253640791079e-01
3.826682374853965785e-01 2.733921246022505414e-01
5.870081524134251882e-02 5.555972914353365377e-01
6.241488163536511591e-01 7.924130699682911949e-01
2.552651824254814628e-01 5.741406938591254727e-01
9.694994556398057739e-01 6.677581007404472802e-01
2.233176258285395899e-01 4.202519014759737992e-01
8.820757479015086666e-01 5.655137706524606678e-01
1.102082083390360789e-01 6.924213622976735927e-01
5.512082538496948514e-01 7.794801452354235827e-02
6.500737836783014867e-01 4.149553515326275255e-01
7.856119648809249956e-01 3.220916420970920679e-01
4.949242043569938021e-01 9.222965393310778026e-01
7.042215539749131503e-01 5.214708534769891823e-01
2.541550972055797719e-01 2.625413882213019079e-01
5.005255264921046887e-01 2.244353415279406461e-01
3.570172118095347735e-01 4.957528425387253690e-01
2.209607640613483748e-01 3.650214939939139258e-01
8.192100629871587048e-01 9.030627690409852582e-01
3.514047374167538207e-01 1.450141819842901691e-01
9.241229629579249538e-01 5.534828228123621630e-01
5.668729425711517278e-01 8.851782364240800005e-01
5.754797531793485188e-01 5.272345861223258767e-01
1.961161213433608719e-01 5.366808617777054646e-01
6.179329429549914598e-01 2.323634726815071438e-02
5.078534573818140885e-01 6.210378242783719527e-01
2.689352595943096391e-01 8.215718421743910538e-01
6.465317894784707864e-01 8.370825189579679249e-01
4.310498615335214279e-01 9.913819409775320723e-02
7.232818862234928758e-01 2.570782951035800457e-01
8.240228568222406347e-01 4.717392764147564366e-01
8.407431093550565837e-01 6.211488947967277463e-01
8.597946700376807305e-01 4.070695959777218542e-01
3.610817839698765019e-01 7.751192259514985139e-01
2.957823411950056824e-01 6.075449001959156714e-01
5.650917411387634814e-01 3.789894837373399827e-01
4.002131102582172639e-01 5.529814225702195385e-01
4.121869880084323978e-01 6.729243169873472263e-01
6.346672803253056161e-01 8.431238664166644803e-01
6.176981454764106649e-01 9.755011449311467020e-01
7.276980900568438271e-01 4.327928932866723644e-01
3.934879440247085469e-01 7.155623954049723512e-01
6.683949010290543002e-01 2.861494454935110121e-01
