3.256834156422408477e-01 2.972777036396456185e-01
2.636514518793077744e-01 5.892217356923610261e-01
6.855099241371116481e-01 5.958282015298633771e-01
2.373591225851856001e-01 6.619649949602353090e-01
3.859600859623298907e-01 2.057989053774805233e-01
3.351088740923047204e-01 9.411599037282850078e-02
2.851419692169233633e-01 4.045275485345324329e-01
2.064488606548787741e-01 1.071620058808078341e-01
9.202348184226616379e-02 7.966440040425276647e-01
2.579092023159861302e-01 4.212940240880573284e-01
6.465205321174554154e-01 2.747609301223156164e-01
6.952686453980457815e-01 1.395160409503756471e-01
1.488799784314545072e-01 4.525012521218330086e-02
9.584276235653959031e-01 3.985850606105981742e-01
3.898122169377381541e-01 7.369789588862660779e-01
4.219356166455896506e-01 4.293199597444479210e-01
8.647174943828522808e-02 3.263850381493127450e-01
4.626766551406668038e-01 9.461657621794998807e-01
6.356241027236773089e-01 7.167589631854995869e-01
5.071270133456886597e-01 6.863649692273946501e-01
5.526069222588401164e-01 5.139911491461168769e-02
7.149201852083444386e-01 2.374949240653638771e-01
3.932580982658752666e-01 4.268410322716154059e-01
8.361856969335447198e-01 1.343336549551757408e-01
5.477401540551330994e-01 7.918202073122045936e-01
8.421959675034965676e-01 5.958734482337268989e-02
6.065200155469084586e-02 3.765863653772011377e-01
8.741155751929352569e-01 1.494157162005423922e-01
6.740722989974776702e-01 7.688787854162186797e-01
2.852023252515001328e-01 9.281632206944698815e-01
3.386843666944503450e-01 3.522130850584075379e-01
7.622548401103904636e-01 8.333613301824400743e-01
8.073911017951043156e-01 1.678618528828666745e-01
1.479312026480743003e-01 4.549859790667872828e-01
8.213965707807581174e-01 5.006532610359779589e-01
3.394453131296106818e-01 6.104954997232017178e-01
1.215490732163557602e-01 6.069968474904681166e-01
4.961463598631369321e-01 2.383789045017449537e-01
5.684604030521041296e-02 2.859229341024328575e-01
6.577571969313977807e-01 2.812929710711642439e-01
5.915500103819867350e-01 7.901694287362920344e-02
1.572734565490349345e-01 8.330996088728366555e-02
5.361183309878488901e-01 7.618182112857631028e-01
2.516831275421903547e-01 5.181646701678218614e-01
5.150423841985347639e-01 7.690151396928480709e-01
4.470719311496865744e-01 1.857721950680748246e-01
4.570534109977388293e-01 8.485312006677976360e-01
5.594754385892475312e-02 5.312021626629098714e-01
2.074631915915275959e-01 6.556096921219765061e-01
3.850745341945883138e-01 1.585135079526205082e-01
4.613127566194462625e-01 7.171330044398768200e-01
7.160407415829004307e-01 3.176562426655234472e-01
6.247212615711813521e-01 6.805204441152965522e-01
6.832266068296257711e-01 1.161780842917758960e-01
7.677985197536072448e-01 4.752389959774699912e-01
4.652146077782027822e-01 4.014982736966918875e-01
3.545263367889350814e-01 3.863540095749699033e-01
9.487687714347686763e-01 5.382959101062287921e-01
1.258494478004367478e-01 3.621433892711104496e-01
6.803778966101734493e-01 5.109933544185913945e-01
2.457683330346265571e-01 3.021215135461882695e-01
7.785618088628702971e-01 8.239213821438120533e-01
3.077034192636563525e-01 5.668644783019971545e-01
4.489973148341502851e-01 7.908065717352147361e-01
1.591451876314798897e-01 4.196229302204823597e-02
8.118431510440495824e-01 7.306430029645413216e-01
1.489452830539352568e-01 3.306587057066132651e-01
2.665917019386938036e-01 4.795450965515355435e-01
2.676495846917184562e-01 9.052696887962533023e-02
9.593000891119016771e-01 4.323377501940773859e-01
2.134548227459047709e-01 9.040008231345594281e-01
7.897531595238892477e-01 3.360373008026306674e-01
5.203950517870811199e-01 8.826940241887204497e-01
1.795845663998573982e-01 9.263124834779956629e-02
4.950505461120123796e-01 5.514231603442036889e-01
3.418127479822433146e-01 7.455400904125364381e-01
4.046826885266802121e-01 5.991200157696134621e-02
5.326930335241479852e-01 2.750522525140837726e-01
7.759624697326494847e-02 9.188762324131327652e-02
3.220758960260909909e-01 5.318406922096597933e-01
2.071008683651347493e-01 3.823794931310123824e-01
9.046402994901099337e-01 7.406366577801679618e-01
6.393418274259681233e-01 8.817355268792107514e-01
5.205424092527545232e-01 6.324778809081801345e-01
1.244087845077174320e-01 1.175849822131098815e-01
4.477695225374836996e-01 7.889246936044400638e-01
6.497548018144078119e-01 2.291277897408776354e-01
2.192330634767203357e-01 9.179271107773800953e-01
5.320927622952615899e-01 6.323744693149931928e-01
2.940379709113469797e-01 9.580377069779517640e-01
6.046927666422861058e-01 7.679422800119092285e-01
4.069991088809832291e-02 2.774850729210516231e-01
5.943552642825529198e-01 2.978958020670585682e-01
8.499580099594787608e-02 3.940174617102031873e-01
8.827879978931586491e-01 6.225689700009550132e-01
7.225632010520104398e-01 7.150379665756931846e-01
6.041525412260048133e-01 7.964629748415700261e-01
9.533454062265177553e-01 4.321223688808924490e-01
9.207464528896978084e-01 6.887414080700329233e-01
3.986189171989034108e-01 7.520846407621988305e-01
