5.759337030045906802e-01 7.494438152071120074e-01
7.153802842609929824e-01 3.386504997037658726e-01
5.527701495486304628e-01 5.314505525991202184e-01
7.072839728132028769e-01 1.253574154112396810e-01
4.555731024754131053e-01 3.151429222103941941e-01
4.594830150727404194e-01 2.047097632953591706e-01
6.776276051164930037e-01 3.380728421454370358e-01
6.404880640341323872e-01 9.956088996355860754e-02
4.000415804584810386e-01 6.956043267978269107e-01
7.185928506312539987e-01 3.975465990595655752e-01
5.321918243040258956e-01 2.917649585730547335e-01
7.775704058149718323e-01 4.490231181966363172e-01
6.842963664654818645e-01 2.420972521504284602e-01
7.662953725034676866e-02 6.175025286949250569e-01
3.796705693822118866e-01 5.203401192584082846e-01
8.114282089528810360e-01 3.996183917495285676e-01
2.943237243670047132e-01 5.207464286099935391e-01
3.810437436029868730e-01 1.413520459531107942e-01
6.444631634948096988e-01 8.427116942441542635e-01
3.076581512681424435e-01 1.830352480793018266e-01
5.742846980633542486e-02 5.628570202210547713e-01
3.427335467096958577e-01 2.780649595236089899e-01
8.665650316359541083e-01 7.470923127164375011e-01
1.968617655638754127e-01 7.742973563674708792e-01
5.781323546666511382e-01 4.800511749245801041e-01
4.928000161063441076e-01 7.165924787318108669e-01
6.083930798762082759e-01 6.370044250385022977e-01
5.808381404969871209e-01 4.316595028255432176e-01
1.606800832529018952e-01 6.957658434707156836e-01
6.318352764151882184e-01 2.419337771028661488e-01
3.440798725356776222e-01 6.703710320547089374e-01
3.265977128479851110e-01 6.691322136879142013e-01
2.695723558570465306e-01 4.630674601442739680e-01
3.832411298866874039e-01 2.741120141625181805e-01
3.461366869978643734e-01 4.534090748600098641e-01
4.683817521450427956e-01 2.088412793142590540e-01
4.181596209300739719e-01 2.377561341737303158e-01
8.061978195980213924e-01 7.170508480981743205e-01
2.183283687704098974e-01 6.653738334073138194e-01
8.086881903338468680e-01 9.090587323821771593e-01
8.057062013428081260e-01 3.524533128832894047e-01
2.742927171409132447e-01 2.491622253787094121e-01
8.025430850400697702e-01 3.693704974951043662e-01
4.043095767890206305e-01 2.539274893386442300e-01
4.055738640413418805e-01 6.668633069813318937e-01
9.584731414956589868e-01 8.574191850708772211e-01
3.236026383129063655e-01 4.631048447652713618e-01
6.068226167550455630e-01 2.496514396753723997e-01
7.498414989213492143e-01 5.143843089228730125e-01
6.951189817955283345e-01 2.609999017801319376e-01
6.182167659227820744e-01 7.861434916247722615e-01
6.643543739583760432e-01 8.773924048846867274e-01
2.042945829340510611e-01 5.479380966061151437e-01
3.022826859539566313e-01 7.704752661871274722e-01
9.058275083324909271e-01 6.359453180812634221e-01
6.864542429897849685e-01 7.787368472773643635e-01
6.384213227456998485e-01 7.239874462402842159e-01
1.180576270929589722e-01 4.500374052960847138e-01
3.166067667715540823e-01 3.776451010030352218e-01
6.334176485133083956e-01 7.733414862418046543e-01
5.380679077764671803e-01 6.542447643259532430e-01
9.589678605139783096e-01 8.320478720588152521e-01
6.960466645851368650e-01 2.589988516947607233e-01
7.270078723898087958e-01 4.104939228854748157e-01
6.080991111537025207e-01 8.902531352863545244e-01
3.177852322900704962e-01 5.357589225013112966e-01
5.650272895559310671e-01 8.558186750223230055e-01
5.796321001362010339e-01 7.866937740054107397e-01
6.354564492380072593e-01 6.420154401604269978e-01
5.011570755274412647e-01 2.264765453821766250e-01
3.690767593372441535e-01 7.373298215288226487e-01
4.103213948602169037e-02 7.412687020309792763e-01
4.207318552621169827e-01 6.237624350941484153e-01
5.419272225519120578e-01 8.318273527365506181e-01
4.245091278816996438e-01 5.969238613031150331e-01
5.200100593124841186e-01 9.421553424017825584e-02
5.600549909743010035e-01 9.094126761782284074e-02
2.808593671233518552e-01 3.780576280653557553e-01
6.444304552611347381e-01 8.430748193328696516e-01
4.707855307667495603e-01 8.765980819644419997e-01
1.543670932949342545e-01 3.843014198043062102e-01
7.670614825800985415e-01 8.832896913833716557e-01
6.938226241737245337e-01 4.554621658590889410e-01
2.547250823654259033e-01 2.296235896055306425e-01
5.754786987803115483e-01 5.938412345349061150e-01
6.666292760896178060e-02 6.391580042495773606e-01
4.591734600117141074e-01 1.526963949861383785e-01
8.612951215140600691e-01 9.053260261042364032e-01
6.124957935514321328e-01 4.879894210389468245e-01
4.458545891301474162e-01 2.345457924132919869e-01
2.009282261771572209e-01 6.103151001951627741e-01
7.777310418704330708e-01 7.032150483216936809e-01
5.425518390946315606e-01 7.202318104296341339e-01
5.422466726209262955e-01 5.546696981588847830e-01
2.958665317786546844e-01 4.826741871958874497e-01
2.757527118124339371e-01 7.427785642141733202e-01
6.175368055696757175e-01 6.873846520334326859e-01
6.336890560479890855e-02 5.512346820685299909e-01
7.460274418960812781e-01 2.156335931445547138e-01
1.849853484446297713e-01 6.948467979322574539e-01
