1.617075710120433607e-01 7.157841527117072555e-01
3.728015163689892830e-01 7.519581201146693372e-01
9.189679254043296996e-01 4.938778860001930560e-01
7.927072692243503083e-02 4.384485396078654507e-01
3.153904835589403377e-01 4.714496422169681678e-01
4.858964563047348251e-01 3.943220876333678460e-01
5.236773925229070148e-01 8.575576766296031384e-01
9.280713527923967199e-01 3.556816359376941961e-01
6.491514349804574646e-01 3.340217621150964877e-01
5.575523168005991348e-02 5.150041910356425445e-01
8.116905934264745381e-01 5.597902822346406682e-01
9.444581096189135216e-01 3.923808967117652369e-01
3.953990869262779539e-01 5.945206694134360648e-01
6.722083759091057598e-01 3.560834237893446552e-01
7.476463876648260509e-01 8.868171307699561634e-01
4.284131485720500954e-01 2.161629558193422507e-01
5.510049538644080647e-01 8.563801710572932491e-01
5.216584614179404777e-01 4.691866990830707573e-01
7.575803488149592813e-01 3.246331846976094893e-01
9.165403087671800675e-01 3.729065516710466932e-01
2.202192713343154862e-01 2.632869479505359211e-01
7.375528172077525646e-01 3.251295508616341978e-01
1.859376569519961275e-01 2.387005249067690182e-01
9.353956460920515026e-01 6.509159781575361015e-01
5.903790569947886535e-02 4.621919012527080373e-01
4.677148300418346727e-01 4.159142906137603957e-01
9.264766570214173491e-01 7.267079341657018965e-01
2.495325768908422115e-01 6.297374269567943550e-01
3.075024656861484740e-01 5.261228870434155880e-01
5.069091541314307836e-01 5.385199618304762348e-01
4.672267042257226000e-01 1.551015435467477110e-01
2.580026301002338318e-01 1.480612478912816110e-01
1.303919092290017068e-01 6.374372444299697404e-01
9.274728380999945898e-01 3.376039799125618024e-01
1.375041990441953077e-01 5.825267604782407016e-01
4.254635781517566162e-01 8.442991252522202839e-02
8.218413484187039875e-02 5.693336946387391739e-01
7.424844645603084770e-01 5.677811004698316566e-01
1.640738371431109677e-01 6.325369822702457956e-01
3.570033113852365547e-01 9.364379032185465856e-02
1.853474560079316213e-01 3.996497396185285100e-01
3.987766226617079912e-01 7.610239472018545115e-01
8.057963670424730385e-01 5.097899454667965680e-01
6.392856266091073714e-01 3.261776722972493658e-01
2.939291538987028884e-01 5.868639614025273898e-01
8.638282475667926619e-01 3.626617291263914966e-01
3.438791488477984104e-01 1.458495536941386839e-01
5.693909020891141370e-02 5.783228757699749867e-01
4.680674015409533872e-01 2.611607558757658709e-01
5.609436699997440989e-01 7.578050009348901161e-01
4.684333251768314499e-01 2.327374385623157127e-01
5.366434855448857233e-01 5.030682657999906437e-01
1.530090255045882253e-01 4.344967488179576343e-01
3.914704055150968198e-01 5.132905749553925423e-01
8.538515584235086830e-01 8.193393395252630551e-01
8.749141552204864336e-01 2.351121400535654549e-01
7.451406347288374032e-01 8.234134814212836773e-01
8.816601980479857881e-01 4.830884116601045775e-01
9.397489879708831317e-01 2.441626617770504826e-01
4.200733837821489236e-01 5.090957575097515564e-01
5.554189038108658938e-02 4.968424468509481384e-01
7.373178577681032131e-01 5.700374200285404092e-01
8.992771172880750230e-01 2.571222564985851666e-01
2.926913120265798862e-01 5.876740138330397434e-01
8.301749951188883703e-01 7.325204012215250637e-01
9.429053272146682430e-01 4.963644067125345671e-01
6.438067323062472980e-01 5.437615607352611624e-01
2.524156153677881154e-01 7.915062962313567096e-01
4.370850274869337859e-01 4.616382272705185641e-01
8.846558549427188112e-01 3.471166959905934157e-01
8.649625025123153232e-02 4.827873767570720620e-01
7.991721718351627590e-01 9.155700874747780826e-01
8.398621568171895646e-01 6.908692051216039909e-01
2.734530886973632335e-01 3.555516879257959451e-01
8.213670215960344745e-02 3.151441233836043132e-01
8.334108632144603401e-01 2.591473503050432114e-01
6.082116283553140601e-02 4.446412169771223333e-01
3.301600263241022404e-01 4.667097220260161272e-01
8.033590579323030001e-01 6.537110355327861999e-01
4.883226389302919301e-01 4.965761181313705919e-01
1.772658843685440411e-01 6.005178161093820410e-01
5.803337548748017660e-01 6.398305399760223500e-01
7.873603105775304201e-01 5.474820897290411104e-01
6.322557908078092481e-01 4.214026537962589636e-01
5.566753461354967403e-01 8.612818428384754199e-01
3.815918069530845891e-01 1.681387168612011596e-01
6.550736641127048454e-01 2.424530100817631484e-01
7.239702243420870209e-01 1.543559444581028561e-01
5.550016735150331559e-01 5.225020938363024170e-01
3.102604813162779807e-01 7.569014541015943731e-01
6.210146060335259843e-01 8.122293839127487924e-01
8.329511166099715647e-01 4.653043380526247219e-01
3.937480273548619181e-01 2.790791270940834456e-01
6.955480866941330387e-01 6.370705265373565185e-01
4.472308324836469229e-01 8.448019216289136546e-01
4.185334855535770004e-01 8.555134850149506698e-02
4.618706798292410154e-01 9.187782558613899475e-02
6.495609988440955718e-01 8.695658459261599305e-01
9.175172812900639352e-01 3.315427023792246186e-01
8.039099190044936005e-01 2.028967775872263790e-01
