5.557273018203860993e-01 7.653120275496639868e-01
8.336894506203457178e-01 4.783524536240880698e-01
5.912641208194531206e-01 8.422967820514584147e-01
3.904313537581840521e-01 6.485272330515501338e-01
1.774019702747718363e-01 6.999446971606915202e-01
4.432739726843007988e-01 7.535020931215332674e-01
3.931713909178121691e-01 7.338229961307370930e-01
9.556024239058080738e-02 7.734638052021372001e-01
1.279105030439751101e-01 7.658534366000184779e-01
1.836098902008340694e-01 2.922824755281788756e-01
4.375513850746877709e-01 7.485338977659770077e-01
3.545440256075582663e-01 2.404234006665774692e-01
1.606795803363006425e-01 6.892389583168481160e-01
8.432418108995458628e-01 8.987825059861437316e-01
1.340563791227694646e-01 4.786109044836250326e-01
2.682772506210942542e-01 3.371162422540605053e-01
8.692283953904693661e-01 6.520506107939033624e-01
4.450305402055327875e-01 1.248709599087061139e-01
9.095526332543244497e-01 4.053924779748986351e-01
3.185639381060905162e-01 6.209500416327953243e-01
6.260273177163828695e-01 6.692768623944037598e-01
9.174591614176330623e-01 3.254394449145563417e-01
9.451331490605815455e-01 1.473047837559043616e-01
3.140404532184837283e-02 5.016992997127956988e-01
8.415215640371017658e-01 8.674470446857964756e-01
1.455333158204637212e-01 3.972204463246856165e-01
2.135210232929959928e-01 6.933174808029505254e-01
9.563772596424193750e-01 4.520634789614360050e-01
9.666771451321151121e-01 5.745027023765288954e-01
3.274380292442131135e-01 4.208677158831763965e-01
3.334466205209093426e-01 1.433453048205409752e-01
2.949485064526768396e-01 7.244885080184111370e-01
3.425349861232468429e-01 4.525554597207718799e-01
2.454780121528613579e-01 6.614203927088634360e-01
6.377214566600478696e-01 7.740811797690636542e-01
2.842469473834373650e-01 3.446576650469977965e-01
2.391505813224104049e-02 6.323917775181459033e-01
7.167731810477795396e-01 6.016167243298025102e-01
8.675673564474950528e-01 1.137250051642050286e-01
6.199011118472359527e-01 3.506768582874792983e-01
8.846311670939041583e-02 5.824939008915573924e-01
9.546913306908574315e-01 6.977536361710577895e-01
5.539674504454599191e-01 1.843266763777963724e-01
5.532612407165066193e-01 5.346692521483722427e-01
6.893428176422746745e-01 3.971826087596889154e-01
3.067289999580727899e-01 8.691158485978813797e-01
7.641996597381639500e-02 4.351805578647912620e-01
3.138917981555892078e-01 4.084735930000158444e-01
8.252098900563078487e-01 9.013021897227699863e-01
2.948451858092205891e-01 5.940827682719371783e-01
2.879352992678932965e-01 8.631608724780172048e-01
7.761582990787020409e-01 7.113022387442176075e-01
8.600436352485465452e-01 1.251998703858075157e-01
7.954117305772980817e-01 7.753067479878746893e-01
5.527273134550764189e-01 7.144223003502840896e-01
9.431422794169517232e-01 4.528418756101911247e-01
1.369492924590851868e-01 3.876195438408166494e-01
4.855809439164781027e-01 1.722137464727137024e-01
2.832800926822812704e-01 8.397169182112564911e-01
5.769073311828541994e-01 5.543031150155520725e-01
2.978322773247199517e-02 6.492011522647882504e-01
5.355963984322188454e-01 8.347878471013659984e-01
9.235723749770465840e-01 1.649602587973967305e-01
5.622975696749762387e-01 6.983564592765464374e-01
6.728921530231266601e-01 5.685114152139574273e-01
2.786845933651626583e-01 4.440751116688809730e-01
3.954291495754587715e-01 4.325809737043246894e-01
7.707714389404292099e-01 1.574032741359745746e-01
7.183353501267289998e-01 1.035148722748959749e-01
3.967646863417283454e-01 7.843906044958662838e-01
9.256164959018093885e-01 7.525926082736763556e-01
5.984478683225866735e-01 3.500520240285401319e-01
1.412593077887092097e-01 3.564743842373749305e-01
4.986540686135723099e-01 4.661993999158750568e-01
4.525994572566274243e-01 5.126452307535001029e-01
9.760849418677589595e-01 2.902764533340760345e-01
7.904064960313298416e-01 5.481036732176920445e-01
3.839320008375156634e-01 4.439441352575158040e-01
4.681892898249819246e-01 5.343407163320540443e-01
4.296980682193442536e-01 8.413476010190304999e-01
4.126092634682559934e-01 7.398910642486186129e-01
3.019421124874985818e-01 4.291870597623851924e-01
6.694834167832075522e-01 5.558903188218792257e-01
7.807545968445773754e-01 9.869781027723012468e-02
3.512426692713945808e-01 6.259893235438688253e-01
9.533252152139126689e-01 1.393514456391675704e-01
5.194526307409358390e-02 5.080088144657334270e-01
7.724955404423222705e-01 6.432255722532189690e-01
7.185269529565965207e-01 8.746376326290336012e-01
5.945783484390585460e-01 4.648589365177499544e-01
4.740036957269630480e-01 4.213234860256489522e-01
2.052943261720870938e-01 5.141949996324850503e-01
9.244836416095129072e-01 6.781282419458565247e-01
6.800745073071015057e-01 1.278672059363747393e-01
3.535534678474225867e-01 7.900642366152831331e-01
1.027214863247665200e-01 7.241678974573919625e-01
5.758470149996722243e-02 5.178103219439222915e-01
6.737073384931953068e-01 2.715597337234519904e-01
8.780137506693085347e-01 4.350335115355599136e-01
2.902262690772596243e-01 7.511319655780414051e-01
