7.529420011311593885e-01 4.045840001319334078e-02
7.898590453003311307e-01 5.966091332732081920e-02
8.187724055933913725e-01 1.010896541036739871e-01
8.916047556893991199e-01 2.133560366273580255e-01
9.069163775080426593e-01 2.453132861274472942e-01
9.565644978835892154e-01 3.497368594122204355e-01
9.655070139726236178e-01 3.754693083294891043e-01
9.796311333093858931e-01 4.355617598709120575e-01
9.819389734030701256e-01 4.604818124380788413e-01
9.818329816756425910e-01 4.728948912020018991e-01
9.754052471167997673e-01 5.957196580043803147e-01
9.559097876942523886e-01 6.818002435798731220e-01
9.386054253785203194e-01 7.291381683163894456e-01
9.280386118216710223e-01 7.408388375742303023e-01
8.878843630097223993e-01 7.804206904347277263e-01
8.018049236873112662e-01 8.455827805656733753e-01
7.806169041114519036e-01 8.603447028018021969e-01
7.120248074956516682e-01 8.901115380921330589e-01
6.831151701978517288e-01 9.018186683583031549e-01
4.899845898544744061e-01 9.574450416027457944e-01
4.618913266780006466e-01 9.654789353419895859e-01
4.048697756015340876e-01 9.779787466938163476e-01
3.656842796620959901e-01 9.778473070676086953e-01
3.334246095646831720e-01 9.656026011415556054e-01
3.017426332538727940e-01 9.458541762294683242e-01
2.222738757005438548e-01 8.900545852725516571e-01
1.777520546877324192e-01 8.337839335536919583e-01
1.508629979773486451e-01 7.894034143980337426e-01
1.008996549574636137e-01 7.057829708389673495e-01
5.468758003247559119e-02 5.793829196368290857e-01
3.969299724148395159e-02 5.371623931633200399e-01
2.240264592491963969e-02 4.884003961713978548e-01
1.806102659692992995e-02 4.711295391066856464e-01
1.905745184022916705e-02 4.517134450605516660e-01
3.673277771849442486e-02 3.169791231622136607e-01
3.968819149671848345e-02 2.986439289854538881e-01
4.371695993847862782e-02 2.866569759293692288e-01
5.012454121888748615e-02 2.720624917799908671e-01
6.602251931643338123e-02 2.379582028964691842e-01
7.425278548507013854e-02 2.246051316011709043e-01
9.501141413037467176e-02 1.978570997980718671e-01
1.459991025864250669e-01 1.337622366614213965e-01
2.549867044559612217e-01 7.503505225972872950e-02
2.574179841311389771e-01 7.388338409773120841e-02
2.836021955141226347e-01 6.435324024608002347e-02
3.615867393186014689e-01 4.907698855908004809e-02
4.608131941088057792e-01 3.070965702981753864e-02
5.266416468527033157e-01 2.443967600681296037e-02
5.745602201307740131e-01 2.202125330618354138e-02
7.374830537076904058e-01 3.870276040718079180e-02
