2.403903553749573430e-01 4.368382403418480386e-02
5.887291290102909525e-01 4.646923249393763999e-02
6.133758105872861854e-01 4.842265131326606298e-02
6.664607862725332454e-01 5.460239725677884515e-02
6.991215251903394323e-01 6.588594654084278801e-02
7.161939697877348632e-01 7.403922857294109594e-02
7.477397893011039631e-01 9.542243892017299167e-02
8.328283297554581743e-01 1.679053653882452979e-01
8.458265328628421509e-01 1.840916706222183175e-01
8.723288307655759910e-01 2.193476515439872765e-01
9.394119131700531256e-01 3.595350324522196273e-01
9.695652915039658648e-01 4.233882976301585055e-01
9.759094444120576251e-01 4.496433687594136863e-01
9.783955607158888457e-01 4.675442612848874635e-01
9.811002132673954934e-01 4.870704851396059354e-01
9.782618594140859436e-01 5.243525026980004888e-01
9.627501602331035579e-01 5.815935964321128360e-01
9.574479688328368931e-01 6.010214337325902045e-01
9.390371337084829628e-01 6.445780524708851766e-01
9.104175045160364244e-01 7.100455654408368567e-01
8.663775347685489514e-01 7.954645793660867215e-01
8.424050758293188945e-01 8.213362708350243624e-01
8.348750258548512937e-01 8.283621297565419983e-01
8.109661616044182564e-01 8.485497012895907298e-01
7.674360050347004414e-01 8.760216940682592490e-01
7.081186534869390314e-01 9.009505906224677396e-01
6.663171526618051344e-01 9.123607092767096471e-01
5.637742557396080434e-01 9.335869697305079207e-01
5.597543141161533953e-01 9.343394502832230719e-01
4.925726034457600377e-01 9.455064641801134151e-01
3.708008070873204387e-01 9.562990714533116110e-01
3.376989460024159007e-01 9.563161759658151961e-01
2.733792019769274440e-01 9.563122177980940553e-01
2.258685344821524943e-01 9.536254125986901586e-01
1.859540988557355501e-01 9.485740263512048021e-01
1.564636933500759275e-01 9.385636446029924640e-01
1.280417536657388888e-01 9.032276461438215609e-01
9.482736484604681326e-02 8.573297838980732388e-01
8.479798249062442395e-02 8.356062928969602011e-01
4.080590334081235504e-02 7.127052320222426740e-01
2.254613697549534557e-02 6.308436785842427286e-01
1.889978673260450659e-02 5.425361080758508425e-01
1.974373666635087510e-02 4.983037706046810067e-01
2.544794721457410702e-02 3.539168370259541119e-01
3.190558948813848605e-02 2.628187887085444707e-01
3.695862634569813121e-02 2.314225208757126895e-01
5.744137226871448565e-02 1.730954685144282523e-01
8.009556750515356427e-02 1.487456079658119323e-01
1.560774245759872780e-01 9.102874513877257101e-02
2.034630115938366179e-01 6.072440563696490656e-02
