3.499690415731715465e-02 6.251640132643122572e-01
3.311617907961006413e-02 5.206299713013826658e-01
3.472329261850415349e-02 4.872109267422580769e-01
3.947622164973330072e-02 4.322543788123860420e-01
4.840909023665673772e-02 4.054807550539289984e-01
6.865837015966891332e-02 3.510794468735549678e-01
8.973523775383918100e-02 3.077658397138370860e-01
1.449677983727393205e-01 2.108198074028108104e-01
2.461475247578327474e-01 1.028860640135337290e-01
2.653346017882808328e-01 8.684351146362823126e-02
2.775717656156588831e-01 7.669299191585454700e-02
2.984977042987217999e-01 6.471063626063644492e-02
3.234208976972978711e-01 5.744993389912256276e-02
3.626074982095972565e-01 4.758715640284272297e-02
4.122028384706740711e-01 3.797773759299039043e-02
6.446810850988309305e-01 4.702938789499555572e-02
6.564969894227622449e-01 4.876289229317198881e-02
6.685080545512236405e-01 5.523633105425895806e-02
8.141517490367449206e-01 1.569314098410542480e-01
8.320370137775313646e-01 1.757389663417442405e-01
8.474180188627032928e-01 1.961111651300090353e-01
8.673890266558309525e-01 2.282769263807343796e-01
9.067934911261764652e-01 2.924457986105456486e-01
9.238773736039674889e-01 3.285766125456133224e-01
9.269453334749512274e-01 3.360478518341211140e-01
9.538030931342517116e-01 4.369095065637169650e-01
9.666125668249524461e-01 4.895606021320252355e-01
9.668838209203899359e-01 5.539774482098780428e-01
9.612421445210929116e-01 6.161653011049696982e-01
9.418451506464653455e-01 7.174498634240682460e-01
9.385237892728349740e-01 7.269269620280068844e-01
9.304309813325718492e-01 7.499474975852002956e-01
9.217655631854928533e-01 7.726429180152412091e-01
9.061398398665729825e-01 8.098124687468951644e-01
8.923306933997610102e-01 8.356525763842101995e-01
8.835512464654750042e-01 8.511749675425555051e-01
8.040915193025104379e-01 9.263654012212801936e-01
6.884334029832729351e-01 9.435390617579210160e-01
6.388641179251818292e-01 9.501046024208787966e-01
5.457423134715811974e-01 9.574154741963945003e-01
3.940403928157276692e-01 9.614649951130902483e-01
3.642508961613516449e-01 9.620222624070096096e-01
3.156051618234131384e-01 9.550623935247115615e-01
2.630307984132490562e-01 9.418314381153209958e-01
1.995357013547496283e-01 9.159576979596497637e-01
1.477915807534854187e-01 8.790135785238004651e-01
9.756108635634208603e-02 8.315253801839306291e-01
7.672224250525616629e-02 8.040622087899240711e-01
5.588599582335762594e-02 7.307782537694293978e-01
5.230195150310046337e-02 7.149742824668380292e-01
