1.169446916648286816e-02 2.507615931277078491e-01
4.744054800537844674e-02 1.625685511025666274e-01
9.705049847858260303e-02 7.603446932296009653e-02
1.407277883982787081e-01 2.072208540473963190e-02
1.448968792458499300e-01 1.569152320871736173e-02
2.187236512497885421e-01 1.110287913805796389e-02
4.250336160073262537e-01 6.436480585833681545e-03
4.605043259305875436e-01 1.386998245687875997e-02
5.157395538170534977e-01 2.555829144129273534e-02
5.815796021288550666e-01 4.118281138484192194e-02
6.394672189432095699e-01 5.530287842654635355e-02
6.955356594905235390e-01 7.173432142519720056e-02
7.225013681268160903e-01 8.176338478040034996e-02
8.369329438413501965e-01 1.253434338920837998e-01
8.400972150856106380e-01 1.266254053386890455e-01
8.836946167179815514e-01 1.449795956593549207e-01
9.149583283423353697e-01 1.653854787526971570e-01
9.747401175596505096e-01 2.179985084584348254e-01
9.873812902823512205e-01 2.634996202206877358e-01
9.883055308335172429e-01 4.159053028091214133e-01
9.875307795509065123e-01 5.239329963191590167e-01
9.867389438810124647e-01 5.787351127704761788e-01
9.852247595387045864e-01 6.207187282398395345e-01
9.841568545115820799e-01 6.414481771315797554e-01
9.672594921774377852e-01 6.963216236606472043e-01
9.650864146692154089e-01 7.025002737042522760e-01
9.440855630133179188e-01 7.570892384164541467e-01
9.341147756400624003e-01 7.807612433647399541e-01
9.086368984990673692e-01 8.268496420489509502e-01
9.038363778394948866e-01 8.344013091119103498e-01
8.408863508875028536e-01 9.253045151381397160e-01
8.220898645275128702e-01 9.374618767310708423e-01
7.576635555793819199e-01 9.547942670605464865e-01
6.665882006905370361e-01 9.774661590185411697e-01
5.998612670681162662e-01 9.935635194141663185e-01
5.556745443551328600e-01 9.890530238878976199e-01
4.818626979388761500e-01 9.747722490482456648e-01
4.082680997307672754e-01 9.600564928388211072e-01
3.537039723561478111e-01 9.475739564566590944e-01
3.170500247380417802e-01 9.345931692162937621e-01
2.730119679236078234e-01 9.096862112974357650e-01
1.620081392836194567e-01 8.127672614311350907e-01
1.477653491761031779e-01 7.990546145611169271e-01
1.207814114493506175e-01 7.655326534213735545e-01
1.032982666101528446e-01 7.245221644879262790e-01
8.439940153345137919e-02 6.770382061932515017e-01
5.826046337523171914e-02 6.003493098679993922e-01
5.527724957039148457e-02 5.861698889732013251e-01
2.850792228929110994e-02 4.360748024808971390e-01
1.409912347529229670e-02 2.957754217061969726e-01
