4.221478659211685969e-02 4.136265161743716279e-01
1.180839394769228612e-01 2.565399536063415198e-01
1.301948381034567781e-01 2.407209562857193230e-01
1.433637124233437810e-01 2.255161845142028554e-01
1.810136302457455715e-01 1.972843576500805662e-01
2.096637868430080154e-01 1.760029036831584071e-01
2.333743540639482417e-01 1.584970993891918756e-01
3.384903249210672316e-01 9.510342458369680507e-02
5.095930654630360657e-01 4.607224145270161220e-02
6.438623565259706805e-01 1.659661856503724664e-02
6.631046867903860331e-01 1.309509915237405675e-02
7.432867069563721119e-01 4.260403388423816828e-03
8.002821648249670572e-01 2.309726723659455416e-02
9.207697889136823299e-01 7.914158172881680109e-02
9.736704096545493181e-01 1.631808679031867548e-01
9.829332137216155729e-01 1.842722793533926318e-01
9.866055837763408887e-01 2.174054444568433997e-01
9.922057144310196808e-01 2.927838065292954761e-01
9.921750014185251043e-01 3.115735040760314600e-01
9.919630341775654836e-01 3.557897482844617487e-01
9.777243367692530773e-01 5.080038152588064460e-01
9.691551788910728327e-01 5.703911212433625533e-01
9.381353770335052467e-01 6.502353703198089363e-01
9.143481937005081273e-01 7.113806033645062588e-01
9.035269086150792273e-01 7.257516133579979822e-01
8.644776427564072607e-01 7.724774802542221375e-01
8.355489753622562521e-01 8.035997747889674914e-01
8.327508465561037632e-01 8.065804908891014424e-01
7.731578022015341833e-01 8.585335884317703004e-01
7.215426498067876171e-01 8.790397922154230548e-01
6.635976678602140133e-01 9.010829893069296492e-01
6.318306893348287767e-01 9.127071027121478330e-01
6.013073431912415723e-01 9.237171917500843765e-01
4.559870680695122802e-01 9.655223863207060830e-01
3.625930660696481400e-01 9.919884588634076961e-01
2.785692390533976992e-01 9.957395966115761832e-01
2.618771528250244396e-01 9.939932054157228913e-01
2.260671723771778829e-01 9.810017233223190525e-01
2.099837275065188358e-01 9.730877842245997389e-01
1.006940264112838879e-01 9.090190680998964101e-01
7.027509079874549869e-02 8.892161259219646396e-01
4.355143829020879931e-02 8.584030224221855798e-01
2.525414882032961383e-02 8.143191637188365029e-01
1.764263478662875251e-02 7.668666000149861883e-01
9.700585633066638458e-03 6.721066288656768473e-01
7.794285568980319212e-03 6.323493701639120168e-01
7.839117347071766773e-03 6.007260017739495250e-01
8.053159581248414689e-03 5.910023200328612392e-01
1.952469646241783430e-02 5.222258634690135626e-01
3.276474434993770224e-02 4.506669375371044062e-01
