7.304340262050083021e-01 9.732902201950357490e-01
6.718425950013974246e-01 9.798126740041300797e-01
6.237541708804532625e-01 9.764130634415538745e-01
3.296615757404376401e-01 9.554197312347082471e-01
2.368720520960969633e-01 9.380501056808128180e-01
1.869506073717785988e-01 9.271275393845125334e-01
1.413057428217613376e-01 9.150587015550880610e-01
9.049837472128852145e-02 8.888741566269698913e-01
7.553474608020904757e-02 8.685082476442392840e-01
5.806799502001469548e-02 8.374131942769020842e-01
5.203706418101927689e-02 8.185766019912616986e-01
4.590337621339035667e-02 7.966948601880797787e-01
3.858628026508803543e-02 6.803006205143816709e-01
5.617182257718322802e-02 4.091928581180924729e-01
7.135503740775150927e-02 2.406745996407796406e-01
7.598211640208707429e-02 2.044836097261106822e-01
8.658333440010579363e-02 1.871217255237248578e-01
1.173928408311478711e-01 1.453391796867791186e-01
1.464485330473790370e-01 1.073380546072442154e-01
1.820995210358681282e-01 9.048117547799716665e-02
2.709283829090096685e-01 5.579098912285118672e-02
3.691474007683955838e-01 2.995663040045259962e-02
4.045058023774594780e-01 2.271922743999843508e-02
5.365773701601965762e-01 2.018732599586992027e-02
5.581288094472872663e-01 2.354166802238266687e-02
6.297468944918204192e-01 3.635692418229141687e-02
7.029017667286715509e-01 5.461231879899564046e-02
7.184336852471682189e-01 5.876387112522973855e-02
7.222135906173937636e-01 5.999469343188545967e-02
7.403350202391529855e-01 6.879397425621913698e-02
7.627409994173964813e-01 8.730774255884743429e-02
7.741191363028616657e-01 9.755789222218380630e-02
8.260847204995819260e-01 1.467407291712791162e-01
8.558364454468022631e-01 1.948555945671065492e-01
8.632964754842855637e-01 2.073655607757780572e-01
8.676501647475000079e-01 2.159212125500492574e-01
9.013810355541647112e-01 3.118885467439387327e-01
9.472834003207389886e-01 4.752941068074696407e-01
9.519613913073368128e-01 5.099763470608764671e-01
9.588109331632279630e-01 6.087493821773816149e-01
9.598776821219344724e-01 6.258270581698660573e-01
9.614137197349119646e-01 6.675738074665501509e-01
9.563860725893390535e-01 7.441498895826641480e-01
9.547876923369316149e-01 7.544710936767712317e-01
9.376731938125619781e-01 8.193057955114373403e-01
9.276182623369866320e-01 8.468687029523084275e-01
8.808409445348891476e-01 9.130881422209657927e-01
8.584866449742583061e-01 9.265872773484321590e-01
8.532868706117869850e-01 9.294633497205648798e-01
8.257637512317245188e-01 9.402062572256392192e-01
