7.134128587722787795e-01 8.660687901049177739e-01
6.757101468812143352e-02 8.123893924101611708e-01
8.775548180661174591e-02 6.975275268086605918e-01
2.086401677605482785e-01 5.327722346753328564e-01
5.706939309751625222e-01 1.339312098950821150e-01
6.670495454248018818e-01 1.584301565981044435e-01
7.497231798519323753e-01 1.931759867825010302e-01
7.971932528755010239e-01 2.265616800491997429e-01
8.983036797390243633e-01 3.680660586495492215e-01
9.324289853118784555e-01 6.592681665643758127e-01
