6.487623976795764413e-01 8.113859740190654257e-01
6.985580841606825464e-02 8.877493795453139658e-01
5.138441008596467130e-02 6.716784187030148123e-01
2.945521655154709206e-02 1.763061399798674378e-01
9.961790960142785645e-02 1.283401277845527266e-01
1.462178483073029445e-01 1.122506204546860342e-01
4.973942571822821956e-01 1.913665423239258034e-01
9.251359705872714834e-01 3.078095749946233584e-01
9.705447834484528524e-01 4.184701392076105586e-01
7.626338400307799414e-01 7.228757498596447562e-01
