7.396986498428248513e-02 2.312793935118084843e-02
2.816341148663330518e-01 3.038850771631174119e-02
9.260301350157175149e-01 9.688435863368002332e-01
8.708616391935792844e-01 9.712953589682004063e-01
7.249188498177919771e-01 9.768720606488190406e-01
4.732036141711962740e-01 9.737065415845936878e-01
4.307356137720267375e-01 9.589032759140764250e-01
1.459094607640094576e-01 6.020075680039382870e-01
1.067195952759231181e-01 3.330658711172946873e-01
8.708826220463872225e-02 1.677983197038555030e-01
