8.632063500954693103e-01 4.696264328111197095e-01
8.822716772515314387e-01 8.822658558976750331e-01
2.931826888308917134e-01 8.008395321653757337e-01
1.177283227484685613e-01 7.532311610381620115e-01
1.927622312342276434e-01 3.121851498851192508e-01
1.984922357729995701e-01 3.040896912212061043e-01
4.493155149249639102e-01 1.177341441023248558e-01
4.586253423881426761e-01 1.235396797920120804e-01
6.411347829678220034e-01 2.480485373347703915e-01
7.821095177741913540e-01 3.855257207903339811e-01
