9.360105110340621870e-01 1.679514756340699799e-01
9.618301361650352099e-01 4.777169137495654860e-01
9.253778618887056329e-01 7.052251840764734991e-01
9.124434701096593159e-01 7.233867978895648365e-01
8.578943955902396112e-01 7.822253059272988862e-01
7.710999380791598856e-01 8.359925159142881368e-01
6.454248176199044451e-01 9.091855974967576470e-01
5.731470533852982552e-01 9.259417753317907840e-01
4.088988924310377748e-01 9.318944310843604306e-01
3.710429656686543010e-01 9.236679395542759519e-01
2.834217349902468652e-01 8.764739220765871419e-01
1.848955774169512289e-01 8.210938774893515868e-01
1.699715174144217911e-01 8.053114315721700001e-01
1.024666437635948779e-01 7.010369449394414643e-01
4.367425281157893968e-02 4.822296801660681531e-01
4.012648593374851247e-02 4.402669019352762891e-01
3.816986383496473456e-02 8.605980964593074045e-02
1.814725312283487768e-01 7.185476930205403345e-02
2.685328276145034221e-01 6.810556891563945836e-02
4.569044969826586144e-01 7.293266391682906580e-02
