6.010426067684393470e-02 6.756676640995532557e-01
2.918162755275410802e-02 5.511765095459965069e-01
6.543585384430083973e-02 4.801253570394905523e-01
1.708143341553162164e-01 3.339006112250700875e-01
3.018096679636486090e-01 1.850100078508122303e-01
4.286279806178655560e-01 5.183585640457355481e-02
5.655268216031501538e-01 4.431737967786275600e-02
9.282381198449766169e-01 1.778351726629726626e-01
9.576150554365652212e-01 2.027701403602416574e-01
9.708183724472458920e-01 3.001188611488985192e-01
9.677059228383648737e-01 3.094687094024712870e-01
8.675795875277113600e-01 5.312984308160714209e-01
8.158994343543316541e-01 6.143182795108866889e-01
6.300873580343970826e-01 7.997475291485879323e-01
5.691755317701996386e-01 8.395328001525550476e-01
5.425728228550186216e-01 8.559763383213131460e-01
4.482514522249650968e-01 8.894514651524935145e-01
2.338511394190210257e-01 9.517833893489702213e-01
2.088430438392515631e-01 9.556826203221373550e-01
1.676567781858041561e-01 9.177183054832721565e-01
