6.313971346689295494e-02 3.774918620281898507e-01
1.719714403119391166e-01 1.377917026968332737e-01
2.781693039413691837e-01 4.411913887887786156e-02
3.860171109142511714e-01 1.265631184953230903e-02
5.877944681678202166e-01 1.612619726598252257e-02
6.181417304576187766e-01 4.122890610212426310e-02
7.868430635643721693e-01 2.403737618593431158e-01
8.985440828079861442e-01 5.352714029930734085e-01
9.163387303359440406e-01 6.042936747149724175e-01
9.368602865331069340e-01 6.966269509952716099e-01
9.106547844055092877e-01 7.420725096916341856e-01
8.752716136964439064e-01 7.814676064917487341e-01
8.273065171739247825e-01 8.262933538212937634e-01
6.937665640215920915e-01 9.208898341728434245e-01
5.405980476201843743e-01 9.873436881504678020e-01
4.710731818134060722e-01 9.858195892573885510e-01
3.744098253842533808e-01 9.754408091062916064e-01
2.056986659115145333e-01 9.205648024186483536e-01
6.843510266131602737e-02 7.132746596532876238e-01
6.547024830795356021e-02 6.239952887146992255e-01
