7.666101672246778964e-01 9.561714239576906138e-01
7.287731124713192621e-01 9.730381976949040723e-01
7.147170240978231170e-01 9.753499278788967386e-01
6.893111965169623767e-01 9.793315758947369609e-01
6.479680727241473592e-01 9.824792804374153921e-01
6.047358773055869774e-01 9.821996035898687971e-01
5.606248922631591469e-01 9.802512349612759746e-01
5.278224082393203620e-01 9.774445603900625557e-01
4.634797723400829739e-01 9.705611037337148472e-01
4.055270009185215629e-01 9.595402058966097103e-01
4.009602219155424807e-01 9.584542091881060877e-01
3.609180334040156257e-01 9.459397074665378824e-01
3.495502459176628163e-01 9.422934448585339462e-01
3.452286101264634421e-01 9.407615548687107143e-01
3.288447293902353463e-01 9.345290891666722111e-01
2.762648349073646425e-01 9.139567357218645327e-01
2.529449763301071519e-01 9.043485316189796563e-01
2.254911857440931033e-01 8.896136833802857913e-01
2.109223978836927138e-01 8.815591817933503549e-01
1.820419629918434978e-01 8.653707940473074345e-01
1.594874960714429690e-01 8.502918669305010724e-01
1.493202521321475018e-01 8.433695105154386251e-01
1.223418079291596072e-01 8.239653922146074061e-01
1.075517125126559392e-01 8.132186673695688262e-01
9.131708596426568736e-02 8.013863166902815971e-01
7.564633830531108938e-02 7.898537459865132560e-01
5.109366666545012148e-02 7.690670585397646475e-01
4.628283114291353861e-02 7.639693126677246093e-01
4.306461696346597368e-02 7.604736547670299940e-01
3.668253959046352541e-02 7.532680025202651564e-01
3.206623725984858453e-02 7.391808507567707576e-01
1.483805775109048319e-02 6.745780280322943856e-01
1.319428258962762612e-02 6.627402833322681985e-01
1.137512042370802945e-02 6.337431496444980716e-01
2.085765514859749814e-02 5.431552854974746047e-01
2.445937106043671871e-02 5.134215385677454169e-01
3.205400009038072984e-02 4.714887324622007991e-01
5.511195830954307429e-02 3.653560771605358637e-01
6.083503519611421773e-02 3.403116652335268499e-01
6.702642629876109925e-02 3.163782115655364713e-01
7.131866049350288339e-02 3.005848568208688842e-01
8.018699357324976518e-02 2.736569661276417875e-01
8.686351405292314087e-02 2.612210988369496611e-01
1.016180105732114036e-01 2.345297258315243161e-01
1.092585786253524871e-01 2.227718513565302150e-01
1.391315224334697120e-01 1.785128406339059337e-01
1.509853639038736262e-01 1.662552017374944180e-01
1.579834340124651737e-01 1.604338330688940273e-01
1.669574169887771964e-01 1.531050158625829605e-01
1.978413603842537061e-01 1.301549394597362186e-01
2.045728556283277211e-01 1.260743939088313503e-01
2.109136459451598222e-01 1.227762824972778999e-01
2.281885046026065345e-01 1.141552420856954964e-01
2.905945301095886890e-01 8.497735214414803284e-02
3.278519093550156249e-01 6.907327598024770587e-02
3.376396553516334276e-01 6.493432229176809845e-02
3.724950055037954399e-01 5.171986650631399396e-02
3.897622443411845605e-01 4.594831369517871078e-02
4.038367613903917075e-01 4.134852350083606520e-02
4.087709705438186125e-01 3.996561763289074865e-02
4.204780227823531336e-01 3.674114736012545901e-02
4.406907820703213075e-01 3.128555987806291849e-02
4.708915061257564760e-01 2.418178169539353384e-02
4.941706133116491317e-01 2.050788127162206376e-02
5.042951285722696575e-01 1.930742647375593979e-02
5.283212709867991519e-01 1.752071956258471896e-02
5.503113662896675917e-01 1.947290803528778369e-02
5.631273334231974292e-01 2.173802809964908711e-02
6.155333138670678883e-01 3.385834701336232211e-02
6.321441664741688227e-01 3.984339575651874021e-02
6.876596659013329838e-01 7.226393593435698204e-02
7.111466006278953644e-01 8.670225627085903497e-02
7.700965426300562244e-01 1.278405538607321201e-01
8.053949133150434259e-01 1.528269033290833301e-01
8.273639798689215175e-01 1.714829185675189605e-01
8.487539402009851575e-01 1.898965697319729973e-01
8.682462826508549059e-01 2.077494797418159012e-01
9.160077267589191718e-01 2.936895261501418775e-01
9.246550525613116411e-01 3.121010789580305200e-01
9.365697858991322011e-01 3.383265561473922656e-01
9.410836275444625088e-01 3.522619104976159043e-01
9.577922603733831641e-01 4.042381086711782645e-01
9.695193264880201944e-01 4.683500303825557376e-01
9.780034650489168868e-01 5.185506710302295597e-01
9.795782958810604901e-01 5.294034646753106310e-01
9.817586396523542147e-01 5.627713615537399683e-01
9.846687935758019483e-01 6.091669578319928169e-01
9.886248795762919706e-01 6.775825448344492408e-01
9.882580162222545095e-01 6.869167528725099725e-01
9.855050728557943618e-01 7.169054467424832433e-01
9.804144312463104471e-01 7.340421238765014733e-01
9.726840108833356702e-01 7.566806126163817536e-01
9.563968241210616394e-01 8.001694554951290783e-01
9.467548532539141748e-01 8.149708929978544125e-01
9.319319220935206038e-01 8.299440693422015514e-01
9.197474901207703946e-01 8.415115422484119589e-01
8.954927577546926143e-01 8.640211015114785953e-01
8.542001981250747500e-01 8.978752363830269090e-01
8.194750453174995952e-01 9.230019599632787175e-01
8.033327340498951363e-01 9.341899849815273882e-01
