2.547902671872603886e-03 5.698989571472929949e-01
2.828700277004936314e-03 5.333551718836035960e-01
6.538370325341269496e-03 4.624815921375993177e-01
1.203843163828027807e-02 3.776937237179599505e-01
1.274700496933517391e-02 3.720129203046099731e-01
1.749689361392831044e-02 3.522591802422285756e-01
2.776395919537183454e-02 3.177197721705398159e-01
3.808789453898625554e-02 2.907669349406309944e-01
4.656904476491768863e-02 2.687969141236157267e-01
4.699495769869116435e-02 2.677122961493685338e-01
6.605916338867573456e-02 2.231694125653888028e-01
7.414342596625739246e-02 2.096708360916335057e-01
8.666083301786203785e-02 1.928908798678425907e-01
9.610739366231851877e-02 1.842328443160747842e-01
1.131916628891834198e-01 1.691015310121897208e-01
1.393560438134851531e-01 1.488940443588947504e-01
1.446420105695242486e-01 1.448404156454309311e-01
1.642011670219749031e-01 1.301135712625258734e-01
2.372099658776687936e-01 8.224339219891207975e-02
2.430363680560675976e-01 7.895523174440877145e-02
3.094706211763783021e-01 4.893230239917967239e-02
3.327035750865086627e-01 3.898037267159870645e-02
3.412909791722665287e-01 3.568206681646868272e-02
3.999746762008337675e-01 1.472579236965343430e-02
4.120656741454299943e-01 1.318444436686783128e-02
4.298080083401337181e-01 1.139691922248475819e-02
4.616004067846941061e-01 8.966860533889842166e-03
4.963087016382887184e-01 7.684459625386885762e-03
5.272569978434855642e-01 7.662960881275382441e-03
5.316392278404955540e-01 7.759897078727706621e-03
6.204411397548428297e-01 1.647196018431751341e-02
6.496274117228078016e-01 1.979701737924000060e-02
6.978966239261150672e-01 3.097551254014851985e-02
7.162165497731101116e-01 3.529788563411506708e-02
7.363285630249292169e-01 4.155717344782516864e-02
8.078978236162623894e-01 6.838501124789697627e-02
8.092437612195741981e-01 6.891418732728593621e-02
8.186172350297686862e-01 7.415884942475925445e-02
8.320816705295948079e-01 8.258762719807910546e-02
8.591378201395583059e-01 1.008879788720954407e-01
8.647392992338760465e-01 1.046806618351442397e-01
8.786019910220754792e-01 1.160294692317813681e-01
8.910679191616521777e-01 1.271429361071810815e-01
9.062859076871916386e-01 1.415254878303053854e-01
9.303060431067109448e-01 1.679230603819902301e-01
9.441150146031100920e-01 1.891036738880282897e-01
9.481244384632456779e-01 1.953100732203467693e-01
9.524088087875086650e-01 2.028829186120462147e-01
9.606168774555803314e-01 2.185302579539631918e-01
9.780380336505456462e-01 2.549887825615541059e-01
9.817534289554803451e-01 2.628473314857407983e-01
9.864716806434365992e-01 2.856597659924656751e-01
9.969861587290129723e-01 3.455250962586474683e-01
9.974520973281273406e-01 4.160964564087153983e-01
9.936531424775887356e-01 4.571594539429369997e-01
9.924092312561705320e-01 4.687370596647405518e-01
9.883554681194874902e-01 5.038144018144465885e-01
9.856448891003739554e-01 5.257228653800146700e-01
9.586960650070670553e-01 6.924174625655801218e-01
9.506849613420205181e-01 7.364587840205939484e-01
9.484054974960272055e-01 7.426323241887350379e-01
9.424344211403621330e-01 7.569949588723338119e-01
9.347778574852394495e-01 7.716195654262304471e-01
9.219481792890322769e-01 7.932121546063308770e-01
9.181308356903234991e-01 7.994156355184405260e-01
9.065876741082503631e-01 8.164947409608888096e-01
8.873167500249501405e-01 8.367844610206520706e-01
8.765695042230243761e-01 8.480603394310940457e-01
8.708158516961801432e-01 8.519894716697897774e-01
8.640465383484725592e-01 8.561662362296277307e-01
7.877096870030428910e-01 8.957834150282829588e-01
7.521688159377402094e-01 9.138746168832496686e-01
6.915186757281523988e-01 9.367172640414055396e-01
6.330349934947459012e-01 9.571007209944701888e-01
5.912825130636236715e-01 9.707107298310757582e-01
5.749081184534894362e-01 9.751477345068173541e-01
5.519233783343695521e-01 9.787526246559294929e-01
5.226462443967831994e-01 9.827587619223638882e-01
4.734910744889710421e-01 9.864086175614005247e-01
4.567415072629304462e-01 9.874675875340194198e-01
4.527755306054160322e-01 9.877005813939041534e-01
4.192645123935999085e-01 9.893228926953692159e-01
3.511947933240933684e-01 9.920242718417598971e-01
2.953905486649091583e-01 9.923370391187245065e-01
2.752742748047451449e-01 9.897938807631065927e-01
2.282633357875971103e-01 9.832594713315306878e-01
2.044471616409620496e-01 9.786976792571779882e-01
2.012536626284945895e-01 9.770823666572066024e-01
1.828196588842033177e-01 9.677163553333724133e-01
1.444798696258186577e-01 9.478819308440880054e-01
1.052937485488519287e-01 9.165096774020745629e-01
6.784603175299469546e-02 8.860658771542651024e-01
5.481957971754741754e-02 8.718804692443987703e-01
4.043077547323398191e-02 8.370102090651189153e-01
3.336174900151706035e-02 8.172894800361055756e-01
2.715405610369875378e-02 7.966414264988669336e-01
2.260031945490331706e-02 7.715975256319222986e-01
1.937477214294497374e-02 7.509278590101666762e-01
1.571550457646658794e-02 7.253015760436711812e-01
6.148581988890400307e-03 6.460569972664840233e-01
