4.707703605347121067e-01 9.816458751183673170e-01
3.886564299964831992e-01 9.882221363228443911e-01
3.655251471321340206e-01 9.875507393952074331e-01
3.302855969797545699e-01 9.847585570726214987e-01
3.037302565561837975e-01 9.814914429482666236e-01
2.698574326688519820e-01 9.760094076347582970e-01
2.432022061585020767e-01 9.715103255086856571e-01
2.318751295444276828e-01 9.684858426477441773e-01
1.770737070978085637e-01 9.536332271116408910e-01
1.556950347250577460e-01 9.465931533402469622e-01
1.050510697219418921e-01 8.609489228708965269e-01
7.688286213247441658e-02 8.081099321209432862e-01
7.397269030121433886e-02 8.022504995925200388e-01
6.817368328252870757e-02 7.889714592287256911e-01
4.625020798339318784e-02 7.323940091826842691e-01
4.148136473514485445e-02 7.196951743500941134e-01
3.059321791317815009e-02 6.826687949804176592e-01
2.629957163322282909e-02 6.534547407579854861e-01
2.265379582106519241e-02 6.255949780303367014e-01
2.088822034112225445e-02 6.054813360959738766e-01
1.974086303967781397e-02 5.893134424998704990e-01
1.888665841193115646e-02 5.730522484656173088e-01
1.782457412179905276e-02 5.420806463743178538e-01
1.809816738688119209e-02 5.158120869259325003e-01
1.914230548520201580e-02 4.805826202062990493e-01
2.621870566305217753e-02 3.811632795178078181e-01
2.987177179258448945e-02 3.570411661562057359e-01
3.541783764993811090e-02 3.222541495189291672e-01
3.782522235453011916e-02 3.092138210271444532e-01
4.424818589700163507e-02 2.763851054680163122e-01
4.727451598036536140e-02 2.614720505922529803e-01
5.886793531480438713e-02 2.223557927632612286e-01
6.157763547969663520e-02 2.136277192003718239e-01
7.164488563924031883e-02 1.818790316443045230e-01
8.408658279726666240e-02 1.515738180161186888e-01
1.000585563805884703e-01 1.167115528889509646e-01
1.021719802477797368e-01 1.129606061978059017e-01
1.106281105907147566e-01 1.013922655363809211e-01
1.157990456940458657e-01 9.562490382611665840e-02
1.313883773686702616e-01 8.126079763108118303e-02
1.464934373135643453e-01 6.859157075203192733e-02
1.994076929263268738e-01 3.252288740376596543e-02
2.204088428676210798e-01 2.035476037521377624e-02
2.355042616413914880e-01 1.758326790650133198e-02
2.569372297406937733e-01 1.589869439031232901e-02
2.984958783125346571e-01 1.404836304710455064e-02
3.583004665798494859e-01 1.177786367715560889e-02
4.604475241386606355e-01 1.244611435184661552e-02
5.543541783510275156e-01 1.317427774897561576e-02
5.740073668863198142e-01 1.423968968618960496e-02
6.185294185312948390e-01 1.716197678897068979e-02
6.547026415194077131e-01 2.224020445853525096e-02
6.633539583141354612e-01 2.354547385844063534e-02
7.126084196047208774e-01 3.172470256706327874e-02
7.683340401010956278e-01 4.436032300375702953e-02
8.096698247208605759e-01 5.399285463464276180e-02
8.228066574388824828e-01 5.890528885515944335e-02
8.517350440284020552e-01 7.104886951464572942e-02
8.695290302241461822e-01 8.809274435801728309e-02
8.968832991739077443e-01 1.192205651660607213e-01
9.078924465479843997e-01 1.326972852103591727e-01
9.157578026010788630e-01 1.433470630333951723e-01
9.205987139827863652e-01 1.512190253387480920e-01
9.267345672394191602e-01 1.637145127302247483e-01
9.291620238338650362e-01 1.697478014044715433e-01
9.465234120794721040e-01 2.152068944819180984e-01
9.590457537954865108e-01 2.507537637668254549e-01
9.676950015891148116e-01 2.776505337459458378e-01
9.746106933723501786e-01 2.997813993631265328e-01
9.801071570671812117e-01 3.369538593475023269e-01
9.809958170597224969e-01 3.490212785684555508e-01
9.817056858305827083e-01 3.957988542896376805e-01
9.819331887400533088e-01 4.118447610014095428e-01
9.821754258782009472e-01 4.485223784592204943e-01
9.812421112814282420e-01 5.079540413664476173e-01
9.812245896757749719e-01 5.083808108386678182e-01
9.748353186073797083e-01 5.740018809696120217e-01
9.705059693698249168e-01 6.145932034747285666e-01
9.555300340470395115e-01 6.570110421820613000e-01
9.348042667951581564e-01 7.153594752794738554e-01
9.271144880624659912e-01 7.352368060182205012e-01
9.226841011917646940e-01 7.442286118947133433e-01
9.156232525158981561e-01 7.580873341659708498e-01
9.014073311816966916e-01 7.775223050525169599e-01
8.933091778250604742e-01 7.872823081163881076e-01
8.768238878788442436e-01 8.061723244650732534e-01
8.531358943773660330e-01 8.320027284565311154e-01
8.486655148196096121e-01 8.366463084202865330e-01
8.196863199062559557e-01 8.606761309278260219e-01
8.081958830102111691e-01 8.678002069665949891e-01
7.731747646695918963e-01 8.844736869075855434e-01
7.215122341942333817e-01 9.084625193185088543e-01
7.027691556656723293e-01 9.161497473139311731e-01
6.849479938942234503e-01 9.233362686526864760e-01
6.212605588922844868e-01 9.488157762475294410e-01
6.141856328964842016e-01 9.511545555957912068e-01
6.055898790925698938e-01 9.536474176006783932e-01
5.604740799697095488e-01 9.654266997109604009e-01
5.428840153392866519e-01 9.696059807762132943e-01
5.253806892608051671e-01 9.731018294600703999e-01
