8.055538927184515696e-01 2.817892554607515088e-02
8.522229231053222165e-01 3.968226758273496468e-02
8.824817702607701264e-01 5.623198626658687527e-02
8.907861490275368332e-01 6.132130415394665413e-02
9.072282897477865760e-01 7.422191634497932178e-02
9.130722025749691273e-01 8.139709821050922223e-02
9.300005435094109707e-01 1.044659568511587810e-01
9.377905574380582809e-01 1.191783128669796632e-01
9.384153387825249215e-01 1.204631138588996286e-01
9.518283987501363619e-01 1.508098813390753579e-01
9.681283110207474785e-01 1.949749446620455684e-01
9.688885861787202014e-01 1.974942662485215106e-01
9.825289847811093935e-01 2.541566536165669188e-01
9.834895879364826676e-01 2.596025071072765034e-01
9.922992325078303644e-01 3.278475125415970526e-01
9.942254753752481911e-01 3.484176987365542599e-01
9.946250064110597755e-01 3.761088770325962116e-01
9.938630052072672250e-01 3.905236675530772139e-01
9.928571713382714492e-01 4.052338830057149455e-01
9.840020985849502466e-01 5.003047465457519660e-01
9.788676360008179422e-01 5.248851677004853222e-01
9.756187590944827015e-01 5.377441837764574961e-01
9.661913354522106978e-01 5.745925856814093624e-01
9.467086484662154966e-01 6.466667942920633072e-01
9.387584329609715006e-01 6.686616977669811446e-01
9.164067738892780479e-01 7.267087982766086141e-01
8.977430209454324572e-01 7.625543044369036405e-01
8.743563845251764999e-01 7.932855571237054093e-01
8.420906420806757442e-01 8.333158424779877338e-01
8.402222213834267261e-01 8.353197104373802917e-01
8.255452008309183132e-01 8.505185098729751703e-01
8.047852760128215710e-01 8.699181630904210261e-01
7.578101095547984389e-01 8.991364446266055799e-01
7.526347900426151316e-01 9.022779991506275632e-01
7.174954832010371764e-01 9.210893610492233430e-01
7.122898358024647436e-01 9.238301694633971328e-01
6.967451811206890611e-01 9.308913913306691157e-01
6.446416120527191929e-01 9.518969379743367210e-01
6.277987376995290969e-01 9.574910491671075885e-01
6.147391712235303896e-01 9.609841293961777220e-01
5.849867409829880849e-01 9.673541532206746396e-01
5.417559276471117791e-01 9.757858019323061294e-01
5.119033715765195502e-01 9.813728292376747708e-01
4.632501965068314687e-01 9.898569957102639760e-01
4.582247098547455599e-01 9.906994284716003074e-01
4.511738827004984631e-01 9.910931308943959905e-01
4.221507272108830366e-01 9.921173021627918143e-01
3.992165768994099806e-01 9.915688178983994572e-01
3.500721769586039867e-01 9.873141110696812550e-01
3.050359779037736252e-01 9.815100337739370850e-01
2.618560343419354397e-01 9.754418946985746741e-01
2.522755050487805462e-01 9.724673688580118824e-01
2.433645863323110059e-01 9.689228669508422875e-01
2.006457880828896312e-01 9.413564935957594582e-01
1.795423176881357219e-01 9.274045306929029620e-01
1.677857313827825769e-01 9.182862411783202505e-01
1.631538762991640579e-01 9.146215759703489878e-01
1.539940593601253904e-01 9.063146159537164293e-01
1.507130421594195524e-01 9.026898984003280946e-01
1.431256621574534260e-01 8.932468236444625065e-01
1.082877876214811130e-01 8.332452257864090273e-01
7.723813615377189690e-02 7.785247124961548471e-01
6.897783044380351170e-02 7.634608693671321999e-01
6.261125758888624881e-02 7.499110889733562324e-01
5.247077438607500310e-02 7.248759507803584912e-01
4.845485916421049533e-02 7.141301945047288102e-01
4.172068565257208705e-02 6.944247952420559145e-01
2.972958308473866440e-02 6.526242925037119003e-01
2.760109481463485226e-02 6.439321927786718636e-01
2.298817350528786774e-02 6.205165612874253833e-01
1.506530807462541643e-02 5.510557124432406972e-01
6.968975249664388638e-03 4.600441247334072781e-01
5.374993588940280009e-03 3.990764927334059520e-01
5.831012201859386845e-03 3.831779215708998043e-01
7.812601582317058035e-03 3.570249336612409952e-01
2.794676442332583166e-02 3.145357073739779574e-01
4.187602558181363621e-02 2.881303637629938352e-01
6.950754845858125863e-02 2.540709701121133257e-01
7.208873674835963863e-02 2.509128694029097995e-01
9.653485049883842040e-02 2.223089989367689201e-01
1.262676763946858904e-01 1.956043547320807097e-01
1.616136149808944933e-01 1.640376976860725700e-01
1.761632454952906657e-01 1.533235384833945281e-01
1.899531745962001472e-01 1.436634981663768018e-01
2.093199079819936803e-01 1.313509530756920007e-01
2.426334523108283903e-01 1.101859329280978628e-01
2.771248244778124481e-01 9.315853748466096373e-02
3.018271607966298009e-01 8.154703057151291290e-02
3.626997524044836552e-01 5.413518905101066814e-02
3.889926521334243215e-01 4.350064905668815651e-02
4.322773133082003505e-01 3.057752587467066352e-02
4.780331689185059463e-01 1.889012187457017600e-02
4.866902564144294785e-01 1.714264741734428110e-02
5.112231316434423523e-01 1.445690346438299745e-02
6.071107786141407558e-01 8.468509977794802523e-03
6.443837749542380422e-01 7.882697837208185732e-03
6.515810618306980828e-01 8.347901604599083925e-03
7.152403621684293444e-01 1.322635771207347766e-02
7.410312428483072367e-01 1.587430768851527674e-02
7.760862899112916935e-01 2.232448474804071825e-02
