1.848969460295807332e-02 6.016915116473543490e-01
1.570115436958668953e-02 5.110159700931401483e-01
1.953892636088577772e-02 4.459087900156936124e-01
2.195312479652561377e-02 4.157697874131912608e-01
2.294850044777568820e-02 4.035198373890636070e-01
2.460423942404471598e-02 3.878533687830915122e-01
2.846457824013132187e-02 3.586705253801780735e-01
3.212572753450287921e-02 3.406081734872021816e-01
3.638259316284181422e-02 3.239381682422319830e-01
7.020235872288788093e-02 2.235521084079820087e-01
7.624181534208523958e-02 2.057835295104002427e-01
7.960806731753783394e-02 1.967751847505556650e-01
1.225761396376177648e-01 1.476079898172503180e-01
1.410945102192704970e-01 1.280189324928677763e-01
1.573151047764465571e-01 1.122034154851848653e-01
1.667401964664956826e-01 1.040929949744754390e-01
1.817295454808462440e-01 9.228490939735922716e-02
1.912694687104942726e-01 8.652112069238759862e-02
2.306794847678791949e-01 6.909777617640955327e-02
2.897499643748778220e-01 4.746753944094939115e-02
2.996296197999565591e-01 4.414503152214743764e-02
3.429409913653181374e-01 3.028005871236649771e-02
3.796575973465178833e-01 1.908942144482461689e-02
3.950389824271802186e-01 1.564952468068336877e-02
4.075451544917944591e-01 1.364833868760662039e-02
4.132769624970850653e-01 1.279689250636084630e-02
4.371428928799118707e-01 1.023470796661829496e-02
4.972144978845434715e-01 4.804305316869039721e-03
5.855660910339102188e-01 2.891679293200888345e-03
6.969652984438621246e-01 2.567921765365688280e-03
7.088056654664594003e-01 5.511706859478993081e-03
7.201833253161635806e-01 1.002938973779998744e-02
7.521079985186105432e-01 2.326962596706094732e-02
7.724168037418674970e-01 3.233449703610991044e-02
7.888356685158344206e-01 3.987323504961337584e-02
8.138906902387696984e-01 5.669505024668020088e-02
8.516225274298061532e-01 8.910884230684334995e-02
8.725945419060374686e-01 1.119561802455817379e-01
8.852442102185227313e-01 1.265009145002906621e-01
8.942957680227556772e-01 1.378837714883547338e-01
9.104099813047810130e-01 1.587392648006140661e-01
9.438019748468835513e-01 2.109050750862082602e-01
9.452829228166719222e-01 2.142447978269456099e-01
9.507526985000478437e-01 2.280935220799944485e-01
9.565218952652507767e-01 2.514718002710293332e-01
9.610445859537473101e-01 2.724011481326019668e-01
9.632490869029115554e-01 2.831797309553365505e-01
9.755530395140052935e-01 3.646349862042839174e-01
9.789471071186071072e-01 3.879127765972782971e-01
9.842988456304133660e-01 4.306937274583779729e-01
9.840299475340901214e-01 4.531207155354539662e-01
9.823458701429093054e-01 5.081646215669438638e-01
9.803816503401590055e-01 5.723414553838492846e-01
9.799402444610207930e-01 5.834072680710021830e-01
9.797048028509562911e-01 5.884732591200837470e-01
9.760583919475254167e-01 6.135027580470254760e-01
9.714838640335539122e-01 6.422708020418937958e-01
9.694053297427065452e-01 6.508582480979402396e-01
9.593068449019841459e-01 6.878200067662660899e-01
9.559197943103612261e-01 6.997176693441968798e-01
9.418907248349930317e-01 7.446474965633492760e-01
9.359414668839223239e-01 7.564646894288411527e-01
9.215976496686422159e-01 7.762921619803823114e-01
9.169716897851900583e-01 7.821324188550430323e-01
8.721570371824929335e-01 8.382520874894964225e-01
8.399759091494547469e-01 8.761123467098261841e-01
8.287631492325737703e-01 8.874504422782512059e-01
7.973957410138463597e-01 9.178481402431650782e-01
7.907939687479688118e-01 9.240707781478860738e-01
7.691418160028677953e-01 9.389791748298537133e-01
7.299743298689056470e-01 9.595504208609747510e-01
6.869205557283437624e-01 9.792529227785318202e-01
6.815336847125046393e-01 9.814406742372091541e-01
6.561981358325492675e-01 9.886518080622792581e-01
6.498881601006445408e-01 9.893653147142689175e-01
6.024847068945295980e-01 9.938364240192663068e-01
4.940200893705552487e-01 9.971798773404796368e-01
4.666775907918519484e-01 9.973639881110998306e-01
4.491707090841925987e-01 9.974320782346344227e-01
4.153419851316452749e-01 9.919880055410670305e-01
3.922370579925258949e-01 9.848716881702559434e-01
3.602332505556855025e-01 9.733828605013494784e-01
3.132140756309433338e-01 9.541962056067576636e-01
2.869763268909581444e-01 9.426245543300872942e-01
2.594421555504574095e-01 9.293876842933199711e-01
1.973077579954939931e-01 8.994709413699235601e-01
1.888449342040136592e-01 8.935917968850162207e-01
1.423447569162633042e-01 8.578411327958200827e-01
1.349572782315002217e-01 8.505103608876526389e-01
1.185284085015899103e-01 8.340966629341464156e-01
1.160924776278377535e-01 8.313298960864249354e-01
9.706472075638955532e-02 8.083166045886803763e-01
7.689927724446005142e-02 7.826410730550947825e-01
6.568841151016585611e-02 7.661775970771407263e-01
5.095237318165141138e-02 7.415529929806972120e-01
4.686561789814064349e-02 7.343713719897184689e-01
3.300316168191125277e-02 6.917708028693855260e-01
3.088085594374595511e-02 6.834319255883216648e-01
2.828671877399652201e-02 6.721827346971989137e-01
2.232006135617786713e-02 6.345977259986556041e-01
