3.784726876250645855e-01 9.746157419366044961e-01
3.234083832700009875e-01 9.603634734055699340e-01
2.860686235640246267e-01 9.448099661023605655e-01
2.694455521146503774e-01 9.357783626300759661e-01
2.480575739070532970e-01 9.234564098130211285e-01
2.246191188672489458e-01 9.098521625968593041e-01
2.153168237887236325e-01 9.043826147044367048e-01
1.868584997845007534e-01 8.845810092906026822e-01
1.714995796921098270e-01 8.733479945154554169e-01
1.559317492458109911e-01 8.616538823150611259e-01
1.400316481536512114e-01 8.467694161901041516e-01
1.138488366915784145e-01 8.213924548178096474e-01
1.103572949769300315e-01 8.159504049737290599e-01
7.558181528454666065e-02 7.607863405710753035e-01
6.331377137233251684e-02 7.347623258518755085e-01
4.723157993002990995e-02 6.952905390805713681e-01
4.003321238054924347e-02 6.764157062793060282e-01
1.988329445187364541e-02 5.985403353629056289e-01
1.461952059373017310e-02 5.692148495133475539e-01
1.407543597797022983e-02 5.646747209335020168e-01
1.542104818617395789e-02 5.285227947186347253e-01
1.782669987329765782e-02 4.964586272709653469e-01
2.317379294035060155e-02 4.351710025228628931e-01
3.079098436323424171e-02 3.892604638379857374e-01
3.691279019727244926e-02 3.580434555246461148e-01
5.028691354514591705e-02 3.040490056276362596e-01
6.019878894852848106e-02 2.690059475691586321e-01
6.548630653493336951e-02 2.522580252764737851e-01
6.918672832787065019e-02 2.406438427506579769e-01
7.340230468401187647e-02 2.296654150444927822e-01
7.926601845794734036e-02 2.172207013404344744e-01
8.166410354812070338e-02 2.125433188819941810e-01
8.469878310474843186e-02 2.068460527286990480e-01
1.102894975887185325e-01 1.648347200244310029e-01
1.137495967904686989e-01 1.593924388505935097e-01
1.274129295797337136e-01 1.391964459736317883e-01
1.496597821582673626e-01 1.089309795355892785e-01
1.594911564701273488e-01 9.868644879449406382e-02
1.738251031467379359e-01 8.558180334489318142e-02
1.823167187558800695e-01 7.944713294454008867e-02
2.002474475112289154e-01 6.863657608373763264e-02
2.072776727611629344e-01 6.556655233630193091e-02
2.266428335666691440e-01 5.902134530034319759e-02
2.656406508683206713e-01 4.717504789413773381e-02
2.922657347282386908e-01 3.941245690682271263e-02
3.250729781092710491e-01 3.067805576658422240e-02
3.593220465648380157e-01 2.203119053658719739e-02
3.796494396793451687e-01 2.011057610219257885e-02
4.343573021511429877e-01 1.499531091759120915e-02
4.479304035150060148e-01 1.388042461087946045e-02
4.505151443181178994e-01 1.367659691432765445e-02
4.922739000465875536e-01 1.140106918890293475e-02
5.327524580922576858e-01 1.580979275238758586e-02
6.224483216413603248e-01 3.647079693146937363e-02
6.430708863855435498e-01 4.146630284708352487e-02
6.647314850669250319e-01 4.915266263641981936e-02
6.887938783296809753e-01 5.798570754811527284e-02
7.221378286974999838e-01 7.182164456702389010e-02
7.845542803142768751e-01 1.019640779242663164e-01
7.890393871614522769e-01 1.043428838745749099e-01
8.233038617774836032e-01 1.225927627187435309e-01
8.368341977908112517e-01 1.342423055872918880e-01
8.723105362768962534e-01 1.650652155195292403e-01
8.749208126899087334e-01 1.674184075561185869e-01
8.922493970579152833e-01 1.894295398556257171e-01
9.070213861562314017e-01 2.091611866149386545e-01
9.095006209533708086e-01 2.141996527820666518e-01
9.213262995115739651e-01 2.485685965773219985e-01
9.414433716734519342e-01 3.142477855568940326e-01
9.519027283146778151e-01 3.492498341163812192e-01
9.601572402663655081e-01 3.810304463038719502e-01
9.666691661723516571e-01 4.152624919051869368e-01
9.741197666726669757e-01 4.787656337882528756e-01
9.827708239864628714e-01 5.540774693563322861e-01
9.851990590854263763e-01 6.054594574899420101e-01
9.859245640220296591e-01 6.605035108580163961e-01
9.805357640058567359e-01 7.120527900335635874e-01
9.748087913818150874e-01 7.476530713127315098e-01
9.668528238889892990e-01 7.830230515381934042e-01
9.615056481189995230e-01 7.914169217765053554e-01
9.427612613075595505e-01 8.187506615902305773e-01
9.095515209104482190e-01 8.578060431987568624e-01
9.052699505882634279e-01 8.626551295617103099e-01
8.925776579047056680e-01 8.742396000260586053e-01
8.160912677244216429e-01 9.242590402526911220e-01
7.863174744244321168e-01 9.410262898786054819e-01
7.765582638117338732e-01 9.460295933117743861e-01
7.663202543958039792e-01 9.502053251950725032e-01
7.591784994598363978e-01 9.525529253122021478e-01
7.474602972228397979e-01 9.560137649548852146e-01
7.272706301385432059e-01 9.617826298857921064e-01
6.638775601584393504e-01 9.796148873059541407e-01
6.499568679412401906e-01 9.833057083791582054e-01
6.264171736762775833e-01 9.881499167978458065e-01
6.086866418294205605e-01 9.885989308110970653e-01
5.947668157149200718e-01 9.885701605550107907e-01
5.689513866482128757e-01 9.881482532973652200e-01
5.275977248020606858e-01 9.867025522333654486e-01
4.652860465717861826e-01 9.839915816655807612e-01
4.027065386316888151e-01 9.772409931119740989e-01
