3.365713728629050605e-01 9.683702607489809155e-01
2.350199936797269240e-01 9.341504489597411975e-01
1.851952312621448771e-01 9.105268994556994233e-01
1.797591180046297366e-01 9.076676097453389991e-01
1.780913697737011026e-01 9.065701211114632896e-01
1.698599417393132915e-01 8.976894214760987589e-01
1.648140688562242939e-01 8.920121566335971197e-01
1.534595064088545291e-01 8.757647182545299502e-01
1.236841384466372817e-01 8.316547624188321830e-01
1.114367321776323916e-01 8.126892308924470454e-01
7.738298553158140525e-02 7.585939869406550518e-01
6.600337883299056685e-02 7.207555851557058135e-01
5.623077294136435977e-02 6.870262928924353307e-01
2.870984754020000640e-02 5.818621429680767010e-01
1.901643259567320499e-02 5.311592828631315211e-01
1.594653520401290159e-02 5.097646793019884326e-01
1.378195378221269696e-02 4.901485927910647078e-01
1.207933465951782637e-02 4.734580633189549026e-01
1.165592052166908310e-02 4.331253320626161640e-01
1.237599633417385547e-02 4.135526222769678739e-01
1.958674894558432023e-02 3.508711397564054923e-01
1.991237907817644537e-02 3.488559330328128150e-01
3.508078302119543856e-02 3.004452481646655571e-01
3.810569002165964392e-02 2.915828129795291490e-01
4.957675897865643222e-02 2.618897486962125098e-01
5.359372982228005622e-02 2.519403665749826438e-01
6.484667278078570796e-02 2.287242247576420917e-01
8.760203782154007968e-02 1.848938704284039947e-01
1.152384082698729717e-01 1.414500241712521866e-01
1.346511224980669885e-01 1.147914975834809503e-01
1.582315212254348236e-01 8.506664869282332120e-02
1.605831854332659958e-01 8.309005886525722140e-02
1.694754849284612064e-01 7.695862646551265840e-02
1.813116781256167709e-01 6.932789871946154481e-02
1.949014236374979614e-01 6.166664689376222253e-02
2.075152917081425352e-01 5.652282131754260419e-02
2.575383764134819842e-01 4.144063231951766735e-02
2.751913629228336378e-01 3.654489652197101535e-02
3.421607103905841551e-01 1.920943743059677633e-02
3.876384934141242633e-01 1.148604492547178335e-02
3.884696472715826188e-01 1.136109755164871338e-02
4.079882763297765225e-01 9.343170179823667709e-03
4.690273457942120139e-01 3.231225695958239719e-03
4.747181368675654767e-01 2.730963290322963033e-03
4.940703645657271714e-01 2.133705780746009140e-03
5.349989669059228570e-01 1.916516517180277823e-03
5.709405297001908242e-01 3.479058967106984923e-03
6.233300293270069847e-01 7.683738276533458311e-03
6.409208223897797652e-01 1.046375177581315707e-02
6.711349146507223917e-01 1.746201103166400426e-02
6.849822728366666835e-01 2.081063018355377991e-02
7.137081380986963763e-01 2.959410907048620754e-02
7.279154934881142403e-01 3.414016599538749475e-02
7.491783640347779993e-01 4.237820191610719434e-02
7.823665452323977920e-01 5.598628547762907193e-02
7.938358594968613069e-01 6.322583955758265262e-02
8.178530638988457113e-01 7.987702845244637473e-02
8.358865925019446363e-01 9.534667533112184401e-02
8.683534834591926099e-01 1.251578747001694802e-01
8.864490842205614562e-01 1.428394568336242010e-01
8.972266778595245906e-01 1.578996776524507206e-01
9.441747055458649118e-01 2.422978613020779770e-01
9.543774928787193135e-01 2.666077895497241945e-01
9.757584781327451884e-01 3.189724959549983252e-01
9.819009993617922039e-01 3.367189414879879772e-01
9.847074915531001116e-01 3.455054375107680098e-01
9.864081122196369789e-01 3.592775206509317698e-01
9.883440794783309169e-01 3.809063443493561074e-01
9.875820149137275461e-01 4.709915826716432052e-01
9.862821817243068168e-01 5.302040614817512543e-01
9.858591391469249121e-01 5.387246782836655479e-01
9.834185479505047622e-01 5.761187297539590579e-01
9.756288634299792317e-01 6.646508666863084613e-01
9.726423311266350069e-01 6.927525800067615425e-01
9.623637206748737460e-01 7.147129324903963576e-01
9.549823325151636233e-01 7.297651882615716623e-01
9.196782215445187258e-01 7.874083146448271897e-01
9.090020496356602253e-01 8.001007571993183909e-01
9.024316059462095252e-01 8.078170374289500577e-01
8.781135846560611524e-01 8.305476835122891366e-01
8.463360882575527988e-01 8.591881027296627282e-01
8.404739729772862100e-01 8.639222582932427619e-01
8.278869161654786035e-01 8.740850838591551764e-01
7.698781089763165886e-01 9.160332187649349311e-01
7.343120030586459679e-01 9.410817079996403045e-01
7.284033177798059366e-01 9.450914407715398369e-01
7.155043626865797979e-01 9.524377060318653943e-01
7.124561253285488505e-01 9.539538698451569543e-01
7.096078417536142435e-01 9.551339115766217525e-01
6.831300391504291358e-01 9.657296426292492075e-01
6.356696496221991843e-01 9.797803435420656681e-01
5.706394143738438007e-01 9.900226667221362353e-01
5.194876906748313594e-01 9.962405032251617776e-01
5.031550441383365602e-01 9.978606222690050709e-01
4.949249348799528159e-01 9.980834834828198332e-01
4.619532743575478495e-01 9.973256093058813221e-01
4.478534124554836016e-01 9.962823120296623314e-01
4.121190529520841750e-01 9.907793905083496222e-01
3.944359681142157736e-01 9.859186703287045050e-01
3.438785296058265439e-01 9.706205440134052509e-01
