3.670022288714863690e-02 7.196885359826413753e-01
3.197477798451059394e-02 5.709834194234041371e-01
6.621407863164324725e-02 4.812853229555282830e-01
2.348663828005363441e-01 2.700207933961907836e-01
2.474054130455271561e-01 2.572189918588613233e-01
4.744791199062068920e-01 5.970172970466713913e-02
5.299783576872694191e-01 3.639922648767357494e-02
6.346331591288152385e-01 3.355170056985812277e-02
8.912579368595430207e-01 9.125290658268880861e-02
9.470745697663116580e-01 1.382277022960790580e-01
9.680252220154894616e-01 2.018900531377908480e-01
9.678285816165195232e-01 2.474229364639842776e-01
9.632796118595379209e-01 4.092516494687967743e-01
8.062733175090448512e-01 6.820432949811412460e-01
7.042545922234713096e-01 8.070765517809290746e-01
6.566300848684847313e-01 8.526633821863334184e-01
6.147855900953473895e-01 8.771489874395385078e-01
4.026303494419191664e-01 9.450506431116876271e-01
3.467481381972203347e-01 9.514586174770570670e-01
1.547583613390403623e-01 9.664482994301417662e-01
