9.270036514357056223e-01 6.884812805293653026e-01
8.137061496520070492e-01 8.977912523143726231e-01
7.234358791035570002e-01 9.446242353615601495e-01
4.060216610513796009e-01 9.673593529380160039e-01
3.138972640317183593e-01 9.630687016188618221e-01
1.939274254974013845e-01 9.243273593209052619e-01
1.042992613517491618e-01 8.743413803669416451e-01
7.299634856429437768e-02 8.413759802916860320e-01
7.535485802782593279e-02 6.714351909832996235e-01
7.588704153301240041e-02 6.621404765980615226e-01
1.953294279409741874e-01 3.775714514013841505e-01
2.373894309419107840e-01 2.913365420010832763e-01
3.042978385652119755e-01 1.842535390602514367e-01
3.201525918619467781e-01 1.615657490918996908e-01
3.923665632503370304e-01 6.967172083983874664e-02
4.253206638384657845e-01 4.030211287046681079e-02
4.922224151500598222e-01 3.264064706198388510e-02
5.608798828401384551e-01 3.990435182136109482e-02
6.246613115778417713e-01 7.213559356475052198e-02
9.089977639847284241e-01 5.596046657920787926e-01
