3.720824734794044297e-01 9.912580139949567215e-01
6.423487244766140636e-02 9.015134081828725110e-01
4.195562745970643492e-02 7.335036012416419338e-01
2.363344812633311198e-02 3.630617079104571099e-01
5.827407014899471660e-02 1.582009614595745184e-01
1.186683748662673010e-01 5.070222369599630685e-02
1.796146649431638598e-01 1.359731927612806146e-02
3.112890833982988048e-01 8.741986005043167474e-03
4.669608971424044630e-01 1.903586422448810822e-02
4.987146980823667364e-01 2.293254853620407818e-02
8.672788560348227982e-01 2.009340274692703598e-01
9.005843893547460510e-01 2.420562169534971053e-01
9.586751819290353360e-01 5.363114649137218359e-01
9.763665518736668325e-01 6.404990330486248773e-01
9.571934271201412159e-01 7.928878434236155126e-01
8.655509437088886315e-01 8.827159610481742913e-01
8.003021047292384615e-01 9.450068054751654678e-01
7.594982087696244832e-01 9.575260383688067867e-01
6.719269209195410930e-01 9.732212585245059167e-01
5.208914058695446325e-01 9.824433585426523008e-01
