4.960056808390626015e-01 6.180516173042671646e-01
6.393760400377561659e-01 6.502024104979763353e-01
1.274525094023655769e-01 7.572044162610845897e-01
3.863660408308204341e-01 6.294536621532302867e-01
4.420254493390219919e-01 6.286718901559391615e-01
3.517402141288594186e-01 4.731525665174248219e-01
4.223771366587321108e-01 6.621696974627073740e-01
9.184216025855479471e-01 2.849743108363105293e-01
9.121662568121057246e-01 2.173783907414511551e-01
7.422208654686246465e-01 6.060012496491187228e-01
4.419872801175654398e-01 2.570591514163388380e-01
3.966813756694550497e-01 4.763654025030177319e-01
4.951154936667493400e-01 3.261614819516440722e-01
8.563440106638181559e-01 3.107379674638067191e-01
5.956025493038146212e-01 9.538884189104379629e-01
3.180992091728027105e-01 3.228164987522643692e-01
1.630710655962692990e-01 7.242209735577729290e-01
9.247438260086531248e-01 4.271196012074979231e-01
8.733599304806131114e-01 1.703577554616088063e-01
3.860026297478690860e-01 6.673735075843796327e-01
6.974139952424691646e-01 1.185227760379585216e-01
4.248183845901487010e-01 7.573610546311768665e-01
1.454371827359108027e-01 6.750568320457340787e-01
2.692425291373978791e-01 5.633491923325087969e-01
2.117681615601004486e-01 8.255244906155444484e-01
6.770111048086315808e-01 3.762973132101604112e-01
1.168798278933257800e-01 4.210628132865085194e-01
1.561499081170748537e-01 6.747514189672095819e-01
2.913628028759499555e-01 6.659286760450169318e-01
4.630478241231479886e-01 1.102075359964121010e-01
2.074031873864178310e-01 8.283607322671380224e-01
8.430501636298690649e-01 3.857589182424093766e-01
7.905136598056095032e-02 6.403964323801301095e-01
6.105390928027422115e-01 5.040503665084351548e-01
1.656136333540167427e-01 7.071985974406633790e-01
5.870086989261398269e-01 6.752263066938680725e-01
4.411776918323775387e-01 4.562340876608261819e-02
3.979053516921320921e-01 4.649160345513742021e-01
6.846866940577858163e-01 3.082916430622114623e-01
2.451627875338969753e-01 5.331988070634350318e-01
1.508168653579903540e-01 3.860936517012376057e-01
8.950910078920806257e-01 3.725174532213775258e-01
4.024812420354478282e-01 6.657016040941872159e-01
5.405096029337113084e-01 1.080938814954515714e-01
5.582434478500001296e-01 7.040907077229315858e-01
4.653517415897679976e-01 5.359314226669168457e-01
3.557009397061878797e-01 2.932755308239021197e-01
1.880022265181570118e-01 5.426783038189761932e-01
5.886858398963280559e-01 8.739640209823977823e-01
5.676285744545316314e-01 4.254970616754967239e-01
3.504595885356087681e-01 3.843465159480128346e-01
3.838656215805483773e-01 7.874983798335559726e-01
4.685470052666897978e-01 2.529275231060552631e-01
7.293631793579582467e-01 2.678745524609752460e-01
6.387147309123519801e-01 3.787080219952683180e-01
9.015241251453487425e-01 3.144797209092689005e-01
5.824622850217896497e-01 2.786032434193671525e-01
6.166993928851629558e-01 7.956055542488029708e-01
2.436684641274496910e-01 5.011798871517305631e-01
6.600450693422887927e-01 1.693236189782701961e-01
4.771397913732876028e-01 5.832063033951315756e-01
2.867589885853377707e-01 6.481227304628218722e-01
4.255935077670787159e-01 4.745739139846614218e-01
5.940575976108423140e-01 1.673830014348008377e-01
2.887439560626480217e-01 4.877927050223512806e-01
3.048176807853211212e-01 6.926557248355171836e-01
8.281729840904271667e-01 4.240740249799064276e-01
7.801145442117213280e-01 1.832624616126396488e-01
3.731211283443401361e-01 7.815661453497131372e-01
3.991986304793913032e-01 2.535837318835311716e-01
4.918299767249816878e-01 3.869961248231828521e-01
3.055532891691334907e-01 9.237216326710978587e-01
6.422558484878236884e-01 8.431750663216843744e-01
3.395805516656710266e-01 4.931530087561368236e-01
1.548535581036788178e-01 4.520264588574208764e-01
3.907440756909975610e-01 3.620191077009610736e-01
4.214126431598667066e-01 9.293495665774246239e-01
4.856839239955846876e-01 3.572774155787561967e-01
4.847351390524297088e-01 1.536030783646973041e-01
2.094979373471493322e-01 4.328037147778583948e-01
6.895396436400652584e-01 8.560027601151887211e-02
2.536518314112281569e-01 5.985934814873445919e-01
6.523985722710983204e-01 5.567189469977626981e-01
8.051635346856697018e-01 4.065889450208798328e-01
5.153606286241423362e-01 8.402076291620681481e-01
8.493173385971443112e-01 4.086064348307769656e-01
6.051598333522232309e-01 3.482663939971374911e-01
7.512478430892050030e-01 1.544125441858703041e-01
6.288118187333675557e-01 2.161328461642038068e-01
2.660773691135888686e-01 2.093502110437559793e-01
8.035837664203907549e-01 6.627647141091488336e-01
3.931357418959809391e-01 1.002873075309856227e-01
9.931331153393647970e-02 6.310313946484719105e-01
1.652145317356366050e-01 5.751196693641736912e-01
7.995917597264197152e-01 6.502287226780919527e-01
9.741101104388531773e-02 4.667836008589233976e-01
6.879424011247642357e-01 7.270266144274746267e-01
3.513554076771642221e-01 6.975030868509261017e-01
5.869158890350586466e-01 6.510639074786721270e-02
2.304462691206566050e-01 5.290653192470298194e-01
2.372911162591645473e-01 5.832782105173481835e-01
3.166675218680693460e-01 4.987617833179391891e-01
8.754623802465736349e-01 5.244570295901426205e-01
5.600634991589695799e-01 5.092361172401427272e-01
5.110517717441764862e-01 2.686547597428317058e-01
2.978855910460892487e-01 6.192226730993870554e-01
6.693204385806762469e-01 7.123415335356446665e-01
6.988808836909483624e-01 2.370333628911507617e-01
3.197696659661737328e-01 1.614268703496650748e-01
5.337691316127484153e-01 3.231173581798235661e-01
5.298662916544322199e-01 1.300278195008304216e-01
2.805096341059345466e-01 5.450868669902999564e-01
4.733475231908599867e-01 2.414940695840404605e-01
2.587914712828663366e-01 3.411680025659366566e-01
2.738550274618327118e-01 6.467155674432679691e-01
2.408387234335042648e-01 2.187308947252206148e-01
3.255710739339081061e-01 3.382269440309312314e-01
4.456764996706598647e-01 3.956423073910126931e-01
9.774451884605375729e-02 6.503410653999501800e-01
2.083040799925751363e-01 7.535923966646620453e-01
2.477566762493116914e-01 7.956960263258328059e-01
6.064912862097660007e-01 9.252639402002408309e-01
2.423373923303632493e-01 6.663675355498015485e-01
3.961291944291182032e-01 8.528966920509420957e-01
5.861090475726645765e-01 3.609534797176529031e-01
5.773866143045615074e-01 5.397567287022911886e-01
3.521821311735718329e-01 1.367367921985725987e-01
4.699984454114765065e-01 4.212192547992260061e-01
1.175605371617396977e-01 6.239040657922790833e-01
3.299142455851908906e-01 7.827664006037344802e-01
7.514546719701115096e-01 1.494522621928527362e-01
6.163571225488884142e-01 7.713281916410072991e-01
5.315546488014158966e-01 6.879548983557566277e-01
5.353402601307097886e-01 8.665436106019548390e-01
3.304330048785016349e-01 4.363760317037466696e-01
6.685922057917956796e-01 3.935126579165267313e-01
8.904226423712341409e-01 4.466748323435384416e-01
5.576265957246427929e-01 6.440761759357022109e-01
2.587118397089755439e-01 3.426048553329731350e-01
7.741435028307699362e-01 3.653813034056631048e-01
3.651054083659418525e-01 7.477263127662961972e-01
3.772985320731206960e-01 1.706213498323425892e-01
2.051804421753663510e-01 3.284452407068442215e-01
3.607249641897216641e-01 3.904375905996373963e-01
5.200679080067027726e-01 3.925653145871497718e-01
5.627501559785640373e-01 4.950680105410343312e-02
5.672516956033426538e-01 2.716084720395139374e-01
2.133669118917101981e-01 8.515321579116154060e-01
6.526883886018115533e-01 6.525681049460885230e-01
4.718874726635582384e-01 3.957197379094583023e-01
5.633173482227872286e-01 9.441726333265604287e-01
3.741330002727143444e-01 3.403634301116399419e-01
5.047218975395295626e-01 7.196621142739784149e-01
4.363010183009788379e-01 9.790248454229810715e-02
4.670050945151722477e-01 7.832454652758149560e-01
7.529217092906662634e-01 7.358078326762876875e-01
3.595185211407995740e-01 4.667988318620904242e-01
6.253206952137178032e-01 4.465228353017818286e-01
3.111085107014238682e-01 8.729101976145298147e-01
6.645978329477917335e-01 2.874755703016139696e-01
3.672913840646500616e-01 2.203663590330002808e-01
3.755691443046350053e-01 4.384167155379586900e-01
1.120210057393326158e-01 5.425314710557316289e-01
3.051506157216916648e-01 4.799484192578565844e-01
4.731716658896064631e-01 1.715448942492764917e-01
5.770283467960223289e-01 9.125652279190379357e-01
4.718048206090799113e-01 8.827021253741271778e-01
5.294390669971500429e-01 1.572408862383891659e-01
2.045922916532921798e-01 8.125397190556018501e-01
4.385797312553167404e-01 2.741830730416198181e-01
1.327888988457578412e-01 2.853001532599354073e-01
3.721039032626328180e-01 1.520438040214764919e-01
6.121193007823741983e-01 2.990227884560965887e-01
6.433199020900673970e-01 6.730151509489893380e-01
2.241327210305259499e-01 6.917257037409129117e-01
6.136775781705090527e-01 9.017453863332682840e-01
5.688664519884337745e-01 4.072813293430752601e-01
2.571060654103562992e-01 8.236214437676259159e-01
5.524748474964679135e-01 2.427012155173240981e-01
4.013843651035405857e-01 1.581051869815546795e-01
7.097734063896509182e-01 6.399269135693803623e-01
2.706175708319847883e-01 6.249248693022284584e-01
5.317056150357007960e-01 3.604695672863592604e-01
4.931049383789110618e-01 9.381081405568474363e-01
4.282780897528492559e-01 1.820206509140051554e-01
8.300419472461774140e-01 5.579225304913375538e-01
3.481839726290241188e-01 4.143560037878352142e-01
7.488450034590996562e-01 6.046268045519167522e-01
3.312994309651684510e-01 3.925237344542289453e-01
5.492323146212602092e-01 9.036444964318353090e-01
5.388754079689699328e-01 2.875770134272483403e-01
3.722231998380848284e-01 8.951281567937194872e-01
1.780025914650230356e-01 3.149887667147046044e-01
8.216925138071702328e-01 4.999420493522067077e-01
7.627053446610831955e-02 5.903299624204120244e-01
4.925961736962662929e-01 3.510259552850250042e-01
5.961084464089041468e-01 3.543511807875812103e-01
4.211781426263078165e-01 4.112556397943083475e-01
3.733405781631548015e-01 2.846773068357695835e-01
2.589271776717237405e-01 6.104632321759724256e-01
6.370820564786751072e-01 4.621381004447513430e-01
6.785357907077397277e-01 6.425516022478234834e-01
7.560112898824680183e-01 1.106002111535739907e-01
3.552918859198984092e-01 8.973399376466713040e-01
4.958150075456637662e-01 8.283276600014426450e-01
4.574786060827231715e-01 4.925036884849842145e-01
7.703969427229810929e-01 3.046399084762219656e-01
8.514160304860138861e-01 5.790030497739102611e-01
2.421314033046026437e-01 6.151430691478607660e-01
4.245575338948091582e-01 5.806937586490117376e-01
5.144782915211770780e-01 5.976444326913940008e-01
4.774773729132607558e-01 1.435419633373546111e-01
1.252593757489148807e-01 6.561109792106576410e-01
6.394844546854531186e-01 8.157108080096038272e-01
6.530274939469755680e-01 1.576404441473708284e-01
7.449283131792825419e-01 7.652058386913129784e-01
6.877636724120772538e-01 6.977618560025427019e-01
4.505696174903265350e-01 2.830486275808132279e-01
3.535294873227868839e-01 1.197543645088791492e-01
5.550813296322560930e-01 8.127051880953013452e-01
7.525617399134676422e-02 3.739721134004525549e-01
7.343084655002010130e-01 1.814617413070150898e-01
1.285020110766400547e-01 7.732368150436618182e-01
8.129693593304636590e-01 4.311031599496235600e-01
2.919200325585410427e-01 3.321559176373656275e-01
2.799179612831615427e-01 4.185849131627228381e-01
8.121254578154000203e-01 6.317342532722447501e-01
6.911079940902186136e-01 1.996959503184443374e-01
7.736764028411119432e-01 5.408188054215868901e-01
5.984183546450878577e-01 6.400322798462265705e-02
1.763658053282625982e-01 7.808875681031280935e-01
5.320910448449426289e-01 7.461343588266908800e-01
7.535896435914012370e-01 7.621716515859225938e-01
3.093174731128103261e-01 4.913968123614704808e-01
8.105004985696873110e-02 6.741108320778912422e-01
3.545825602292960177e-01 3.445823316529708080e-01
3.172217112594282740e-01 7.512924616735343619e-01
5.964852452790123660e-01 7.896880785664671665e-01
5.315308586103130173e-01 6.010085726012625029e-01
5.070251693188708719e-01 1.037173751705373348e-01
6.146395261009587330e-01 3.383981518962504431e-01
7.208288620340804753e-01 3.547384463152403189e-01
3.976268137109078560e-01 3.814476234080755312e-01
4.664010948606117646e-01 1.199978889502134882e-01
4.316713016121465074e-01 3.711448964960277763e-01
3.995523451535918924e-01 6.359796943431561544e-01
4.074024466217353035e-01 3.254178759689386746e-01
7.592198435831213343e-01 4.076107789388272451e-01
4.942712875353510449e-01 5.570564220499774066e-01
1.986580259699675943e-01 2.491152276083433981e-01
6.642690479544210991e-01 1.978635836475578502e-01
7.406819616279939344e-01 8.125070245566270444e-01
1.084004411829737058e-01 6.953050670277443057e-01
8.912697133443052422e-02 6.237283780710514147e-01
2.005815236561383219e-01 5.182313664632879346e-01
9.891844023534368535e-02 4.811983980679255812e-01
2.530584783065100707e-01 7.336975010632387217e-01
8.389397058926542083e-01 4.918406726091794634e-01
6.736610739097449452e-01 7.078822422724037056e-01
6.886683196282161745e-01 7.687497870284568657e-01
3.018615238062732353e-01 4.166783143675317769e-01
3.849160434950536502e-01 4.973656342330959323e-01
7.414415262218657654e-01 2.180324226568666757e-01
1.254790840193086565e-01 6.276310734718608675e-01
6.149448073769739898e-01 9.535934381962491990e-01
2.386406657905079665e-01 6.723733316074523847e-01
5.837363658766386854e-01 6.215353550461573118e-01
4.641640336887140617e-01 9.496641928039403213e-01
3.358070003351478761e-01 3.128309309672659411e-01
2.472617930465878522e-01 2.561429540798346727e-01
7.016597994448917630e-01 1.482733177424381821e-01
5.675013760838898413e-01 9.543765912339172708e-01
6.924832347197292792e-01 2.838149604332701470e-01
5.609508516410280921e-01 6.595269249056622263e-01
2.934462705602578492e-01 1.651934186556726081e-01
3.510274474867833838e-01 3.606976089634434390e-01
7.409223354083843693e-01 2.598277014392227913e-01
2.809256886498946448e-01 6.861879117514483317e-01
1.731030773144537904e-01 3.148348556541690213e-01
8.119646419653315794e-01 3.559651972111080309e-01
3.307823972914514243e-01 5.688270587110426657e-01
4.979459569806650165e-01 6.903112055578661810e-01
4.389382687936211891e-01 5.237063218027018102e-02
4.413052824301313404e-01 1.947854357528830127e-01
6.065801231258015624e-01 3.771382442015618341e-01
3.915572197129386089e-01 4.560351626361806576e-01
3.363325416289680292e-01 2.414070750722501213e-01
6.489031402556768580e-01 7.633494145708190626e-01
1.140523901631746856e-01 5.104167809832587110e-01
8.195719287582674539e-01 5.952270051689243502e-01
8.593968778411542608e-01 3.353890948103512293e-01
5.733596003561326482e-01 7.314981696845950232e-01
4.921129757970915675e-01 6.994872281729334063e-01
6.715778469288584684e-01 5.930191815561128843e-01
2.422434345612651252e-01 3.636279860539938791e-01
5.340524322548424463e-01 4.627149381377842485e-01
5.738318226288731116e-01 8.041194843070310627e-01
3.400974906326069691e-01 6.653239570531629399e-01
2.740808924499574806e-01 7.582431287322908275e-01
6.200174343043670655e-01 6.333738403467942257e-01
