5.243377719443943485e-01 3.137822481228896287e-01
3.581621894776883530e-01 6.878571812657747753e-01
3.408785886082135730e-01 7.633963620964032692e-01
2.450322970481431661e-01 4.303930794279107186e-01
3.038180537498247347e-01 9.619038485551412165e-01
7.449405315507964254e-01 2.018801876314709753e-01
1.636632717621819832e-01 3.497905310866822326e-01
4.762986833085180449e-01 1.827965119985991427e-01
2.511242630151206412e-01 2.177505060066470266e-01
5.557919121653589478e-01 2.244000676963180396e-01
6.325192973874225189e-01 3.796640374060764739e-02
4.865166519858959981e-01 7.482050608097190469e-01
5.462270141112073318e-01 8.289656868925588951e-01
1.968239895449701571e-01 5.495040905219086280e-01
7.552193389028902804e-01 5.680201221074965279e-01
2.031168227019441164e-01 3.625193038778911636e-01
8.409394442668316483e-01 2.690532440999390262e-01
6.890077072368731015e-01 6.220259142225651461e-01
7.241787910835114639e-01 6.652896191112038504e-02
6.085310129709997629e-01 4.714028682083250543e-01
4.961589966376309668e-01 6.294035780499257493e-01
5.788565183392846425e-01 2.974308059891823119e-01
5.024872063296602631e-01 1.267276762197909745e-01
3.633797735161956588e-01 7.586440737524348110e-01
1.051746306895472438e-01 4.860990041583779786e-01
3.377650062065535863e-01 7.611386979733434366e-01
4.057477834178027654e-01 4.661947372510878429e-01
6.237854808904311765e-01 4.404949253091989259e-01
1.432070608211004348e-01 7.212490216371185703e-01
7.413973083170204426e-01 1.531712825030186464e-01
5.623142343483998884e-01 5.221340795373695665e-01
2.393153099105203019e-01 5.039443287865577048e-01
3.017780476370581777e-01 9.408409236421946265e-01
4.134432048690374062e-01 1.209197655340673305e-01
1.580998616231213683e-01 2.871402936215107227e-01
2.255179692577992112e-01 2.094150989007420582e-01
6.443284175401259306e-01 5.295064938337865623e-01
3.521200290328533322e-01 4.677211109837308145e-01
7.637541262925739982e-01 1.647617020063353588e-01
7.377681083601014267e-01 1.763982518510954500e-01
4.932784900972695397e-01 4.446020711654048441e-01
4.048850862355264368e-01 3.784454254408103346e-01
1.416519580530755662e-01 6.103314103911061661e-01
3.566752877722393356e-01 9.747538511652900084e-01
9.150651497477947371e-01 8.294557574649297216e-02
4.733272623972206161e-01 5.821405565981877528e-01
5.264300886800989954e-01 4.919349661655975647e-01
5.787953037638924325e-01 7.348933544992433120e-01
4.836027219602818672e-01 3.497270042692247616e-01
6.591684155826131875e-01 3.372550811967200413e-01
3.500099441798194544e-01 9.297972040056722287e-01
7.007367526881889130e-01 3.189644551017074559e-01
2.767746255785480947e-01 6.079877704172441666e-01
7.301470272140376805e-01 5.096201401745121817e-01
3.724865928108786473e-01 7.172589773860184037e-01
8.303071647452339166e-01 3.696123703505967417e-01
8.084088266392137623e-01 2.683222945818376504e-01
7.085024008327684975e-01 1.775541084919318169e-01
7.907636296895200756e-01 4.703700618207953821e-01
1.199431856582726108e-01 4.216900867649781559e-01
2.917516256886273363e-01 8.899151464200016903e-01
4.720062942452317722e-01 6.876610330796402160e-01
6.855589879612746795e-01 5.109788416457969884e-01
5.943031086146155495e-01 6.608942304045253291e-01
6.953337674540056579e-01 4.605786945340921701e-01
3.968446625206701883e-01 2.692595211933975774e-01
1.257749873529418472e-01 2.851996577831363844e-01
5.018206356138161794e-01 3.001665049165371246e-01
6.767395423170944335e-01 3.257518472377650132e-01
4.579113427076454412e-01 2.728140719948186077e-01
7.006801442499039911e-01 4.641353172611321631e-01
4.711388112827718522e-01 8.099854318593541214e-01
8.415043302082896304e-01 3.685988078032849113e-01
3.328297459611280207e-01 5.427854838880040722e-01
6.337967977805831765e-01 4.786979949447218163e-01
3.814495517776897437e-01 2.329812027560291821e-01
5.946624360900089057e-01 3.165878925751080541e-01
6.446691823558272638e-01 2.985338569067137390e-02
2.856065565766236491e-01 7.099143558388838482e-01
9.648971909490680621e-02 3.446633945279083400e-01
1.645958128829624612e-01 2.538914246167088828e-01
5.251598303931683809e-01 1.982319923577341714e-01
4.379113742237794038e-01 4.010318430853108684e-01
5.092658124551386889e-01 2.013767564710490510e-01
5.436540125179512017e-01 2.574612953745515909e-01
2.696888216853393638e-01 4.241564232819704516e-01
5.024031659708281250e-01 1.351007562442535503e-01
2.201547794751809173e-01 9.053268823645458374e-01
5.499181028548850714e-01 6.441502796315730084e-01
2.296081874730183658e-01 9.199593873972475855e-01
8.725168768843580835e-01 1.484771340267880546e-01
5.602087525994352557e-01 5.100828549463398698e-02
3.020970046463172243e-01 6.322882627119144061e-01
4.702920290980832640e-01 8.523529667733191761e-01
5.678207322047469363e-01 7.514880697996165759e-01
6.268096371890022889e-01 6.749721575943307128e-01
3.537896471569945134e-01 7.447594351172970306e-01
4.749883191082683309e-01 5.218145826238690388e-01
7.720728266356833291e-01 4.519004886468260263e-01
4.940959215456021125e-01 1.971743736987953133e-01
6.984479003235379846e-01 3.769919189254709035e-01
4.616116396964450863e-01 7.117540806195974401e-01
6.767906167589288202e-01 2.166881138090822057e-01
5.270327383907070784e-01 5.112255518330994786e-01
7.608190651157316076e-01 5.688078281448117890e-01
3.809050109711134557e-01 1.436018275506459885e-01
7.904487107205515617e-01 5.624305684666970617e-02
7.065034699148565744e-01 5.073953274375595512e-01
1.022534480740377172e-01 6.279835711924182107e-01
7.163104618596611850e-01 1.195062510954790769e-01
5.197386241903052539e-01 8.717980282065787567e-02
1.545661784900350666e-01 5.746893728919553190e-01
3.649908190721378731e-01 7.035376820919574392e-01
7.168713882361142931e-01 3.746741417715555023e-01
4.684686112840334982e-01 1.493478963750059785e-01
5.130529268101455820e-01 6.339785674800131332e-01
2.419008280896995933e-01 3.419079248766030976e-01
6.699295456252035708e-01 1.697132160290142910e-01
7.751142130362795868e-01 1.450516179452352172e-01
7.506637124404474948e-01 2.918854487353841343e-01
6.891606509927473700e-01 3.430499173255294743e-01
4.956443334222173647e-01 7.082450725668884006e-01
3.181498691348198515e-01 8.570252244188766300e-01
6.643889599024302983e-01 5.971194683997470554e-01
8.774216529927214570e-02 5.526995321135861339e-01
5.515167057510923510e-01 3.709098933768771866e-01
6.613179606954551204e-01 3.267437814522343165e-01
5.864438932015754169e-01 4.135296135438732978e-01
2.178021015811777428e-01 9.258117911329395433e-01
2.168563666235728826e-01 9.307795738286549492e-01
1.591530169919487259e-01 7.591689716074433436e-01
7.454116553801404255e-01 4.658167037502188856e-01
5.052739272901651812e-01 4.410658377199760949e-01
3.423559374565205982e-01 4.999841411658604295e-01
1.494305971458183002e-01 5.801203438586931549e-01
4.542253900131659750e-01 3.703677171335189033e-01
2.206869429259301074e-01 5.678275043475881079e-01
1.551541915549209394e-01 4.457423243134264190e-01
2.763182789907679959e-01 6.786341854687226727e-01
3.863632216581872059e-01 7.691515638954952161e-01
2.961826306793552410e-01 1.744489312094667510e-01
4.989677105962710413e-01 5.729192161207493639e-01
7.159332320716035314e-01 2.753231207512130685e-01
2.053070678101867608e-01 3.475139713015705234e-01
6.840965034775728926e-01 1.747248867245839998e-01
2.960888843884456056e-01 3.171085181723227731e-01
1.204557264841676217e-01 3.589215846677281108e-01
8.559244808878492261e-01 9.102021127483518603e-02
6.404465425372666276e-01 2.652318757365841329e-01
3.923524940076087431e-01 4.781675781751081322e-01
6.694843822400451394e-01 5.412360330125228769e-01
8.193793599449841203e-01 4.496615332575240598e-01
4.340924096464625070e-01 5.239300910479190998e-01
3.584176054417474999e-01 8.687877899394524928e-01
5.952034297713166833e-01 6.818027967351012464e-01
1.254774005296807604e-01 4.958994617600726018e-01
6.026034651316948265e-01 5.798413073731126799e-01
5.175832429275437629e-01 1.271066450108720991e-01
8.827979929142044657e-01 1.811955207270348200e-01
7.246622589532680792e-01 8.372442162104745678e-02
7.498965601703375672e-01 1.227322683980263257e-01
7.644142738845569052e-02 3.422040688766508909e-01
6.442020671527612929e-01 6.881083000937893157e-01
5.796292073925117805e-01 6.754978385103433958e-01
7.379235133278647663e-01 3.618585680850355812e-01
5.388645697496355913e-01 3.286793388260175197e-01
6.016516575548823687e-01 1.983634075069208580e-01
8.074154956270809813e-02 4.014283900855675213e-01
5.190881709109940179e-01 6.459707729973858115e-01
3.023792778018627447e-01 9.590181097494682172e-01
8.561696216161134299e-01 2.203724978202644402e-01
4.945329951380345035e-01 3.951757218824383799e-01
4.936432533659488309e-01 7.011599548534921400e-01
3.244067290394447856e-01 1.628271555732674347e-01
2.874249772592591401e-01 6.964598118209127664e-01
5.323474102640785022e-01 2.796053012387709757e-01
4.704341110499348777e-01 3.197591495461107325e-01
4.842461247418078374e-01 7.983026814052146536e-01
9.260752174024650119e-01 1.906726153848476990e-01
7.864136897033422446e-01 4.968004665791120322e-01
4.463825675081259936e-01 5.683191216143702595e-01
2.707895588326381109e-01 5.213686998370282710e-01
2.866969337721100852e-01 2.971555090752584505e-01
5.770728517441863215e-01 4.320487988546022895e-01
1.675235973730430927e-01 7.039621308925865240e-01
8.792775000925441287e-01 2.773730966490625671e-01
1.251664476199021714e-01 5.666279757348591239e-01
7.671456061031631801e-01 1.026824979032824325e-01
8.152613731914430950e-01 4.504891543342925964e-02
6.623952925046803220e-01 4.876327476960463092e-01
6.568990533969756296e-01 2.673310591634248112e-02
2.075754195009871794e-01 5.714484028108369751e-01
3.728959157002801894e-01 5.280528798385464295e-01
8.308868780483328331e-01 1.550281284284230343e-01
4.535488283668199228e-01 6.375988894064050783e-01
6.960846411599121986e-01 1.213748472779521415e-01
3.598139330544989356e-01 1.389385415963165782e-01
6.395109311658491169e-01 3.002482413334686684e-01
5.283933419701857259e-01 5.960824919845320036e-01
4.864953444167266494e-01 5.807382467208874743e-01
3.234984499794599233e-01 6.542334336868705913e-01
4.601797472282206369e-01 4.918668017182199481e-01
5.038008619542766464e-01 3.172696813538090632e-01
7.362627645543233790e-01 2.170902537401710186e-01
1.203647719929529653e-01 4.465459582825478391e-01
2.260934748346873913e-01 8.573305987902343217e-01
2.003131631605873930e-01 5.648766436588013029e-01
2.369355347000511591e-01 7.995418254189439189e-01
4.213376903707482524e-01 9.027658443078540040e-01
5.320908728744971894e-01 7.604595057653175116e-01
4.146045612065036301e-01 4.043248111611954521e-01
4.799159557515125241e-01 2.496382088437997249e-01
4.462747471587364956e-01 2.589909209902608866e-01
5.291333596905812842e-01 4.816934091019049458e-01
6.098166814587639983e-01 4.470227573369016660e-01
1.884957612686796735e-01 6.428363569406072564e-01
4.480520112646433906e-01 5.426035031031389844e-01
2.475428431812715380e-01 6.396864638881516463e-01
3.521355698854218286e-01 6.729297324720523443e-01
2.529508950654679178e-01 8.221746317840776808e-01
5.597801238448542049e-01 6.657176811568565888e-01
7.180664999168661078e-01 5.978556510928968448e-01
1.264595344793145171e-01 5.345653769882744433e-01
6.189109881692882453e-01 6.404929610087044534e-01
1.002464846497989059e-01 6.227938707230517013e-01
6.937177067536451913e-01 4.665211543448567755e-02
7.439111680817119820e-01 4.171309939146798929e-01
5.434117882871052352e-01 2.765621001805390611e-01
3.547958170099038688e-01 8.188689126492700865e-01
7.859212187939039751e-01 3.212806030680388503e-01
6.338206855930608175e-01 1.054323790273020561e-01
4.791059630076094367e-01 2.282613573894215486e-01
3.993542127904744499e-01 4.731177435483137073e-01
8.322464423657605082e-02 4.997114095847676740e-01
6.205721233332366360e-01 1.979974174882960236e-01
1.123896033999869787e-01 3.967995319541999244e-01
1.412792588333807720e-01 7.541195389313303243e-01
5.990480847219589178e-01 6.961784786234750944e-02
1.270724911892324727e-01 3.364698877992454706e-01
4.608846824740044368e-01 1.282725100859686829e-01
1.323068145760603331e-01 4.276389160170567250e-01
8.003061084068077147e-01 7.833576470667122371e-02
3.524718866628415714e-01 9.422660165006168098e-01
1.350758427944090956e-01 5.553559979289866000e-01
6.822560303875825349e-01 4.250006074234548015e-01
1.605100262861394733e-01 5.128138499509962145e-01
5.261637394804441481e-01 4.303797946410229391e-01
7.392478259753498815e-02 2.982590760789968209e-01
4.412352952324564703e-01 7.012659040775551800e-01
5.370615367890061442e-01 6.253193610680838344e-01
2.306957442404263814e-01 4.533194552825402512e-01
4.207366502075725045e-01 4.303769874448816757e-01
6.512160433526045233e-01 4.822127488637866222e-01
7.218492950554147303e-01 3.646133873635851175e-01
2.243017877756563194e-01 4.365393954837429868e-01
8.034252944742019675e-01 3.151304012025432644e-01
4.285404216604169481e-01 1.953793130433885694e-01
6.792224223461851285e-01 2.233824008974609476e-01
5.851655889649286513e-01 5.640384247048506605e-01
4.534375197926585055e-01 1.331809149127122505e-01
4.412193770767777745e-01 1.432286137776718760e-01
4.220335430349566597e-01 8.295578540221930641e-01
5.221813546609086476e-01 5.196041004700344690e-01
5.505970580720755958e-01 7.663070652808293692e-01
8.614057151229248532e-01 3.790109192802753046e-01
4.887840987810174731e-01 4.880229890584159014e-01
1.386383699649008927e-01 2.689410212910608444e-01
5.540055386146085503e-01 7.152884789624549544e-01
4.223901494945695445e-01 8.604724430656693901e-01
7.966231956130587211e-01 5.391388031394881569e-02
4.366988536048954650e-01 6.365441741069319814e-01
1.432066112982259831e-01 4.399323368816517865e-01
6.031088978047671745e-01 1.943976060014898921e-01
1.636593592245987883e-01 7.391294579879913451e-01
2.905533629195621304e-01 9.162787308612014847e-01
5.556995305204308622e-01 5.759079016655408445e-01
4.689237584308070805e-01 2.528736361004915723e-01
7.354132574867604522e-01 3.951649295761019420e-01
5.358762050053391679e-01 3.165980253348291695e-01
6.317919299795381471e-01 1.614973702097331210e-01
8.325490406620148498e-01 4.719286888689195880e-01
3.974849270416331848e-01 1.448070290348091316e-01
3.668917084436708054e-01 1.315483801455311630e-01
6.261860398150111973e-01 1.097917894730510435e-01
3.043449737517143761e-01 9.051361149807857220e-01
5.020799415541477018e-01 6.383429246846943350e-01
4.306230029634564582e-01 2.619536242594068809e-01
4.362425573365713571e-01 1.244289126323285255e-01
1.349569684084697130e-01 2.781486901012407698e-01
6.580815094082890226e-01 4.031216908422524670e-02
6.586299013553620352e-01 4.919218931890793622e-01
2.133171972600356181e-01 8.459831503866248603e-01
6.861442351641696691e-01 2.524614883470988058e-02
4.478927919138191438e-01 6.128862011753291039e-01
6.785150188578517039e-01 3.843702088039441245e-01
7.630780964157610757e-01 4.960148407240162760e-02
2.561547555661317643e-01 1.919968565427722096e-01
6.622583561899874072e-01 3.795597918181264907e-01
7.080056809926259520e-01 5.086071723803086142e-01
4.058043472616749137e-01 8.238876551395964976e-01
