5.620798216851254914e-01 9.236435236429182405e-01
6.001624505776596008e-01 5.248846037159226041e-01
6.359617428022732444e-01 8.529553031833336796e-01
4.541727197697827401e-01 2.015965506627934445e-01
2.215232624076121648e-01 3.611823707686515617e-01
8.163797787629610836e-01 5.605536880115755682e-01
8.467957588110263112e-01 3.700568019521030538e-01
6.111726725259318815e-01 2.381514625545847474e-01
6.031742694031321239e-01 3.044006488276456701e-01
4.669228388794836038e-01 3.226794290167873669e-01
5.566170364519515967e-01 1.187656731531971932e-01
7.423354985772989689e-01 2.867715787986161446e-01
6.865380399852958337e-01 3.982592965681933106e-01
7.944750553289640083e-01 1.505731431005282728e-01
3.120225360311171259e-01 6.375808060929061272e-01
3.251083655605463418e-01 2.524574566811231269e-01
6.793668233639166276e-01 8.038562834627844822e-01
2.140588814240595994e-01 5.045840446359995957e-01
2.797842500310582792e-01 5.500884602311094662e-01
4.549988146299820957e-01 6.240644958020955535e-01
5.825232642833155783e-01 5.260675973907871228e-01
7.860236857372572272e-01 2.052696048322230904e-01
3.475183722870263114e-01 2.121855226195065725e-01
6.190563435937787018e-01 4.145646545959603135e-01
3.741864814234503456e-01 1.069999147265511263e-01
5.369148522214755026e-01 2.598195621824290757e-01
5.631317767358250403e-01 2.132816973576230346e-01
3.710660178960993871e-01 8.202127749596553885e-01
7.079093617448835030e-01 3.580914675466574937e-01
4.557876312624535853e-01 8.002025590721033588e-01
5.873188779578329966e-01 1.720205093790120598e-01
4.080186535819596005e-01 7.071187044535283128e-01
7.869916617086067934e-01 4.455654454255812413e-01
4.602016123940876891e-01 8.678548114050107509e-01
5.396945081598707450e-01 8.315110308763407065e-01
5.457757168630729128e-01 8.101453697542475574e-01
5.804269141954199185e-01 8.770715400546983398e-01
3.113633597334157788e-01 5.301272531980019131e-01
6.630993431826470719e-01 7.851688796259932435e-01
4.771743472900340510e-01 6.903938751739500113e-01
8.817143670305779279e-01 4.814383845954693930e-01
6.647961053940826259e-01 7.534265088642663200e-01
1.568061586693071385e-01 6.738575821694560153e-01
6.283281597147976072e-01 4.863781312496557874e-01
7.943570303748462846e-01 7.435194204046003952e-01
2.701307903911883135e-01 5.483728512912375841e-01
2.271401497315917450e-01 7.197937171351573848e-01
4.722414604146030759e-01 1.123925898151503788e-01
8.040548183051916542e-01 7.491997567622561416e-01
1.590329598497280117e-01 4.861171888613864400e-01
7.267746810539463809e-01 2.856618649049205150e-01
5.337454349210708493e-01 4.645397285041222846e-01
7.048531575593404153e-01 9.310504120632763225e-01
6.694750511942484383e-01 4.793380155531621334e-01
7.399240699381031128e-01 3.847592700074225491e-01
3.168726183239344851e-01 3.409017237095109398e-01
6.186481482414032396e-01 3.624486164066246241e-01
4.438856033153484315e-01 4.949130918300169713e-01
2.377485039235050224e-01 6.226584642875880871e-01
7.396644468469028011e-01 8.636254775492748781e-01
5.440172037701356267e-01 1.964089252771898941e-01
5.894427245522094738e-01 9.345746014913234312e-01
7.664154557482635299e-01 6.563195535556677340e-01
6.106163740086953950e-01 3.780287738998133751e-02
4.062281168589569891e-01 8.584969481671811398e-01
5.985539029202757710e-01 8.071785069680482705e-01
3.240573379203142701e-01 6.865564150537185606e-01
8.084818572799491454e-01 5.714075247860197493e-01
5.188119273095644912e-01 8.784587407806588866e-01
3.136427285226352502e-01 7.441082509623315744e-01
1.966864075974436021e-01 4.092126136488828947e-01
7.125848075399590087e-01 2.277925608376200339e-01
4.447391423594659887e-01 8.792127638881823692e-01
6.848540808946586012e-01 1.777185717134482368e-01
4.069763429569703272e-01 6.919958641018908452e-01
8.064746759978378421e-01 5.990924617178839950e-01
2.172206583663029988e-01 7.185857754872653214e-01
5.081853794558085502e-01 3.259818644356501927e-01
2.471116587797805297e-01 2.317010646029728504e-01
4.508689020387505186e-01 1.018435508068981088e-01
7.071851028747101475e-01 4.501632196102215433e-01
2.097033061137428822e-01 1.852388825827048224e-01
2.679713890456594250e-01 4.040343236976188801e-01
2.885218329988564756e-01 6.663611334926179408e-01
7.024228835932795345e-01 7.329005192874920027e-01
6.679591002201477057e-01 9.429237151248943682e-01
8.024811159942430994e-01 6.460296328055392667e-01
7.275767327953158725e-01 1.742371894416640532e-01
7.863586946542693301e-01 6.455622867958137334e-01
7.401355873302866151e-01 8.331650180119584137e-01
4.923066340881320224e-01 3.674212051940940471e-01
5.571976146292676457e-01 6.931525467651424854e-01
7.807011887943302586e-01 7.423961934157522480e-01
3.806814985143015528e-01 2.276193909889532296e-01
7.286696929279513624e-01 7.939451749598180896e-01
5.580944544630326298e-01 5.089333031835334697e-01
5.010526087509103998e-01 2.943708824972029459e-01
3.421373941404958208e-01 3.554625528313417604e-01
7.284089408857142844e-01 7.676527722869492809e-01
5.784794826754984243e-01 2.298084082572030840e-01
4.849047363879481765e-01 7.084124734827685899e-01
4.762212940327395505e-01 2.166646332587467971e-01
7.584201075165392103e-01 7.706064922553027552e-01
3.434830956047557060e-01 4.573829759838206055e-01
8.279068429082701019e-01 2.790356587939518684e-01
1.692539486264137971e-01 5.695550025180875497e-01
2.754048728081973652e-01 7.141241458178058110e-01
2.282154951240478180e-01 6.534461689008966845e-01
3.489130979806170929e-01 3.096719169602935029e-01
7.409370269205737269e-01 1.575155598979835203e-01
6.524296240749589693e-01 7.734072771186842887e-01
6.006020593755588832e-01 7.304290610351100721e-01
5.067276498095014681e-01 3.479575118357369212e-01
4.258382420721164574e-01 9.474273276390053622e-02
4.182977112942432574e-01 8.601843942147244793e-01
1.760121893922610981e-01 5.374132881564191999e-01
6.890872898637019350e-01 4.512618848192749277e-01
6.738434294122883639e-01 2.535138569056515356e-01
7.254277085174286599e-01 5.301947842398413435e-01
5.180545977779392741e-01 3.974927874769714764e-01
5.109779198857039573e-01 5.418865036465181362e-01
6.600778408898329008e-01 9.191047938092200553e-01
8.505301654870360828e-01 3.132022127035546388e-01
2.498091087689520429e-01 2.848697810466843117e-01
4.870378647564745922e-01 5.120844333953742389e-01
4.750454335409579620e-01 7.013556874925532814e-01
8.029753804282635521e-01 4.097392552556592960e-01
3.080030120370093050e-01 5.221610566361472028e-01
5.516849299907508053e-01 3.705080911155019807e-01
4.740078726704479717e-01 6.571280598876241275e-01
8.848471428573984054e-01 4.213674589792129055e-01
3.059860191215750813e-01 2.020610316786092264e-01
7.193479235148856343e-01 1.510511857217284593e-01
4.485060838762683910e-01 2.685082265514974198e-01
1.782195421748775654e-01 6.993289483398804629e-01
5.872284861403546108e-01 3.685292277838720931e-01
2.463712316612469699e-01 5.326046482558213224e-01
5.677630748583820663e-01 1.384168085034859219e-01
2.238066919912453656e-01 4.749464200793425128e-01
5.928067028196989385e-01 4.566009491257697617e-01
5.948035174227187527e-01 4.250241166959188854e-01
6.746283627611127098e-01 9.292851378243175420e-01
3.307247244806240660e-01 7.983898608650257245e-01
1.231344758343461410e-01 4.526057119749798963e-01
7.363668045369813342e-01 9.196065777275733710e-01
6.009726354327853404e-01 1.294726022570212298e-01
2.716240754553911896e-01 7.792602161992616683e-01
5.933023890832131997e-01 8.688216142095892547e-01
6.677074531530431400e-01 5.989951149364971528e-01
4.504047102305964723e-01 7.022367762012851067e-01
6.729995399952553026e-01 5.997382926958136906e-01
4.976087115304748676e-01 4.664201467145807634e-01
2.080934126953181973e-01 5.461088431037706137e-01
3.429369556054847057e-01 6.955188718470113329e-01
7.411295743101385947e-01 6.393697511131620770e-01
7.043009317389873347e-01 5.529073874850591874e-01
2.630278882369945781e-01 7.848707599367633625e-01
4.023385873419770831e-01 3.004327298801651169e-01
3.506438019168083287e-01 3.111231436590801147e-01
6.459705835643594352e-01 8.366621104749791815e-01
3.457896086788728174e-01 6.340318262816375672e-01
5.464232687110761599e-01 1.095478140778249065e-01
8.650863707289713211e-01 4.265741170884484457e-01
8.472955853111167057e-01 4.912075859780664633e-01
1.222540753534139685e-01 5.242257966987502460e-01
1.512147360275331587e-01 5.504910897070218745e-01
6.307837636452182650e-01 8.023298050807590176e-01
2.896371066172925834e-01 3.377566245286122149e-01
1.415055692690985190e-01 2.488600942855311304e-01
7.850323677691009028e-01 4.529524632438050036e-01
2.961908751576954324e-01 6.307708278411114922e-01
5.331444892992893703e-01 8.879218102086335884e-01
7.737950671780626788e-01 2.667602815032765196e-01
3.487765561630718492e-01 8.259305642221962396e-01
1.151528571426015946e-01 4.851352398925997678e-01
2.316309439853402874e-01 3.480909512629939973e-01
3.935756566363873277e-01 5.923989919228327405e-01
3.783303917388268212e-01 3.932291896040917001e-01
6.454450040862913518e-01 3.959622923488710367e-01
6.679955505911028268e-01 7.887283958320739918e-01
7.022288913205356753e-01 3.148283044281973142e-01
7.763330140525704914e-01 5.348115912450384091e-01
2.496353194361164984e-01 7.811855588983475096e-01
6.868183263549654249e-01 9.343849290092778315e-01
5.249180587167376899e-01 7.082210203422727168e-02
7.166300123171276404e-01 5.886880186848486574e-01
3.874396539444683873e-01 7.751075686188122482e-01
5.157483320655662506e-01 5.390779304036515951e-01
4.333600369269022257e-01 7.692671297498423488e-01
4.518240080518036716e-01 5.561269823976298099e-01
5.232845545928556108e-01 7.959305863482624144e-01
4.367323157210686313e-01 5.395294173464412202e-01
6.739940353472322343e-01 9.074331778816814298e-01
5.129596231963373665e-01 2.132045440230846411e-01
5.356230091983262831e-01 1.790459425774294511e-01
7.369451247767502267e-01 8.470653250092836650e-01
5.880750411252808618e-01 5.491446672026510656e-02
7.005281173984937437e-01 9.621971226100187735e-01
6.438062983231083169e-01 7.616334955668619955e-01
3.317772290108182420e-01 6.769563264098956701e-01
5.132808886527359116e-01 2.625417220883458080e-01
4.404659214272590995e-01 3.257551545139412696e-01
2.614359550796009346e-01 4.379074057853453716e-01
4.754329542302199729e-01 3.402602875590534648e-01
1.308077322737378756e-01 3.639150995131636979e-01
3.809567396127496175e-01 1.150676456241415679e-01
2.079495184253805085e-01 5.856007939586782562e-01
4.757914754636015098e-01 7.121455848798621258e-01
8.629297202629292451e-01 5.798308752462727478e-01
3.497695631425243867e-01 2.039214180735119397e-01
6.665960748337614872e-01 7.954922000737314480e-01
7.439923635883739506e-01 1.871425211906099229e-01
3.138037803457808250e-01 8.056751022639341286e-01
3.096845178256187880e-01 1.765768482769605185e-01
5.300721834658703724e-01 4.968353155686697220e-01
4.190302182501715600e-01 6.994759402794039627e-01
4.636759601827608046e-01 8.769865553062312635e-01
3.234711602291343580e-01 4.620420863733419869e-01
2.504908158042736810e-01 3.759685260625548198e-01
1.839221824762403978e-01 6.146739307050943513e-01
6.320335141154678205e-01 2.694117852203664065e-01
6.157968366116994829e-01 7.167880092495107491e-02
6.476913343742498608e-01 5.439478800459560809e-02
2.042379608139684444e-01 2.385222885473865517e-01
7.605428911922086366e-01 7.841074035383590601e-01
7.774003540655519684e-01 2.476804939373362102e-01
2.365157807941508095e-01 4.629909391848330835e-01
5.631242547665885612e-01 8.897461586704420444e-01
4.446043818976932460e-01 2.661316383889513193e-01
4.407838332891540478e-01 1.893384441351841641e-01
4.675621393126511149e-01 1.494568591406531810e-01
3.786651836659007953e-01 8.429869428549107147e-01
7.440475050171415639e-01 8.535061925397502414e-01
5.626949791129327583e-01 3.623799436627277992e-01
5.475319553879895995e-01 8.139645786680473893e-01
6.282315459118035239e-01 7.046539498692629966e-01
1.871001044798713819e-01 6.797905455239455774e-01
3.792217818882717140e-01 3.763173802054249339e-01
6.591534324243840670e-01 6.264699643425661879e-01
5.740422773184596927e-01 7.089147222310898666e-02
5.406521274500242225e-01 1.473777840016582963e-01
6.729807270882656178e-01 9.548544847233716437e-01
8.211049861439206898e-01 4.445474293326274196e-01
7.872197647657013242e-01 5.649805797253457662e-01
6.904078439762961761e-01 1.786688198755712609e-01
1.351244050456885670e-01 6.086405684552070872e-01
5.642101420005426471e-01 9.240057494668196814e-01
7.259287286644572346e-01 7.029024003602397652e-01
6.376456392475275958e-01 4.741596373960084154e-01
6.666730346246589889e-01 2.272138331497975949e-01
6.936490199995501982e-01 7.578279088850503609e-01
5.469365242876829125e-01 1.520183102448060541e-01
5.212208310699297797e-01 1.334583648685175317e-01
5.140149541513975295e-01 8.447364588917105621e-01
4.171006756544175520e-01 3.933626461143285846e-01
4.299290573159268991e-01 8.517251018857250333e-01
8.102818368284736561e-01 4.300046595069166311e-01
2.430543337175745111e-01 7.253318386349012492e-01
4.850547445762783960e-01 5.343957332959234918e-01
3.471041638055014644e-01 1.566386006275357901e-01
8.179658355002866754e-01 5.529999963800050766e-01
3.394528947389209295e-01 3.297908929365146458e-01
3.446783218896484757e-01 2.469945682079888738e-01
1.635834193010250182e-01 6.106977597722220708e-01
3.549943718029194839e-01 7.059578287713015321e-01
6.364291715215062428e-01 4.273207346490326408e-02
8.586926889829855636e-01 3.642611183746349290e-01
5.452532404547247857e-01 3.416148981623097769e-01
3.577438920500288222e-01 2.589136647789611612e-01
5.076218185995030607e-01 4.747666284277699544e-01
3.306754692258624950e-01 6.016802851665506990e-01
7.222585203867082360e-01 5.623481364515984238e-01
6.529427626138075702e-01 7.094124002123949335e-01
1.606549789096311798e-01 6.654256257348306614e-01
6.251077408008716141e-01 1.019933155222767368e-01
2.140755029088133587e-01 7.117349248653633831e-01
5.756946014390889044e-01 1.442698937867797349e-01
5.067105917334358001e-01 1.435241633189915378e-01
6.017107066557698669e-01 3.584934620777124326e-01
8.456107854076383434e-01 4.050838089749688731e-01
2.195932235357048179e-01 5.224526879111889288e-01
5.465034233498078375e-01 2.828748456094526409e-01
3.593987041833758833e-01 5.069457257933364103e-01
6.691175768633440546e-01 1.495946080007810042e-01
5.309870390980706567e-01 7.962378660730103919e-01
2.368085903439864359e-01 3.980241198611478848e-01
6.957033676267573297e-01 4.680075420061717284e-01
4.043218077145181999e-01 6.264291081703743380e-01
1.219917146778379813e-01 4.963467622294683301e-01
5.480103604613106860e-01 9.890932603788187005e-02
5.363443074350283668e-01 9.091410181007625324e-01
2.017197272968764277e-01 3.047640908081561961e-01
3.178494386905096891e-01 4.056793608625702818e-01
7.480727269497637888e-01 7.155853301225594265e-01
5.526420857484652949e-01 7.097038874890969629e-01
7.503465939058893142e-01 7.207130231027273348e-01
2.780776679095842696e-01 3.087252058659910592e-01
7.862792170889589816e-01 7.303263271420998848e-01
4.088615041834865460e-01 8.292722126143305950e-01
7.015497053688740658e-01 5.584755831839744999e-01
