1.584995666790889879e-01 8.159745664822231070e-01
7.073847232835880350e-01 4.192392572212860213e-01
4.612487833269099946e-01 5.339170361263120279e-01
2.347682616850979564e-01 8.632054267862323549e-01
6.373407448628010119e-01 9.528981080026080464e-02
1.756019317021277060e-01 2.965160561670502903e-01
6.739422035401769762e-01 7.993556777371338962e-01
5.322746320191228397e-01 6.251838597010820342e-01
9.549883023705371121e-01 7.665324510664713875e-01
3.613586025158557202e-01 4.860122351185467426e-01
9.374635308260558242e-01 6.531686419759030748e-01
3.652226753925170710e-01 7.614521634285338347e-01
9.277340286258430879e-01 5.363191017796627991e-01
8.282241764907702919e-01 7.987101469988242552e-01
4.723792587177032543e-01 9.658630641683982887e-01
8.441915604296430509e-01 2.458130628862736367e-01
6.309516234460350592e-01 1.456211921349078731e-01
4.669608971424044630e-01 1.903586422448810822e-02
2.140722173719835086e-01 5.336831411949356507e-01
5.208914058695446325e-01 9.824433585426523008e-01
3.473208079383225400e-01 7.608901467065150026e-01
4.123656770451260556e-01 3.217927210218101131e-01
4.530460938371690394e-01 8.017998314798678861e-01
1.186683748662673010e-01 5.070222369599630685e-02
8.627965264338524065e-01 7.140726376535725395e-01
6.968260437978768262e-01 5.348400078173510819e-01
2.720160114765039494e-01 7.417532297687922105e-01
6.571234864213956195e-01 2.134612477625428550e-01
3.847933747662790060e-01 4.072580306733888933e-01
3.783242456143256494e-01 9.060789048683686175e-01
5.885163809978719573e-01 1.417698634291616466e-01
3.604545717097530355e-01 8.203260172892787860e-01
7.585628920507131445e-01 9.009316112617322680e-01
6.286893680463974121e-01 4.851586028567367870e-01
7.799687662868323157e-01 1.710993910833144560e-01
6.719269209195410930e-01 9.732212585245059167e-01
8.032616452485905612e-01 5.391660714680677202e-01
3.648353210547903291e-01 3.148934328608034572e-01
3.228978256744574060e-01 7.299668003761522472e-01
1.608694533791066861e-01 2.071481638474176323e-01
1.745492959537315314e-01 6.065242572927855846e-01
7.642779917936096679e-01 5.120192493593207494e-01
1.080561886386878362e-01 5.305195311755876997e-01
2.667412000044957487e-01 4.986034612854864934e-01
7.544407771960461861e-01 5.326540656387875883e-01
5.323244320464068924e-01 7.733899055396403766e-01
6.347603969603933249e-01 7.021436215483193299e-01
3.807088208653521821e-01 1.417674975302553320e-01
9.012186033705390509e-01 4.797432717185970419e-01
4.496107659910009713e-01 3.087405819653641359e-01
5.175578734329182584e-01 8.664708056793750668e-01
2.815407811665258109e-01 5.226220786148649822e-01
3.173411825292468680e-01 1.722357985350107812e-01
8.579302511234395689e-01 4.990866507088968507e-01
6.452696288217230070e-01 7.072485754897067656e-01
8.998287332860588350e-01 2.577764704614455837e-01
5.896426779911151383e-01 5.958132181616088152e-01
6.588824551578753574e-01 7.745863433073593152e-01
3.113424911932664019e-01 8.932775979080449513e-01
4.141199669427447216e-01 2.748164603694324137e-01
6.423487244766140636e-02 9.015134081828725110e-01
6.860305195797791189e-01 2.196963601900643048e-01
7.287570803255613017e-01 6.201992700950313964e-01
2.703230898750716982e-01 1.215927668531685685e-01
6.178043849519037067e-01 1.661607289461329295e-01
8.056015385950074936e-01 7.918257287511965004e-01
5.492003631228838112e-02 3.194253909416204795e-01
7.999316866600478804e-01 7.930344693204521844e-01
2.174113163203817700e-01 1.530828262356206948e-01
2.086198053102294170e-01 4.159390682861037192e-01
9.998133339450533674e-02 4.243549553003328478e-01
1.847071232145200415e-01 3.476059861715250499e-01
1.730198560920526429e-01 3.867389862180626858e-01
4.793819759549878823e-01 4.853676460104805468e-01
2.474569003655882060e-01 9.114732387588151408e-01
2.688215708757377698e-01 5.346660387651744895e-01
1.296921501789107534e-01 3.844176617364190029e-01
4.098996525274992697e-01 3.602812567586267667e-01
2.363344812633311198e-02 3.630617079104571099e-01
7.595492710888241961e-01 6.775711898719590787e-01
7.538114206251115279e-01 3.783989733780012132e-01
6.708643638547278076e-01 1.184722636352013719e-01
6.733655664319873613e-02 3.915650544111660136e-01
5.827407014899471660e-02 1.582009614595745184e-01
4.691469406489922611e-01 8.513349840654795830e-01
4.543579610989560424e-01 7.370878988485636274e-01
8.655509437088886315e-01 8.827159610481742913e-01
3.961578879338671366e-01 8.096890571749224552e-01
5.401392005718321787e-01 7.258229760480231496e-01
4.216633505314021368e-01 3.715881469739639176e-01
1.617529960637402731e-01 8.201481934928089856e-01
3.088030548655371077e-01 2.887993463086681312e-02
7.594982087696244832e-01 9.575260383688067867e-01
7.015529984633028793e-01 2.995358849326095196e-01
7.687478625394731369e-01 3.601286291588770005e-01
5.513291630698258228e-01 8.657871376721808510e-01
5.145290623692753140e-01 5.397990773506811113e-01
5.384316962795803185e-01 6.674686316329239144e-01
8.330507534334332664e-01 2.960135444107925284e-01
8.763491140733210560e-01 7.709890635608989129e-01
7.951402002412895076e-01 7.758401971579589329e-01
8.183980095603280436e-01 8.216936256869709077e-01
6.131096774657637805e-02 4.518703522167379916e-01
4.531087436754644981e-01 1.024620459712958925e-01
9.949943477530351355e-02 2.848918849773330320e-01
5.988711291803238135e-01 3.839008732015054548e-01
1.296271075420434293e-01 9.040487859553780758e-01
3.976867721136415623e-01 5.796229814705076144e-01
3.427231346808877754e-01 9.296319895902339647e-01
8.407323019060777280e-01 8.496351096290823968e-01
5.818374367505959599e-01 4.147615938060481566e-01
2.971832434248956600e-01 8.147919514834893739e-01
2.643439813077523848e-01 2.750951514591541969e-01
6.695977423902458314e-01 5.346888758911576556e-01
8.574981501851863808e-01 3.097994079685424396e-01
6.638726657318436697e-01 1.656373582864752447e-01
9.562946789722986951e-01 7.760059427612178151e-01
3.246970332518796520e-01 3.191522262952570799e-01
3.055895629738272223e-01 3.973181529697319414e-01
2.690217029841199259e-01 5.531954887238758056e-01
6.709580216894744931e-01 5.296965024412303435e-01
4.921035701296873621e-01 3.530791881705328539e-01
5.108789725730987774e-01 8.818569983942753376e-01
3.081334215768165574e-01 4.351629019373672302e-01
4.718366615320633839e-01 8.396435761594507330e-01
1.893430247110260145e-01 4.685241389353057562e-01
7.136225710965965474e-02 6.090329315231077789e-01
7.877208281421764491e-02 4.837001596540976278e-01
4.195562745970643492e-02 7.335036012416419338e-01
4.721697277719046348e-01 2.074587484043329821e-01
4.940492171843320346e-01 5.365797241413038099e-02
3.726096258224825264e-01 1.304813414474527700e-01
4.388324840533610049e-01 8.728123877184579271e-01
6.038650275547610136e-01 8.110220161899440727e-01
9.652796830749026391e-01 6.972747386498595601e-01
6.470452874829137890e-01 2.261296355168760375e-01
2.761315177248416797e-01 8.123863036054819187e-01
4.670049905802963752e-01 6.925819895371847501e-01
1.732376374693622989e-01 3.888834798548209543e-02
6.729096981713036385e-01 8.408826018157382620e-01
5.678435780393237264e-01 2.374651009111827804e-01
1.910849260573089237e-01 7.869003526311275643e-01
8.034121065552451979e-01 8.539642997148159109e-01
5.674849229166969433e-01 6.958597955736046670e-01
6.111528457673935932e-01 9.223850579619932155e-01
9.345363238815327378e-01 5.768393322342577623e-01
7.557047704791960419e-01 7.664487347611231849e-01
8.103429850090728692e-01 6.006368498393150901e-01
2.436513447947500077e-01 4.323815606091226948e-01
2.571678046039149734e-01 3.105406446029036482e-01
3.906184648944243665e-01 3.434543010899380189e-01
7.117456037765465537e-02 4.139567025903326813e-01
4.362948176353791396e-01 1.906330781217159820e-01
8.184608802162667285e-01 8.264855029857567370e-01
2.902891250688615088e-01 3.239022587508961770e-01
4.373228181445790175e-01 5.652388956849323520e-01
1.427831206411649401e-01 5.618946840589400527e-01
4.077313511993015394e-01 8.619156642489884668e-01
7.719932506308253561e-01 2.732977224200305866e-01
8.408109722520225038e-01 5.392501231873855216e-01
7.884362328078519111e-01 4.602214566841499321e-01
9.589955420777962480e-02 7.600941182494233006e-01
1.650351002830603708e-01 4.722107358627471996e-01
8.003021047292384615e-01 9.450068054751654678e-01
4.947745015897129783e-01 1.023347862728277158e-01
8.348419306549266228e-01 3.312890553687417028e-01
2.886105775509374416e-01 1.032123011305990379e-01
6.022573088750097225e-01 9.662936303147146022e-01
3.720824734794044297e-01 9.912580139949567215e-01
3.236354751072571534e-01 2.138421919087659107e-01
6.230163162008525157e-01 5.239748700393348502e-01
7.659785587613664459e-01 4.259673492909656911e-01
7.174822917230343489e-01 1.769597668869486995e-01
3.850029178266513585e-01 2.383463187844488129e-02
1.819810638267775060e-01 4.500545218696596628e-01
2.673577521420033021e-01 2.078589940917451029e-01
4.540323411164620127e-01 1.351889816056711102e-01
7.973200470568913012e-01 8.355080916943765645e-01
4.268082200185832620e-01 4.466638860972856340e-01
9.337922868794086284e-01 4.516780989329400864e-01
2.382223724895743133e-01 8.020472808082174110e-01
6.600032648721926298e-01 5.082484600371683925e-01
9.586751819290353360e-01 5.363114649137218359e-01
3.766616767768504737e-01 2.351199680436702188e-01
5.405664343862927046e-01 3.703519261356509329e-01
8.817643850177525611e-01 8.581131743273496815e-01
4.205109093012822652e-01 2.533489773604926665e-01
2.677299720860221166e-01 5.504626634002559582e-01
3.992995975374227791e-01 8.717143651748495703e-01
6.476525953228651211e-01 1.002592248276257259e-01
7.831170652839736235e-01 2.745344567638240418e-01
4.937474248134219312e-01 3.950687462034602193e-01
5.973338255964572019e-01 7.920045679134183336e-01
4.174085388990242951e-01 6.820519076557216565e-01
5.067505857410103953e-01 1.131033819293690845e-01
6.402583113475399657e-01 1.450937101847347699e-01
4.483414354429726134e-01 8.266594231507899959e-01
4.262303768384863578e-01 9.236801688135273802e-02
7.327738678599291511e-01 8.296767309886240449e-01
5.998413207805395331e-01 7.219245484029429560e-02
4.445446510391169448e-01 1.087041256665232936e-01
2.594461387045856604e-01 3.146416530230036757e-01
1.014560637367998008e-01 4.775264377892617373e-01
8.857104865841358698e-01 7.144993053726613752e-01
5.923858078923898152e-01 8.448474751705264962e-01
9.571934271201412159e-01 7.928878434236155126e-01
8.439116000885819036e-01 6.898296439073643427e-01
6.341689502202506601e-01 2.849384175083507498e-01
9.005843893547460510e-01 2.420562169534971053e-01
4.987146980823667364e-01 2.293254853620407818e-02
1.529296014471949738e-01 9.243698225993570716e-01
6.637762335053047913e-01 1.865581617307056073e-01
5.570972355715420044e-01 1.055270747217777055e-01
1.834274985038229500e-01 3.623510870654348404e-01
9.763665518736668325e-01 6.404990330486248773e-01
7.519123636854629922e-01 6.529826235367496290e-01
3.617194668925104994e-01 5.409161637358845809e-01
6.097237998577839657e-02 4.791759523805776411e-01
4.204527401913338847e-01 6.685187358866977458e-01
8.149524378084619380e-01 2.455913559811528923e-01
5.681515421431538870e-01 8.572104290492862377e-01
1.558106616005828782e-01 7.635490479424366095e-01
2.347246734979805682e-01 1.272858878307261410e-01
5.355697435046530286e-01 7.582918433347410336e-02
7.907505296715666709e-01 6.410959215404433698e-01
8.938216726650293209e-01 4.915726130192415444e-01
5.196767943271293211e-01 6.200742950140600840e-01
1.796146649431638598e-01 1.359731927612806146e-02
5.681031307350747905e-02 6.696579578770296415e-01
3.050742209250593140e-01 2.223961353449684444e-02
7.150443581563422635e-01 5.502439393119291644e-01
8.296950364047032955e-02 3.048610800710536695e-01
7.825270102623330670e-01 4.519758374186724770e-01
6.557562905966868305e-01 5.913813810467287713e-01
1.977054807071786657e-01 9.224394238921985734e-01
9.035907304896452219e-01 4.447497718800439981e-01
2.151103727151419398e-01 6.272046452201376354e-01
6.713178493744439423e-01 1.662600984965067752e-01
5.143546040184867607e-01 2.768427643953727535e-01
2.823127496757094068e-01 1.747389137931104897e-01
7.942416177155282586e-01 8.238989242621149733e-01
6.445192242271720051e-01 7.402413665288294364e-01
6.364480757344274098e-01 3.028622929121033147e-01
9.428427588126808701e-01 6.817997218275593241e-01
1.917649437211522145e-01 5.216200212641430856e-01
4.923335164350022830e-01 7.510802284624701342e-01
4.387777274339016431e-02 5.859756748540552174e-01
3.112890833982988048e-01 8.741986005043167474e-03
5.189064386199739864e-01 2.208731321560606364e-01
8.911332985467680379e-01 5.227147821682428530e-01
7.114890514171672287e-01 7.233430002604361864e-01
8.541428738370389073e-01 3.362464105329019959e-01
3.654220396737815624e-01 3.142855246437334937e-01
8.734192206580384532e-01 5.793520636829233572e-01
6.859313159961347162e-02 2.350721878791485198e-01
6.488756797387655872e-01 6.881510181877980026e-01
2.239817779969834888e-01 6.122099356864161290e-01
7.517406962112188618e-01 5.943030717808412966e-01
7.245551551564786141e-01 5.419038611005869699e-01
5.675039061327742385e-01 4.867105116534055087e-01
7.267672242161591356e-01 2.825476002519591301e-01
8.672788560348227982e-01 2.009340274692703598e-01
1.878608477223683848e-01 8.828912746029760061e-01
8.913640113665209919e-01 8.130418671886674442e-01
3.324667635826547007e-01 4.894498389050719322e-02
5.079585819904764987e-01 8.881873180044687066e-01
5.518501004494178463e-01 8.448523523324803775e-02
6.197725719317876969e-01 8.212897796892484337e-01
1.535556301883671815e-01 3.709361996163236252e-01
3.163838265084674695e-01 1.849770939092356681e-01
1.271209972891430562e-01 5.278112307752720334e-01
4.610593240821037747e-02 7.574842302858371124e-01
6.039608494309858244e-01 1.313368893665978754e-01
1.407541823102442802e-01 6.041940506723152415e-01
9.077063269362846132e-01 6.152537470674331876e-01
3.373540236848034390e-01 5.017773479224596489e-01
3.389376518799337434e-01 8.634245830350233131e-02
7.419141354657171616e-01 1.675487421437265312e-01
5.133460021366821335e-01 9.620956737891895871e-01
6.640468690100896632e-02 5.763312951901085057e-01
2.754226248131508292e-01 3.112093072397029148e-02
3.059969534867326701e-01 6.376350639498691297e-01
2.982720331601204089e-01 6.056567890881561222e-01
3.266686829912660017e-01 8.056426098214459763e-01
9.232598296388480064e-01 4.738499394923403329e-01
7.700876688825273320e-01 2.639116527769010401e-01
2.841166176980149949e-01 6.435875411229277088e-01
4.871437470443658602e-01 2.443685050768415468e-02
9.620108208458983956e-01 5.791076669258844456e-01
6.599545697384665566e-01 4.511868101112289087e-01
2.414189081403842752e-01 5.368972013156978473e-01
4.843023416453235974e-01 7.894763439396428328e-01
1.536841149919892513e-01 4.973277524707375719e-01
8.843896049442951934e-01 4.760846346027549636e-01
7.746747543237223477e-01 5.154264404707463720e-01
7.054673400601740862e-01 8.061181453438566180e-01
4.562941222728506552e-01 5.462204412991701341e-01
7.062998961924269459e-01 9.045093833202287881e-01
9.028572653288158278e-02 8.720634885792898361e-01
4.161802357406961250e-01 8.995952970457110620e-02
