3.698202936214676773e-01 4.443847809580107056e-01
1.071792730678787220e-01 6.774551621915153587e-01
1.897529494719601972e-01 1.834694316895909283e-01
6.834724410268342432e-01 4.610793581424399434e-01
2.870542661554310593e-01 7.444670649855573696e-01
3.790759149430756314e-01 3.164776072207088342e-01
1.918118771890240937e-01 7.323589965764933929e-01
3.324994334803001439e-01 4.196066002589907695e-01
9.518440070984548473e-01 9.622775774892321499e-01
4.311667346650331356e-01 7.568875929428262039e-02
1.677986195210438014e-01 5.567335153413427440e-01
1.787298422725090430e-01 5.770118279297229424e-01
1.584516296489012488e-01 1.780451756565222809e-01
1.823774869534720011e-01 3.605138794921904921e-01
4.611038934918280097e-01 7.456442841985537751e-01
3.516501192904245565e-01 6.680533341823499671e-02
6.175970634059599895e-01 6.980919631566251393e-01
9.130962264802692241e-01 8.479899900901270993e-01
4.813767462370021066e-01 2.843135044684018675e-01
6.478084636880477865e-01 8.190189960034097716e-01
4.631217593221768625e-01 3.266022852934752363e-01
7.294434416341748495e-01 7.897633387806304306e-01
3.926477036392468367e-01 4.034678001829609117e-01
8.100687676586970642e-01 4.755173164215226733e-01
5.862078649906019567e-01 3.805386522470157740e-01
2.123313082812112729e-01 3.493350012661833315e-01
7.003748748531308799e-01 3.064891250346347684e-01
7.770456682310484808e-01 2.862936357591772119e-01
3.514509474644900155e-01 3.504279733135323704e-01
4.732271297952073130e-01 4.068258167071595599e-01
7.403333005757959384e-01 8.394602941951163633e-01
5.798557296560757912e-01 1.282022282990655238e-01
3.706215733025815529e-01 8.320315279320885660e-01
2.942619543148622396e-01 4.689984840867105209e-01
4.290480580722472737e-01 6.732497304595116971e-02
5.701091602137469128e-01 8.462356757230650173e-01
6.309296519657772162e-01 5.957805740101755898e-01
3.036333400632735269e-01 5.573730584296454627e-01
8.957728681117408387e-01 8.005356721267140596e-01
3.797183982618388409e-01 5.069382945605457325e-01
6.029454787615965428e-01 7.153907288975791534e-02
3.318127741114810236e-01 1.439750404111381221e-01
2.677190035586125560e-01 5.223201558401817657e-01
8.696985609390259775e-01 7.891875118365765385e-01
4.058945679104343229e-01 2.474006248489804827e-01
1.399326915909935021e-01 3.178046091200338874e-01
2.953564278367092899e-01 5.746828943221369279e-01
7.207093903961382386e-01 1.543421285894728268e-01
6.202525486781238495e-01 5.149106920955790478e-01
5.680604125809382010e-01 7.339743070876207920e-01
4.815599290154515266e-02 6.683538718635096965e-01
1.940446631075103123e-01 1.380087889742193930e-01
3.969792176478745271e-01 8.355358288544508794e-01
8.912244697487273770e-01 9.207313759463484626e-01
5.233127409110120976e-01 5.475649592139261168e-01
6.788748605181715856e-01 8.376853165663549206e-01
4.614093960132983341e-01 7.674276432449035623e-02
4.272130846484125111e-01 6.948225105475291929e-01
1.029872560380336033e-01 5.251269400333067328e-01
1.549380330135519401e-01 3.075338271794026967e-01
8.642281933477053979e-01 5.772737438858547288e-01
9.007285812770424172e-02 5.149963040584085716e-01
4.790390387435712882e-01 8.918261913594084378e-01
8.906067011509233300e-01 9.622790827542753167e-01
5.095249937499025661e-01 1.527325624471740917e-01
3.141936350392773303e-01 7.948121173318732913e-01
2.553056310384674843e-01 3.021125926168017894e-01
6.025861691255643970e-01 4.976898764108322326e-01
2.453194573147913782e-01 5.955202787419686672e-01
7.527307020662149517e-01 2.845613998656261745e-01
5.850985075346200048e-01 2.206587151726384644e-01
3.285920944930443843e-01 1.589849413949034895e-01
5.865939409451955688e-01 9.177582522141192189e-02
3.368138129611000786e-01 8.069426829727773809e-01
2.759369967318171524e-01 1.565055898285492575e-01
5.038730975606043883e-01 5.913741555635894098e-01
3.231682426109374062e-01 6.530883037401309377e-01
5.884113930398759962e-01 8.730632856369711092e-01
8.120783486235295667e-01 5.796316362472672123e-01
7.092413149562749597e-01 3.326722619231275435e-01
5.737283431506465248e-02 5.080991193118898908e-01
8.462329962536199179e-01 7.783359288571232160e-01
4.589393869220869671e-01 2.310607940176574726e-01
7.330244652222637214e-01 1.770803836778260809e-01
5.398063567009504515e-01 4.808467468288229463e-01
2.314435153181400029e-01 9.013495553814777905e-02
3.959673597327325045e-01 3.888361764117512775e-01
7.663370591512319585e-01 4.457376898408936805e-01
5.250900882988702723e-01 6.155283365709443011e-01
4.633106336885421950e-01 3.747392302651265106e-01
5.557815890121212687e-01 3.133500741943564538e-01
6.612123962529095067e-01 1.581750553503008805e-01
3.256036120376039067e-01 8.389245441846310269e-01
6.074332195166138870e-01 5.035224552763803985e-01
7.791957885135086803e-01 5.949308186460662284e-01
1.944103699508366589e-01 2.825203067211822794e-01
8.659887230352729670e-01 5.904915819503462338e-01
4.836086460603756798e-01 1.598205752771742483e-01
5.587059065292416804e-01 7.020807842113041541e-01
6.955529351332411236e-01 7.813115302815865082e-01
6.526655419863024443e-01 3.463664399583021858e-01
3.674543678005448566e-01 6.708610340926300930e-01
4.253800855758221311e-01 3.122721729583591843e-01
8.406383140250577313e-01 9.148904998725004845e-01
3.478196695513173231e-01 1.955522170978709617e-01
1.726135064490186555e-01 4.216341628800079344e-01
1.596423065430523092e-01 3.371112082476620531e-01
3.140925531461641329e-01 7.103273153309028753e-01
9.643297828119423709e-02 3.704869137816041991e-01
6.098038117513869816e-01 6.416782568450701829e-01
2.654374364598928726e-01 7.482288951013010836e-01
7.022220043584432858e-01 6.794568062215794457e-01
3.864233109266499433e-01 6.494648971169700857e-01
7.583277903012732857e-01 9.640302051048207366e-01
1.652919972193442055e-01 2.378837430922503271e-01
7.163486616416516739e-01 3.185645500460403401e-01
2.118706444233676434e-01 1.898708285138352159e-01
4.599969645777657323e-01 3.253479666434287987e-01
1.528850640893427704e-01 1.719712148991546785e-01
8.860439635630896760e-01 7.328590654642608282e-01
8.052309445267763488e-01 8.138488727228303521e-01
4.049836238082882289e-01 8.048939328942484872e-01
6.824601281037536715e-01 4.906983262097394105e-01
4.983577767559667637e-01 1.970904285108893150e-01
1.696639200023740135e-01 5.133065581888044404e-01
1.327586489890322796e-01 3.876853622806681887e-01
7.300774480805634070e-01 6.968905392595942105e-01
5.449500151171774442e-01 8.037467064114476312e-01
7.249282307339136588e-01 8.038340257430294233e-01
2.069723610038479433e-01 6.029304983128059847e-01
3.792209553416955869e-01 7.929731885200143049e-01
5.829824221174324528e-01 7.983542138457160320e-01
2.345652641007303363e-01 1.713619544631567460e-01
2.218739021451284488e-01 2.853008525606370860e-01
3.269564507869413550e-01 6.916795778462095923e-01
2.555192009001484577e-01 3.452997348870026628e-01
7.826367090636229262e-01 6.548522055777835638e-01
7.347529914990496014e-01 2.152420082012183600e-01
7.572133924640268576e-01 8.268452405001143202e-01
3.137215225169367461e-01 6.853240653215972311e-02
1.348210514122313297e-01 6.387723163347804878e-01
8.091272110369286397e-01 7.836698663616243898e-01
6.417603333532748699e-01 7.188702424416217873e-01
6.987558663102737544e-01 7.577036975568970378e-01
4.394698762109104928e-01 7.744103840135417860e-01
4.227055562576164105e-01 5.492146210781276849e-01
4.431565774713955297e-01 5.872448485248711325e-01
5.240534783935141272e-02 6.211617473950385993e-01
5.308124747870612836e-01 5.379492417510075564e-01
1.765811083693450412e-01 5.269582071586913496e-01
2.957862829133589000e-01 7.027621501831456119e-02
8.201238368572149051e-01 9.408596542242535499e-01
1.671102348690723105e-01 5.257472667566767122e-01
4.121834076914909217e-01 8.476281189888845713e-01
8.353900876293184341e-01 5.127486318276242017e-01
7.120205472538009284e-01 3.912475605955568758e-01
7.545753734277007574e-01 6.992448808600824073e-01
4.163583783247497005e-01 5.143668066766512448e-01
3.924951519230313046e-01 7.069756560433539949e-01
2.263361054016305163e-01 6.253559147573941601e-01
6.601240168054391955e-01 4.139626265294865659e-01
1.489840499776614313e-01 3.555900137639840253e-01
6.483946538771878654e-01 8.746509229857599710e-01
3.450097684512732910e-01 4.882059511159450027e-01
1.492380384311198238e-01 2.411317840293270565e-01
1.158036946307026416e-01 4.811255987865435957e-01
3.161911383406408871e-01 2.703931769961652742e-01
2.527101406775851267e-01 1.115993677342963786e-01
3.386208332798006926e-01 7.827576196504929529e-01
7.253326686509145027e-01 2.090987703751823190e-01
8.405234678213356903e-01 5.586738190537285931e-01
6.423816114396440069e-01 2.689552916737417698e-01
5.484956154102459402e-01 1.736427013238444617e-01
7.410419495312787763e-01 8.390012595668004947e-01
8.803889001800963010e-01 9.044917471497546657e-01
3.567048337117000312e-01 5.147604585107639075e-01
7.169157354007681393e-01 7.150554530853523438e-01
5.823610251297628437e-01 1.930382560059032970e-01
9.465951510111448863e-01 9.807842909585040569e-01
1.004400049869556555e-01 5.412484051738988278e-01
3.366914013372723780e-01 4.303348536275242164e-01
7.695169590018213768e-01 2.907415611916155385e-01
6.733715213679344336e-01 9.146666872943383098e-01
8.650260652278786433e-02 6.461716339634260287e-01
5.999064429353997419e-01 2.019272006153630672e-01
2.334854329422659247e-01 6.717797306849182526e-01
6.187467336881067315e-01 9.142195721730688174e-01
6.229597872803914749e-01 1.334116534662430076e-01
6.199951939835585124e-01 9.301212306589163870e-01
5.234266212831142351e-01 1.582011064584772364e-01
3.105199502323142680e-01 4.373661736603414729e-01
5.413548163765988797e-01 1.240644622062627156e-01
6.964707104198512022e-01 3.169998483519446131e-01
8.886222217323784811e-01 8.541287944919311315e-01
4.394569198164223756e-01 2.868963676438939236e-01
8.639611322983972164e-01 7.221894361831565634e-01
7.103066991564064292e-01 2.262917420315677941e-01
5.591460884784141827e-01 6.581794731026404666e-01
2.080298080453295562e-01 7.676486571777455525e-01
1.714407669872773932e-01 1.436451682838673638e-01
6.882008011932679858e-01 1.704864042700944271e-01
3.908834689616523805e-01 6.157119765012564194e-01
6.569140723176458696e-01 8.372232215097232810e-01
6.290115349381659726e-01 2.297385675513223813e-01
2.656274083437858424e-01 7.886307551541914540e-01
7.460440336902312009e-01 2.351307765889264767e-01
4.206936150346935466e-01 1.013842391343479921e-01
5.712386450686953721e-01 4.561796999857309354e-01
4.219240284971229049e-01 5.600902404590600847e-01
2.403469531076611598e-01 7.085635130368956869e-01
6.544217354377652729e-01 7.182741432207999654e-01
8.321555944907853553e-01 5.702347786737547164e-01
1.292614003041303861e-01 3.533307792280804271e-01
3.255159589978153800e-01 2.737115088610179714e-01
1.283222358057379830e-01 4.224587902660032479e-01
6.354198870395959542e-01 5.729144220294805079e-01
5.011977257835662503e-01 5.280988768754519835e-01
2.863393720439709189e-01 2.659761049032399738e-01
7.564268575293287000e-01 3.396265843708983212e-01
3.018591708958736630e-01 2.474654071409987388e-02
4.304320994657744870e-01 8.570502852163012220e-01
6.744031861715628073e-01 4.198471576658045490e-01
2.773732990785159891e-01 8.048304549073984626e-01
7.614173487177370303e-01 3.596683871947352618e-01
8.032187212629612327e-01 7.108083736693273647e-01
7.182451449231957996e-01 2.516324913322405266e-01
5.638226168548825523e-01 8.842121960236590805e-01
4.780596634267396117e-01 3.523191666411785161e-01
1.893506042810207401e-01 3.163604415119506963e-01
6.909537712916679064e-01 4.074146701797496384e-01
8.408545531965102571e-01 4.854497176608717490e-01
3.365601535796950428e-01 6.500040833683882191e-01
3.471928430708914881e-01 2.587733036419411631e-02
3.877193069826140870e-01 3.447387314845950512e-01
3.102746158218131489e-01 7.582238572227714135e-01
5.943638010507384939e-01 4.727751981165454476e-01
1.935646360913941544e-01 3.045800376372591045e-01
8.869101099226440743e-01 7.733007266918379141e-01
6.100303475368717976e-01 8.992964414556960939e-01
2.711759844224257976e-01 3.823748899497256271e-01
6.276077731738234355e-01 4.768299611843052621e-01
1.484198292474950276e-01 6.690403063904576397e-01
4.286918861325727526e-01 3.157727007672794795e-01
8.143560663857685178e-01 9.193176514585397197e-01
8.075460879739660980e-01 7.166007611910416575e-01
4.323206290007740593e-01 3.056917818973141632e-01
1.861302456359035240e-01 4.029170579237295602e-01
2.656694453517172150e-01 3.721391677704705137e-01
7.728446762243174062e-01 9.138227201286752699e-01
4.682295458009547162e-01 8.215405686595674828e-01
4.541781106326708839e-01 3.496567904639269475e-02
6.602817421664675113e-01 3.676160088070542509e-01
6.551121416564205102e-01 8.233026674814345469e-01
7.551168240224279682e-01 3.943415608233279412e-01
4.471576616619180600e-01 3.418007613767012343e-01
9.142087597330641469e-01 8.944111769948304147e-01
7.297247194209885990e-01 4.300924134726225589e-01
7.313856063389341244e-01 5.847231362753184669e-01
1.853198221327357897e-01 6.401547382651966434e-01
8.428858786776118883e-01 7.363921010912851672e-01
3.955590498155978074e-01 2.103446339647979668e-01
7.477682068493373135e-01 7.925782450016085612e-01
4.896331696258606203e-01 5.456764812719847035e-02
8.998258259424640748e-01 7.837730990751838878e-01
5.609831944805321324e-01 1.989575578679343426e-01
6.345899999272408554e-01 8.242515217518180393e-01
6.428066665139908764e-01 8.411379875197163569e-01
2.728662122759116238e-01 5.715326252211213598e-01
6.956572328350090206e-01 5.413934517236509425e-01
2.465505343100148350e-01 5.142497174908711166e-02
8.713003194197853629e-01 7.035008532817870197e-01
8.614499594429574358e-01 6.000702839895637464e-01
4.796783919749210701e-01 4.138333612803987704e-01
6.912653599461529019e-01 7.104648222576931405e-01
2.201808296113851315e-01 8.138565083967083669e-02
4.096468008489905221e-01 3.810951890693035637e-01
4.382934991248916279e-01 5.124932673569372321e-01
5.522052651982375382e-01 2.361144104536552213e-01
7.282006950906726450e-01 2.717508954858060544e-01
6.405841713045460351e-01 1.053118342343073305e-01
5.822182176292787226e-01 1.745919093512862397e-01
1.875552222473465536e-01 5.591500494100745122e-01
4.577560006762854128e-01 5.549699277827302435e-01
2.381280299958662694e-01 1.570135920079822056e-01
5.047684469528734841e-01 4.992464217820478667e-01
4.533821052779464233e-01 6.839187135297422060e-01
3.118178393690816952e-01 7.521181037481208254e-01
1.617101448589108870e-01 4.350776621936278121e-01
4.828668548130981009e-01 7.576884889015501612e-01
7.811752238258062864e-01 3.775161395219732707e-01
5.153336805906306717e-01 9.134673409376851128e-01
4.268415973311990297e-01 2.582959418807352359e-01
1.592592508896809034e-01 3.495593246413820632e-01
1.970200883349895182e-01 8.390687131798002518e-02
3.202085084404954207e-01 1.921570904149594305e-02
5.126741660204915396e-01 2.719879151032617015e-01
3.910154104146676968e-01 1.271726847017416728e-01
7.782431523054035294e-01 8.116795191375909546e-01
5.197505607421093465e-02 5.235186540221568041e-01
5.146099448012175781e-01 7.568473999084568415e-01
