5.345848257070247023e-01 3.439237385876268149e-01
7.293642655849128520e-01 7.834235280393175849e-01
7.300903708619562726e-01 6.994888937304301058e-01
7.304461293651740572e-01 4.998140014387558172e-01
1.761152612304752729e-01 4.409496951395787123e-01
6.907805868391483362e-01 4.910764340936545902e-01
7.944526177649720022e-01 5.091306817621703562e-01
2.998368944813400438e-01 3.928598001829554098e-01
2.371776286443994797e-01 6.030560285420658584e-01
5.650659887256580527e-01 1.374201799604579111e-01
1.303588849126642302e-01 7.750843583622780697e-01
6.804280026654703217e-01 5.421374044966265071e-01
3.138208439461432908e-01 7.077404603097195990e-01
8.666138839584913711e-01 6.255609950691177756e-01
3.201525918619467781e-01 1.615657490918996908e-01
8.784045447514428062e-01 6.664824575235767101e-01
3.574139682454635647e-01 4.265640369127046139e-01
4.139736333123272272e-01 7.949229055842744751e-01
3.816043262975770123e-01 2.359343252502654475e-01
3.685403212098710135e-01 2.963371902210560904e-01
6.412436561425000070e-01 1.920562188045250585e-01
7.021491978006790813e-01 9.010174554127331481e-01
5.459640176927231803e-01 3.102059480338861253e-01
8.282046281757857731e-01 6.085571444463582225e-01
7.960184541385592061e-01 5.727175954208568731e-01
6.929841941230491242e-01 5.043051729088089408e-01
5.282625439060339989e-01 3.713156177636413036e-01
3.477147035780216444e-01 9.524771997622307751e-01
5.324689350623977857e-01 4.731388443014753475e-01
3.989083110279253441e-01 3.665747277508134006e-01
8.261310313246368331e-01 8.157957034230198801e-01
5.286339861551443420e-01 1.273677182026803911e-01
4.742617868411150295e-01 2.299482241210576150e-01
4.074897329388674772e-01 7.273375396972752149e-01
1.802561437949271039e-01 7.861729211351211610e-01
2.230197436585439341e-01 5.805297449748880734e-01
1.061789693187808609e-01 6.419597228815178136e-01
4.112113621532562657e-01 2.945357403274942998e-01
5.699326717018765587e-01 7.439931153897758609e-01
2.335364428944594617e-01 8.307737898046303471e-01
6.076777020560220066e-01 1.919886120212430658e-01
3.674743195146143449e-01 2.776057641972402568e-01
5.085111369749231169e-01 3.729878087835428735e-01
2.770925171527931496e-01 8.115096152526881657e-01
3.402494265739383072e-01 7.102487214817615468e-01
2.680615028266881139e-01 8.817149824182735074e-01
2.409777348500528327e-01 3.168809705089355999e-01
7.248770722327505522e-01 6.940021611696122195e-01
1.943717177253556361e-01 4.231503123803803668e-01
4.562668134321698488e-01 9.275085572335687312e-01
5.739158485672839483e-01 3.111108375044406293e-01
4.905608120099239633e-01 9.059950467453272704e-01
3.970569125832291157e-01 7.543921551782286627e-01
4.302612110337220019e-01 3.054223154185274347e-01
3.355366481248049926e-01 1.859056741062563578e-01
4.993689147568650677e-01 4.479669675307313970e-01
7.345674939764447187e-01 6.613209731840576922e-01
1.949216531104026595e-01 8.660753668232512581e-01
2.852920478060291254e-01 5.848919682550627330e-01
3.927097103167362935e-01 8.018365512231633296e-01
3.366279858373026346e-01 5.595795087134104451e-01
5.403783146183731567e-01 6.062690791639082644e-01
5.147186539537962346e-01 3.650599325187905420e-01
3.138972640317183593e-01 9.630687016188618221e-01
4.039069211041081964e-01 3.277772186471370475e-01
5.250401434667174572e-01 7.619099348975671981e-01
6.255036036205554595e-01 8.354210567206914462e-01
5.844258565524790283e-01 4.488146502973722751e-01
4.518089463614982648e-01 5.186501235809883870e-01
9.576424749495268673e-02 6.864275947275386702e-01
3.063448325437839737e-01 6.187943537160294216e-01
6.448345608250096728e-01 3.993346140314215087e-01
3.871300300812223760e-01 7.745167233603250656e-01
4.287374349507436788e-01 7.723145945807111667e-01
7.863355884084507474e-01 6.194343453140892519e-01
6.012884170929352345e-01 7.356254430070940931e-01
6.810585019936142848e-01 4.317878905338868867e-01
4.448401624538340648e-01 7.764206943184841503e-01
5.135445591199545579e-01 2.162155328271710419e-01
7.731703420599139731e-01 8.153734507034940959e-01
5.292978161651706870e-01 7.287353441585650016e-01
8.750116402985940178e-01 5.913638056836647561e-01
5.593866793518914582e-01 7.774387377622201667e-01
4.095024694420598133e-01 3.863242180800399161e-01
5.589403876367143864e-01 1.677210350290558039e-01
5.608798828401384551e-01 3.990435182136109482e-02
1.569421440876795915e-01 8.272755286615627313e-01
3.774028562219470806e-01 5.767405053811418547e-01
7.468359978134564425e-01 5.540828241618034333e-01
8.237052342087596013e-02 7.973087247603654060e-01
7.229859911981515452e-01 8.650222287219700990e-01
4.815393426431063273e-01 5.445992823911187664e-01
5.848125264866951278e-01 3.913263371376501376e-01
4.602987896871099105e-01 4.893037190984413920e-01
7.018873958978775196e-01 4.397164321916391394e-01
1.708636602595043907e-01 5.255009609689997863e-01
7.062880039601722171e-01 6.114299076943533473e-01
8.785506120615720338e-01 7.026958367995983501e-01
5.271951836734335428e-01 6.553353536058822426e-01
5.825902858154405894e-01 8.536692803989109901e-01
2.400296078556649060e-01 7.960452033825423657e-01
4.575140782606911261e-01 2.634233232340682518e-01
6.513364762239214345e-01 9.197347594106790591e-01
2.305147634456337080e-01 6.932904193347644295e-01
6.449869281133551180e-01 6.551398558583833021e-01
6.088668162756140090e-01 8.174604049634262015e-01
7.661161948741315175e-01 4.544489454570668219e-01
1.831848285442719271e-01 6.603378424908389333e-01
2.503101234963932553e-01 4.302818482248890186e-01
2.858862390541219156e-01 8.838873667890878583e-01
1.400911791972414833e-01 6.292129217773254624e-01
6.454050966642441711e-01 4.417154248610319911e-01
8.382247665277942072e-01 7.619980421419844108e-01
1.001191668966370518e-01 6.798952724368808598e-01
2.166105280033685521e-01 3.858185728100848588e-01
5.190454753378016539e-01 8.493072208222490760e-01
1.953294279409741874e-01 3.775714514013841505e-01
4.691011535651439246e-01 1.346968710905169508e-01
3.011639219136740264e-01 9.308866616377171610e-01
7.199020467011145730e-01 5.705779073572683213e-01
6.760845601576925823e-01 2.583066444596479050e-01
4.573605356045885029e-01 2.070402628908210863e-01
4.590579096974286011e-01 8.396914350718149844e-01
6.893279506892323605e-01 5.494383855516751236e-01
6.266707011760432877e-01 3.210818954178439877e-01
1.655628814478119493e-01 6.349759660956207918e-01
7.445003387418565044e-01 6.134426992760194652e-01
1.495067070027635281e-01 6.218043262670608362e-01
2.293955096474971644e-01 8.267001408226358761e-01
5.317524735073688724e-01 1.561099283822320882e-01
1.748930185348472055e-01 7.722379196711985916e-01
4.634804287586732352e-01 5.159972794435274679e-01
1.277200288925597615e-01 7.841122526601371767e-01
6.332273995018758983e-01 4.548839130790730545e-01
6.246613115778417713e-01 7.213559356475052198e-02
2.756067699548589989e-01 3.273893603217353787e-01
4.473922295443603092e-01 4.667445234181206715e-01
4.121528421352648741e-01 3.489113540532937652e-01
9.089977639847284241e-01 5.596046657920787926e-01
7.325564152968715437e-01 5.339584643797660179e-01
8.920491031116457581e-01 5.944636795902716875e-01
2.245581126311375075e-01 4.970561274982925881e-01
2.610461111430509851e-01 5.669467979911793076e-01
6.333351672510696417e-01 2.631766365531162943e-01
3.387413458147137124e-01 2.068843631247671289e-01
5.016262220581013676e-01 2.559310571151055536e-01
1.826744937562018167e-01 4.154680165135227199e-01
3.251459128932417397e-01 4.976373809467742881e-01
4.470804116644090387e-01 4.373966148315906466e-01
1.337455966771328719e-01 7.533891121121030210e-01
7.009596755149483105e-01 8.056258218299827689e-01
7.913522336590486095e-01 6.971035711662467715e-01
5.281065710460904894e-01 7.480292278024414099e-01
4.716628873225455765e-01 3.695884218693258894e-01
7.486957224578495440e-01 5.503692961721832200e-01
5.514296115455746827e-01 4.522421452980153744e-01
4.922224151500598222e-01 3.264064706198388510e-02
3.012815400950673017e-01 2.198887321830211850e-01
7.094630872190217374e-01 4.301569826976269773e-01
1.845637592670496818e-01 8.969449378587007748e-01
2.225703148709686219e-01 3.382294766496284355e-01
1.308888390052083683e-01 8.696394729013166014e-01
7.234358791035570002e-01 9.446242353615601495e-01
2.605430033237386978e-01 5.071592354426712745e-01
7.107337630028818243e-01 8.190255805773932751e-01
6.642489772790131086e-01 5.063313460922513887e-01
1.431298789242167746e-01 7.305010329129865143e-01
6.404593513270641081e-01 1.408507229630511226e-01
3.502883171190495082e-01 6.860221015775105347e-01
4.941932473203788367e-01 4.919736154810775419e-01
2.674923952068055111e-01 6.650945776552765754e-01
4.195311869670589333e-01 9.427625016121509161e-01
3.923665632503370304e-01 6.967172083983874664e-02
3.235614537845766248e-01 7.205534295583296833e-01
4.836658754554759576e-01 8.665886233966730856e-01
2.904948756770848739e-01 8.426449210796221889e-01
1.582276370451517478e-01 4.797932198991370356e-01
4.838383446618508832e-01 8.179148564909136665e-01
5.366909346987487339e-01 3.750829976043332792e-01
8.320461318457851307e-01 5.040134137523731850e-01
4.482994717230734949e-01 3.107755314467631202e-01
3.042978385652119755e-01 1.842535390602514367e-01
3.364123268183804583e-01 2.872071542631945973e-01
6.745288735179643114e-01 4.893999009390477273e-01
2.840966627900246566e-01 8.629203796887094935e-01
2.049749220098964209e-01 6.959285879531459384e-01
1.832715239763856307e-01 4.494903271579344661e-01
4.245629257369565868e-01 1.364387958753469909e-01
1.448810747248512609e-01 6.722785540572621121e-01
1.969270879157356824e-01 5.895406916581857892e-01
7.505986864205456133e-01 9.264137212145036049e-01
1.417522389220683132e-01 6.554517008758912189e-01
3.355339308742338877e-01 6.433353106394048559e-01
5.059091163197204644e-01 8.433641572972530032e-01
4.690624625676357851e-01 6.223724551078979594e-01
2.698493694445371904e-01 8.172871373336586531e-01
8.196680424221406414e-01 8.654563577057237111e-01
6.392860926578727288e-01 6.313214838565064380e-01
6.951847281515401988e-01 2.452649801201216284e-01
4.823849719119248647e-01 9.021877339591274358e-01
5.587054926836079183e-01 2.315249830286020827e-01
4.193793626120925211e-01 2.570142238184686678e-01
4.592474102113446865e-01 4.238699571528496968e-01
1.042992613517491618e-01 8.743413803669416451e-01
5.119453159928953889e-01 2.149854462449829473e-01
1.472134816753251363e-01 7.166016712530850485e-01
1.738662887668639412e-01 7.766484074854220765e-01
4.253206638384657845e-01 4.030211287046681079e-02
4.816332950299235249e-01 2.278838712391590970e-01
4.260279614170794371e-01 5.580581993058366663e-01
3.469797062520632580e-01 9.414244396863459263e-01
4.186082259730000144e-01 7.982815204492516026e-01
3.558424899346720460e-01 7.758469691537623891e-01
2.212599595932100427e-01 3.900828898401942357e-01
4.447677915259493631e-01 7.981365494664646176e-01
7.670205078978684643e-01 7.604655203923900153e-01
4.878317435640391886e-01 4.523766952700810084e-01
2.082324210052547975e-01 8.582569594176072680e-01
5.850443332014558795e-01 2.690591477388787345e-01
4.205031001024264747e-01 1.151221915016631264e-01
6.131175642995955188e-01 8.341762291532501816e-01
2.779578073345008726e-01 5.875782909607830673e-01
6.468649559194299403e-01 2.351620121527559504e-01
4.123575830835267131e-01 7.588016702857676155e-01
5.399501221896279013e-01 2.575169153790408672e-01
4.348183737444397123e-01 6.061763526212831099e-01
7.599956146709958560e-01 4.853669930262238807e-01
1.959887417031766221e-01 6.536122071012653301e-01
1.810082140964406894e-01 4.184372650987541187e-01
2.533066956985866591e-01 3.543867874936759144e-01
2.645787169613498246e-01 5.099690030857269019e-01
4.060216610513796009e-01 9.673593529380160039e-01
8.700424109412289164e-01 5.190858682452432760e-01
6.755710433183935715e-01 5.118118168761013331e-01
7.905728273682315344e-01 8.132910565154587434e-01
5.744921417374915240e-01 8.142807387165287292e-01
5.959495359379193280e-01 1.155747777024476314e-01
7.588704153301240041e-02 6.621404765980615226e-01
9.270036514357056223e-01 6.884812805293653026e-01
3.474083134787828708e-01 8.025608739963893123e-01
2.373894309419107840e-01 2.913365420010832763e-01
3.295381445546765597e-01 7.149992358977080853e-01
6.559328613379817874e-01 7.836793977229425945e-01
6.576714740882286803e-01 4.658313228615557078e-01
5.529583974975533778e-01 5.348101553672652830e-01
6.191853732319412273e-01 7.589209319264638154e-01
8.137061496520070492e-01 8.977912523143726231e-01
1.933431433820844703e-01 5.543277292066277617e-01
3.703076354531844583e-01 8.381130199625702604e-01
3.275700390799265449e-01 4.293317913144589215e-01
5.524436901815459322e-01 2.465077277951259749e-01
3.358520471983955646e-01 8.154828276197247927e-01
4.241093421918445405e-01 5.952301004931084272e-01
3.643822440279469999e-01 7.600439662272203689e-01
3.231191176248473518e-01 1.749916269741376151e-01
3.706156298636770763e-01 5.514548731522548319e-01
1.004195432447387848e-01 6.889680064324927855e-01
1.939274254974013845e-01 9.243273593209052619e-01
4.272002179802477650e-01 8.445662689397731571e-01
5.277663123394377154e-01 4.102619653444790626e-01
5.323403446085637203e-01 5.750086661440030333e-01
7.196986543246475243e-01 6.171287434595376098e-01
7.535485802782593279e-02 6.714351909832996235e-01
3.217227264913997131e-01 6.552362928960535626e-01
5.433226657090688416e-01 4.907544171436599156e-01
3.108216540991758370e-01 4.435329551802563719e-01
7.853319564770471217e-01 7.644025318679188441e-01
6.280532935566010000e-01 5.212056155289100934e-01
4.595952105826701661e-01 6.793266594487827881e-01
7.370828254220411768e-01 5.919185291393052051e-01
4.916282394483441065e-01 9.073891169902664755e-01
6.618785856748703456e-01 6.286758582935553230e-01
4.957554436830968192e-01 6.800337562288303328e-01
8.071323905999018278e-01 8.739615863577584465e-01
8.421703615422454492e-01 4.555261041473401828e-01
6.411915816900479737e-01 4.242537256734144058e-01
8.173662811147222040e-01 4.625835545893584033e-01
8.385149286051973849e-01 4.798569577088303006e-01
1.737415288851281714e-01 7.890183556045738955e-01
5.923177141354748487e-01 8.913955781758284846e-01
3.349952514397880887e-01 3.071008044682357885e-01
7.299634856429437768e-02 8.413759802916860320e-01
3.992983136129057420e-01 4.890968658318419759e-01
5.856421066037419410e-01 2.127534487654448858e-01
5.943762423428221586e-01 5.045954579549485342e-01
7.871207741199285346e-01 6.250314794429167042e-01
7.970081613991872871e-01 8.956123820544676928e-01
2.603795413170411632e-01 3.023922133295299797e-01
4.919543457516609708e-01 8.479000193075937331e-01
7.962596957634183736e-01 5.496093034256472887e-01
6.642914778960344879e-01 8.219654363843782452e-01
3.420877197713025897e-01 3.492453513090345019e-01
1.318011198869121769e-01 7.381581283655143100e-01
8.793970566234902142e-01 6.518701142977538776e-01
5.645823560801351837e-01 7.820397346320377974e-01
6.039482545943462011e-01 4.897908290667699616e-01
8.038744763726811682e-01 8.004405771987816998e-01
6.250320478513100575e-01 8.871922853150673305e-01
7.408606986232487701e-01 8.314799133274215492e-01
8.178232275002752516e-01 5.919329145941729653e-01
