4.009722257747746488e-01 1.999677119920152957e-01
5.236327590073088789e-01 1.036871406266973855e-01
7.288695884162210703e-01 7.602973970528634773e-01
4.587149395878902247e-01 3.175550016432588385e-01
5.623341424976953107e-01 4.399373285206747974e-01
7.403882629228483170e-01 4.163871290056077035e-01
3.348470740936603240e-01 1.579236120334295834e-01
4.595578243279129227e-01 8.870826183681410626e-01
5.615899655788378908e-01 8.646880224521585889e-01
3.328884092954507157e-01 2.951901853084582528e-01
6.290627778570232476e-01 8.632001649471325866e-01
2.743875048200273836e-01 7.581249370709556290e-01
7.750214856644092043e-01 4.906605847391268815e-01
2.384140416897339854e-01 2.091273048117572586e-01
7.645840109881762992e-01 7.573343345213400246e-01
1.902491586957026914e-01 6.235380249142102871e-01
7.020636474814411221e-01 4.516908711087564976e-01
8.112759367736401828e-01 5.319941230176583602e-01
2.432630991854579650e-01 3.329151355549784808e-01
2.740822045106942051e-01 6.707427981075571033e-01
3.524860619563706665e-01 2.911487431321683195e-01
8.507134225488240942e-01 4.340008168911472786e-01
5.889751603673339941e-01 8.749853587987386216e-01
3.870592883305615794e-01 3.868296406705196144e-01
5.914528886965343402e-01 2.310680165114760432e-01
4.581905349565290608e-01 8.458388277332339333e-01
3.163271553197632424e-01 7.281769931542716456e-01
3.645433011248206956e-01 2.626201392687046443e-01
2.507353592723730595e-01 4.107436407766377195e-01
3.934556895051482539e-01 4.213077421251183452e-01
2.498035691834981642e-01 6.437456886892364283e-01
4.507326750267810489e-01 7.113494342924497893e-01
3.459000611431595207e-01 4.528818702764825233e-01
8.242801486192274929e-01 2.565038828225932876e-01
4.094410880423136612e-01 3.156651905164677974e-01
1.443053791658246987e-01 3.290865959627717885e-01
2.955589914317557354e-01 4.977073729796463453e-01
2.854552553508597490e-01 2.110443441077710647e-01
3.959622749167853728e-01 4.699306856466695104e-01
5.036939670205112796e-01 2.298014772592077981e-01
3.872773412783711011e-01 5.454752534837451483e-01
5.663559652061691541e-01 9.131518809389832514e-02
8.198340908443045860e-01 1.765456082227862544e-01
4.170614066596089464e-01 6.283765832729347744e-01
1.901003656740670178e-01 1.904271784788402200e-01
6.243094166340154016e-01 1.361243281633486568e-01
3.931346857101772341e-01 4.807676451848097998e-01
1.801097138964948829e-01 2.632222633249491350e-01
7.248628193317383506e-01 5.008792786292945998e-01
6.858532731231044011e-01 2.657527461076357733e-01
4.670887825926124948e-01 8.505712677116266107e-01
2.114554908361211127e-01 4.996664483339656737e-01
8.630686340152116109e-01 5.818872779418580166e-01
7.087008091082268590e-01 6.935108807935823627e-01
6.547404012556687913e-01 5.519083420673676077e-01
4.132015881743713592e-01 3.642247108775088504e-01
2.399714953999521894e-01 6.103317886318709862e-01
7.710750170362586919e-01 2.167186504286676973e-01
4.725006645236214942e-01 9.133526097110684638e-01
8.910098145979262751e-01 6.985348155631050382e-01
7.364922592231887277e-01 7.180333080802937529e-01
7.650616000000735051e-01 1.572151986699352189e-01
5.193709757543201189e-01 9.164018763864287820e-01
8.667318204022145256e-01 6.903363158217430406e-01
4.728127001682406183e-01 7.068752159722532236e-01
7.181149965763611309e-01 1.849455427401321961e-01
2.492595941613137411e-01 7.411047471929368413e-01
7.662982055885108057e-01 5.528678201349264132e-01
6.001573782028521986e-01 5.318852294327942598e-01
6.906461569819657420e-01 4.688462832924228385e-01
7.562032025062901397e-01 6.445106196672151233e-01
4.367331659910363983e-01 9.083727188730462698e-01
6.478057362918432371e-01 3.749804953859635637e-01
6.200476255175640938e-01 9.293260641625135099e-01
8.629487574244135706e-01 7.364468398551368145e-01
6.451771948060782691e-01 4.037516945469575846e-01
7.802112131519786109e-01 7.811646487562493579e-01
8.751688689995256176e-01 6.491315827558880036e-01
6.698756515089739905e-01 7.712712671262382802e-01
2.610764960275495650e-01 7.970963462420737056e-01
8.437046792927915817e-01 7.271611727085063315e-01
3.396366499081389101e-01 3.244555499860942716e-01
7.086144521165985699e-01 3.236112164806274061e-01
2.244615050370626363e-01 2.856795449691254540e-01
6.497448524978046702e-01 5.691315752328680588e-01
2.926941235493656923e-01 4.724954670719952454e-01
3.373452502542314546e-01 4.897204746578454615e-01
2.003481425509809899e-01 3.282933767248828461e-01
7.670589872541815346e-01 5.626989859583239051e-01
5.341500417744056151e-01 3.697153909403801397e-01
5.435933880810880359e-01 9.431240181538806944e-01
1.690791924277009750e-01 4.032094175364119293e-01
6.465352386092169112e-01 5.078533639106259656e-01
2.832285249356034651e-01 7.747641344418217946e-01
3.835028396602465639e-01 2.178211570901075755e-01
5.275230051625110494e-01 1.413759676377162045e-01
4.729911426923378848e-01 8.717801224551506856e-01
3.624012838638391854e-01 4.289816912419841533e-01
8.721415342613836330e-01 5.464027220420824005e-01
5.374317614571609836e-01 6.542021360419338905e-01
3.807139835810809947e-01 2.446353880409528891e-01
3.380355350157846495e-01 1.118850348845535081e-01
3.674106426801329039e-01 8.807227195394802255e-01
3.138650909562774594e-01 1.220452772951479137e-01
7.803596080539627611e-01 2.442093380792374480e-01
1.535614932813153255e-01 3.202894107053168571e-01
4.277023835789298678e-01 5.527993584772042945e-01
8.826531258696055371e-01 3.241790729246428748e-01
1.929679378555945179e-01 6.018075576661500170e-01
5.990623898475024856e-01 4.832575769512433839e-01
4.424143100819541985e-01 7.358296232729542030e-01
4.357554223116436587e-01 4.360455462939901716e-01
4.054696984000186744e-01 4.479379216710243083e-01
2.316294942101544407e-01 6.104263372829876744e-01
5.815788269899402341e-01 1.256161828761647170e-01
8.639222721895528645e-01 3.603207556778471043e-01
9.023495555968957804e-01 4.458388511675205335e-01
4.942282379002970738e-01 3.498668414863033149e-01
8.832518871935715055e-01 1.806850699999319465e-01
2.866024927452394122e-01 5.706848163107250960e-01
4.511472060765202574e-01 2.511413281234194939e-01
3.343732918736425641e-01 8.303949825243687188e-01
7.778510988908635682e-01 2.600001560315977067e-01
5.076549409356473364e-01 6.334543992346632901e-01
3.341757379593180421e-01 1.277066299956960971e-01
3.135392756717015894e-01 1.722098824682177232e-01
7.117746710408142663e-01 5.078065367473729719e-01
7.408577009183241469e-01 3.920835987897773878e-01
3.684277391931695678e-01 7.147051109940658620e-01
6.937566846089219252e-01 6.548294023118838014e-01
5.846541587977762688e-01 2.855681360278483627e-01
7.941480724638476651e-01 5.953017866956396009e-01
7.303361885968995271e-01 7.996369354877401747e-01
3.587673555403436687e-01 6.503705698054823570e-01
7.229125219375578393e-01 2.745915916717043825e-01
1.785020707724055966e-01 3.016548358139820030e-01
5.161149284580959229e-01 3.685749079955975560e-01
4.878170234470793898e-01 8.432897285094749229e-01
2.585123197099515324e-01 7.527632418262973912e-01
8.245467102752577215e-01 3.642190187946562907e-01
5.005906438115462764e-01 4.668916617623696252e-01
7.502469434858568542e-01 1.478871698777574628e-01
5.335949721582068372e-01 7.784588764129036775e-01
5.211791665925766814e-01 7.534135205650960287e-01
6.406291374953922979e-01 5.116994435506918570e-01
3.568947554588348670e-01 5.687598184611930563e-02
5.191122959791975022e-01 2.034951226488282139e-01
4.293312832629774256e-01 4.271297276662870401e-01
8.624105908022066114e-01 7.492218347252559418e-01
4.721441384358577298e-01 2.023692646855300981e-01
6.025195393217107620e-01 1.475013011427286913e-01
2.764777835193970024e-01 6.791482761695235570e-01
6.979411748585535591e-01 2.034680286196686727e-01
2.019451348290523529e-01 1.775787005853754763e-01
6.042736565796651416e-01 3.714595841426617806e-01
7.912517231920046523e-01 4.182355513203253050e-01
7.783315484338453327e-01 2.814327874002512386e-01
5.363350324814114556e-01 8.218830903651335174e-01
5.481528632145032942e-01 8.519315173600738866e-02
1.803940611735357635e-01 4.382694123086319782e-01
4.225810207831908194e-01 9.099190593528208582e-02
3.376069529834775929e-01 5.600748903438356185e-01
8.349674473893137217e-01 4.148824712789011548e-01
6.994680515737657922e-01 7.573556240702570275e-01
5.912197955017399753e-01 3.647412039604562839e-01
6.104149062261537972e-01 5.529326456265465373e-01
1.276655662094414168e-01 3.096354172270712191e-01
2.372865803848896171e-01 4.457852276336564668e-01
1.544773853516320516e-01 3.240146024187202101e-01
7.620555041518308759e-01 4.153233926519082075e-01
3.739408300883980685e-01 6.403546237720652012e-01
3.859534744806016326e-01 6.758549365049789648e-01
6.827257122406946710e-01 5.151939498212834145e-01
7.366966952853735151e-01 2.446850452320625813e-01
5.070020328399671428e-01 1.494422529004461875e-01
4.843221894948516182e-01 3.611299366153663537e-01
4.684386655518056886e-01 2.184505310995343563e-01
8.302850564601058636e-01 1.598056015251599904e-01
5.822858661140035696e-01 2.341208222398585281e-01
5.194072489837505691e-01 8.605457278145085542e-01
2.023045694423930008e-01 3.900353015951396052e-01
7.058467139082340580e-01 4.461876410118605363e-01
3.273139917460420323e-01 3.098266414006087821e-01
7.764441842891349754e-01 2.968890781065715023e-01
4.985927877460386570e-01 8.833671777405870396e-01
7.532312855184042366e-01 6.532001917116257994e-01
9.765044440310421958e-02 3.008408940870098691e-01
6.268910307876425225e-01 1.927568840842492359e-01
5.149544956892926351e-01 5.876310688988558573e-01
6.426252880439730086e-01 9.028184392143587811e-01
7.629182584520138866e-01 7.445283666551719692e-01
3.895353720468193170e-01 1.786836407991056197e-01
6.011160038774631120e-01 1.669321680034206445e-01
6.768697828106177150e-01 5.962994263761410840e-01
3.194462436282294870e-01 4.759465936480118953e-01
4.834661963837237897e-01 4.912916067009089893e-01
4.377215756284243420e-01 6.852907567229977737e-01
7.322557252893838742e-01 5.279540896195337174e-01
3.866346807561950039e-01 2.229890294791057881e-01
4.250642027924892430e-01 5.588246648879847678e-01
7.667351451591091216e-01 1.672304185857024783e-01
4.712372988046736322e-01 5.934708663150145558e-01
5.207591080118800786e-01 2.449911656637497326e-01
6.721264571538296817e-01 5.550460464476612010e-01
2.980758932273769313e-01 3.606026330828863702e-01
6.293911181447296999e-01 7.076562959198645641e-01
5.913957787375454522e-01 1.821338890821931622e-01
4.410351320873597825e-01 1.601187627350985354e-01
2.598439695942966199e-01 7.755481588559652861e-01
7.672263891788098089e-01 3.610259653295534443e-01
5.667527699017814724e-01 7.606109052812503046e-01
6.705996592832935699e-01 1.715670475251032945e-01
3.626503911927145829e-01 3.255821567206593214e-01
7.562671583728632907e-01 5.852124219947606454e-01
7.960008962360355378e-01 2.674741861357428085e-01
3.103837649970383472e-01 6.197856753151265163e-01
6.250330012150162595e-01 3.483503640013093650e-01
6.164147486730731096e-01 7.936192749127508606e-01
4.847346176827980191e-01 1.239057875904702871e-01
5.203566550383826872e-01 7.988312464273483737e-02
8.011926298833815796e-01 1.632459277214882987e-01
6.814338446481340572e-01 2.788277220181895610e-01
7.440138758049114065e-01 6.371787692033025197e-01
6.760913911209774918e-01 8.086482976608397877e-01
8.024717453737171269e-01 8.205965930427195909e-01
6.326993910914986419e-01 6.557106149149920515e-01
4.027244624625405112e-01 8.862706591478605178e-01
8.013403154457522382e-01 3.351440054073335784e-01
4.088399593468500792e-01 4.197812183286266929e-01
4.298714624337254819e-01 9.430908169227764093e-02
8.011623491711852285e-01 1.500316027553502130e-01
6.841059676627107011e-01 4.860828221355584233e-01
6.695332962532465348e-01 2.964314619729846445e-01
5.807843103265861728e-01 4.493620334869052879e-01
8.990088057659265663e-01 4.373182007480333477e-01
2.847825860802938314e-01 7.262451465381049021e-01
1.675889238662240099e-01 2.725324243625758536e-01
2.194666874310888804e-01 6.293766343894163784e-01
6.060693574851662158e-01 3.697276391450864397e-01
5.220630177415788165e-01 7.381825785788779237e-01
6.808157767827793805e-01 5.396210915140451370e-01
3.877851330602719582e-01 6.814236088572742656e-01
2.889073868220720098e-01 6.787017937300482417e-01
7.556043096229884126e-01 8.016133347409204468e-01
6.750899668299185086e-01 5.009263573997910779e-01
7.248681260742418919e-01 5.054661090551324509e-01
2.264591070520197702e-01 1.147152992023896534e-01
4.375016185535637314e-01 9.028269807268173297e-01
8.316025939257550847e-01 5.579101492420142083e-01
5.972532289030678676e-01 7.564311821330652608e-01
2.459642812757964758e-01 6.777655767628631978e-01
8.511493750208870557e-01 3.343447880574821895e-01
7.134209499169702484e-01 3.407641801968489537e-01
2.639195170937421731e-01 3.605549675084680494e-01
6.983639257206405437e-01 5.034751079127950391e-01
3.463248532936363810e-01 1.232737602145808492e-01
3.914875491036514665e-01 4.459797933349057830e-01
3.126828418696928624e-01 8.327669949765346136e-01
6.319908320255260836e-01 5.625919752668175899e-01
8.101309442826243323e-01 5.461168567678117425e-01
6.096263277576647877e-01 1.772583465859186025e-01
2.786664171955198777e-01 5.685673383285603233e-01
1.663044165416839304e-01 1.937697584766302494e-01
3.955080485241506683e-01 8.476717886010225467e-01
5.522158018522966838e-01 1.658431777502613613e-01
6.043279310651386016e-01 7.464317153406367922e-01
4.057589470390851050e-01 5.138092444352069244e-01
6.769896405795859939e-01 1.902301731188777434e-01
3.661899150000441083e-01 4.252470445737626115e-01
2.827823270495597452e-01 7.490882231217383946e-01
6.382996214382438138e-01 7.218965876092521272e-01
8.348795664939561156e-01 7.947065689913517250e-01
5.657170273915952396e-01 9.044071987267090496e-01
3.863667447726177873e-01 9.651311888185554189e-02
3.025538615617023863e-01 7.764477991984932714e-01
4.741676857887420216e-01 7.033417086292845788e-01
8.739989615597580919e-01 3.309504745128810099e-01
6.052602024052721186e-01 7.327558737684121137e-01
6.645899743887745403e-01 2.831760395121212248e-01
5.169269592902175914e-01 8.516414237051371794e-01
3.119150516321945732e-01 4.261639357781578652e-01
6.243596983346793028e-01 8.498870411293025784e-01
5.524606215302578782e-01 5.207027143480112974e-01
3.920129867109569122e-01 3.929830660900535677e-01
3.512617570401008749e-01 6.765900934905968445e-01
6.425590541189954985e-01 5.228407679815161302e-01
5.968860452486841606e-01 6.135397055548035272e-01
4.076866898381296678e-01 3.485784674475603806e-01
5.576107114162748291e-01 5.036381509168366133e-01
7.903846986415343778e-01 6.346056253505896194e-01
3.501749337910897153e-01 9.873422062625798745e-02
5.140510657470537259e-01 4.363631397559298852e-01
4.307690567845604557e-01 1.257036990809747290e-01
5.938964291939008433e-01 6.500227019280138130e-01
7.561497054874881663e-01 2.322607874366300895e-01
3.942066183632131349e-01 1.170000873308695982e-01
6.449842724524441628e-01 6.796618648562937626e-01
6.322655024593606399e-01 7.588339915393262913e-01
6.187151799112043937e-01 7.926345959286402731e-01
5.827386994257034436e-01 7.053029161067786434e-01
