9.904491969218175429e-01 6.474112441577453136e-01
9.771313987090833875e-01 7.611047301729279013e-01
9.510861588922656651e-01 8.156144758338620404e-01
9.089939297697315901e-01 8.782732565762135790e-01
8.758222518217748664e-01 9.237485648157987006e-01
8.686538033699140460e-01 9.319293191758598605e-01
8.409557905239744002e-01 9.519976526469343669e-01
8.060659378086435511e-01 9.681683607951662163e-01
7.663817567819156684e-01 9.858653028666349849e-01
7.633441728308500984e-01 9.868111622227262458e-01
7.310593179810128683e-01 9.893428203937645327e-01
6.832951007645341468e-01 9.920393151185417091e-01
6.609484525787533427e-01 9.926198741303821071e-01
5.925391471477581273e-01 9.939288916930536510e-01
5.725315916794413429e-01 9.937725916390793834e-01
5.663340321265429855e-01 9.937002069365633572e-01
5.164467524220791583e-01 9.922978480532960166e-01
4.653832322099373808e-01 9.891585303585372912e-01
4.496504642838664578e-01 9.867253233205305341e-01
4.286641182306224485e-01 9.834780507280154183e-01
3.662931938060749459e-01 9.727646505812875821e-01
3.224438265198776854e-01 9.628952975148707960e-01
3.060672980183032355e-01 9.590842074255856442e-01
2.735051603379563545e-01 9.496277922302570618e-01
2.441302956282968006e-01 9.397952708640755493e-01
2.108020838215005632e-01 9.278704361179920257e-01
1.923956982837863317e-01 9.176716812147081015e-01
1.738513164918958909e-01 9.056244219801002915e-01
1.602260098683710998e-01 8.966111110656976857e-01
1.310013510364338440e-01 8.700200391815973155e-01
1.234785344514682803e-01 8.621252151155625043e-01
1.078350942229486797e-01 8.437873421394775919e-01
1.049067248974074884e-01 8.399036603434509862e-01
8.493867589105696947e-02 8.052787789277762176e-01
8.137505838982284079e-02 7.981815771494698009e-01
6.882366936294792570e-02 7.685434011532172871e-01
6.211667407080478931e-02 7.524708264814367054e-01
5.735541455523329724e-02 7.397442143517662938e-01
3.654708656960548030e-02 6.827753357813509671e-01
3.213047272350688655e-02 6.648533575141331031e-01
1.382270002806029741e-02 5.818490128433425612e-01
1.088816557022120879e-02 5.647837020469327340e-01
8.814791665358256978e-03 5.520687048661850893e-01
7.472670235323608523e-03 5.150024147408009956e-01
7.005192897596601576e-03 4.953010574444133285e-01
8.607679646961519104e-03 4.423366769621859262e-01
1.024090599095150989e-02 4.156204161349985604e-01
1.187927776890873588e-02 3.897492419429464672e-01
1.787530548932447783e-02 3.693346007384223917e-01
1.936992409426108175e-02 3.645819102940377476e-01
2.543676750136747433e-02 3.540889008827332596e-01
3.777065625510356295e-02 3.365944414984969324e-01
5.196270147905768244e-02 3.207433965284917088e-01
8.335356732773324673e-02 2.870462697463868063e-01
9.184475877739894933e-02 2.784607463307100517e-01
1.169864091631968028e-01 2.546679379735899973e-01
1.576696986080290408e-01 2.166010162171856379e-01
1.655931323578930803e-01 2.092402309259703275e-01
2.349423941200530219e-01 1.633534936399873017e-01
2.534198947366067545e-01 1.519266740239656466e-01
2.709267071087102519e-01 1.420467461392823649e-01
2.975267441829795301e-01 1.271177713147284560e-01
3.450354269752732295e-01 1.009772203771476251e-01
3.556829428069737675e-01 9.529327461942904698e-02
3.834246054149346161e-01 8.103585657337120107e-02
4.081996559945847425e-01 6.884355261277774751e-02
4.275913008430577422e-01 5.988443244424190848e-02
4.775054895291416246e-01 3.777694137645348782e-02
4.902685258808994195e-01 3.278050540190335926e-02
5.281806931299792840e-01 1.981745991089789438e-02
5.496064779315327220e-01 1.330142415741475403e-02
5.643826350202448827e-01 9.280829068905371848e-03
5.809982322676801036e-01 6.071108306946348954e-03
5.825538227788966683e-01 6.139782231330270790e-03
6.012764155121188558e-01 6.968646835282310548e-03
6.422231959455485528e-01 9.778337274594761652e-03
6.521008062239782577e-01 1.160295726360704993e-02
6.611626887848941481e-01 1.350038395395725122e-02
7.326392407485270430e-01 3.350166849569236049e-02
7.528687552458946941e-01 3.994548542231901589e-02
7.723106156625473284e-01 4.623963398396546687e-02
7.799584248136769427e-01 4.884267881841841685e-02
8.076225269020825825e-01 5.854296166913264265e-02
8.482359932418493953e-01 9.325593823332700705e-02
8.589218784652076222e-01 1.044545669294131285e-01
8.670599492338547654e-01 1.145411103409063047e-01
8.812363489624146506e-01 1.336929708278422613e-01
9.054625404303547898e-01 1.738044405774076262e-01
9.128114881863436114e-01 1.864443731003661009e-01
9.160033377067948734e-01 1.924996699520976629e-01
9.299762243435131248e-01 2.254903005870899646e-01
9.448939027671584556e-01 2.693152274225557585e-01
9.454454365398708982e-01 2.710021621064303554e-01
9.504030254001817335e-01 2.872097900342943655e-01
9.663277132734094943e-01 3.456447403221266645e-01
9.705100370152129896e-01 3.632796165435642211e-01
9.794223055524869936e-01 4.016844283362924761e-01
9.899608696193231694e-01 4.527302750410959753e-01
9.929948071024032874e-01 4.740720458945639759e-01
9.926008758788817943e-01 5.705244577417499796e-01
