1.984335045371603545e-01 8.473046359186283683e-01
1.519340933507683511e-01 8.119821181835541468e-01
1.373534211941586092e-01 7.945244588551942932e-01
1.258722876176970873e-01 7.784037648323381964e-01
1.143796386759458050e-01 7.610751554086112591e-01
1.045696116934072828e-01 7.453788203291866754e-01
1.023555667553299742e-01 7.396094503458273683e-01
8.908969637918573437e-02 6.963841415391390788e-01
8.764765402520580118e-02 6.913932553821821037e-01
5.954557961729067816e-02 5.915068876312726820e-01
4.716575912607812171e-02 5.408602154882297119e-01
3.596481636774240265e-02 4.750684485894595133e-01
2.877590589568634893e-02 4.278801831664325039e-01
2.791423930071745829e-02 4.209194590970654071e-01
2.226926519571637009e-02 3.644455652050582195e-01
2.300065359740133264e-02 3.509371177230469208e-01
2.341744241466048315e-02 3.441568007676595320e-01
3.266842120570456753e-02 2.891203548635228326e-01
4.229702204940233301e-02 2.431837698804227843e-01
5.207102940161367766e-02 1.974714262327318393e-01
5.589931731237385293e-02 1.797408456937081844e-01
6.082417128759398661e-02 1.633872468362327357e-01
6.937083665977406000e-02 1.433690190177318025e-01
1.207642379222599871e-01 8.132387093295212477e-02
1.315070866064332877e-01 7.373021532716828030e-02
1.526907341008300056e-01 6.699984693977834027e-02
2.035179018024034781e-01 5.124383724509351534e-02
2.290892652158854625e-01 4.394491341181450128e-02
2.693465289527861017e-01 3.458360850662545172e-02
2.779577290920046684e-01 3.271491444956875494e-02
2.963286493604370131e-01 2.899294415431974414e-02
3.500518414114596188e-01 2.084676003365260044e-02
4.037885852560056943e-01 2.058543998195172531e-02
4.094309495951822253e-01 2.128797359768974662e-02
4.453893189299843458e-01 2.727077780662778839e-02
4.619342661201210065e-01 3.098059770518268863e-02
5.306719734077285366e-01 4.766671682495260409e-02
5.854545681592616679e-01 6.133109237830103311e-02
6.089833857839707099e-01 6.724236179504661237e-02
6.179912086710188657e-01 7.039861946853354091e-02
6.300549167869876621e-01 7.517092944170233881e-02
6.522888262939688930e-01 8.411713052837688220e-02
6.584222250304565538e-01 8.678575335839255889e-02
6.753717160843613065e-01 9.482011101977172451e-02
6.969374690345945256e-01 1.082644534772566614e-01
7.170397645616828353e-01 1.212150036153956112e-01
7.521105341842709846e-01 1.442665584197773132e-01
7.716294109469890028e-01 1.586142152855815057e-01
7.804096847618782196e-01 1.656735080257024650e-01
7.949865501729470596e-01 1.799165032265209740e-01
8.064842948780013288e-01 1.913695632411075431e-01
8.158076634480279088e-01 2.006600008201349095e-01
8.223845721762651495e-01 2.076205684388037209e-01
8.372535147181410231e-01 2.240974646481010968e-01
8.457809769575068692e-01 2.343705360350963884e-01
8.596814041135868445e-01 2.519428840541765302e-01
8.867166755647439835e-01 3.031537749693302697e-01
8.996875687000038813e-01 3.280021069509885256e-01
9.198719467007019368e-01 3.716241934008417402e-01
9.435674768950511604e-01 4.341764169216822955e-01
9.507242370183375257e-01 4.590493497712124782e-01
9.698698660628207735e-01 5.275784634339787393e-01
9.719980086440163092e-01 5.368218691029040812e-01
9.755008063398633578e-01 5.591093436740920408e-01
9.775686592478460835e-01 5.829065530671552198e-01
9.777307348042835189e-01 5.917798778556788708e-01
9.762227660970336229e-01 6.141597706369016363e-01
9.694254205386776402e-01 6.666383012757123305e-01
9.664340399737977316e-01 6.875661712818601501e-01
9.584836181142697420e-01 7.391057174362437587e-01
9.548657331087523348e-01 7.622374699614329341e-01
9.523578402151703370e-01 7.779463051896198245e-01
9.511132701394728883e-01 7.826999279040688373e-01
9.503161939186453022e-01 7.857433372685196371e-01
9.232438351230731755e-01 8.494462732617121814e-01
9.078672200721285002e-01 8.712803387286497392e-01
8.924876789415747691e-01 8.886943225874645025e-01
8.703884561500387917e-01 9.110004338086673537e-01
8.609987018520492974e-01 9.168835622619666559e-01
8.471683854857239293e-01 9.249521732335455049e-01
8.402238945985543994e-01 9.283090955593302773e-01
8.320154293227304265e-01 9.313609400902550517e-01
8.188334321735560861e-01 9.357516228773100631e-01
7.895683825565601444e-01 9.448111320542190716e-01
7.734947603596146193e-01 9.492464580693383835e-01
7.324546836348704293e-01 9.568758742747663915e-01
6.984923224588456270e-01 9.630767109941513748e-01
6.068801035171125235e-01 9.751450794306396608e-01
5.762725508179786793e-01 9.787992133209920675e-01
5.636154672015909473e-01 9.794145600180482747e-01
5.258856337658252000e-01 9.760434176817474050e-01
5.131270208395628529e-01 9.740776399107585748e-01
4.829290804077750465e-01 9.693488040060194155e-01
4.201535525731173726e-01 9.468279980311552491e-01
3.986782458418890451e-01 9.389455287752407342e-01
3.344854173168525513e-01 9.152904850967216177e-01
2.977467950697353372e-01 9.005921566513721555e-01
2.753855119384069905e-01 8.912692908373353040e-01
2.503264783994860743e-01 8.778378422588710706e-01
2.345573045509298238e-01 8.686929879719875736e-01
