6.477885315971654290e-01 1.189664719423810801e-02
6.652341961649091973e-01 1.570665985354069427e-02
6.815144196236032625e-01 2.254954832068656323e-02
7.562883753899265482e-01 5.505128694756689089e-02
8.101749651116159079e-01 8.199749238290843234e-02
8.242745499225196948e-01 9.215067284392564062e-02
8.423106774503782423e-01 1.062158855357547838e-01
8.526284867127223999e-01 1.142939496291947021e-01
8.581830724788154230e-01 1.186467041684452495e-01
8.633758867520724412e-01 1.228177936338511467e-01
8.867881531661192529e-01 1.537300336909807053e-01
8.879132485936912511e-01 1.552270272395640527e-01
8.955967814409329097e-01 1.662133224365226480e-01
9.049617585846243539e-01 1.798823539789680126e-01
9.148554899575992438e-01 1.943952823005254960e-01
9.275069628404987165e-01 2.163426243588502107e-01
9.409425202297454494e-01 2.474584763558707046e-01
9.412293905873805322e-01 2.482936826313600909e-01
9.453846285318608933e-01 2.611381173365971975e-01
9.695926032753806600e-01 3.445652229373806774e-01
9.772381055258195781e-01 3.736743535502003999e-01
9.812182041488407558e-01 3.967303609024417366e-01
9.894850232585606919e-01 4.516682625586474487e-01
9.937618461009484205e-01 4.907562930317167504e-01
9.952780155354900016e-01 5.266792963604548516e-01
9.956890559034518029e-01 5.688287164470634538e-01
9.947954781428015592e-01 5.856590141502229230e-01
9.901876329733284576e-01 6.361492761278525476e-01
9.763897084087226341e-01 6.993655301450680817e-01
9.608874284173724023e-01 7.574326398617612366e-01
9.453514821172669391e-01 7.976109857127885450e-01
9.297963564719521345e-01 8.222644725883111461e-01
9.057481278132715197e-01 8.477355631484958520e-01
8.925038898895499839e-01 8.617081576784699770e-01
8.471136361665706493e-01 9.011241042459097184e-01
8.230643841050682141e-01 9.212256766241787576e-01
7.943770151756884834e-01 9.351656800511920498e-01
7.452669311927963003e-01 9.575721607574951832e-01
7.194605380524082827e-01 9.662226107697109434e-01
6.853150965430699904e-01 9.762519532553531887e-01
6.142365635712578875e-01 9.852561619791089242e-01
5.315432567394033914e-01 9.923659067766863462e-01
4.769052089983204512e-01 9.937914828419935898e-01
4.568256517717932397e-01 9.935217991098309609e-01
3.284891740552318140e-01 9.838695180046074240e-01
3.034281033659964599e-01 9.804803541766209385e-01
2.456255398515313493e-01 9.683039783720203131e-01
2.060492982463032474e-01 9.526086698382697504e-01
1.868475092922250447e-01 9.449143952369896127e-01
1.782348743557141679e-01 9.410563587856715095e-01
1.761626879407881541e-01 9.396515148572942566e-01
1.457191670981872189e-01 9.159112755193556943e-01
1.356040770242639137e-01 9.064645168895678617e-01
1.173915687529341056e-01 8.887891575181942061e-01
1.031848557841302805e-01 8.681840347768035038e-01
9.028456872642498521e-02 8.452721006026006068e-01
8.157475216882903446e-02 8.272003316892821978e-01
6.737962980369471833e-02 7.948410467099497057e-01
5.871231073114491217e-02 7.726384224309923443e-01
5.579290337436160208e-02 7.629636613002015455e-01
3.602074907280905514e-02 6.957634273831957428e-01
2.343774387398900316e-02 6.491738423654708212e-01
1.680762137563274194e-02 6.148002603325282145e-01
1.003065311765016787e-02 5.684224509301371020e-01
5.432348924610086449e-03 5.097180889397229242e-01
4.473848343391151339e-03 4.742589688376522838e-01
4.310944096548197102e-03 4.632617354698592704e-01
4.456961978603457553e-03 4.260019926490979936e-01
8.176643205178524276e-03 3.881725430890837769e-01
9.628571802634877663e-03 3.766659148454745143e-01
2.551578870384785258e-02 3.268688287920952229e-01
4.011155854063686022e-02 2.835040770202436056e-01
5.897931386526666930e-02 2.461893613877566001e-01
8.612014065781803396e-02 2.070466665040642251e-01
1.199722163043291934e-01 1.646746990057672555e-01
1.303306530452789103e-01 1.542596546730069518e-01
1.418829157459264856e-01 1.436512200336084177e-01
1.542993910162524518e-01 1.327465344417809723e-01
1.698845382559505124e-01 1.195065948865168259e-01
1.913055628799842367e-01 1.022414975813421556e-01
1.974909385525370764e-01 9.738622250061845786e-02
2.059272039198174475e-01 9.086726584001003637e-02
2.265189121028923225e-01 7.685243489592674671e-02
2.576779178762070854e-01 5.918873224192822136e-02
2.695279573336283319e-01 5.319154400874637201e-02
2.779706378795775423e-01 4.983920972510313963e-02
2.945316101360210270e-01 4.365909403743095663e-02
3.296471421426069304e-01 3.122806676771239243e-02
3.589119602854092816e-01 2.327847515417791335e-02
3.730448586652120868e-01 2.024038382779858036e-02
3.841318814694661965e-01 1.841380753181975916e-02
3.972576668491506480e-01 1.644237966601913570e-02
4.410411702525410815e-01 1.005098856925101813e-02
4.485521353963355384e-01 9.422150446392940637e-03
4.617525934338224669e-01 8.945879027520420301e-03
5.185443334976035379e-01 6.942600126402242999e-03
5.498431988894636469e-01 6.248722581402743614e-03
5.646411659327763566e-01 6.208517158006410241e-03
5.853339472135244970e-01 6.630532453418380712e-03
5.990585973080905235e-01 7.402779122156255553e-03
