7.620974902052057853e-02 5.614160909394700916e-01
4.907826550389552400e-01 1.007087377533119055e-01
8.335686902353860450e-01 4.760239459841608678e-02
9.237902509794793104e-01 3.053918226004372904e-01
9.139707537767254308e-01 5.811731838673972472e-01
8.217621927450039498e-01 8.262447114050642805e-01
6.417913302556225164e-01 9.096711095764898891e-01
5.460622091749571805e-01 9.523976054015839132e-01
2.481028839721506341e-01 8.790873360566436867e-01
1.760059044825152963e-01 8.295704959111849242e-01
