1.694563165635520896e-01 8.678002603884619193e-01
9.293748335704621333e-03 3.559297658699877021e-01
1.327497610136219031e-02 1.895434151782608989e-01
3.003824963775203472e-02 9.707727142069000337e-02
6.778453961673636119e-02 9.113632107366143043e-02
7.399376761606333286e-01 4.915340651759566581e-01
9.266548075322779132e-01 7.056691427365396896e-01
9.907062516642953787e-01 8.271269112823174119e-01
9.590250586568774827e-01 9.088636789263385696e-01
6.490935808970789145e-01 8.964125327365271012e-01
