7.512965913086215863e-01 7.403578164199179357e-01
5.720264941575787798e-01 7.517993749468165898e-01
1.634538336016154725e-01 6.344827558624196451e-01
7.203790773289686644e-02 4.639072986936492171e-01
8.532680166204187344e-02 4.120748630036836779e-01
1.296701005544288465e-01 3.552295770424312993e-01
3.275170557145736794e-01 2.721542098071126903e-01
9.279620922671030225e-01 2.482006250531834102e-01
8.745030838134034701e-01 4.661420356480336924e-01
8.118442110495597275e-01 6.352317494275250276e-01
