8.532680166204187344e-02 4.120748630036836779e-01
8.479390419536572132e-01 4.747138857899813047e-01
6.971444226330993921e-01 3.564270302212855790e-01
1.055097043846418975e-01 4.833051998307662522e-01
5.720264941575787798e-01 7.517993749468165898e-01
2.304168425847101798e-01 3.732681001900181039e-01
8.579499791785507590e-01 3.520378549048504002e-01
3.275170557145736794e-01 2.721542098071126903e-01
2.651834469268162242e-01 3.528356515919327530e-01
1.705142544501482282e-01 4.518471604991107782e-01
7.113625235300493621e-01 6.924348051528141923e-01
5.689295434579334509e-01 3.758951370768228717e-01
1.889360343064853676e-01 5.415292565761345989e-01
1.296701005544288465e-01 3.552295770424312993e-01
4.619736320860313716e-01 4.742337197065670251e-01
7.404251199716640475e-01 5.736432121054393374e-01
6.212375106680760872e-01 3.191953700178882802e-01
3.229107220252375732e-01 4.585802568578347671e-01
8.118442110495597275e-01 6.352317494275250276e-01
9.279620922671030225e-01 2.482006250531834102e-01
2.411700480144931269e-01 5.712000256537723697e-01
8.223529624767065282e-01 3.764494311213604782e-01
5.841462246144727422e-01 6.286287108225057096e-01
1.167700784956000742e-01 4.514838257129372145e-01
5.970975571158481099e-01 6.491403854060199263e-01
3.109806202446333545e-01 6.614324847916535077e-01
1.634538336016154725e-01 6.344827558624196451e-01
7.047685218854309319e-01 4.502484498444031535e-01
6.204468021712136183e-01 6.789263524874777911e-01
5.410162505592949200e-01 5.419046958368545219e-01
7.203790773289686644e-02 4.639072986936492171e-01
3.823817248279101078e-01 5.441694133534291655e-01
7.927454837932804699e-01 6.067209066561942699e-01
7.006157785368143376e-01 3.637468934078236793e-01
7.512965913086215863e-01 7.403578164199179357e-01
7.217840064008750334e-01 5.526138124664637941e-01
6.126674505855037589e-01 4.973221335386512898e-01
8.745030838134034701e-01 4.661420356480336924e-01
8.467102650620688120e-01 3.827103557716767801e-01
6.596465576851289203e-01 3.166916329519613438e-01
