9.908185386821102281e-01 6.289685629274925915e-01
9.824182739067570669e-01 6.873653339529430806e-01
9.653712670357728065e-01 7.350230754395878918e-01
9.575977738668495221e-01 7.501892408250824262e-01
9.302971240828723509e-01 7.877821938514227851e-01
8.890954321094577395e-01 8.412933540252948150e-01
8.771945789429613782e-01 8.539881766156806053e-01
8.712480250458831676e-01 8.590910139728582529e-01
8.504815636853630956e-01 8.762943796454115697e-01
8.284987864654322909e-01 8.926422117340806484e-01
8.022792796376740920e-01 9.095644469850965308e-01
7.883272270247729807e-01 9.165119757661311928e-01
7.765942623971910930e-01 9.222153229680299935e-01
7.468644108338902132e-01 9.361219520011917483e-01
7.230915303793610249e-01 9.453049373801561961e-01
6.689597822648405412e-01 9.642352237601895526e-01
6.620272957403783298e-01 9.658433407605466758e-01
6.082684894463814551e-01 9.765904906172369060e-01
5.668504210108018526e-01 9.833119226232988064e-01
5.340972627112108295e-01 9.879663321336220605e-01
5.155384086261993737e-01 9.903574870598657043e-01
5.022242227462136999e-01 9.919606206211174504e-01
4.812031303631257306e-01 9.940576486358577712e-01
4.266342513680503878e-01 9.984927407772657970e-01
3.932041440243943531e-01 9.989885055725322704e-01
3.602795405061179346e-01 9.984250040868857257e-01
3.420221311719364166e-01 9.978415918590542999e-01
2.979924408800070368e-01 9.914510098161215534e-01
2.561387281820019513e-01 9.841504776189439196e-01
2.244270956570006414e-01 9.780215017646251008e-01
2.048328953318875878e-01 9.726172403450095150e-01
1.721149107204606454e-01 9.591379833076674188e-01
1.628349991406137787e-01 9.545002397693694851e-01
1.534416727654915324e-01 9.488353230394009907e-01
1.467663719020188551e-01 9.437945292683955767e-01
1.317431555154864875e-01 9.265345365811261669e-01
9.906870179821108957e-02 8.878274554460324763e-01
7.195580732518974676e-02 8.530263529644807052e-01
5.525294599584879007e-02 8.291127242983656886e-01
4.400785894990338898e-02 8.122121469867090715e-01
3.733577799737325398e-02 7.971718568516953374e-01
2.982816321927045378e-02 7.717719357272222469e-01
1.900985942506566717e-02 7.233248169692153562e-01
1.563861883076184123e-02 6.986552314940382979e-01
1.127337436341485644e-02 6.660067940044168688e-01
1.104482947061796727e-02 6.593555384685574339e-01
1.050854445487808819e-02 6.222515082708226508e-01
9.181461317889827445e-03 5.073969371143618456e-01
9.685369233926988120e-03 4.936966753955014386e-01
1.077368809291673335e-02 4.654554761104580107e-01
1.372415677296129344e-02 4.379988700060248874e-01
1.673870753628831087e-02 4.161139660980126553e-01
3.203038881489567169e-02 3.442192450223463540e-01
3.528627774601317268e-02 3.303601853536283217e-01
4.209175513465862606e-02 3.071358594537463294e-01
6.041885691959819615e-02 2.522144384612786672e-01
7.325456734924112867e-02 2.235464799436703842e-01
8.299842914240723735e-02 2.051780752112012385e-01
9.948326074620722492e-02 1.805770971437027361e-01
1.136057293410761004e-01 1.627870460002105446e-01
1.440664236857037150e-01 1.274076226104122744e-01
1.849316492256233846e-01 8.429347460089098298e-02
2.061644116902885959e-01 6.435189170260224856e-02
2.204203016199733356e-01 5.270756841506052393e-02
2.350038524218280300e-01 4.163090583495721031e-02
2.452528124987824465e-01 3.801827494364928839e-02
2.752080669057369033e-01 2.793768342010849448e-02
3.423683153627928299e-01 1.446834166137944688e-02
3.542676600064160186e-01 1.222456333034160902e-02
4.037760206302240529e-01 3.590628482605384697e-03
4.317115284963686794e-01 1.011494427467729551e-03
4.335833747307868413e-01 1.052264349374110175e-03
4.617099258948798579e-01 2.361090951478739264e-03
5.406507932172932573e-01 6.101369507670928449e-03
5.624720055857801437e-01 7.138188094329978028e-03
5.682702630799465471e-01 7.884438368189083945e-03
6.077044436378502557e-01 1.475298636015998088e-02
6.791238012677354163e-01 2.955668281408962983e-02
6.936415277871679219e-01 3.299175873547188775e-02
7.021380511358561449e-01 3.521313580399354493e-02
7.300641033800658874e-01 4.386869204176946369e-02
7.528559463566135701e-01 5.646367638149984991e-02
7.662554732626267739e-01 6.464731689702207795e-02
7.989949791701072002e-01 9.803220842122439826e-02
8.190431919370286806e-01 1.196587059104664563e-01
8.328744435898822740e-01 1.372294954222844643e-01
8.678071784935859068e-01 1.823401620301032811e-01
8.791501052318324572e-01 1.985143760662204659e-01
8.990244064199133245e-01 2.326802642128605880e-01
9.189937177600291385e-01 2.721551011319308655e-01
9.289876294094812081e-01 2.946981489675527532e-01
9.310803745410405341e-01 3.013899013911175429e-01
9.430267790977828746e-01 3.437908050107985058e-01
9.489485815035334504e-01 3.681430542721453314e-01
9.577112303747643551e-01 4.076793934377557216e-01
9.664247239858321237e-01 4.526345432888713161e-01
9.725654388923281601e-01 4.848490645230715268e-01
9.748218052232215936e-01 4.971234156857616826e-01
9.770360826346515815e-01 5.114638516161275072e-01
9.868028645611370830e-01 5.931771703222877834e-01
