9.676981988025357140e-03 7.144483560046818171e-01
4.325227072480952728e-03 6.467442039938011700e-01
9.837837159542450749e-03 5.844846991673932068e-01
1.368392083344471821e-02 5.479625256097853114e-01
2.160644565433555986e-02 4.965665108786080362e-01
2.801189262497416621e-02 4.711104483081545169e-01
4.138779808462078602e-02 4.250370271103806052e-01
4.451616477348252499e-02 4.153442730514855796e-01
5.230625128152044390e-02 3.922278357944346538e-01
6.784098733880639109e-02 3.557580770374296764e-01
7.017629214403742210e-02 3.503940533656511036e-01
8.109043987829822608e-02 3.262473578584172973e-01
9.563360455448843833e-02 3.001990140393867579e-01
1.007636248000417512e-01 2.925574711843680342e-01
1.158896220105009034e-01 2.701883699007605610e-01
1.229072583033646859e-01 2.603611395269781470e-01
1.389537758420041902e-01 2.392764516062155788e-01
1.751710534011106102e-01 2.045738432187238498e-01
2.065616240699550410e-01 1.784311417096311470e-01
2.107610948417268926e-01 1.749867822987251076e-01
2.204609482806855203e-01 1.681884811251544987e-01
2.657599542499688994e-01 1.378376134884627957e-01
2.867365485922438451e-01 1.243726209291343698e-01
2.923283624586607843e-01 1.209017451833054313e-01
3.917093588605627952e-01 6.961100103295081443e-02
4.185025810525639933e-01 5.607802639988368476e-02
4.276721691548879267e-01 5.197245265515726409e-02
4.438945700254881555e-01 4.562006174149824123e-02
4.851568274233110101e-01 2.973758466894882435e-02
4.924059349054605850e-01 2.703404115959218146e-02
5.028699296858223367e-01 2.386249724051181520e-02
5.135891022808799500e-01 2.094048445543528203e-02
5.697890089835598859e-01 8.573910215077473751e-03
5.884254629822885940e-01 6.504537070938565257e-03
6.451907351974069948e-01 8.264585095925536251e-03
6.605100641892504010e-01 9.250734883050837354e-03
7.023822522271609969e-01 1.397146308617980281e-02
7.198526775734945815e-01 1.596684150268201652e-02
7.363655716732356860e-01 1.866355055918711425e-02
7.601640225068323486e-01 2.279763120614963778e-02
7.768212190182753885e-01 2.639515847074136445e-02
7.857306038797576830e-01 2.848432000477263415e-02
8.075128076468782723e-01 3.863992636102864253e-02
8.234469377754631836e-01 4.617284319065584342e-02
8.534353736011071057e-01 6.528051413918067869e-02
8.735729743295007621e-01 8.125537911177238559e-02
8.903125666185165432e-01 9.611338846439565486e-02
9.027780882831581977e-01 1.093418641322653206e-01
9.106758103113772318e-01 1.178033105464459940e-01
9.310246594129446551e-01 1.408690418147852119e-01
9.338194581165826236e-01 1.443775319308034932e-01
9.369868019002918214e-01 1.489398863675054363e-01
9.489627485552307729e-01 1.751701182641577370e-01
9.570579762535200707e-01 1.991673619818195018e-01
9.710912825651629721e-01 2.409347350303272517e-01
9.810947518224475417e-01 2.757921113472400210e-01
9.813884809274404653e-01 2.770055911480411304e-01
9.816929980256370314e-01 2.783753145596679079e-01
9.835888250840877367e-01 2.895116335749410297e-01
9.900473331790875520e-01 3.329323511657096279e-01
9.944702703214653994e-01 4.142919785088761131e-01
9.951934329969572834e-01 4.397445573385811990e-01
9.956747729275190473e-01 5.002276512699674882e-01
9.932386896042914026e-01 5.986591986809355337e-01
9.907902414273744851e-01 6.321724110400472885e-01
9.897195729544294718e-01 6.396617912476482148e-01
9.788537125797749372e-01 7.149758714651958114e-01
9.671922678884411484e-01 7.426336633081616068e-01
9.464958286386897512e-01 7.814626136217222019e-01
9.264578034585980726e-01 8.008946494159839835e-01
8.897824847421078598e-01 8.342559804013247593e-01
8.615056487674785934e-01 8.598094208748807699e-01
8.471688180832883663e-01 8.706703168268530302e-01
8.357479294882392828e-01 8.777764046685612165e-01
7.884834300374672367e-01 8.999680261094120670e-01
6.672069577320742795e-01 9.479993234843684391e-01
6.151665547742790618e-01 9.635415534232466550e-01
5.416320216046900393e-01 9.820604612510749343e-01
5.055513758359994059e-01 9.894303564668552875e-01
4.462722492065992475e-01 9.920422634949387364e-01
3.978467200475971355e-01 9.934954629290614347e-01
3.513727554008401199e-01 9.926190015412336143e-01
3.398189520222811844e-01 9.920102426172850985e-01
3.087507393971097303e-01 9.893854686873270188e-01
2.686712383052786146e-01 9.847272893292593476e-01
2.151328903828126915e-01 9.778665928604098889e-01
1.775648231412991773e-01 9.725916306618176410e-01
1.465047488606197046e-01 9.652551731925153033e-01
1.293213715252853335e-01 9.599446678737810768e-01
1.112139613046215780e-01 9.530187553302217340e-01
8.397924171279413930e-02 9.415280732987452161e-01
8.021199764442121793e-02 9.393835718758871689e-01
6.989964919051905312e-02 9.299926726494945894e-01
6.765517870128301414e-02 9.274401676674457473e-01
5.291720006927147502e-02 9.098756990626624130e-01
4.167792217673449429e-02 8.909255606970065688e-01
3.448473675375018921e-02 8.694598676052015529e-01
2.753801134540434514e-02 8.306819251985791963e-01
2.418668735561591010e-02 8.113587334557197384e-01
2.255340757925827777e-02 8.005705713049622307e-01
