8.807745221472911279e-01 8.159092200541278039e-01
8.769519442198985271e-01 8.211453864548710069e-01
8.716147670732046215e-01 8.268882163163872034e-01
8.681597661808162503e-01 8.305984403696922147e-01
8.654750272351949825e-01 8.334674372600957559e-01
8.581322582736528037e-01 8.412215644800175030e-01
8.544875825027720140e-01 8.448430536988169592e-01
8.529635427844397544e-01 8.462214152299669667e-01
8.504173831964476626e-01 8.484744261485457351e-01
8.447867182582602386e-01 8.534455265096715371e-01
8.298582640726119841e-01 8.660501020491082613e-01
8.254829024015615246e-01 8.697147516965773040e-01
8.247005639213416117e-01 8.703346840357167880e-01
8.237384499364581725e-01 8.710615859879987655e-01
8.177883594726318428e-01 8.754206140415385917e-01
8.121796838656789586e-01 8.794942669693660564e-01
8.093159725173517671e-01 8.815688901999140237e-01
8.070102139021413379e-01 8.831306393972292446e-01
8.061737811713152180e-01 8.836929018731838337e-01
7.984896892329740314e-01 8.887861288655954928e-01
7.834962554738296170e-01 8.982167889127424809e-01
7.737641258056535687e-01 9.042909409380891494e-01
7.623274699128104182e-01 9.113744916250503536e-01
7.568305333854763450e-01 9.147528554603986395e-01
7.529026494701669403e-01 9.171338988042821994e-01
7.460255617353830360e-01 9.212523993598883409e-01
7.446289964359491531e-01 9.220840295707875001e-01
7.395207949956739135e-01 9.250825703297013147e-01
7.315038246489622420e-01 9.297227415293888297e-01
7.272859152913524472e-01 9.319864383925350326e-01
7.240438029540934295e-01 9.336666723860794770e-01
7.158393778025879950e-01 9.377080067699598009e-01
7.135487652105660938e-01 9.388265672766933356e-01
7.026980975808709839e-01 9.440784254659119190e-01
6.991119418016078502e-01 9.457546692770799623e-01
6.918451571669537170e-01 9.488211220114297628e-01
6.906685302861497178e-01 9.492848335872428045e-01
6.761271448472760959e-01 9.549721302701621450e-01
6.740553820249963746e-01 9.557249131111916762e-01
6.729052373011654709e-01 9.561359517242816741e-01
6.612600072428695963e-01 9.602469831989590698e-01
6.550826369630489143e-01 9.622906106349491395e-01
6.500817191343313262e-01 9.637235025288406476e-01
6.483917633356428567e-01 9.642020618414782751e-01
6.475118781761142195e-01 9.644365559719927372e-01
6.449524662354848559e-01 9.650852626113036736e-01
6.402137504843476989e-01 9.662505634186953074e-01
6.309037844309723919e-01 9.683963282290319885e-01
6.222928968880110379e-01 9.703789621508754903e-01
6.189129102020418660e-01 9.711347591597063733e-01
6.162894391128972416e-01 9.716974668947082616e-01
6.021714775052044999e-01 9.746993910513722659e-01
5.880106120293597805e-01 9.776441786816090218e-01
5.826712656121932898e-01 9.786862741805569810e-01
5.761640035422306294e-01 9.798776163606639500e-01
5.619359167790594078e-01 9.824174937016763032e-01
5.546708002923637082e-01 9.836961631909543202e-01
5.487958273882398430e-01 9.845710344388074464e-01
5.477546018882533119e-01 9.847248863797225527e-01
5.379260865974426764e-01 9.859846132748009140e-01
5.298160327268877090e-01 9.869999431752329855e-01
5.272693688013936342e-01 9.873113383876181981e-01
5.083167459413522327e-01 9.895315593024169853e-01
5.061312522049983276e-01 9.897324584132405345e-01
4.996719481854230982e-01 9.903161220496808914e-01
4.811576119454392120e-01 9.918968353143486905e-01
4.790708152823079380e-01 9.920569585112378741e-01
4.674905692459382922e-01 9.929128109267859603e-01
4.580917039832464455e-01 9.934965766620601491e-01
4.520108770973834678e-01 9.938623088875413458e-01
4.495956273721469221e-01 9.939827189590279000e-01
4.449108483233601974e-01 9.941432926660127567e-01
4.380181973303514664e-01 9.942849343286425112e-01
4.329752772769779878e-01 9.943845419487393755e-01
4.300952564195045791e-01 9.944124166989549707e-01
4.229160776609685590e-01 9.944635788157213385e-01
4.147761535875131300e-01 9.944023474125927020e-01
4.082094570199878425e-01 9.943411809284495861e-01
3.895070059116388372e-01 9.941261815602753238e-01
3.683736674196171346e-01 9.937539338158273283e-01
3.592252158708695853e-01 9.935781975246719133e-01
3.554605320558497650e-01 9.934481769876148949e-01
3.341176383025745156e-01 9.926161229101199135e-01
3.284133849604406463e-01 9.923568211063933386e-01
3.247855443185624913e-01 9.921794353982830161e-01
3.232680765692469982e-01 9.921036613448338537e-01
3.171908431830030017e-01 9.916244904927548065e-01
3.125977853446461618e-01 9.912241617243315872e-01
3.052514073152509666e-01 9.905035058584091834e-01
3.003955699783885103e-01 9.899928844680638829e-01
2.989962663209523863e-01 9.898210518817428527e-01
2.943053791235789585e-01 9.891900026591000650e-01
2.912757989198337394e-01 9.887574315620952792e-01
2.799405774620949416e-01 9.867721849291271052e-01
2.781020975333785006e-01 9.864201930701920196e-01
2.753172319764361498e-01 9.858158811767535612e-01
2.734630433076399858e-01 9.854070955188488634e-01
2.650594147188046201e-01 9.834698941529057548e-01
2.638754535118619793e-01 9.831754955913705185e-01
2.623414455223645469e-01 9.827741423003811816e-01
2.564354459284882704e-01 9.810475410080637948e-01
2.539042962145086624e-01 9.802933715034553019e-01
2.509563537317977544e-01 9.794037690931098883e-01
2.500080645357848907e-01 9.790957113180162041e-01
2.488449144802096780e-01 9.787132672797579369e-01
2.395555238983733681e-01 9.751305257574325314e-01
2.334141180546662198e-01 9.726385510663820844e-01
2.313237085715322272e-01 9.717810351313579398e-01
2.301204809984653266e-01 9.712849476232210399e-01
2.196207628082869623e-01 9.666194064330331237e-01
2.161430570973825183e-01 9.649977226937822561e-01
2.135569250949961861e-01 9.637907129337689449e-01
2.128792331400677917e-01 9.634698062420329334e-01
2.093953499885317648e-01 9.618107519639453873e-01
2.071757140330290903e-01 9.606949526192489763e-01
2.067245846791779251e-01 9.604680363185263969e-01
2.042959828362698738e-01 9.592308031680192304e-01
2.021481889348529237e-01 9.580804888357871141e-01
1.977693932395075405e-01 9.556583099741946530e-01
1.937130315927892421e-01 9.533882127441920540e-01
1.880075649532756965e-01 9.500673226475766509e-01
1.804637760811678704e-01 9.455540542962798112e-01
1.694737071955387253e-01 9.389747699814496862e-01
1.558225724313869187e-01 9.304578163440113681e-01
1.490160736947412912e-01 9.260746448556494981e-01
1.454227575597531463e-01 9.237118479513221070e-01
1.379272820398487753e-01 9.186189346221692587e-01
1.367412736883419355e-01 9.178042687456071658e-01
1.334196526606349908e-01 9.154930588901636357e-01
1.310896477603806232e-01 9.138633948637671089e-01
1.281027771584518082e-01 9.116252982679093897e-01
1.232267236130558108e-01 9.079664312861962516e-01
1.213958335371190800e-01 9.064729649220676366e-01
1.180198638933179223e-01 9.036130866455405197e-01
1.171525031852895249e-01 9.028682188144829812e-01
1.125955974318533781e-01 8.988994712581283020e-01
1.080860298798193564e-01 8.948760435559823812e-01
1.077886940484182321e-01 8.946021438986926366e-01
1.064754509854460296e-01 8.933633036686452478e-01
1.039977117162637632e-01 8.908286512506515820e-01
1.025077765712819056e-01 8.892646431117301464e-01
9.729122326482581018e-02 8.835060010040065581e-01
9.583793317097405451e-02 8.818921185535205653e-01
9.342894418414021684e-02 8.791253540343069162e-01
8.610474134362394727e-02 8.705415472023255719e-01
8.226847699584621809e-02 8.660216220176436552e-01
8.012684712136369791e-02 8.631276792905936412e-01
7.793927224047242364e-02 8.600314984843600019e-01
7.772923424315486551e-02 8.597152670990718670e-01
7.604588237644910320e-02 8.571347426725843821e-01
6.512575311454477101e-02 8.403444204938699258e-01
6.147884066460057584e-02 8.344993882234100768e-01
5.863330723092480268e-02 8.299089856144858945e-01
5.712506589373150812e-02 8.274694950832932605e-01
5.136895061288387909e-02 8.180293308470633074e-01
4.947145301745309309e-02 8.148060179280770532e-01
4.794792529439967366e-02 8.120631853303170722e-01
4.643357731780334285e-02 8.091416095530622465e-01
4.369524178255396185e-02 8.037208335163309458e-01
4.118714689029717713e-02 7.976595601491328624e-01
3.991896422949386958e-02 7.943389674009595502e-01
3.359353781819601759e-02 7.777087065281406142e-01
3.295678704221632893e-02 7.759979900762542515e-01
3.049890945936911679e-02 7.692804746215323730e-01
2.543629573824474077e-02 7.545399816334908971e-01
2.442167834400937876e-02 7.514860983898355995e-01
2.379600359478079019e-02 7.495706982653497219e-01
2.249373982228203284e-02 7.454341887189214200e-01
2.226156168707632554e-02 7.446812649051557376e-01
2.080616643390970077e-02 7.399586447250307009e-01
1.900988090504601713e-02 7.331956291670830295e-01
1.862582713135724211e-02 7.317451743931371322e-01
1.788030963625236724e-02 7.284578943638881920e-01
1.730762730996088239e-02 7.256559384047828187e-01
1.671799436486970380e-02 7.225009407373682579e-01
1.524016900952501752e-02 7.141250797172653542e-01
1.412350827470737480e-02 7.070074610667356207e-01
1.350383890630485473e-02 7.026226148795086113e-01
1.290009677725373338e-02 6.983072893749985299e-01
1.227929217920437077e-02 6.933973721366526455e-01
1.163618233005009328e-02 6.882464644129034914e-01
9.791547535028255478e-03 6.734113890624412457e-01
9.349654182118583012e-03 6.697727082134516952e-01
8.097710960161597082e-03 6.591533687109962791e-01
7.554700335482389395e-03 6.529917643040477060e-01
7.014819212987910557e-03 6.465845409800385912e-01
6.495788049885320437e-03 6.401302299752139602e-01
5.307975241666429422e-03 6.238023507578249749e-01
5.111475564254563952e-03 6.210722972558977428e-01
3.999226939665312397e-03 6.055441524907126949e-01
3.758312316515965978e-03 6.020434893637621743e-01
3.171247386053621664e-03 5.918862147440493438e-01
2.900387825088002192e-03 5.860577634353937304e-01
2.719032742252547319e-03 5.799178752124272140e-01
2.298587212199498797e-03 5.648435086351888401e-01
2.260116067551887209e-03 5.625759694077732131e-01
1.984353291346663273e-03 5.410576449324625559e-01
2.042946746030727123e-03 5.368554215266334584e-01
2.160500500992867945e-03 5.299466140465451947e-01
2.324734352281698779e-03 5.230208336425298254e-01
2.662957717308234162e-03 5.091910184175553189e-01
2.998341675632454351e-03 4.958212721796523281e-01
3.186943799700470148e-03 4.892624341132506549e-01
3.441541798357483639e-03 4.826613318917364337e-01
3.723088962970855231e-03 4.759987305138764224e-01
3.889871220721652367e-03 4.722428318337726916e-01
4.423498527927727242e-03 4.622005178813991533e-01
5.071505324091118982e-03 4.510325796831826661e-01
5.668947081067077232e-03 4.437381399664818149e-01
6.373347162551279421e-03 4.358984073830997064e-01
7.466741505328278183e-03 4.240913649911507433e-01
8.411275985408639411e-03 4.144951707352624304e-01
9.961395504825498737e-03 3.997948995524414073e-01
1.058449845144998624e-02 3.942419151392552168e-01
1.094415723649061478e-02 3.911372443823604161e-01
1.243888299306589174e-02 3.783368269102855841e-01
1.289324946091391366e-02 3.746536110101934547e-01
1.455129491769574512e-02 3.630683328414467947e-01
1.462663944131653571e-02 3.625674122532600574e-01
1.589145820707743573e-02 3.557121453832579050e-01
1.810293842522431307e-02 3.444530164709679321e-01
1.843047628769495239e-02 3.428620495776629751e-01
2.116885504602056267e-02 3.313736994352295406e-01
2.174749435344197623e-02 3.289885121207560825e-01
2.296835387022128083e-02 3.239576049911802036e-01
2.396623177798901105e-02 3.199884938077234287e-01
3.042554182274131991e-02 2.960418867532986775e-01
3.131795774679418942e-02 2.931265334894983532e-01
3.269841506502085826e-02 2.887498962701064986e-01
3.316511632618929228e-02 2.873363482114090761e-01
3.519832969362729491e-02 2.816342847756735379e-01
3.957657455823576642e-02 2.697343525098496730e-01
4.066266280568359148e-02 2.668219159229249238e-01
4.350997122092831182e-02 2.592376608866466814e-01
4.666492441260933211e-02 2.513180795797141931e-01
4.758673923973494313e-02 2.491346390562042545e-01
5.213683219970705052e-02 2.388654836629235945e-01
5.689815053033614456e-02 2.283752986446221378e-01
5.976043945645531652e-02 2.223774269013051308e-01
6.126130975894822361e-02 2.192687605161911524e-01
6.444147894600432691e-02 2.128185679092695626e-01
6.643128587299301779e-02 2.088486247273710905e-01
6.777488884667987046e-02 2.061984643121693717e-01
6.896800999055358039e-02 2.039304418305828426e-01
7.234191885376234366e-02 1.977441811046958264e-01
7.375273162692991269e-02 1.952499113346378712e-01
7.455895886030322606e-02 1.939940216188004163e-01
7.835686086283472074e-02 1.883959212656828308e-01
8.043257593347169498e-02 1.853626324945986115e-01
8.353145189044824948e-02 1.809010788275242643e-01
8.620793370705054359e-02 1.771089998181960556e-01
8.999358648627769908e-02 1.718006527629504232e-01
9.283302759448625041e-02 1.679415627851659210e-01
9.645235827904002912e-02 1.632230176950184575e-01
9.970366171944050615e-02 1.590971377170219414e-01
1.052162753724829591e-01 1.522837188519469143e-01
1.057202862264143284e-01 1.516630401188578947e-01
1.086245689922681890e-01 1.481705271355934217e-01
1.127218752433525872e-01 1.436022426998173618e-01
1.197757171127817322e-01 1.368497886029215183e-01
1.274477810792348786e-01 1.296798215696843837e-01
1.363855961073744960e-01 1.213697298444940120e-01
1.420371611465011674e-01 1.162978799524890805e-01
1.432057875962198801e-01 1.152715080883665033e-01
1.454696570972145442e-01 1.132890872614803479e-01
1.495320408125890288e-01 1.098630601680151697e-01
1.536077734900203606e-01 1.065164205135207265e-01
1.596995971436906969e-01 1.019401836064111055e-01
1.625167151987745862e-01 9.999154784422426001e-02
1.672943693757542039e-01 9.693101273452198186e-02
1.721498105790785771e-01 9.398711744003374058e-02
1.862475752203525681e-01 8.582220932448669792e-02
1.886621961787641744e-01 8.446587612562006520e-02
1.925493210678565492e-01 8.229351765633774463e-02
1.986806794904009688e-01 7.918126497642208328e-02
2.062027507914828139e-01 7.547047640878001840e-02
2.068254064125308322e-01 7.516407076494568962e-02
2.172533599546245253e-01 7.020013556597981541e-02
2.264550029565519096e-01 6.582124394311650306e-02
2.342031198898379407e-01 6.228939972653413371e-02
2.397309152111259389e-01 5.984931924282133053e-02
2.428398871322901553e-01 5.848907947319270662e-02
2.469575966802698974e-01 5.673995656137631460e-02
2.494337546623822122e-01 5.574723895594335676e-02
2.559525068147133209e-01 5.323034608685484059e-02
2.583040579800553460e-01 5.233129901147270946e-02
2.634443056550224704e-01 5.037808125778753254e-02
2.679983871927454353e-01 4.865888838337062428e-02
2.772878402725424407e-01 4.535429372173094276e-02
2.872672653131493337e-01 4.183993207875325027e-02
2.984477692459977516e-01 3.806663579880475989e-02
3.017543874860775799e-01 3.698897743745932498e-02
3.093790809577037781e-01 3.456111281413554170e-02
3.121494443784700867e-01 3.369474658951343571e-02
3.160571160691544867e-01 3.249789952556925154e-02
3.248299399684177469e-01 3.002023468144299212e-02
3.257948291442566702e-01 2.976964004847171275e-02
3.263883276318247373e-01 2.962873544231536815e-02
3.346137492695107629e-01 2.788140465073540852e-02
3.360337101287549921e-01 2.758876904883356129e-02
3.391410533936394800e-01 2.698705470831275210e-02
3.482013897533507429e-01 2.531902388919438085e-02
3.541934497857584518e-01 2.424571456610780107e-02
3.567973733177147166e-01 2.379147822119520583e-02
3.729067778754788232e-01 2.103052231658397719e-02
3.765200900860205535e-01 2.042031225926688176e-02
3.849683783653480851e-01 1.902743474614287944e-02
3.928749226042900777e-01 1.786725359736673902e-02
4.040223894496368096e-01 1.631579336020738680e-02
4.186321800178128272e-01 1.442775351765213099e-02
4.283804247741905269e-01 1.326141939215697008e-02
4.424735317718304084e-01 1.158456245190420120e-02
4.489589293988294760e-01 1.082200270663735697e-02
4.579552889795128201e-01 1.004980693649548673e-02
4.614259593878956012e-01 9.781571668145749854e-03
4.681962831166895378e-01 9.282190065943329849e-03
4.785214923115038155e-01 8.532436236644680427e-03
4.871050243456173656e-01 7.969617679741691774e-03
4.959738313383378894e-01 7.429491466807047750e-03
5.106937719034212453e-01 6.567054964729424071e-03
5.161968990659824286e-01 6.279712351763389044e-03
5.204372412971343120e-01 6.099321324869122485e-03
5.304123170076757710e-01 5.768175085935522972e-03
5.317901381739320588e-01 5.730663835014082608e-03
5.413700851892015997e-01 5.541113644709105834e-03
5.455109147490797561e-01 5.536421184278661478e-03
5.580278201778980929e-01 5.607194761078848622e-03
5.644473932426508078e-01 5.781182263723261272e-03
5.672396565441446548e-01 5.882383561473303324e-03
5.763809002365956058e-01 6.219571769791709670e-03
5.776304881868137286e-01 6.270358000028175560e-03
5.808370970291316659e-01 6.466619189109734656e-03
5.871228629952904843e-01 6.873565167542561305e-03
6.012345445015099266e-01 7.847298702494232003e-03
6.145759750462320703e-01 8.891774634843030434e-03
6.186588735828568719e-01 9.213056153222654032e-03
6.335314370223819047e-01 1.041485444080070266e-02
6.380338429509531117e-01 1.085495260853408528e-02
6.491717592361163636e-01 1.195334993323959871e-02
6.554141851350563375e-01 1.256990684736136732e-02
6.644086929437102995e-01 1.355550651091053105e-02
6.694947002357627408e-01 1.412751162898751023e-02
6.767462805648711832e-01 1.497421534268783549e-02
6.837455832830041658e-01 1.579708717610261992e-02
6.918768568905429017e-01 1.676891712352523989e-02
6.997000456954070025e-01 1.776426822428978092e-02
7.046479146254158721e-01 1.840069985585612855e-02
7.076853452774996001e-01 1.882272020670350265e-02
7.130243271599918664e-01 1.962720921196170476e-02
7.145691942374439165e-01 1.986374106560784281e-02
7.226263409833828533e-01 2.133463824221470961e-02
7.246082663884043651e-01 2.170755284156944409e-02
7.300738943427660388e-01 2.298923317894963070e-02
7.354417445626302285e-01 2.431211164198376906e-02
7.411274529851852311e-01 2.598809167998872294e-02
7.429158840748835146e-01 2.652211081260891223e-02
7.449269670448344094e-01 2.715909130770599589e-02
7.544149412335003912e-01 3.017992002180336364e-02
7.586055530852500173e-01 3.157460165372849570e-02
7.651149148126896726e-01 3.377892305577023802e-02
7.718863194450014120e-01 3.615213396840522009e-02
7.729011440726600846e-01 3.650878223256170951e-02
7.762672428471619757e-01 3.777072706936701607e-02
7.823448987097412211e-01 4.043540127809808205e-02
7.865901622995554732e-01 4.230978689992315189e-02
7.951842107100743906e-01 4.630604576067220979e-02
7.998495350272663007e-01 4.853857990923915455e-02
8.012618952981227505e-01 4.921901180136001308e-02
8.069258996772612491e-01 5.197280933178516360e-02
8.127389449648425579e-01 5.485986420224231441e-02
8.162606700205801147e-01 5.679436567605988806e-02
8.179776728161360921e-01 5.778459006624625527e-02
8.198796199498001869e-01 5.888264833651890573e-02
8.237728377999760099e-01 6.122096408725008487e-02
8.282414747725022064e-01 6.394845125463899382e-02
8.299941622873827640e-01 6.502170175580168632e-02
8.485622456560826254e-01 7.750892783758689397e-02
8.532889993975636411e-01 8.073928305790811777e-02
8.588653327799427029e-01 8.462363019615426474e-02
8.600188273375486414e-01 8.545489806794803744e-02
8.629376378251016888e-01 8.762535275334115692e-02
8.778899539540401253e-01 9.891818062752411045e-02
8.808387320433912482e-01 1.012441995545324547e-01
8.821894225251407651e-01 1.023448813057294959e-01
8.836348606309645248e-01 1.035664256780305381e-01
8.884409077130088761e-01 1.076818767616818384e-01
8.956736083152698757e-01 1.141523462400455546e-01
8.974316974186420381e-01 1.157544129779113362e-01
8.988841039935180355e-01 1.170780579233395846e-01
8.998974484415880326e-01 1.180135449683533677e-01
9.042221893789545994e-01 1.220438933751589738e-01
9.046690529151000248e-01 1.224840726892812981e-01
9.077312441521232511e-01 1.256515331441286909e-01
9.156978913689874933e-01 1.340736280552918824e-01
9.208732643029844400e-01 1.398357172180029195e-01
9.235065886616224962e-01 1.428814382015274331e-01
9.254836141143580885e-01 1.452917506112103574e-01
9.273674779138265656e-01 1.478256769734345166e-01
9.294339960172310899e-01 1.507962591475813241e-01
9.334406747898225110e-01 1.570193881183494788e-01
9.354141623962106689e-01 1.600936380436173145e-01
9.391995884009771700e-01 1.663959491933277857e-01
9.404603439092515949e-01 1.685507189464322542e-01
9.413165369799685323e-01 1.701464803250906099e-01
9.432389631609872094e-01 1.737702551329248779e-01
9.481953118954682402e-01 1.831363354690782597e-01
9.483595705265857045e-01 1.834721791636690913e-01
9.501776272784103750e-01 1.872402979232347109e-01
9.506673635019882163e-01 1.882677592017204526e-01
9.517088484836733198e-01 1.905452371171811876e-01
9.558420934106208744e-01 1.997828980005774691e-01
9.583440948469661436e-01 2.054623465321806508e-01
9.605055969788629522e-01 2.103845638222713310e-01
9.633306262499070627e-01 2.171005440613411608e-01
9.645780759963518136e-01 2.200687063277252387e-01
9.717408093395423219e-01 2.371961152379328253e-01
9.756610995939183351e-01 2.469819779226716250e-01
9.778627423600916302e-01 2.532227898145797962e-01
9.817059178522495877e-01 2.644065592114107632e-01
9.821937863763388066e-01 2.658944877437856569e-01
9.833241587836760722e-01 2.695197351500712157e-01
9.854516618599638011e-01 2.764381808062754686e-01
9.862788924760610421e-01 2.799137952468476742e-01
9.876199336592621503e-01 2.862899137114768289e-01
9.879663931444506719e-01 2.879597280149234217e-01
9.889336657385388030e-01 2.929729035571175810e-01
9.891144687624131571e-01 2.940555595631070274e-01
9.895952131043832534e-01 2.976113081118131332e-01
9.904436062770662907e-01 3.039613515106771580e-01
9.906582746963861208e-01 3.055959629445952341e-01
9.911192958738497261e-01 3.094836203051125612e-01
9.913397727056185715e-01 3.113680915240071290e-01
9.940901799781642900e-01 3.373588143234382830e-01
9.950974003294486003e-01 3.472291499381560120e-01
9.955817887160476332e-01 3.526489503294907291e-01
9.961191793340566925e-01 3.591615733993490656e-01
9.963895995144058659e-01 3.624895795499591955e-01
9.972138489213961954e-01 3.749953264887085913e-01
9.974700798304620974e-01 3.813596410230474243e-01
9.977645298663493367e-01 3.898355144624839896e-01
9.978514804199676291e-01 3.923408721638489416e-01
9.979244033458358754e-01 3.945984530269452950e-01
9.980069676717777671e-01 3.991398606980197661e-01
9.980156467086533922e-01 4.014580866279848781e-01
9.980012797302040273e-01 4.056717682007578984e-01
9.978422156662529741e-01 4.136666778658284471e-01
9.975951530712892090e-01 4.246982718515334154e-01
9.975283449494372068e-01 4.269421258782010176e-01
9.973681189353309495e-01 4.297711535066367494e-01
9.965522943687390445e-01 4.432501833630674293e-01
9.964351270990430276e-01 4.451821321850331081e-01
9.961186868689859697e-01 4.495620023224197181e-01
9.956920049231996472e-01 4.549809209288769862e-01
9.948570013042012938e-01 4.652680526721462151e-01
9.943722671685195635e-01 4.711519603666424194e-01
9.940812991989427250e-01 4.745360347533050804e-01
9.924859972146080622e-01 4.917525792112101835e-01
9.903751890019925064e-01 5.098097712713134388e-01
9.899970142906404647e-01 5.126354527305009290e-01
9.874157013866138310e-01 5.299756518499120217e-01
9.868078084600766520e-01 5.338696174022458107e-01
9.853260204883440565e-01 5.426502434607726189e-01
9.834379516014843947e-01 5.535026062628117804e-01
9.823802639267167347e-01 5.594585081879627220e-01
9.821227803538374879e-01 5.608207267357543380e-01
9.778236772135857624e-01 5.810309948566022564e-01
9.775778299949158257e-01 5.821831923767282202e-01
9.752200247275699674e-01 5.919940069867956067e-01
9.745755622382508143e-01 5.944672087615685552e-01
9.714863542216587433e-01 6.057921425703562956e-01
9.707209165640964255e-01 6.085629178751078561e-01
9.687903896096783374e-01 6.155456195152941845e-01
9.673081570739372470e-01 6.206990738805620023e-01
9.644486189628660444e-01 6.303959493692526950e-01
9.624043497644307887e-01 6.372850093782732595e-01
9.604707224700346213e-01 6.437782613140113908e-01
9.591437634648234400e-01 6.480642464052642771e-01
9.543291718956870007e-01 6.631961368242033084e-01
9.502705564815261408e-01 6.758578281849341174e-01
9.496840854101540330e-01 6.773935805121544806e-01
9.453167891341360818e-01 6.881537390968265333e-01
9.437541498163593001e-01 6.918859979764613310e-01
9.425958177087361278e-01 6.946139295274460501e-01
9.422183748977139839e-01 6.954926147853839336e-01
9.322838838767923964e-01 7.184222935394786180e-01
9.318612618515575985e-01 7.193931751375995942e-01
9.293469583417073299e-01 7.249599646864045566e-01
9.251574083011733229e-01 7.340654928256008516e-01
9.243344267088304811e-01 7.358533202433364950e-01
9.213512226211926226e-01 7.421417703410827515e-01
9.180895828642965384e-01 7.490059399749584568e-01
9.179956828647262146e-01 7.492004872986022246e-01
9.128796431595445071e-01 7.596880592668175947e-01
9.115477520907768749e-01 7.623960760066473830e-01
9.064782478680522004e-01 7.726297645224337041e-01
9.043876582758734184e-01 7.767275948658555196e-01
8.998250047407176933e-01 7.850637970174036973e-01
8.923869401206512286e-01 7.978381444311106740e-01
8.861772939879701827e-01 8.076136055127828284e-01
8.825277545273524371e-01 8.132201298964999436e-01
