6.596667811797153336e-01 9.898788849527789813e-01
9.510424458805444292e-01 3.940721704169536932e-01
9.755434800232608561e-01 4.069927691705804707e-01
5.210216513162201357e-01 6.970620320163489758e-03
6.221793057736311194e-01 2.872732451653926544e-01
1.418981357516957420e-02 6.915579232696659195e-01
5.663473207748447313e-01 7.003398357908235949e-01
5.597855425274393948e-01 5.566027543304041814e-03
3.221341589126324179e-01 2.905946502665091025e-01
1.887750352741018323e-01 1.662616064349520806e-01
4.343032205592933237e-01 8.442475769482754577e-02
7.428279244935227510e-01 8.950617307881104656e-01
9.890377648707162628e-01 4.111768767036733108e-01
9.085158833604590756e-01 8.681003185632943930e-01
1.331138008639039805e-01 8.873943938612596227e-01
7.668369416696677598e-01 5.168367818250574341e-02
2.809602016585723283e-01 2.811865242418926103e-01
3.537797116234030481e-01 4.019896864361627298e-02
9.531215571532659636e-01 8.101933558673182212e-01
3.903911798330262917e-01 3.001305448260160880e-02
3.815854858849443421e-01 9.808795660870710531e-01
6.334347987119082202e-02 8.157128144597641795e-01
2.559617817526471106e-01 1.612918910510031667e-01
1.721341165619388047e-01 6.691550339395673230e-01
5.591785449137821606e-01 8.316988944412476714e-01
9.472547629956542536e-01 8.191681282899690997e-01
3.423948346038252488e-02 7.544138141207867854e-01
8.183533173413198858e-01 7.549169561519182281e-01
2.914352977261384092e-01 9.622969593045426207e-01
6.145651116310743012e-01 9.939138947897551146e-01
9.674949722124505103e-01 7.835175086584252879e-01
9.344300932576541374e-01 5.668332439279057944e-01
4.423803196601738819e-03 6.305687969314782704e-01
9.889983666336281676e-01 4.108741766468363421e-01
5.751685086655866641e-01 6.066407340333727083e-01
5.526225713913243132e-01 1.568669816274210205e-01
6.309169758056704103e-01 4.708830287841211382e-01
3.944875564913186139e-03 6.179351420261267602e-01
9.704789216571119148e-01 3.147386513566676758e-01
2.321371800192759682e-01 9.802617802026858396e-02
9.960985219812864555e-01 5.945849950800651262e-01
9.749559084750203386e-01 3.318082477662491758e-01
2.217295985585245044e-01 7.595673026510278980e-01
6.389699821453800332e-01 1.732649226625355698e-01
5.727740716331357618e-01 1.431829264050858697e-01
6.672138826074134332e-01 5.249578195510004042e-01
3.488045042940080553e-01 2.459032030833163684e-01
9.958381775230145116e-01 6.086708265615130564e-01
7.678506458908775922e-01 8.615337915537770730e-01
1.421751951415117787e-02 4.256014763164338577e-01
9.005661858785600771e-01 5.758220034220844497e-01
9.949855159471792110e-01 4.820922747226651373e-01
1.428211507017937976e-01 8.957230670635872860e-01
4.756417274760310065e-01 7.382985055820238118e-01
4.576422830776085138e-01 8.144535871980153052e-01
1.930171905244170150e-01 1.265467353882931967e-01
8.552470246603701698e-01 7.941325357643209681e-01
6.770037014522842789e-01 1.910056972255347318e-02
5.061684831297358356e-01 3.171685782572369883e-01
9.018354475518525204e-01 4.237991682765749890e-01
5.983032559750036672e-01 2.571768571390757874e-01
5.013639889684289308e-01 9.236696246966213941e-03
9.890252325395427757e-01 7.009584924714806764e-01
1.637769840990053183e-01 1.526122780381231614e-01
2.517392802404488927e-01 8.619196405243534365e-02
1.083062393474643198e-01 3.540131206699090871e-01
5.199561341219515603e-02 5.342658819900198974e-01
2.934107718993815839e-01 9.628776320713799963e-01
3.021627247921752080e-01 5.949211899188311392e-02
3.441873441464186056e-01 4.144523246063345212e-01
3.440671410362675653e-01 4.348096671039669570e-02
9.857524042629469685e-01 3.871613969312335257e-01
5.399535800670289820e-01 5.739698184385466639e-03
5.250042878532751311e-01 8.656294088391207620e-01
3.189222156943930520e-01 6.159727806155610441e-01
7.981227373369792488e-01 5.953699554861096033e-01
2.717423969316737908e-01 7.489325342985697631e-02
4.720690647066512480e-02 4.784277111428792417e-01
2.668726932016265430e-01 9.350307103250867780e-01
1.315123481951417476e-02 6.738176789931895616e-01
8.470655981545520685e-01 7.078033054462141704e-01
9.585681873380321738e-01 2.794263844898696725e-01
6.709046760773540452e-02 2.645988185621975797e-01
1.527435660769027592e-02 6.960367531359166193e-01
1.447512466227721672e-01 1.710310370287628778e-01
4.113930484669364174e-01 7.306639932989045239e-01
2.261140769978244869e-01 9.393912448915227031e-01
6.126611113574422784e-01 3.722090989926506444e-01
3.645586569501044760e-01 4.996926488324536786e-01
5.336684882162665566e-01 1.087479896294047260e-01
5.360605662585280484e-01 5.490108399359892866e-02
9.003721694487744065e-01 3.750462156616236609e-01
8.117661288815727350e-01 7.855353215379146103e-02
7.669135888116433986e-01 6.729683117588342034e-01
4.374005387955675062e-01 3.105733548949566880e-01
3.779937656711980232e-01 7.173130072350724085e-01
2.768030634012965119e-01 6.894705877677737016e-01
1.340763797668236001e-01 3.431507828027369200e-01
4.702061702928362896e-01 1.324765243255510150e-02
5.995141469123925759e-01 6.838866720806120458e-01
9.961431749979952066e-01 5.158110706930857381e-01
7.716401867388933411e-01 5.403395440944547268e-02
3.233352917179358466e-01 1.605489353195214408e-01
4.142878564221041948e-02 3.178544281904502888e-01
9.766020303235416478e-01 3.381455827320446472e-01
7.912226544685316831e-01 9.361355628985221777e-01
3.985111711426552183e-01 6.750007380900541198e-02
6.752082746449665773e-01 4.474055773760670096e-01
5.782463870835523601e-01 2.329305695649575847e-01
5.841282317015923375e-01 5.457521648962848637e-03
3.981234046300594631e-01 2.812233114815454460e-02
6.437437692985008564e-01 7.626739560144838448e-01
7.319780842914013208e-01 8.891900322305732463e-01
3.649897105094335181e-03 5.595176709088285349e-01
6.582702354512263154e-01 1.528442398768337096e-02
4.618709276564537114e-01 5.619628382168929681e-01
4.627676292295604954e-01 1.436231181912972499e-02
8.600939298688486945e-01 1.177501900409825275e-01
1.900911786016659111e-01 9.234129298707953737e-01
7.654315308094701287e-01 9.666059482860459573e-01
3.080287059054909182e-02 7.450497603837623606e-01
4.961847106975891819e-02 2.982681776555391462e-01
8.297879519124914394e-01 9.108973233427120064e-02
6.492051115372743375e-01 9.340097727585226772e-02
9.052071338704094083e-01 1.747890875696054280e-01
2.144457665428034510e-01 1.100681943073542612e-01
2.031826991939115756e-01 9.181234641652540329e-01
2.616922584558598053e-01 3.746494448733053151e-01
5.182993387813152886e-01 7.503030740137037746e-01
1.288176025478831588e-01 3.901579920280889846e-01
7.130961389402413753e-01 2.870671066585495090e-02
7.537577012636449414e-01 3.137489585706957351e-01
5.537933499945817406e-01 9.770448384807199904e-01
9.060228959356904088e-01 8.709176129045654857e-01
6.654251910118140767e-01 6.004815166844005292e-01
4.923813664000435963e-01 9.826622506998968776e-01
3.694370523650118976e-01 3.556284267051712522e-02
4.972845414223048266e-03 5.308722630208095872e-01
9.668642706455935487e-01 4.230158560480687946e-01
9.792747074446146449e-01 3.497057263136704730e-01
9.436694418280204832e-01 8.240736206876848602e-01
9.921384068702114867e-01 6.792338338214473081e-01
2.721520348189891414e-01 4.526399871603627445e-01
3.628542130994066306e-01 2.636107096272203854e-01
8.647392569308645083e-01 2.527517494721764346e-01
5.933942670611769277e-02 2.777949007137759940e-01
6.933113180553671651e-01 3.311385162885135958e-01
2.623738391117974578e-01 8.005452758049613760e-02
1.081876288196704783e-01 8.694670255817027460e-01
2.821178949871352426e-01 5.799624844564639226e-01
2.227337108784366304e-02 3.851318219367604323e-01
3.255613426710440850e-01 9.712172633296075608e-01
8.267462362970601220e-02 2.429071345987550146e-01
8.183489339407178376e-01 7.550921925662623657e-01
1.469207600667257196e-01 3.041466474177153545e-01
6.911976452411289218e-01 2.210645205472627772e-02
7.824551502410419523e-01 9.608831208694544879e-01
9.962449236058148472e-01 5.195392287624329697e-01
8.650777610420987696e-01 7.724439378553761282e-01
6.188991804353194404e-01 1.187689379113859856e-01
9.127696891714139893e-01 3.139101874875324105e-01
2.115738899675188023e-01 9.333292656360927531e-01
1.537730979542584198e-02 4.187388498523642033e-01
9.658140512626375296e-01 3.959314824224649532e-01
3.475088733765563376e-03 5.858855744113764530e-01
8.258776545525083890e-01 6.317401914387463790e-01
4.009662345126896454e-03 5.508764171429907375e-01
7.002607884126073046e-01 2.432617172576889697e-02
5.994485734457531967e-01 8.430961767499141057e-01
1.321646749904491491e-01 1.840975253899691522e-01
7.139909516705320591e-01 9.797336308976589692e-01
6.429878907149511047e-01 3.333562506268802905e-01
1.294880752511351485e-02 4.343433745886793318e-01
9.274226647415114710e-01 8.454118016341686248e-01
1.127100468561300639e-01 4.928213149433803286e-01
2.628152454625376500e-02 7.319915705869418643e-01
3.084755321592192456e-01 7.394462900732386990e-01
9.328761968323175946e-01 4.761317131500777955e-01
8.214399806780401381e-01 6.582173848175465469e-01
5.840263332166993893e-01 2.905691996944296737e-02
8.066058188415153873e-01 9.515055960406791913e-01
4.414179530502903015e-01 1.827672586678152911e-02
4.360434344890051772e-02 7.776491913708696302e-01
5.803510223144554558e-01 2.463930441908361579e-01
1.462928023757714691e-02 4.231597430964858519e-01
3.094225176799043076e-01 7.846140193175471511e-01
5.328913417889069581e-01 5.938901829333542715e-03
2.963163502173495889e-01 6.210165905346287651e-02
7.059003197083892900e-01 2.641388108347301755e-01
9.687019816434359054e-01 3.080949093161076124e-01
2.937935668671488865e-02 4.314028699858871718e-01
8.579352301900896594e-01 9.188724084061520303e-01
5.153050047672194101e-01 9.938430401419912075e-01
6.822314011482424334e-01 2.019012832149613690e-02
3.523833795602356878e-01 9.763323128456445898e-01
8.845166770536648793e-01 3.682720628372372906e-01
6.960686041841673832e-01 9.835405147909492829e-01
6.775084341887338546e-03 4.993964773163256377e-01
6.380149746003316302e-03 5.059915134622358091e-01
8.215288486372714916e-01 9.433171212665401040e-01
7.356784427648030977e-01 5.014710020859229900e-01
9.948595035175296086e-01 6.353774533214514575e-01
3.105887447848842964e-01 9.676203476880661514e-01
3.756015002078507692e-01 5.977480053150581452e-02
5.235837913326644166e-01 3.513686529109101842e-01
5.483977698465618555e-01 3.407848179727697713e-01
6.785507378844706228e-01 7.697184821043440150e-01
9.423340982035477431e-01 8.258824661983298343e-01
3.961418601488285729e-01 8.124116648468799884e-01
5.230168503266772184e-01 6.761758050559452116e-03
3.376151994931085309e-01 7.682271714810573471e-01
3.523320642155505222e-01 9.796847484528939387e-02
9.840085013558506066e-01 3.762870707209551302e-01
8.382128341527557147e-01 1.590141692842255150e-01
9.826581728379931713e-01 7.305260728979843243e-01
1.849646916508679573e-01 7.120235906853269459e-01
9.571706675235251982e-01 7.339640001825412652e-01
5.273358165119884644e-01 2.757133836225031942e-01
9.877866586789341152e-01 4.015958956608122188e-01
8.081379526980008166e-01 7.616310715570473455e-02
5.457575770015592465e-01 6.014280361318170842e-02
9.399350010991673887e-01 8.291252547136545026e-01
8.300044961971564383e-02 2.744240877584348537e-01
6.259326737403991814e-01 4.407810714511296024e-01
3.666902200895603148e-01 3.462827928244888165e-01
6.484315306916663690e-01 7.799878989122774886e-01
7.312162299434109558e-01 1.168672191996604492e-01
8.137123956357600330e-02 6.858843954658779829e-01
2.905400417187581907e-01 4.449326985867244066e-01
9.943835187612326543e-01 6.442030047931772696e-01
1.257556400668113916e-01 1.909416768250233876e-01
7.609929929197001286e-02 2.518513643435760230e-01
5.212517980844355581e-01 9.857279245568588699e-01
9.952975229542311286e-01 6.268687520739162355e-01
9.470361713625440325e-01 2.504987061637313772e-01
2.422766695383267166e-01 9.172662782319807029e-02
8.772485681903654520e-01 9.009000991493129051e-01
8.347725419589657747e-01 9.353626993922170563e-01
9.919648073866748073e-01 4.348170886489554077e-01
7.029528814068956022e-01 2.072203723923837226e-01
8.505895146077168123e-01 7.415889711717468247e-01
8.961129015347335525e-02 2.338628824344544110e-01
1.725891442194624203e-01 2.686879944765072636e-01
7.013355957660236673e-01 7.107944353347878108e-01
3.580920224006026720e-01 9.773045130623386756e-01
3.751098699780594514e-01 6.261243987063459526e-01
1.562772229105234834e-01 4.886196877705091257e-01
2.709161908852764089e-02 7.343988697604527660e-01
9.422151783255189317e-01 2.398391944990880820e-01
4.147250772227819571e-01 9.852446833505219548e-01
8.618714153461207728e-01 9.154338639605835715e-01
8.972888959840445988e-01 4.299846321681382033e-01
5.859741784405164688e-01 9.153971051688823968e-01
1.779119915565707810e-01 1.392190614274709803e-01
1.883406160358003234e-02 4.017216969530492676e-01
3.348664548506142258e-01 6.817693242925060293e-01
2.723798505207931098e-01 5.214043931602847515e-01
2.649433333068996754e-01 9.541945951151796779e-01
4.200012020131649315e-03 6.265727399310019319e-01
9.934412990660610454e-01 6.596660906391440538e-01
5.708998105782669974e-02 8.052918880340468322e-01
3.710189668099190263e-01 2.059276889202511507e-01
2.924734313372257324e-02 4.281799323291099468e-01
8.465632302395085240e-01 6.849559773833335807e-01
5.729913788851308531e-01 8.332663283406981092e-02
5.449920451549292721e-01 9.773446744698985889e-01
9.261875242648426321e-02 4.156020087437666266e-01
2.332050115351644026e-01 1.288075651060887061e-01
9.965043383432446999e-01 5.294372105481387480e-01
7.700806222018309333e-01 7.571007321199108020e-01
2.349502578698821342e-01 1.140178690416839419e-01
9.312428240550633118e-01 2.175410838484364007e-01
3.566855366883365797e-01 3.925305342093654559e-02
2.998184034582276336e-01 9.646770799325111723e-01
8.795138598194247592e-01 4.660884600088021079e-01
1.774616379677940170e-02 7.055642605662415523e-01
9.811953522389493809e-01 3.596231269489587046e-01
8.013206587947555581e-01 9.538932250132874380e-01
1.118211820757696318e-01 2.071916781930098761e-01
9.844990880765315255e-01 7.229352904260512025e-01
3.499074313513377832e-01 3.757864133909983306e-01
8.310508430863277063e-01 9.376480352382777772e-01
7.905905965988335726e-01 6.485206312464553147e-02
4.220246089823000979e-01 4.399480916677914188e-01
2.775268069829421869e-01 5.507889361510633908e-01
4.827834791450459906e-01 7.305500723587162737e-01
6.606992484446168046e-01 2.561826218676646616e-01
3.161890041968622445e-01 9.689673866939892966e-01
1.747659839461720432e-01 1.421804784408088329e-01
5.246742469512335472e-01 4.177407410197858662e-01
4.801806282184452046e-01 3.977958642611948425e-01
8.932328770551670738e-01 8.849140692450597756e-01
4.662981568633058904e-01 3.945078038638967222e-01
9.952468445895762406e-01 6.281241788482586630e-01
9.675877554903614675e-01 7.519233294632242659e-01
8.048901070955392090e-01 9.523390312704479443e-01
2.784904089668915894e-02 7.366476430462336467e-01
7.934736585074237958e-01 3.976461564278402916e-01
5.283787871236802491e-01 7.829778250461416622e-01
5.631648581797088493e-01 5.318352690764708290e-01
7.669038094588355170e-01 9.661747144745262972e-01
1.575648281822435992e-01 1.586122934091620529e-01
4.049100060406137236e-01 1.806974469935415106e-01
4.053377540954575808e-01 7.849053309042418602e-01
4.632775193460917373e-01 1.428265782352533542e-02
9.110958513741042042e-01 1.837007956934758601e-01
3.423953566264141546e-02 5.556392009755097838e-01
4.527026947008084834e-01 1.571774735240170917e-01
3.032252082567153673e-02 6.574145884825657316e-01
2.091705057784607469e-01 1.139236818235617177e-01
4.615277416852805459e-01 1.457438142388545188e-02
9.961695265863528270e-01 5.907134145948914616e-01
4.746171206749212335e-01 5.660881457439979059e-01
5.269540505027299204e-01 3.151906084254366691e-01
9.068765222900768697e-01 1.773066260056499477e-01
8.587930953087736796e-01 8.683158732161706528e-01
5.104015252909455125e-02 7.936729964789041025e-01
9.324391351658249949e-01 4.317584864863405203e-01
4.423395242015679685e-01 2.181369589584473412e-01
5.927596741466814034e-01 5.539631545376400013e-03
2.750764204294431359e-02 3.626929795559167280e-01
7.836444597344246477e-01 9.604627984542707386e-01
5.272992381664015626e-01 1.089488048402597331e-01
7.305923605164041934e-01 9.756368451100266848e-01
3.399910019497062175e-01 7.129916943227803117e-01
1.628690145416237245e-01 7.567401675025617891e-01
8.949086975497867469e-01 4.144442696203948229e-01
6.076739752682095430e-01 9.941306449412233848e-01
7.614189721957276280e-01 1.713297011673309000e-01
2.114064334139521550e-01 1.122179382474015608e-01
4.856990265526587303e-01 4.627345384666587957e-01
9.896206447026221209e-01 6.969233668826239070e-01
9.798606105338478756e-01 7.415503727481324026e-01
4.147234227582975441e-01 2.416979563528576236e-02
2.677665804636786273e-01 1.457475447489987586e-01
3.176187158887637252e-01 6.796433790681825071e-01
2.787864484728379555e-01 7.117123682649029170e-02
9.181468914308288376e-02 8.521547442275184681e-01
9.462149909945354320e-01 2.485608001596436578e-01
6.159463207579770616e-01 8.167971807614693436e-01
1.294470183686219633e-01 6.405636311798225124e-01
7.031315833616978983e-01 2.567693303420512940e-01
6.135147071840616473e-01 6.620024004022336817e-01
3.491016765427235047e-02 3.364682452998462026e-01
1.915118247267250107e-01 6.621393182369945674e-01
6.280464975980114550e-01 9.934228383411268792e-01
9.589444390066814705e-03 4.645835274813518989e-01
8.345754999750687464e-02 8.422186932766649869e-01
9.956473673011135839e-01 6.154025127419829877e-01
7.064911254363094306e-01 9.814474604211308462e-01
8.392515711562662517e-01 8.685685196850592149e-01
5.028292269178903373e-01 9.805517413562054863e-01
4.395649888248737147e-01 1.865547733308858813e-02
6.788448970624756662e-02 3.993903123084440177e-01
3.129198623151903114e-01 1.535889912392848777e-01
2.365609661018689969e-01 8.752603516913467496e-01
4.300559282900805469e-01 5.689399419661316237e-01
6.342660057735092227e-01 2.858727346318257756e-01
9.859849173003393252e-01 3.887092425587009847e-01
4.714233212486950708e-01 6.755263830977235040e-01
1.142731624410193436e-01 7.448103112884462140e-01
2.687837138469173492e-02 3.652428430415906035e-01
2.373197974331674454e-01 9.464314350893698879e-02
6.471853920231254165e-01 1.306643288618902776e-02
2.519853170187525970e-01 9.497630322396840574e-01
3.498997250221291822e-03 5.686178301996001050e-01
5.550147800157415601e-01 9.945060620856382982e-01
2.843427111496861226e-01 9.601967955006966982e-01
5.952717715313320390e-01 5.590257944069976226e-03
6.163019223154770909e-01 7.937072338421489182e-01
1.187782686545986177e-01 8.782980949846634910e-01
9.324922976112592909e-02 8.537847680248914495e-01
7.876165230830338704e-01 8.375711891343111670e-01
5.981111004853132407e-01 3.907637706248656140e-01
5.363160808971541016e-01 1.479351418534995410e-01
2.526368270103163116e-02 3.720483473669432550e-01
8.635769433710389631e-01 9.138718260673305283e-01
7.683328895056203978e-01 5.238441894126133480e-02
9.675252660704007912e-01 3.043728093952344782e-01
4.799230831901480920e-01 9.375979332291645152e-01
1.018722667042425561e-01 8.339631002725078623e-01
8.896212450328268018e-01 8.885712215155969762e-01
3.564617751827143799e-01 3.516340928810982591e-01
9.704432148787397461e-01 7.748033116843617840e-01
6.011883769311017200e-01 9.942792854196056407e-01
5.046632898469294304e-03 6.374637643402120135e-01
5.889218107509377464e-01 8.474536836715098609e-01
9.195583464769042648e-01 8.552469804763017658e-01
6.141985834002168243e-01 9.766139314103994273e-01
9.439917890301527947e-01 8.069756010946294023e-01
9.159089938063088576e-01 1.912689248280031729e-01
6.856691031963182414e-01 9.854555578995182197e-01
7.724378442355359642e-01 9.644192006825731411e-01
5.435470095882233288e-02 8.003483142659711946e-01
1.607658572001434694e-01 1.555188778224381174e-01
1.108027066310718345e-01 8.717326197953236822e-01
1.060719909214927759e-01 2.140416091881588434e-01
1.327344782378128141e-01 8.891104206726750947e-01
3.084104296259870814e-01 9.670406790544326947e-01
6.689230397822611973e-01 8.729447130160351564e-01
4.250686078519136935e-01 9.113333965470008513e-01
6.546448631354637726e-01 9.906168236840541264e-01
5.986968777656777041e-01 5.723544161004734399e-03
2.107214766453395782e-01 1.127258121681105063e-01
9.686102388515765993e-01 7.807125736208675448e-01
9.162207097831673863e-01 6.116233379122000269e-01
9.740241265665936510e-01 7.626459076038100138e-01
9.940109696788165250e-01 6.508916511872026023e-01
4.264111214249280968e-01 8.690322288561138642e-01
5.337939835481859685e-01 5.545108524223978375e-01
1.657882006781846718e-01 9.100879964955533863e-01
9.280112268762139016e-02 6.387847270750105499e-01
4.233992076189907472e-02 3.155635957959057603e-01
1.461876707699426292e-01 7.590442713034021294e-01
3.085296097592947762e-01 5.670107740586904921e-02
5.554809069850324965e-01 9.945090619473063720e-01
9.954256932000986602e-01 4.921347174132821856e-01
4.562629243367281040e-01 9.618285305336813362e-01
9.336097956038665879e-01 2.223024113127191059e-01
2.906082053659415632e-01 2.302607095862774789e-01
6.367443804055261669e-01 8.167140929821454787e-01
7.839058404295382587e-01 4.659281169286434432e-01
6.441594432659132341e-01 4.051949299039699914e-01
9.964826263982299315e-01 5.623320447676248834e-01
1.367422714087243307e-01 4.339391692626360930e-01
8.655537610469854481e-01 8.126498425590207297e-01
2.240743313336506226e-01 9.385409198010554732e-01
4.897797744954390797e-01 1.068414424698582721e-02
4.768051888069940736e-01 6.675442626300615023e-01
2.685160859333071137e-01 9.553224638205046748e-01
3.478647374266561343e-01 2.320272228302427686e-01
9.917515755849856118e-01 4.329649223809743930e-01
4.037750284780160515e-01 9.838733919864980360e-01
1.088829089016252194e-02 4.518310166422253582e-01
7.671848936174543443e-01 4.011978587096208249e-01
7.855362290845471218e-01 9.597928515497523572e-01
2.365218765345469265e-01 9.264887494302600501e-01
5.335007762324893710e-01 7.084049830424775651e-01
8.222061837189508227e-01 2.868906469968474648e-01
9.083359704751173824e-01 8.616313800322028538e-01
6.242883754011596675e-02 2.719397812440748075e-01
6.671426746564690369e-02 8.208465572255819742e-01
8.365603147104251347e-01 9.636685018895063681e-02
2.970633037703651058e-01 6.707509164632974308e-02
9.552390621175150809e-01 3.896620445521156162e-01
8.371817328640096534e-02 2.415408686879499944e-01
9.152721848970449825e-01 4.966376284128021235e-01
2.933755735440096157e-01 9.282110884495474723e-01
3.754343027567603741e-01 3.387322455573837932e-02
6.763416183370314361e-01 7.768970083283731620e-01
9.075890095121706969e-01 5.804731792418766911e-01
5.059220830783839329e-02 2.960431828649501274e-01
9.787344259126260493e-01 6.246880144660067469e-01
8.377381400390275790e-01 9.334915510007258943e-01
2.251025224511553624e-01 3.073239486889427496e-01
6.968535639297602780e-01 9.718097611542653169e-01
2.125201849958689992e-01 1.114183010115260553e-01
5.013839681562243245e-01 2.242071643107256262e-01
8.241010260988116398e-01 6.351184701913440422e-01
1.079741151118052134e-02 6.761285460373224199e-01
7.087114142244521631e-02 8.265584730776044387e-01
3.796160430986728063e-01 9.806081106809564352e-01
8.597255734980900899e-01 4.908937669240075463e-01
4.701840662096401502e-02 3.043167628545027092e-01
3.578078921933069978e-03 5.617551588017557496e-01
8.652820984466551568e-01 1.233255080744897203e-01
8.046165942095122592e-01 1.689708944859951711e-01
2.999842845208788855e-02 3.535224243673592559e-01
6.041390208166164122e-01 8.074943844009101479e-01
6.092616777599915157e-01 9.940886779659339201e-01
7.716616632991666336e-01 3.754838430416054806e-01
1.591014342413719085e-01 1.571258476311266916e-01
4.615724230337905354e-01 9.903923157821423739e-01
5.961004654923350854e-01 6.854633073917451025e-01
7.757770869636666511e-01 4.592379339963368334e-01
6.480980583348443513e-01 3.423558824572637271e-01
9.519015834286196354e-01 6.313082773744794762e-01
5.164393641180582417e-01 7.721122336647512352e-01
2.743325129189146949e-01 5.339812407642889891e-01
3.776824158970071288e-03 6.094208380295018657e-01
3.608547913204007140e-01 3.980289474115027981e-01
1.273771152130108719e-01 1.891532118269786400e-01
3.804020786072428439e-01 5.686307946679943770e-01
3.372803455200277800e-01 5.410882590133576642e-01
8.143090080639137085e-01 4.441602896180874005e-01
4.020012369288794574e-01 4.134769911480621896e-01
4.759450692098392555e-01 7.118536831447411783e-01
7.425752652442738633e-01 9.475394518819785228e-01
8.126929371528313073e-02 2.447539371017128929e-01
8.480420055875885765e-01 9.269475263603776938e-01
2.739505342414816358e-02 3.631298913667727613e-01
1.856036757684326188e-01 9.210232932681200468e-01
9.913378509530319516e-01 6.850343615083189786e-01
6.529685694573201804e-01 1.421596183464501895e-02
2.391758196035437822e-01 8.912618929484091845e-01
8.793893379530270948e-01 1.482575195022980963e-01
1.906625229496308194e-01 1.284696904547880658e-01
7.357365954789804041e-01 9.743336355397153037e-01
5.764063721201353463e-01 5.855678420760256353e-01
3.093263581004002116e-01 5.656312635346991691e-01
6.162193585767978821e-01 7.540814273844675952e-03
1.252619031632322411e-01 3.526121604649777308e-01
5.502236449446982203e-01 5.204986193151960316e-01
8.078454299123772886e-01 2.087066495262841770e-01
3.619890219083250482e-01 7.704036340457586229e-01
9.938150690840539259e-01 4.579004672826875177e-01
2.929915151033560816e-01 6.377207735385415077e-02
4.618402101417825589e-01 7.193191331011423717e-01
3.905101088327760928e-01 6.853078345601592014e-01
4.293315377606415906e-01 9.870106484702207972e-01
2.951244641937186275e-01 9.633779805445021882e-01
1.969638496611126055e-01 7.456608799846891067e-01
7.323472487174713663e-01 9.283721733031324863e-01
9.256730146266298753e-01 2.071506403921353767e-01
3.425693464853962755e-01 9.745941616370010774e-01
8.517030648810327564e-01 1.093311789731671313e-01
6.321866033516598815e-01 9.931636371499349414e-01
3.169954469947287024e-01 7.004646757292996018e-01
8.841484943110655692e-03 6.655169712429137574e-01
1.143191436951954687e-01 8.746422380741698532e-01
9.220619598593517985e-01 2.010444377374392966e-01
8.394708188220916245e-01 9.868161177308509835e-02
3.372730908132702821e-01 9.604742788991433855e-01
3.986353532465756189e-01 7.890648013880015021e-01
8.835891913525710795e-01 3.085445950166862961e-01
3.314230710318982753e-01 8.159384592940747138e-01
1.047487496863147571e-01 6.328386068544182841e-01
3.427413530088618820e-01 3.144018618398553566e-01
2.996772291838067925e-01 8.659647020631707770e-01
4.900295683715768513e-01 9.926886356398580968e-01
6.473026861676631771e-01 7.336109595985084164e-01
2.880797357078854759e-01 9.613041650674792882e-01
4.302014389611337197e-01 4.975222850873532721e-02
6.839699519524032878e-01 1.278857788816253616e-01
2.201634361994739553e-01 5.366321094563480942e-01
3.867713051507560840e-01 3.452524534821653224e-01
3.887769494760408562e-01 6.171297798678705426e-01
9.511106980580017467e-01 8.134144820242349416e-01
6.094271488248854673e-01 4.456021651453857535e-01
8.970701288319774536e-01 8.808464898666906739e-01
7.004709688958493663e-01 6.956199496829545970e-01
6.749319929485102509e-01 9.873788764787996275e-01
1.482163153399282951e-01 1.676577568826921327e-01
9.523630922163361934e-01 2.638512843272096120e-01
8.181664752417083797e-01 9.452842056721876274e-01
8.728851403602863046e-01 9.051877070580462981e-01
6.879803017228158790e-02 8.237628765876597869e-01
3.319246890915866777e-01 9.725963067430191122e-01
2.336321663344886890e-02 7.232789548681086700e-01
7.021688491944543253e-01 2.888289801962393710e-01
9.903160781164463966e-01 6.222863994023850598e-01
2.580763816597309024e-02 3.697365823671726615e-01
7.263220648929804568e-01 3.382205801120086175e-02
5.499115890296812914e-02 2.864708870709343769e-01
2.461704008431676582e-01 9.476657876812151216e-01
7.498731251182657598e-01 2.242120550566535919e-01
1.637582048488528952e-01 7.906480254360643833e-01
2.653343551636697661e-01 8.173569537424112408e-01
9.518854635005552511e-01 7.522222741461385143e-01
1.436768392675616957e-01 4.824760169287175549e-01
1.663755543440730011e-01 3.047405091937860910e-01
9.600016611443662473e-01 7.982927466507302450e-01
7.759048892988985591e-01 5.627495190419451454e-02
2.691131270896909289e-01 3.573861370342646948e-01
5.820494674392990841e-01 2.217241338819618268e-01
5.057719672146482326e-01 9.934357407265028694e-01
4.087312742231530849e-01 9.249275480622246581e-01
7.384129109375223710e-01 3.630417929811734501e-01
8.787641382252567857e-01 1.500847145499569213e-01
5.831133016499782107e-01 9.944793005059234803e-01
4.945481458061384838e-01 1.007433953875880306e-02
9.659400212808831876e-01 5.916290613518175867e-01
4.443983066369451840e-01 9.605118561765860763e-01
6.232771920446947833e-01 8.297365782890971930e-01
8.281166932912944478e-01 8.982064372980413935e-02
8.533993317429009462e-01 8.217751693469892427e-01
2.623197907668052276e-01 9.533292857140519549e-01
5.344058043352600817e-01 5.232626429694005044e-01
1.299511225121221525e-01 8.870037512789192835e-01
8.562345444664508642e-01 1.137548430707032709e-01
3.925863609890364314e-01 7.258016265310165416e-01
2.420675498031998885e-01 1.184141179119534704e-01
1.750655874593499695e-01 9.152473727673470227e-01
3.359353557590240014e-01 5.359849114496129108e-01
8.867283755126714739e-01 1.496672010151623988e-01
9.957935534715474102e-01 5.033414350624068057e-01
9.962623288052231407e-01 5.840103852090793302e-01
6.925920157274878530e-01 8.818349800380504977e-01
1.979213577749474595e-01 5.156396551981570209e-01
9.544228404002363941e-02 8.562351987178888901e-01
3.002072650296493950e-01 7.616034515883388645e-01
6.495354397635554333e-01 9.912489231481476093e-01
1.359114084559991387e-01 6.408286683486195123e-01
6.712745665432217068e-01 9.879997213038012038e-01
7.079791776088881772e-01 1.175639704025726595e-01
3.389974614205178982e-01 4.527537510644563667e-02
8.024913543913370084e-02 2.461205268165209681e-01
8.035432674480598170e-01 9.529356462946392270e-01
2.479595718124170123e-01 3.437807906644360645e-01
4.304915565597953186e-01 2.058767088745971918e-02
9.628100917559490046e-01 2.903332636398314737e-01
1.365957961657474629e-01 1.794353145459967047e-01
9.954241820745832747e-01 6.231642436020734532e-01
8.908938591536835760e-01 1.549848911168739685e-01
1.441903691443185420e-01 7.927967804291846665e-01
2.161630950541517660e-01 4.698699277044427469e-01
5.513240249348824173e-01 9.944725766241807596e-01
9.369085993437555882e-01 2.458069302124238353e-01
6.090054771794963795e-01 3.981906550550357027e-01
8.721215842544962626e-01 9.047493709174303511e-01
5.761718940568116842e-01 5.681692100831341463e-01
5.328234877023854121e-01 5.388298137908331675e-01
5.912153652333899112e-01 7.389343135891821568e-01
3.757716828304251688e-01 5.095003371663106018e-01
6.249528789973408660e-01 9.935381545200001607e-01
4.084729991976658869e-01 3.135057729800926341e-01
8.616222780874229770e-01 8.050301504876533620e-01
7.445813038180704169e-03 6.564803338078634143e-01
1.413493940807522831e-01 5.613509358165295060e-01
6.718518253982069810e-01 2.718315750480916337e-01
8.157389385332792786e-01 9.466606037580396205e-01
8.510226989495610628e-01 9.177129782413178116e-01
5.858566471849087076e-01 5.146614191409353278e-01
1.033156889803042988e-01 2.173445808071480245e-01
4.034413543318898787e-01 9.838303373988818157e-01
2.465103950072571881e-01 1.765227008047986490e-01
5.108744346700647698e-01 4.307957867468770186e-01
7.141379228441128157e-01 2.906299483462837507e-02
9.929252315742280732e-01 4.434896752117641894e-01
5.890204452309466543e-02 2.786300438484170527e-01
3.098073121767389582e-01 8.089870826040955476e-02
4.516436906714682564e-01 1.630604138637414824e-02
3.211913343861494408e-02 4.967482445225971377e-01
2.947890437828692978e-02 3.554101006098739912e-01
9.777327117235925513e-01 3.429972260585512078e-01
6.216478342241796989e-02 6.760456298430693733e-01
3.363369590938991571e-01 2.145631728661802351e-01
6.150507878188593569e-01 6.922221805358873548e-01
2.009025885490894614e-01 2.324143209115947517e-01
6.561220775403242556e-02 2.668012756120663465e-01
4.717311914350189594e-01 2.652160739663506628e-01
8.818669192174107829e-01 8.963405811912950050e-01
9.188441675838088241e-02 2.310604245266605350e-01
1.590584295588999275e-01 2.039873353963693181e-01
1.500899220661601752e-01 3.953166130126494759e-01
3.341891804412880362e-01 7.796199352596483445e-01
7.733829959369371565e-01 5.490760886607404245e-02
3.829083020937479875e-01 5.638382639472885316e-01
3.557123833673125901e-03 5.624283698141108179e-01
8.686892576095217589e-01 2.714599989493103882e-01
2.134488790047467388e-01 1.107656120439466374e-01
6.633373623448065581e-01 9.893194803200416887e-01
5.648930808826203853e-02 3.587570081918003417e-01
3.279344754418133112e-01 9.717845019712281207e-01
9.236715943769916448e-01 2.037023350762098284e-01
2.731462612233530041e-01 8.661895720037092739e-01
4.042439411244102554e-01 8.193436611644011602e-01
9.772843348183495316e-01 6.583402807049698602e-01
8.419513613299509647e-01 4.271063978475858613e-01
5.170533638029086720e-01 3.412818386308935636e-01
1.572802154051790580e-01 5.288110339356544287e-01
3.160359364238242152e-01 5.378323041275889782e-02
9.643264522997682109e-01 7.897821552845574189e-01
6.444561461655927692e-01 6.768176943245436394e-01
2.379738326414982952e-01 9.442905162397421392e-01
1.416984142594416851e-01 7.502617967294662460e-01
2.601401860887896378e-01 6.538260285819510464e-01
8.640714621326001099e-01 1.460164057785321989e-01
5.246584479234738252e-01 9.941656004769078292e-01
7.902698868422597389e-02 8.368093914290476443e-01
6.607135102041827857e-02 2.661062814245914732e-01
3.406467319656554249e-01 2.300346184987099862e-01
3.770704388713367328e-01 5.332715236184607521e-01
7.981999743748632303e-01 6.974221992910978329e-02
6.418189506552263168e-03 6.495835375192465788e-01
1.383015021013473400e-01 8.182917595163626823e-01
4.936450586386019745e-01 4.777553393891592615e-02
1.725363196859217574e-01 9.138467039406188430e-01
7.593022295541169697e-01 8.463869255072913322e-01
8.643175650822618739e-01 5.769899542946164139e-01
7.901575164650360694e-01 1.136932938018735406e-01
6.055591120993814025e-01 6.253561255261774754e-03
6.966104227747933475e-01 2.226843497201335120e-01
4.179004965210585398e-01 9.856368227214266087e-01
2.920217074075714958e-02 7.406565383969743177e-01
4.432843808757986337e-01 4.116714026431058104e-01
2.643385704702866379e-01 7.894864621596753285e-02
1.403339588960650364e-02 4.267674609879988923e-01
5.879918343494586752e-01 5.475867666931977240e-03
6.998519448455312597e-01 2.420576040637545390e-02
6.884648996321287573e-01 4.306074662037450151e-01
8.996747654294025009e-01 1.669750087903002500e-01
8.333554336714614763e-01 2.042089619789271282e-01
3.296787566130465752e-02 3.430438550936463216e-01
4.099883261769111664e-01 4.597404049270600312e-01
4.047369163876601839e-03 5.499717425622014932e-01
5.252151876758679450e-01 2.550134556411099984e-01
8.812723357838303517e-01 2.692420541212174334e-01
9.360094798834079910e-01 3.808247355498948772e-01
8.947347241021682551e-01 8.833912677250900236e-01
6.063282865796120191e-01 1.174522858703085926e-01
4.051247853773765062e-02 3.203523018741613049e-01
4.839707161036393979e-01 9.923304289505485709e-01
5.100229269795282239e-01 3.028546273545923984e-01
1.207606427939267313e-02 6.821246754326084627e-01
5.834637365383315011e-01 1.844104365183074079e-01
7.811834117540407130e-01 5.924742359936141511e-02
8.418150826512064144e-01 1.005678835908710989e-01
1.993638587974477794e-01 9.280972575455922469e-01
4.848481174626256829e-01 9.923966381926055957e-01
3.797992736038854344e-01 4.078844615044500133e-01
4.521532190705735976e-01 9.894954277546250676e-01
9.632655335697957177e-01 2.916605017014539669e-01
7.844765989320895416e-01 9.221805805203353579e-01
8.421206550689097625e-01 2.042135846947929767e-01
2.949375332175011022e-01 6.893829981327732614e-01
4.532318476427149578e-01 1.601767255259567424e-02
8.456975339814417625e-01 1.039210684197221513e-01
5.787265781961952182e-01 7.845854198071531282e-01
3.500452527715280926e-01 2.403923218403239970e-01
7.413248105433880575e-01 3.996988828127179261e-02
9.315073421556957500e-02 5.121437563064373810e-01
9.899355379375446295e-01 6.891245761149014104e-01
9.290574074375985703e-01 8.433264458376535933e-01
7.570743429250385015e-01 4.717079558755798985e-02
1.984859292892005023e-02 7.126730673991393816e-01
3.245673708497201493e-01 4.027176028955011255e-01
1.625018585498425039e-01 4.635803337297790261e-01
2.950118204542484524e-01 6.275441047596119759e-02
3.678182125852802464e-03 6.030762211417675100e-01
9.465321406911836322e-01 4.359578291643657066e-01
9.197938720355411935e-01 1.974225283908793704e-01
4.356741648434472314e-01 9.231491613957621967e-01
5.787176076570090810e-01 5.791776134582702490e-02
4.763973162617787804e-01 2.483874987206379781e-01
4.305484373376656793e-01 6.416762832509197434e-01
8.692546952048220144e-01 1.279331677445616489e-01
7.680773318051840881e-02 7.812224306139033958e-01
6.014592075048559305e-01 9.859113168718051934e-02
1.199490577924411383e-02 4.418932378163906716e-01
5.653650869987231209e-01 5.534269193527618924e-03
4.307518486109280786e-01 1.056253282174341029e-01
5.420562335171066198e-02 7.018555923995539736e-01
5.508079935516905223e-01 9.519935658414111490e-01
3.264213303853213399e-01 5.090243282010699089e-01
7.423904119342479291e-01 1.866720401539552765e-01
8.144291274373697265e-01 9.473691857652607462e-01
3.445554861998489926e-03 5.783832422630832415e-01
1.669434574736430588e-01 9.081427139938174076e-01
6.402032113018125692e-01 9.923654504958143718e-01
4.260088623041863864e-01 1.054610054825802640e-01
7.772208785573705425e-01 7.715632348287123632e-01
2.732816083162593612e-01 3.870604458664587133e-01
6.107833667010802436e-01 6.861886632053226798e-03
5.610396209329064909e-01 4.321683162857465899e-01
6.433164155655408667e-01 1.237533065679236738e-01
4.333677511510953817e-01 1.994857400090510602e-02
3.605225446823512314e-03 5.976721186520900231e-01
9.014968254222811561e-01 1.695240905094570483e-01
3.404191425112380598e-01 7.346350156684307020e-01
5.872646573169978401e-01 9.944351870468174370e-01
5.653741656407618166e-02 8.043253020376657236e-01
4.222335047413861564e-01 7.839729401084725158e-01
7.959625752025334400e-02 2.470121973531732573e-01
2.993464697389645601e-01 6.992920011019045923e-01
3.775459816449612260e-01 2.051315407508912392e-01
5.182136073788878861e-01 5.334196205674971436e-01
6.941692821958598270e-01 3.890632174291390744e-01
4.350177368172952752e-01 5.130855675231428548e-02
9.433216455130690736e-01 8.160533007042335418e-01
1.954857735528239548e-01 3.960631938498115345e-01
6.652923410895703604e-01 8.451159901140806729e-01
3.312280242943667075e-01 4.803235557314033954e-02
7.386641759338055113e-01 3.585672759631188811e-01
9.662673834047383892e-01 3.004120016713532904e-01
3.220097588086391349e-01 9.703661486226022870e-01
9.958348677879430566e-01 5.047625120688958855e-01
4.800797408995636228e-01 9.920368037043409970e-01
4.920311009037361960e-01 7.144136990557816702e-01
7.476866342861734349e-01 1.883010821523413147e-01
3.433858973050807339e-02 3.383175987937888651e-01
6.447185088813410792e-01 5.469791416394247374e-01
9.766096466975601187e-01 7.538153715586981551e-01
3.781120632787650093e-01 9.803903884119075096e-01
4.250168634965958425e-01 2.972342146076311642e-01
5.150006020942343721e-01 7.654906150602935888e-03
7.262427240143647378e-01 2.675249299956486970e-01
1.786672201608226762e-01 1.669535734566154617e-01
2.498278691574605248e-01 3.078712348552061773e-01
1.529496284998992650e-01 5.954375903016551064e-01
8.732930480907269422e-01 4.801138062410399421e-01
3.021650850454021819e-01 7.430436071301158574e-01
4.784336934329896929e-01 3.294579471382406144e-01
6.171050001691729125e-01 9.938296786112228443e-01
8.247160563453254101e-01 8.735851130610672310e-02
4.563804572147778238e-03 5.386735835262244088e-01
7.386413766149967364e-01 1.853849056780762783e-01
8.565297325115729388e-01 1.140525890585236679e-01
3.329607232739746903e-01 1.558933931187957145e-01
8.809667745010130169e-02 2.358228914197638693e-01
3.869228909473200195e-01 3.291413333638523731e-01
8.518391580647970418e-01 4.110262704582940407e-01
7.658197381198640352e-01 4.597768450961198794e-01
2.293058864260410779e-01 5.796029775936140105e-01
5.018840282894312388e-01 5.480091061802544461e-02
8.202881523121621221e-01 8.422884134290387070e-02
4.463684915060764924e-01 9.889065388308080351e-01
2.657411757175534017e-01 1.586448062653645352e-01
2.057659601262601390e-01 9.308785166838942082e-01
8.929880450688767457e-01 1.576875637629056026e-01
2.252988804882855023e-01 3.204140689131083075e-01
3.198597049053427677e-01 8.026951757505838003e-01
3.797399490932380495e-01 3.273925524191934056e-02
5.776890102667943117e-01 9.032357895223726008e-01
8.724116947890120377e-01 4.946438019609815662e-01
6.437819033307261574e-01 3.246802694965716246e-02
7.280924767302506817e-01 9.762621243745872590e-01
5.206981967655551768e-01 9.940345326284528715e-01
1.198238584466546908e-01 6.642388134732468696e-01
2.479893923436279068e-01 1.181987364174990479e-01
7.101520645475838389e-01 7.236513135979794065e-01
7.875584662432826288e-01 3.031737410530651045e-01
9.823243875449234608e-01 3.660018487264545817e-01
7.375539403677540129e-01 5.982013583262806300e-01
4.823372815399682989e-01 4.406222218211996999e-01
1.460001463161457458e-01 6.910248659175666219e-01
8.578923636627144855e-01 1.154374434434778385e-01
8.420352035302035576e-01 2.406225766388136178e-01
7.552183921040894754e-01 4.631994751938384169e-02
5.418818234146047796e-01 7.322387017938359888e-01
7.329567307255446806e-01 8.343612143653833524e-01
4.189296196996539212e-02 7.735966766985429288e-01
8.437549335954384055e-01 1.021718093618502188e-01
5.261380330461900012e-01 6.496001699981879263e-03
3.088688514587265566e-01 5.656009599424483003e-02
8.711436523295749135e-01 9.068838462113646415e-01
2.703610422237455735e-01 5.911334064218820572e-01
7.931394492603587310e-01 1.192011184285635406e-01
2.433609216601972935e-01 9.108884358040869600e-02
9.867051318682622529e-01 7.125904033111482017e-01
3.641115158081830172e-01 3.708332902586108926e-02
1.251297018930730420e-02 6.841096211804386096e-01
7.875230317614851927e-01 6.299609249680715450e-02
3.487243184952041331e-01 2.557193868306662510e-01
7.349217526552143109e-01 7.035821359463874103e-01
1.395201477732614936e-01 1.763985044504773336e-01
4.719844625717248832e-01 1.299711724143159941e-02
3.705901603980909370e-02 6.363335440994153380e-01
7.379193405321679000e-01 3.387049800512776931e-01
6.704005224387377115e-01 1.774487713717443071e-02
4.163681367406665834e-01 5.803548310332954374e-01
1.697072166966467344e-01 7.181868379304530148e-01
6.242620421740926462e-01 8.576629819184167225e-03
9.274874064108359351e-01 2.103498421908256422e-01
9.955230745160189576e-01 4.945030214076121533e-01
2.455669104472625042e-01 4.136865053578149265e-01
9.280224908953922380e-01 2.113513648964459035e-01
2.652258568658387161e-01 7.717585256660990378e-01
4.729896191364261759e-01 4.629978845664854681e-02
2.195615546082408942e-01 1.065329905097744945e-01
2.602839350156472831e-01 8.125066809954328839e-02
6.348951455764139107e-01 4.165728856063966035e-02
6.500125231334485942e-01 4.104222347887389599e-01
1.628879837007063403e-01 9.083652269458190043e-01
5.801489771890517427e-02 6.887553597519852078e-01
7.802223766715722375e-01 5.868017510310064022e-02
6.044556041312463268e-01 1.597143907853161848e-01
5.150496139880622604e-01 6.721199115725387530e-02
9.965544451380015101e-01 5.368357524769139522e-01
5.306344512552407799e-02 7.977960773062062749e-01
2.160044312110993570e-01 8.727564551951918492e-01
1.126016516393029548e-01 6.823218922781838502e-01
4.405036019050918572e-01 8.661147337017572889e-01
8.762703806037157317e-02 6.133136867153092808e-01
5.699544442052647542e-01 9.945424783510372624e-01
9.307602852902489010e-01 6.761632735956407680e-01
9.575805442655122013e-01 8.025285650827416184e-01
8.526812062258747327e-01 8.048659306409506886e-01
4.030817113822324216e-01 7.322395541007215014e-01
9.241726138441532790e-01 2.045327144873606562e-01
4.124805297769541523e-01 2.468598829363499725e-02
9.842170544643299435e-01 7.242439710499741778e-01
3.375705139636098195e-01 9.736600681161715620e-01
5.097679600119136012e-01 8.251310174913206730e-03
4.210119055381207898e-01 1.168292096786708312e-01
7.912456171101218683e-01 9.577546150254777624e-01
3.593610638234755461e-01 4.319504524489181096e-01
2.871602960686030492e-01 6.680135797770725414e-02
3.210914217261814363e-01 5.184186607044660722e-02
1.955021148172289003e-01 1.245530504869806210e-01
3.756447654142774928e-01 1.846310462456809132e-01
4.728697089911910734e-01 9.914514073770963609e-01
4.814907591591899294e-02 7.875407885653327167e-01
1.881210971384549291e-01 9.223987871221669410e-01
5.549523398243743078e-01 5.409512677125034585e-01
8.068430136318865964e-01 2.157033329287109114e-01
3.051317515280073112e-01 5.818644234232250856e-02
4.730501454180318643e-01 3.517275902764028794e-01
5.626933460654364172e-01 2.683036906607422223e-01
1.795942556253393718e-01 1.376867909628762821e-01
2.541530156794769013e-01 9.283211458443907382e-02
5.382674275554349963e-01 9.943506525702581200e-01
3.519419977816018452e-02 3.355533987363029658e-01
7.726728150778622295e-01 9.293727980852376502e-01
1.044459195729399714e-01 7.945905740795726757e-01
3.598396862790362860e-01 4.507809083907172720e-01
9.933719446022325483e-01 4.507047817200425799e-01
6.850701163035894936e-01 6.086931326818543209e-01
5.572022251200093867e-01 5.583192237049727780e-03
1.351803650553673464e-02 4.302346561325721686e-01
3.962544679271465253e-01 1.219758507900412792e-01
1.121288028108319429e-01 5.918192092967913265e-01
8.749612657056602405e-01 1.349442649848276998e-01
7.085298026111621628e-01 7.116026256042828901e-01
6.294548441631355740e-01 6.178226321651868191e-02
7.234550528245620171e-03 4.922805673748477107e-01
3.710614809403678382e-02 7.618495610458535516e-01
6.429369479018343103e-02 2.688574380826039834e-01
9.924734810255351203e-01 4.393705710578319490e-01
2.967196665858594651e-01 4.836868340963473845e-01
1.805719646163839176e-02 4.055117890158782545e-01
4.268362560146583551e-01 8.370441434010927884e-02
7.865995953751925285e-03 4.845762183713695492e-01
4.887941705049314578e-01 7.600673678732616789e-02
6.359492481589339441e-01 9.928732766000514243e-01
6.701784344414284111e-02 6.676758052550729738e-01
8.223350112950700286e-01 3.271667563021434244e-01
2.288795034921449201e-01 1.002210319978020792e-01
9.801293267690552868e-01 3.538267465337333606e-01
7.022572762909382593e-01 9.823276698764928927e-01
7.350174442608997660e-01 2.977579108381552819e-01
6.420368199308662538e-01 9.030554168087242539e-01
2.195087953839639228e-01 8.424412570459859362e-01
6.529708043567520326e-01 7.615307568014940687e-01
7.997678674572488156e-01 3.534412069241961718e-01
2.668476882467654132e-01 7.754364828593873771e-02
7.685241354326706187e-01 8.074354447747968955e-01
2.804287222942718483e-01 5.143811219727163486e-01
3.994972980822744102e-01 1.353257325947059830e-01
1.815580305614720169e-01 1.359806990726800668e-01
5.098785420877109953e-01 9.787279047223039763e-01
5.127571013662443056e-01 1.575944429374348255e-01
7.069297639745468764e-01 8.998427863646356606e-01
5.746402717258776160e-01 4.438396658492527180e-01
2.561004696886903798e-02 3.705670521416192242e-01
4.504221777331028909e-01 1.653661743103518322e-02
1.155312674775440529e-01 2.028217621516460456e-01
6.317860252159277490e-01 3.780496831942130043e-01
6.196378564361741947e-01 4.200875741597995816e-01
8.606643840807900459e-01 2.853355802169785238e-01
7.160870561120685762e-01 2.981237300026351456e-02
7.770226210204919104e-01 6.669503671743211015e-01
7.723298306010962788e-01 4.027320190276021949e-01
3.671227292235795803e-01 9.787783056546003335e-01
6.245263236778813010e-01 8.527696562638308331e-01
7.265511494091719813e-02 4.763686413568009037e-01
8.527940278114940487e-01 9.232497745400550793e-01
7.562553987161313440e-02 8.326474360602671432e-01
3.581971116688502654e-01 3.879318119989905167e-02
7.008135053279765936e-01 8.117908006551217692e-01
1.034417544495351837e-01 8.648540117068588273e-01
5.645307195076436635e-01 8.666810264646788164e-01
4.851873851232541557e-01 2.309147805048446245e-01
8.325315173341467645e-01 9.317925745606181476e-02
6.435374022588977727e-01 1.072776609899977612e-01
4.506474900333090616e-02 3.089032243969096481e-01
1.870289938258137274e-01 1.314519432655948394e-01
9.123206577088950331e-01 1.856150845504025426e-01
4.081151515018787146e-01 2.571552811833033303e-02
6.968628087911604707e-01 5.395278671149414951e-01
5.434432265742666912e-01 5.689182279050575275e-03
1.521862066838648442e-01 9.017490472801014123e-01
3.788646220579073853e-01 2.903449109148626972e-01
5.275545483063963648e-01 9.942272234614837334e-01
5.792400989642065845e-03 6.453692269691381211e-01
5.342323698942341714e-02 2.898455474721177705e-01
9.247198625107918568e-01 8.488117573863013243e-01
7.203661097804292535e-01 4.629983979516297810e-01
4.063886164914598531e-03 6.219876023328391179e-01
7.702303733846509459e-01 3.795091846849176220e-01
7.176573278982537607e-01 9.788401010008850323e-01
9.804316990154021694e-01 7.393737833124772729e-01
6.226561254531026712e-01 8.360824244912357095e-03
6.528859043948029850e-01 8.070818043330008074e-01
8.396795330292341486e-01 4.624576817466086176e-01
9.694347623473890119e-01 7.780869111975137198e-01
4.274640879849351816e-01 9.868017297705741209e-01
9.609893785410024772e-03 5.236902784695272040e-01
8.245180928432835898e-01 9.415675050994984918e-01
9.318389492160717991e-01 2.187057004885171185e-01
1.682213909602436885e-02 7.022726352173572772e-01
4.126760313113042589e-01 9.849908209812462401e-01
6.297113550919536396e-01 9.620848783993607434e-03
7.550001746646224365e-01 9.694141732444567783e-01
2.935447680153070449e-01 6.349176058552186142e-02
9.306041961545827856e-01 8.413146899960215475e-01
3.487359211760215905e-01 4.184986388915734601e-02
4.095568913050025017e-01 3.245080378601194471e-01
7.898942726977572493e-01 6.441240352485988474e-02
9.882987390075931300e-01 7.048045105295555057e-01
