9.253185549290566803e-01 5.017070465839930105e-01
6.214124507471844305e-01 5.230642540465413326e-01
4.754085940730501392e-01 5.503468023140780652e-01
6.558711910808325829e-01 6.758785792596405662e-01
7.735356356829005131e-01 5.526991495069322191e-02
4.698272405444283706e-01 8.120809743682743109e-01
8.605434677361234463e-01 1.185872843220819872e-01
8.576183012045526244e-01 8.775422841599438417e-01
9.678381989993889434e-01 3.104186646133799687e-01
5.609845115061826704e-01 1.789807952525317991e-01
1.245338961944866263e-01 8.718648958512045244e-01
9.467433289965931920e-01 6.754909682240808344e-01
9.644726226055831964e-01 2.989277299345471928e-01
4.459576849325405656e-01 8.018294262363694358e-01
7.049371005278308733e-01 2.922298352031538204e-02
9.966939664571409230e-01 4.956297921099285242e-01
4.191435842231167608e-01 3.498911603122489278e-01
7.658872342248222997e-01 9.365922887329728441e-01
4.740124631982176595e-01 6.822201019597381455e-01
1.329508635163575425e-01 1.444038549727403309e-01
6.450747894526360771e-01 4.737492607134119460e-01
5.473429982380968450e-01 5.614650438602530880e-01
1.084895815291049281e-01 8.509482794781570991e-01
8.787640238393802372e-01 8.592964569770800143e-01
1.383182659648124480e-01 2.676408430295325047e-01
8.051162645020315534e-02 2.094165803427061601e-01
7.823885925796478791e-01 9.280516843963283469e-01
6.632935555522969651e-01 1.828449022779168598e-01
1.079817309261665859e-02 6.286193925897971546e-01
1.819282333584334166e-01 2.640028964982052972e-01
9.699057964511950125e-01 3.176384722832429341e-01
9.925996849115353848e-01 6.295827003522732612e-01
9.047321401429503362e-01 1.966105744512748887e-01
9.068209294500726436e-01 5.101294929559840874e-01
2.076135883103773505e-01 6.377911742201275436e-01
7.134578053788940277e-01 9.578264350634911883e-01
7.022713009960612762e-01 2.728364844276726653e-01
6.995216446432532820e-01 6.618145608463844587e-01
6.192992236642362869e-01 1.051606967133900117e-02
7.574878098052608699e-01 1.341136539903642344e-01
8.744089289012428878e-01 8.631831226766558673e-01
3.643593106406840532e-01 3.449829996671561760e-01
3.003773226428640974e-03 5.054059705517210954e-01
9.225664041703384166e-01 2.029686523989204794e-01
6.244464638807452062e-01 5.951020923722316613e-01
6.305786011049829831e-01 5.843568721400316246e-01
8.330621935623615526e-01 6.614214772594038116e-01
2.537748678233531230e-02 6.939532426890897554e-01
7.720498688202587223e-01 5.451250791574957510e-02
8.509655499591944894e-01 3.136926851732109722e-01
1.951350709749021806e-01 7.248613225126309123e-01
7.998793474736328735e-01 9.182298585472027375e-01
8.093596496268434803e-01 7.616948335230910860e-02
8.696085578053058818e-01 6.683142966261409468e-01
1.108506986016548068e-01 7.654907975540090614e-01
2.063724989045888636e-01 8.056969462803809101e-02
4.918250468969005418e-01 1.468101968385981948e-03
9.593213966239131363e-01 2.846761038128758914e-01
6.754122750404667475e-01 5.240240252952033106e-01
8.505982569025318796e-01 8.830972764299822586e-01
4.740127321103694835e-01 4.309353243720643878e-01
7.601734516878222436e-02 2.166124900333282755e-01
8.254366741973490074e-01 9.014581589880346080e-01
9.821208942370327488e-01 6.941832996993569926e-01
9.970969343533275797e-01 5.147018287396134539e-01
9.964795213209004521e-01 4.919629486562068221e-01
6.971308805000314690e-01 2.705385797908810286e-02
6.672643092952690314e-01 7.067430874726163825e-01
5.479665263764337269e-01 9.930979076066822619e-01
6.582360846835153545e-01 1.783879893613860013e-02
5.833418171695625709e-02 7.698860329461127971e-01
1.722615541860557931e-01 2.240712736985903675e-01
7.784523396713626253e-01 5.128927868843627946e-01
9.354294987994217214e-01 2.280687203853586364e-01
8.187430017210681754e-01 8.223455062763074253e-02
7.560532678311490118e-01 7.217574181405127520e-01
8.462136239637578494e-02 7.216066552414197588e-01
8.443455510149853183e-01 8.878608646767562895e-01
6.356983582075205197e-01 1.532237537498111202e-01
8.714382199353454261e-02 8.206485468506926617e-01
3.337796084041971256e-01 4.930228117038329971e-01
6.688360609348401598e-01 9.709789882590904586e-01
3.221137507950356249e-01 1.042963317720683736e-01
5.157638938998210243e-01 9.388942119871153125e-01
8.157859583125888214e-01 2.837681727166576628e-01
2.629833511292359871e-01 4.530325246133881656e-02
1.035351578567333952e-02 4.018641839887486800e-01
4.613075968727273768e-01 9.985290447950473380e-01
2.089481926493526043e-01 6.770872991145645559e-01
9.712345916286594383e-01 7.368078794295261913e-01
7.700638519930321779e-01 6.535524173916240631e-01
9.849348223624114773e-01 6.794934083508119560e-01
1.578631671926871149e-01 9.060067875778793356e-01
8.246176202086021867e-01 1.891459162487521550e-01
6.078710538471177038e-01 2.274698727215693564e-02
7.577813290512059874e-01 8.771895379250056468e-01
7.150418071701047928e-02 7.937600305271443890e-01
9.387244051622526397e-01 2.349452367120680174e-01
9.913828031576917832e-01 6.393215265787645096e-01
2.319141398565426337e-01 6.354257060264123513e-02
1.029078711387262091e-01 7.655060722616854330e-01
1.543375013729453293e-01 3.980330734919717006e-01
9.441169778841933535e-01 7.849173880812833071e-01
4.636189056574459011e-01 6.745489317331990753e-01
5.646572132588277837e-01 4.697043674717215483e-02
6.382228130197764582e-01 2.372872734957288121e-01
1.130183564214434222e-01 1.667054504061754594e-01
1.635468814887309774e-01 9.109575036959801642e-01
5.301245510131408212e-01 8.521914925441317346e-01
3.251535640857827064e-02 5.001351560743125813e-01
2.884084018992562060e-01 9.779123401741027788e-01
2.980501700991073921e-01 4.525197993681028819e-01
7.751553124392172034e-01 3.210461117033414635e-01
6.836108859123460890e-01 8.120740024116853695e-01
4.553168542379675832e-01 8.183297022874730375e-01
9.397582561106831989e-01 2.371602639186218831e-01
8.204462594059455105e-01 4.888980837357708720e-01
5.965523036497069054e-01 5.910809660620763850e-01
4.132322434356887064e-01 6.684220085288590241e-01
2.925908431083155681e-01 2.193889600385010852e-01
4.667552582168086328e-01 9.984791258720322471e-01
3.248796453288022024e-01 9.859455077497422115e-01
9.344072618458965085e-02 1.908269737854467740e-01
8.994425294667088844e-01 8.397904073984001627e-01
6.669469429592624898e-01 9.084999396364300539e-01
9.175752127064973340e-01 8.196587555079118959e-01
3.555409712083013041e-03 5.216561013752432086e-01
3.597190966353464581e-01 9.860147783801467836e-02
8.624106562693115707e-01 1.205963251398175506e-01
9.952334410976367840e-01 4.731392434013610426e-01
2.884644824647776204e-02 3.392336514201415576e-01
3.732278427830737488e-02 5.471281440047006672e-01
9.914666400619291942e-01 4.309268124005268819e-01
9.967582517710896761e-01 5.499544961269728915e-01
5.632799433647227294e-02 2.621619646202470455e-01
9.098402769877055318e-01 1.816236889699366364e-01
1.180086173855110082e-01 2.968657794749993140e-01
1.804167258946076657e-01 5.671995023367332189e-01
7.788861208428340399e-01 8.741816440657729226e-01
9.308121606601779119e-01 8.035059128287878050e-01
6.694685981061433422e-01 2.024253603369607912e-02
6.245123252248214740e-01 9.569522111278920828e-01
5.825936310013501984e-01 6.461358268408514682e-01
5.012656558086880931e-01 2.534262751563766125e-01
3.420778091085913131e-01 1.277560731372096026e-02
5.944831777712716869e-01 4.817600541163665206e-01
3.717720396157850327e-02 5.532615832755327645e-01
8.654196017660954476e-01 1.238418204699990310e-01
5.026511232411992047e-01 6.916159572913073150e-01
6.520868366957183193e-01 9.754137884740733400e-01
5.246285791032819779e-01 7.672280411352521146e-01
7.172861813387562124e-01 9.566023425463000551e-01
8.679975848122409854e-01 2.030998392692126009e-01
8.915830683354007968e-01 8.475427140885795074e-01
1.557382398818762947e-02 6.557016493176571759e-01
9.448051033503317431e-01 4.072879371160403883e-01
3.268572447169965089e-01 9.235540658559571181e-01
4.432960409002374980e-01 9.255857380004506307e-01
2.989310471605769459e-01 2.734092906633189823e-02
4.978966581624470408e-03 5.489326414908788365e-01
8.841639033421166971e-02 1.975542555076182927e-01
1.688366423017220175e-01 1.109189881206031902e-01
4.124387577172923258e-01 2.254396768003520402e-01
8.705932376149700946e-01 4.499776636453278744e-01
1.135652204279583438e-01 6.046777129985966281e-01
7.322987918531358442e-01 7.861826132472591322e-01
2.766890846224479006e-01 7.459806613120489871e-01
5.050613442873028713e-01 1.907838334637161626e-01
4.395294860248585289e-01 9.982716192258779264e-01
9.748161547965550344e-01 3.365208090207051361e-01
4.280499766276500972e-01 3.296896687727035036e-01
6.329604360865843660e-01 9.801951183118210453e-01
9.382919264211589949e-01 7.934340309396452628e-01
1.653494250951625943e-02 6.600349294392561239e-01
6.601263302751414486e-02 7.839044615971608732e-01
4.167258100464569237e-01 7.274015603521890583e-01
5.758155079006349597e-01 5.915766320409242551e-01
7.224119863399038055e-02 5.950710853758798269e-01
9.021311256948321144e-01 7.883571259391006780e-01
8.932388731982869867e-01 5.757519691991824784e-01
5.156012618433949424e-01 2.979017811797785020e-01
2.801303767189450289e-01 6.527099625625634172e-01
3.050344551588908271e-01 9.821574474246380637e-01
8.564877666464308925e-01 1.847953857472147687e-01
1.215075895910112669e-01 1.568677050212375912e-01
5.665182734295532985e-01 3.378977638484151336e-01
3.022903030394619162e-02 7.082506806402150135e-01
4.658207857039519117e-01 9.985013669843036954e-01
5.655835108229978481e-01 9.913375492011886614e-01
2.310312254895690032e-01 5.707401380944512326e-01
2.110694060009037365e-01 9.474078391386152598e-01
2.267204203120987138e-02 3.463888500928260505e-01
2.896362201984475915e-01 3.164332914438117150e-02
2.722170307140742151e-01 3.597547183782090485e-01
5.179784352781796608e-01 5.702991397223446945e-01
3.938464535214725171e-02 7.303312768116541065e-01
6.666823191039701335e-01 1.719015545890233143e-01
2.038208679626646314e-01 1.546743426197961513e-01
9.727580101021050529e-01 7.325111947451101724e-01
4.993737494411538136e-01 2.933712705034071666e-01
1.840937471857420071e-01 9.279408439247668339e-01
4.998963667195013838e-01 6.132365244838608453e-03
2.156658707758132287e-01 6.146315938635884546e-01
2.204939105400971489e-01 9.533700062416144982e-01
1.194689280509755869e-01 4.980597358586639212e-01
5.345308283175009834e-01 6.807045738326941708e-02
2.676298625835005218e-02 6.983418965381845700e-01
3.140029163686541835e-01 9.839285124891330447e-01
9.960845805077985782e-01 5.752921690331693760e-01
1.974918151954034862e-01 9.382391831827511242e-01
2.937832378785212306e-01 9.793470128573854572e-01
3.009467540641495020e-01 4.892016603382935702e-02
1.476869017804202378e-01 4.422737857779824866e-01
3.446838153245920244e-01 8.479715830776374252e-01
9.234270909552962925e-01 2.746652096820782485e-01
1.371330652853316456e-01 8.859403169803050648e-01
1.393451181817071949e-01 5.357163121050728671e-01
8.429132290171998942e-01 1.014220931520515290e-01
7.017751760188380983e-01 2.833769638951744163e-02
9.650194730255003961e-01 3.006175741421158731e-01
7.991099735797524417e-01 8.950603086131974084e-01
6.527275967801744461e-01 7.110551543309103772e-01
7.966824464661461658e-01 5.668685922245451092e-01
8.092456048775201749e-01 9.125251185712277557e-01
8.690309798325996926e-01 8.679530066668695865e-01
9.215732723209363320e-01 8.148879499512371449e-01
9.806174213949651053e-01 7.012917420365605281e-01
4.231584559388379407e-02 2.855631812445414974e-01
3.358418419198797022e-01 5.240751817661242207e-01
1.256752150257053335e-01 8.732078738527596640e-01
1.765353773372050905e-01 8.719980042824442279e-01
5.363977649277483495e-02 2.992270397194353726e-01
6.402103988341605323e-01 7.738753293529583299e-01
3.181201057744872940e-01 8.799314777469273707e-01
8.879236813185176214e-01 8.024051532538749587e-01
8.447656955971877268e-01 4.956625501328387751e-01
9.856948662872774269e-01 3.888160016525448182e-01
9.547245678191172980e-01 7.688441814638129479e-01
4.204833293759874802e-01 1.646307851359316010e-01
5.299879660794768466e-01 3.893982665228110096e-01
9.877192638258865953e-01 6.631802736349738936e-01
8.965854005698301599e-01 1.624010903846971887e-01
3.306777842849906168e-02 7.158686506812335093e-01
5.756427243390164206e-01 5.977845700372741433e-01
4.887414464365746891e-02 2.689239690229402457e-01
9.357412064326818824e-01 7.969555977263595992e-01
8.384810528773694038e-01 7.495723884320296682e-01
9.770432536066255835e-01 7.165618683267575006e-01
6.099752003587961546e-01 9.849711062402601858e-01
3.909876499183180254e-01 5.016739493139632522e-03
8.061093015494051883e-01 1.102045625094005693e-01
7.979465357119673585e-02 5.850385946802689752e-01
7.775003466501632099e-01 9.306347159373881128e-01
7.019964503387440269e-01 5.229747216940392462e-01
6.375315130070436931e-01 9.144463034664347401e-01
7.954837989058960446e-02 2.108918594006813363e-01
1.179764823177944788e-01 2.106277217847664918e-01
1.139417096258621420e-02 6.334797642800992223e-01
2.273393721684283664e-01 9.571606880534028194e-01
4.022230618571823735e-01 9.969984941754322927e-01
9.945511182784124715e-01 4.645473645467216306e-01
3.113371344485330594e-01 3.963927080399782810e-01
1.088877751749535716e-01 7.671847968878029445e-01
7.566106601509373641e-01 4.722250711425568515e-02
4.069715797137754554e-01 9.363004129981409296e-01
8.601571699118880643e-01 3.693162128985559289e-01
6.796139429083173367e-01 2.264284335665101011e-02
3.691098572068002848e-01 8.346134979601292289e-03
3.057036131990684691e-01 2.467520083622476434e-02
4.846354112799839964e-01 9.833545027814430961e-01
5.270620194340964737e-01 3.827687131915716856e-01
9.395986998677789970e-01 3.572583063209032184e-01
4.138622149471069545e-01 9.976541540218277770e-01
3.317354636531198997e-01 9.871607123717632826e-01
3.965447189285368212e-01 6.474154841587159703e-02
8.999045937032076337e-01 8.393157419641397166e-01
1.689675952829403638e-01 1.659902846602167303e-01
3.371708553789696250e-01 1.413442299227840593e-02
2.657307755854954046e-02 3.325360438059211665e-01
6.051636117159338024e-01 2.512319329883221930e-01
3.961940272191342149e-01 9.964538986039277457e-01
4.700067115640484128e-02 6.983756732428936242e-01
8.102578070056103421e-01 7.924839610687457458e-01
7.693294671052841593e-03 4.186905364960454845e-01
4.031513249953433409e-03 4.505212893439293209e-01
9.148741723938982329e-01 1.899449000941193511e-01
3.706039571729428106e-01 6.855988613096775097e-03
6.648579682373478850e-02 2.333439405804843547e-01
7.504600536947927392e-01 1.355793796434030807e-01
9.930322279673926555e-01 6.261045659383930317e-01
6.033259895167365494e-01 9.005106386965562315e-01
9.318912441312328099e-01 2.209218800924412918e-01
3.565222280121369547e-01 9.911489107081898897e-01
9.311734460305910455e-01 7.227068697297409638e-01
5.847985753758092597e-01 9.890645541018473486e-01
7.104490895603692291e-01 7.016801311784912620e-01
2.785833236150200287e-01 9.751883115320006956e-01
5.030624368163310045e-01 9.676510312876146491e-01
7.795143731548360710e-01 5.190335200299067697e-01
8.999127336362150453e-01 3.598654576608735223e-01
9.939919100274442476e-01 4.578602451742106449e-01
9.778176450152584742e-01 3.491779989612255886e-01
1.445376929763263485e-01 8.936298957655706143e-01
2.988268678875026785e-01 9.806354132838804860e-01
3.297143868819182311e-01 1.630235338791075073e-02
3.618547010841316469e-01 8.654716455695296018e-01
4.090213699077303033e-01 3.697673525554834306e-03
8.600456549602220058e-02 8.188323955208447469e-01
3.935657431388194238e-01 9.961667637851812085e-01
2.290586017908080585e-02 6.856027479871328323e-01
2.059392886952422508e-01 9.441177519434119647e-01
7.771137808510093503e-01 3.276202396713061571e-01
3.837235293382492696e-01 9.950150612373280801e-01
5.362673238441939549e-01 2.240311114657944636e-03
8.832463371302524680e-01 8.552411874391691038e-01
8.714735092593695054e-01 1.305950924120362622e-01
4.497239382608816394e-01 9.549560680245126054e-01
7.658058269705875221e-01 9.366318818748212705e-01
5.828649336115511170e-01 3.182250643463004902e-01
9.458147533419682951e-01 3.435652057034337958e-01
3.208475337897020996e-02 3.141929981470393818e-01
2.769385049263717313e-03 4.849079244349049356e-01
3.863278272726387574e-01 7.798628354866794510e-01
4.707894833910770682e-01 1.680718219867673446e-01
4.640671418694067851e-01 9.985248861546330845e-01
9.532365875269974698e-01 2.685587448765713869e-01
6.469242612804080306e-01 7.700267306739047024e-01
5.425582672145838614e-02 2.757141717558096450e-01
9.769869803459854118e-01 3.456416645557945921e-01
2.989484661619368211e-01 3.716029874734229355e-02
9.958598855476776812e-01 4.821464548867490096e-01
9.063777619027069132e-01 8.324065243931249025e-01
8.371432037916043400e-01 9.637056802889076845e-02
6.924358486578831295e-02 4.444977206582043650e-01
4.797540486083422540e-01 3.017373223682591199e-01
9.432451186669125187e-01 2.447025305962581276e-01
6.189855942303146286e-03 5.741879822525545185e-01
8.249115009665435316e-01 8.669086270169024111e-02
1.179713637055515019e-01 7.224013554845321039e-01
3.231612362054037124e-02 7.139191364941396278e-01
4.651293620959839892e-03 5.496016192316153237e-01
1.345980339962077610e-01 2.253042083208350310e-01
1.165666466128934819e-01 6.630368728682762836e-01
9.050358289426303493e-01 7.916894612580767099e-01
3.155008559960863490e-01 3.387010912352443337e-01
6.967822960524017173e-01 7.444852663591673414e-01
6.871740820828975416e-03 5.842250883434193520e-01
9.971955451345988486e-01 5.281815029701557584e-01
3.954670927614680198e-01 5.120052465165457756e-01
9.892829070976183470e-01 6.535898075684878350e-01
7.926203200913770619e-01 6.604182846508932503e-02
1.467604892822982343e-02 3.799455993299098999e-01
8.292401028636469107e-01 8.987825844068773051e-01
3.098884750466530669e-01 2.312039211483662982e-02
3.531284219426606974e-01 3.302138600632000820e-01
3.510621109245077309e-01 4.142033852168813812e-01
4.022959554456848608e-01 1.391375649235145340e-01
5.981978608704300315e-01 5.785047282404364166e-01
1.270211762112909981e-01 4.203953930333973465e-01
8.257780667309477796e-02 8.131296878302911590e-01
9.834674418628300829e-01 6.873647044824380270e-01
8.051487103057006767e-01 1.161702254863744427e-01
3.415277241471009750e-01 2.308617626173589676e-01
4.497731352326650445e-01 2.083043512886795234e-03
5.528806283772335073e-01 7.930211194729585023e-01
3.615209196059392394e-01 8.263897554924737321e-03
3.378569038614998021e-03 5.165778277305528299e-01
1.796538486421017655e-02 3.655817912377529177e-01
1.069231403923523727e-01 4.909760067697403474e-01
4.696004222788520699e-01 6.487567883256996348e-02
6.203722660770272235e-01 5.074835806381894354e-01
8.359135995156323773e-01 6.513034660061909342e-01
6.560439896860288389e-01 8.869489513128692160e-01
8.931797829279207734e-01 1.578216994148539110e-01
8.071605821755911681e-02 8.099283450160480458e-01
6.877878674619832822e-01 9.655397708978462612e-01
2.067494469043349437e-01 9.446448528456709015e-01
9.440058111660954987e-01 2.463577405840199352e-01
1.868210426297201299e-01 8.329737295082650927e-01
5.366932608762502166e-02 2.642885111431338974e-01
1.502488280635061457e-01 8.991748044159448838e-01
2.547285407553836478e-01 9.674925309860580303e-01
8.518141813019833863e-01 6.549440018074437209e-01
9.731234767156271559e-01 7.313236011267577608e-01
9.316679074259703874e-02 8.295741426909611915e-01
3.474351847362815993e-01 9.840859634317296045e-01
5.802980951195141346e-01 3.176108657732558405e-02
8.764279431485577643e-01 1.365150617376296172e-01
2.428641305739241696e-01 6.961400622361790802e-01
6.160967087336109982e-01 9.837910995556987670e-01
1.367369185082356609e-02 3.847421498964850306e-01
5.176577231424372982e-02 2.618122922907745176e-01
9.109952012788705700e-01 8.273538266108053651e-01
5.933119985099934990e-01 9.878080133538924557e-01
7.071119240386219973e-01 5.461439740402632692e-01
4.684972868754421205e-01 9.984328759494964789e-01
6.104507583240981194e-01 5.378215250532659697e-01
5.323178804464971936e-01 1.806486665719196916e-01
8.591510713738625959e-02 2.012318734448076407e-01
3.857295166535290032e-01 8.156640989137989850e-01
6.051940377809258420e-01 9.858722090932194870e-01
7.185582737774871553e-01 2.503387281812850529e-01
7.428276580376910188e-01 9.469639716714268740e-01
1.260473111996905093e-01 4.585498019725702257e-01
3.816827930945299041e-02 7.275854584365892830e-01
1.755704426193349654e-02 6.646356886996790392e-01
7.372490974129093377e-01 5.364339485569640242e-01
5.813499592214513845e-01 3.523039338480363214e-01
4.713782028613355268e-01 2.634324896617110806e-02
6.598116053726481578e-01 9.733795969640626211e-01
2.732055057260703856e-01 3.971235597219924252e-02
4.054740975282756787e-01 9.971943111080163735e-01
9.640420350456425647e-01 7.525186182663474721e-01
5.578045060256178189e-01 3.599253556428427814e-03
7.569494257822446670e-01 9.409128625196738760e-01
6.998558586701789652e-01 8.914621432760816422e-01
7.470567581748521757e-01 9.452134003187170341e-01
7.357330833324715602e-02 7.974051837502168505e-01
8.280296254908229292e-01 8.907466098994865078e-02
6.537808701467098249e-01 1.693191231242008321e-02
3.811155918710319446e-01 3.417458215626296703e-01
1.120185149281827108e-01 8.557172561299450919e-01
2.337907290907526026e-02 6.872211408317293602e-01
9.702928800509381668e-01 7.391810701907510772e-01
1.658958358242876019e-01 7.575140435363508784e-01
9.557013386698927082e-01 3.039667331062285704e-01
9.512105317097540036e-01 2.633739351438827425e-01
8.288788874471444412e-01 8.701693987218446225e-01
1.017182566167289803e-01 2.149015536134125937e-01
6.977649369064519158e-01 9.626194873541057406e-01
1.770634037116329551e-02 4.704060134708376029e-01
1.003464324205814023e-01 5.471356770933226699e-01
9.664616505728558238e-01 3.056124288668727873e-01
2.376986435391464925e-01 4.053792561221499779e-01
3.754422205010728986e-01 9.940050120734107431e-01
5.971455356344657073e-02 2.460152830644238842e-01
2.592897932637452940e-01 4.583001991614737980e-01
5.924139771989418435e-01 9.879418915493823894e-01
1.419283425672219767e-01 1.354941506729313572e-01
4.302556268728764399e-01 9.981012464775997906e-01
8.747615316438484001e-01 6.603586575141370263e-01
9.905615516805572618e-01 4.215235656705338396e-01
5.478895872488798169e-01 4.379149882995161391e-01
3.578771200350442383e-01 8.954790513892519899e-01
8.879037401127193307e-01 4.960797975729370757e-01
8.408553333591375356e-01 9.948481199228054184e-02
5.719159081033897696e-01 8.019064676449559892e-01
1.108259238470771235e-01 1.692750694897104946e-01
2.060892908499764031e-01 9.442211733537597684e-01
9.823490783162114326e-01 3.709145456779469052e-01
7.515434566413110584e-01 3.682048844911912644e-01
8.014154597553269088e-01 7.673191605074556332e-01
6.364204934136863390e-01 7.250522520766887746e-01
7.993528440111788980e-01 6.997235029580017862e-02
5.655624348737946505e-01 4.268068964464966086e-03
1.577096674932771669e-01 4.456026689426146326e-01
6.274039835299675127e-01 1.188513934657264848e-02
7.479013781949809259e-01 4.362549175513763533e-02
7.801668151656393491e-02 2.133730437179074402e-01
7.906123774104206747e-01 6.580298421787889041e-01
8.783328563608759909e-01 1.388595365981258878e-01
5.051153473657512549e-01 6.035687838250206605e-01
3.207343005498481947e-01 7.932846910983716304e-01
5.800342807710835435e-01 5.581348535316554837e-03
9.795331055936806752e-01 3.569400029327332025e-01
1.032041902412051959e-01 8.437165872181818793e-01
1.005667834342668931e-01 3.172782477561041370e-01
8.671278872584592401e-01 1.257237606993077961e-01
8.335570810564316702e-01 2.425625091726263949e-01
2.340375691165340610e-01 9.603083541295714953e-01
2.745802479283049324e-01 9.739573213337600066e-01
9.772983251871625310e-01 4.328653561700825936e-01
2.142493593486278769e-01 7.519685276579635147e-02
3.740640605335207036e-01 9.938353401286326161e-01
5.879252807686530247e-02 7.707566292680522180e-01
2.654194655729409935e-01 8.674619066861584127e-01
4.546886113911399185e-01 9.984630756386864148e-01
9.791440887949776073e-02 1.850706990497982263e-01
3.490919331885796173e-01 1.032545370226997522e-01
3.614110289580616531e-01 6.524892917708037254e-01
9.898078388127757865e-01 6.501587981579821651e-01
4.981389208398134816e-01 9.973041125356024716e-01
5.378430243358039986e-01 5.483815170821801921e-01
6.810060998746654271e-01 1.485542208398307751e-01
8.104352498348400546e-01 3.969097312043071701e-01
1.946542422464758448e-01 1.091783751170141148e-01
3.162005328260750203e-01 4.707171414299105017e-01
9.678422607256649268e-01 7.450770591829115608e-01
1.460020230049344780e-01 1.315860224415673629e-01
9.942267589384902182e-01 4.606609752880111985e-01
4.062574107949516455e-01 9.264083814094553615e-01
1.867511697417240102e-01 9.568161872955260883e-02
2.393682864705787283e-01 9.624293342335984436e-01
3.192946162126002463e-01 1.968890778464527092e-02
8.678541769186307597e-01 1.308660549707701126e-01
3.621575422419154311e-01 8.154889464282666367e-03
8.184520990192190038e-01 9.063310582834611662e-01
9.683563485097120838e-01 6.678571500258509985e-01
9.764183513815453130e-01 7.189375020915359515e-01
1.370201374186375554e-01 4.555901296071356299e-01
6.101312660254610831e-01 4.583457578891706463e-01
3.650772112000456038e-01 8.255842741663993456e-01
4.542516576807014567e-02 3.637047152013699880e-01
1.603908446602030080e-01 3.963057023840597659e-01
7.455082979269618548e-02 3.138543599338089463e-01
9.866179038959419501e-01 3.939091261849444470e-01
5.345942129948659804e-01 9.189241621922978887e-01
5.578385317211584926e-01 7.723318840684471887e-02
1.999283057683927389e-02 5.782522070112524615e-01
7.805505427537665630e-01 5.914535978816926054e-02
4.171871985158852603e-01 5.035146836788417790e-01
1.936617024465829284e-01 2.003642332288157746e-01
8.266861496300736967e-03 6.011997845430936405e-01
6.997378952768928961e-01 7.049092224674442797e-02
2.563446976564200952e-01 4.904448100604896776e-02
5.288408321740720730e-01 5.875674372892552011e-01
8.159480878432420203e-01 8.662591140038370385e-01
3.556438240640250048e-01 2.733995971328392338e-01
4.776708714232050790e-01 9.981696176147585309e-01
2.450355889826827116e-01 3.455970659036646797e-01
6.648403463652367007e-01 1.921400984515475585e-02
9.475040909424492508e-02 1.891157134622939440e-01
5.749870403703019051e-01 9.902842041226614933e-01
9.803336668292139677e-03 4.050202245671129520e-01
8.660740072705300774e-01 8.705069900854442988e-01
9.612056297551911932e-01 7.578936272622678327e-01
9.972306149507362827e-01 5.222837163525330118e-01
7.249970332137287699e-01 3.485305060819432477e-02
9.593081341318057120e-01 4.487582247320088258e-01
8.243212088794475978e-01 9.022388063384636503e-01
4.189477472771071520e-01 9.978345216497728210e-01
7.676622243406910906e-01 5.230108332931149295e-02
5.977320396426157867e-01 9.871189867850576061e-01
3.014589704027733630e-01 2.781020042325393557e-02
3.404671546200719878e-01 5.779790021598165684e-01
5.482303642066524985e-01 3.216025118873154787e-01
8.324810975851969497e-01 5.506874608825761408e-01
2.012971790161777186e-01 2.322894362752139785e-01
2.248449715775673319e-01 9.558139766743334320e-01
9.305226245783272399e-01 2.194659290014927822e-01
1.409464908437852992e-01 1.364495231434059708e-01
9.446343808716540780e-01 2.477479512443371279e-01
6.316483631508557073e-01 1.712897062586986041e-01
6.132309735472407652e-01 2.579248485004498326e-01
4.572194942821642405e-01 1.948326209828876721e-03
8.947736142474965737e-01 8.444083678249064695e-01
4.687070162313210497e-01 9.934530143352761078e-01
1.533241197330523498e-01 7.513075163314297811e-01
2.160119111392444502e-02 6.807659504081752244e-01
3.557930732523610917e-01 3.981655932598624492e-01
2.555876310103939453e-01 8.017529903642055533e-01
1.069491542674521067e-01 1.739611258918440928e-01
3.182210863276367929e-01 9.697241704518666516e-01
9.953101613525956459e-01 5.953550919202281744e-01
6.986915730154917847e-01 3.728360268514852027e-01
8.415078122779862113e-01 8.899982436677427167e-01
7.106730628240072178e-01 7.575766686178153630e-01
4.574507235690983276e-01 9.275151298087999652e-02
9.895288013600058719e-01 4.121811931981079757e-01
1.602720294441761784e-02 3.736725884846953116e-01
9.085101506065356158e-01 8.301233085184177574e-01
4.720987998995067603e-01 3.446580047862678464e-01
9.788305551943287108e-01 7.091880849099549966e-01
3.536007199902246878e-01 9.755177353228949855e-03
9.471812655005740211e-02 1.891572088886763758e-01
5.644710849632817995e-01 8.133484358199478681e-01
3.192776498095790116e-01 6.990047458144017511e-01
2.375843105812148748e-01 6.002499447869025229e-02
2.311843214093817767e-01 1.092245103239072868e-01
2.780527914973175418e-01 3.714427121568608658e-02
3.642363949322592331e-01 4.327859163173310986e-01
1.361120062850555978e-01 8.848453670882623356e-01
2.256986036113807215e-01 9.562761018070826680e-01
2.134327502630197215e-01 3.858159231960167079e-01
2.586989155809650276e-01 4.768444342599587049e-02
3.998425337290186787e-01 4.314366544077463672e-03
4.805469448700909751e-01 6.823563101518568264e-01
2.982638617062259856e-01 5.915940706486916278e-01
6.856415752337747804e-01 9.351643131290524602e-01
3.244529149807280355e-01 9.065489134222504131e-01
5.826324901095370629e-02 3.579848300884531098e-01
3.787439161995301840e-01 3.993796725798248737e-01
3.152906046887598568e-01 8.772541900358447053e-01
7.552201235058022544e-01 4.078769102256338819e-01
7.355610812247762587e-01 9.499506680960756455e-01
9.692912473572197207e-01 6.235076726981456652e-01
6.212334896095359493e-01 8.205361545031973902e-01
7.211215203003726870e-01 2.728463611858041316e-01
4.892277655188191354e-01 7.544580015234719772e-01
4.189530312613731766e-02 7.358300685833497612e-01
6.542928333064024216e-03 4.279034705953641549e-01
9.395348361182889185e-01 6.997813472288278991e-01
7.372632090711275232e-01 6.823820633192427820e-01
2.794688411968615505e-03 4.823285166752151465e-01
4.964253219850821019e-01 9.852697342424932003e-01
6.616779371767076423e-01 7.069802755492715640e-01
2.238493025528484892e-01 5.448505347351174644e-01
9.269788256244975155e-01 8.083649852337572161e-01
5.169935975758881419e-01 7.754383474458227399e-01
9.719656446204597566e-01 3.249728747846950538e-01
2.563636121598446560e-01 8.201485635743765990e-01
4.943989835752925499e-01 3.204478021641177787e-01
5.025831528568635020e-01 4.175884148345375690e-01
5.483387699589172826e-01 2.965309711348229627e-03
4.887652865158740867e-01 7.921033683171153639e-01
7.767498443782197004e-01 8.371715990154362519e-01
8.732384985462487981e-01 2.592166811966338247e-01
9.959675608602730490e-01 5.483891587741839269e-01
5.806089845727423482e-01 9.896093644611213547e-01
8.269618995386960325e-01 2.846785588088324714e-01
6.973057226261503150e-02 7.906280810498957923e-01
8.058559283445416721e-01 2.070896741268821173e-01
3.495310481657969426e-01 9.900336031738170561e-01
4.155815003899736571e-01 2.128538568337088877e-01
8.644991966308473996e-01 6.776098991511412262e-01
9.625225376803240307e-01 2.933206495738361896e-01
1.170077731550516059e-01 3.425739459529276720e-01
7.251493159150425027e-01 4.650473488086823148e-01
5.914287533037346778e-01 8.517741332011506961e-01
1.765423822470699733e-01 3.821143499114091346e-01
9.298886776916224228e-01 4.483503478091326877e-01
4.870438354681289050e-01 9.978238057371751069e-01
2.616972406364493908e-01 8.795796701633356030e-01
3.871587969029088860e-03 5.305490739828758739e-01
5.529192675356342512e-03 4.362566183369421813e-01
1.540934758281335970e-01 1.240549913586184161e-01
1.316833662015987061e-01 8.800162018943874509e-01
9.114786116392999127e-02 3.611595006661847962e-01
1.468959251430790314e-02 6.514400082388810409e-01
9.968374782016808933e-01 5.468332311788210998e-01
4.365339090474318340e-03 5.431599728354197243e-01
4.728554676425137382e-01 5.057016178052086142e-01
9.084849688764299325e-01 7.098307151902794043e-01
5.055114035324237420e-01 4.195950320130025224e-01
1.850244823184623785e-02 5.042216029732571325e-01
5.041306381042354179e-01 9.968678681036896583e-01
1.608330301939236984e-01 1.179373274428671126e-01
1.101359150039660229e-02 6.304020880069384214e-01
8.648828058379031125e-01 8.715350055370754134e-01
7.154633633873391796e-01 4.935689664894882256e-01
5.918228813914037101e-01 3.565949015816591849e-01
2.592679533253050561e-02 3.346891466204346965e-01
7.599053572573896131e-01 9.394976093842913878e-01
6.356432489829978438e-01 9.795425914278065305e-01
2.746217585088649438e-01 3.894892050227927172e-02
8.375975117860633423e-01 9.674118116173990867e-02
5.669625246956230269e-01 3.106608938488759630e-01
2.290158346651138821e-02 3.454701400417385937e-01
2.342278559647781311e-02 3.433871484644981376e-01
4.754025266916956927e-01 8.547158902319405005e-01
4.148588905816374961e-03 5.380467259379093647e-01
3.523298993685282099e-01 1.066444206770348485e-01
9.525556844526190670e-01 7.722641758527291067e-01
5.524587095904315293e-01 3.239865181957957141e-03
6.057199401123460891e-01 8.525658562088533898e-03
8.053022694288156647e-01 8.399907062580075356e-01
4.696597428187584411e-01 7.362265261417927364e-01
7.428171560359829728e-01 4.155933051300031433e-02
8.254835834283433815e-01 1.722887492066511039e-01
9.948961911784435230e-01 4.688661314018908177e-01
1.952948855735688327e-01 9.085620334414484800e-02
6.770326083519190297e-01 2.791046991242960296e-01
7.872568431089600471e-01 6.296333680150811851e-02
9.057669343779948257e-01 1.754085270090368631e-01
7.522175347476710572e-01 9.429723525012129182e-01
2.248553328417861041e-01 3.747944275623338317e-01
5.365791090472719072e-01 5.222976979430010713e-01
3.729686501048598002e-01 6.587387955322321353e-03
2.202753427765679062e-01 9.532449138578565906e-01
3.321099945862088787e-01 5.996940543334171592e-01
7.650209108344613318e-01 4.657790476029246562e-01
3.418524533279355127e-01 9.508670932017880550e-02
6.121876012329643402e-01 9.845515316740739431e-01
1.901504686692621626e-01 8.427628854073958564e-01
5.131810003095238493e-02 7.560520447950457301e-01
3.389630187220524782e-01 5.298235150478769473e-01
5.681863901103090253e-01 3.661243873395453319e-01
7.128982600337088193e-01 7.564979653868995069e-01
7.911069642589720896e-01 9.231991742728810069e-01
8.643294308799731596e-03 4.119588117751875611e-01
8.769904736924262201e-01 1.372003240401232782e-01
4.137946434380903593e-01 3.410957087489063788e-03
9.003393841752083127e-03 6.098668180513254766e-01
1.942077780330667136e-01 3.140478545908427233e-01
3.433023616468758865e-01 7.972467778289149543e-01
4.633049667564025365e-01 2.564615919987340287e-01
2.333585238119480487e-01 3.273813325335803714e-01
2.163088716979743031e-01 7.381663277310679394e-02
4.306086567174061130e-02 7.383748858160635864e-01
7.298956645180243452e-01 3.650374180190496531e-02
8.550821851484147196e-03 6.046290080179814730e-01
2.145148658565301236e-01 4.760432113404797771e-01
6.660036982011727780e-01 2.340177593747289064e-01
7.172893048513585557e-01 4.167070426892295343e-01
2.358173880980595216e-01 9.610263711040890611e-01
8.916053055185860221e-02 4.122367334296742625e-01
9.832710368805051004e-01 3.755056868598379838e-01
1.707047946985759124e-01 9.170785813370577744e-01
1.929197173805206333e-01 6.130671895709980390e-01
7.063509528806724003e-01 9.600468382808573509e-01
5.893933576929039075e-01 6.478772682466993338e-03
8.714161672555166271e-01 5.522932784483113311e-01
2.702923350818005055e-01 1.147787546622463517e-01
8.536580320691175006e-01 4.400586001942803360e-01
3.018608273271938813e-03 4.692641469888454431e-01
6.481063189743934139e-01 9.764218569427208783e-01
5.315837525186651868e-01 6.921150640084552386e-01
6.778152171396434333e-01 6.597221461692872602e-01
7.939513031953877586e-01 9.216008614232892304e-01
3.939381848834466737e-01 2.086372690148671771e-01
4.687060684286992185e-02 7.466890817693175864e-01
1.891475747446915712e-01 9.318715194897920773e-01
8.821415543897370704e-03 6.078729220346192896e-01
5.068210475992622754e-01 5.523354079855840038e-01
9.260874456891133866e-01 2.093165775587235711e-01
7.139021634225306556e-03 4.231026917129204756e-01
5.611333248547725194e-01 2.075918471373038587e-01
2.284017771433412003e-01 6.580772263475076489e-02
5.510721083313967483e-01 4.753021100143666189e-01
6.106398727813441285e-01 8.579068860946725827e-01
2.248184602265302923e-01 6.814385992255067581e-02
6.804883413739668541e-01 3.069402039888036171e-01
5.430915137709461105e-01 4.617160493917652486e-01
5.380415416549826357e-01 2.335293892501422164e-03
6.386894046112775447e-01 1.400309140465250124e-02
1.090380309733706143e-01 1.714002757848883673e-01
9.956733244487935286e-01 5.868945936950822340e-01
8.575633408907956667e-01 1.429558061567843263e-01
5.614378059688136524e-01 6.806467582238415748e-01
6.014911841633143741e-01 1.880010569963503630e-01
3.429540117166474111e-01 5.402756832151824895e-01
8.106424792533439838e-01 5.954206890630242555e-01
5.311074271352965726e-01 1.975324482956120065e-03
8.789034384656153609e-01 2.229716752447143402e-01
1.474163006330793113e-01 8.965433677895471298e-01
3.084390475776798146e-01 9.828530835906280627e-01
1.802523206047754734e-01 9.248960516087946226e-01
9.894026160291822247e-01 6.528375717444739879e-01
8.166417556669086641e-01 9.075539531993294107e-01
2.402775879633918255e-01 4.452631726715003957e-01
6.008099981513709276e-01 9.866262191208502452e-01
5.833703286403073562e-01 5.847997356261855906e-01
6.821585286303205597e-01 4.139487482355967973e-01
9.489174621400836562e-01 7.777923518502682931e-01
6.241922757665649968e-01 9.821781585394278036e-01
2.115882274581511457e-01 8.045852612960735506e-01
4.149942170463185587e-01 9.977052909304667816e-01
4.907703711481433695e-01 9.976739113293312533e-01
8.865414271493754494e-02 8.229965491695691027e-01
7.672788018431362378e-01 1.982832072955141856e-01
9.865576102917651413e-01 6.702404022645224169e-01
3.045107269996525923e-01 6.476454226240140055e-02
6.015524240356843189e-01 7.956353276234784389e-03
2.797269216244533951e-01 8.498494626612127512e-01
6.917264535669265246e-02 2.285574850046493411e-01
5.222137388742049691e-01 3.156398826878549224e-01
3.689485843507411822e-02 2.995488984691681011e-01
1.870359290825541476e-01 7.332206095268786195e-01
8.862557396788612873e-01 1.488016252431134667e-01
6.691277106486013260e-01 1.730123176712376198e-01
6.991181127742496226e-01 9.622153967555785448e-01
1.920878621670306652e-01 9.341571653580683643e-01
4.308256890733150879e-01 1.059367724701244934e-01
7.800504177409744999e-01 9.292905258386434664e-01
6.755697145637118428e-01 8.602338566104085205e-01
4.616713270029174643e-01 2.626566369469657825e-01
9.822090823287530359e-01 3.881437922646022720e-01
4.218055917242506947e-01 9.979278947472600692e-01
8.731406210965141357e-01 1.325186853359034966e-01
5.375386646956031855e-01 6.114065243880392048e-02
6.823971461638408398e-01 2.613071464310550707e-01
5.479381932786191456e-01 1.685982460311479247e-01
2.500605434553654360e-01 9.659631397163258582e-01
1.585862714137485918e-01 5.283094235364660385e-01
4.120885895891132078e-01 3.513283886519058541e-03
7.247960255316627798e-01 5.804953844217302095e-01
8.831057541203086725e-01 1.875638238601929908e-01
5.251303652464400784e-03 5.599124402595692107e-01
8.499837278164235066e-01 2.879274627512278251e-01
5.201815139609957672e-01 4.380741674519804396e-02
6.127354070955232102e-01 6.913588031353460339e-01
4.187816620407386337e-01 8.565217254928876311e-01
7.385700355303144171e-01 1.935931679775317882e-01
3.201990042622671062e-02 3.144082121169693433e-01
1.993112011755023560e-01 1.723685735287159293e-01
8.393442321902758740e-01 8.916149991990399704e-01
5.257790729831930410e-01 1.040065396860856833e-01
3.684814115293157943e-01 7.404534492413321622e-01
3.633561543129038007e-02 3.010300478998398921e-01
4.006176899570194072e-01 5.967880337558234549e-01
2.409541423606054167e-02 3.409313253261831989e-01
8.070505718942263540e-01 7.470695737466226394e-02
5.783465087005489336e-01 9.898974527600437057e-01
4.591717630546603979e-01 2.292427437694317949e-01
4.221236051975239545e-01 7.736500086771070928e-01
9.872703843239146737e-01 3.977367895225556449e-01
3.574326948941664028e-03 4.554739339523325992e-01
1.286685419054259816e-01 1.489136302714956228e-01
3.177597031541766204e-01 1.237127025416892290e-01
2.536971045489296861e-01 6.942172942167572636e-01
9.281361821905335097e-01 6.532306963382339404e-01
2.444958050121663895e-01 9.641338481775929559e-01
9.563929688326285872e-01 7.661137684909720136e-01
3.198140754349752535e-01 4.532669608552173379e-01
4.812097402792663292e-01 1.529731596442207575e-03
5.412260925090325303e-01 2.515502080252640660e-03
8.313612680445706671e-01 9.166507530849665741e-02
1.931037648008794294e-01 2.387930433780862116e-01
5.854932460279773654e-01 1.586505907561429340e-01
3.986620478726994321e-01 7.597845192906269585e-01
7.829610748181875524e-01 4.726947607492990588e-01
5.696967834258185315e-01 4.627569061056768795e-03
8.705715443870098991e-01 3.841631515897965254e-01
9.688727493124128509e-01 7.426561235697675123e-01
9.783264653189867044e-01 3.514152395007236196e-01
5.302607115801912796e-01 9.766938259973684255e-01
1.111942219886235539e-01 5.148985396613793286e-01
3.785126588111033530e-01 2.068009979755358607e-01
8.550532317541613692e-01 1.128824209478319629e-01
6.317328109185225138e-01 1.266014108783630743e-02
8.813603149766202627e-02 8.222012158943170501e-01
3.410165208790721936e-01 6.138176635352466937e-01
6.905223111722773588e-01 2.537725074234042921e-02
3.158198469051373691e-01 2.320345118527749051e-01
7.925412633325252809e-01 6.163279015895268831e-01
6.743341409896961292e-01 2.134866186982764535e-02
1.797792175791237956e-01 3.434430250794698325e-01
3.377205453232047794e-01 4.330247710671681904e-01
7.251200939150870273e-01 9.538936153450521260e-01
6.143068173036413393e-01 3.793383611758681662e-01
1.329440613313118968e-01 4.583295055804981200e-01
4.362794175628312288e-01 4.968298988280733797e-01
2.840023292342500616e-01 9.114942346882759505e-01
1.192702238179298435e-01 8.654241569499735443e-01
6.201816794772813113e-02 5.986544226469066032e-01
8.474167619393164763e-01 7.509494250247170655e-01
9.246048454807387351e-02 4.580098904669322457e-01
3.853345200147958449e-01 1.682572425797731197e-01
7.893787039160417018e-01 5.319237855567409134e-01
5.619957764500024266e-01 1.702704180127508765e-02
1.907767116149513276e-01 1.211527953818667125e-01
8.285798604541287915e-01 7.078722152461685013e-01
9.934370603924274068e-01 6.227869563400152408e-01
9.485977889960423015e-01 2.570792135913985144e-01
5.072550962338348568e-02 6.921137608697216503e-01
3.160444008970386687e-01 1.815614014699995782e-01
3.301943953575925406e-01 3.610738154325035532e-01
4.158527327306343890e-01 4.667808906911773414e-01
2.809878182421630122e-01 2.925487113252773774e-01
5.947298847404747235e-01 4.190509102798439800e-01
8.078201031606774274e-01 9.134637718985666455e-01
4.525518890195119326e-01 8.649092785553907925e-01
2.851666828031951262e-03 4.765672036205693685e-01
2.207294858725408482e-01 1.457678297107552479e-01
8.904727057413920344e-01 8.486254526725837133e-01
9.892497434962416181e-01 4.098330831832328602e-01
7.133701832854610903e-01 5.212509013732309349e-01
5.610565741499533576e-01 6.570224003702725135e-02
9.079622098548503217e-01 1.787528963040178054e-01
3.570657377630210849e-01 9.452712986928696326e-01
4.236409978949832733e-01 5.974209570214000786e-01
8.282349448759341870e-01 5.992565895252504049e-01
9.601790598807291577e-01 7.597777394558759001e-01
6.203109113872804503e-01 3.832407134652161540e-01
8.950233260118511947e-02 1.960842072247467316e-01
9.114910715564981114e-01 1.843012797990141172e-01
8.554546083596561434e-01 1.132964702059198192e-01
1.392658933793291531e-01 8.881956958915444567e-01
4.001820185434656341e-01 3.363786194463594392e-01
1.503565531541881661e-01 5.392263973623249163e-01
8.226873915073553700e-01 8.503577717867738528e-02
3.603525415527364384e-01 9.347745109595948509e-01
2.746429232263103426e-02 7.004506642926460191e-01
4.581103184843804410e-02 2.766268683977888276e-01
7.087849127391583348e-01 2.570980059924422023e-01
6.964857029840713087e-01 6.467035907242266735e-01
1.222571930228366632e-02 6.394462921538947020e-01
2.385670608885039345e-01 8.038397478262435669e-01
6.799266475605090232e-01 2.095645475018972081e-01
7.012990173478600431e-01 5.982461577214341908e-01
9.912982299023096466e-01 4.449146520579201347e-01
4.027749392176187548e-01 5.895918090147731494e-01
7.782243506183106341e-01 5.543189025582491158e-01
1.825271806447417156e-01 9.267111439213984170e-01
5.092448070990233111e-01 9.964711062869784364e-01
6.364352367049014303e-02 7.432751928731675672e-01
4.618121407607579387e-01 9.985318980316140181e-01
4.197825650706424883e-01 6.911930731785117521e-01
7.956991500842397480e-01 6.783445125054088365e-02
9.251214354156337416e-01 2.075171362048642276e-01
9.935944809170054182e-01 4.533517434445401006e-01
8.723872229761105990e-01 6.444965019624375735e-01
8.253636369863812661e-01 6.669242070041877524e-01
2.773748268799458572e-02 7.012270808911863496e-01
6.315700668224688563e-01 1.553931146877813307e-01
4.667376669142712098e-01 8.779274151735797505e-01
2.620791244744889031e-02 5.648273703743956764e-01
5.067051815986656216e-03 4.402446006828809599e-01
5.247838601127620128e-01 1.783302824799548603e-03
5.923241767192757301e-01 6.793024135811287501e-03
4.404282323409333122e-01 2.379996451329136065e-03
1.999219305310916406e-01 8.538897571360759553e-02
8.653037357943168528e-01 4.714728261630262152e-01
3.143629312681326393e-01 9.839960303856263302e-01
5.081393992001175253e-01 9.040735174304959099e-02
8.865442745756708653e-01 3.955674085719114164e-01
9.163373593292415409e-01 4.204541811044739674e-01
9.923539143258097717e-02 8.381528331338322646e-01
6.302073761782714945e-01 2.010633014925468365e-01
4.062819061742650173e-01 6.461840334108037709e-01
2.766684275129543957e-01 3.784639618515783788e-02
4.993493112608428097e-01 1.468852912082763140e-03
2.335179557506237291e-01 4.934403195673796594e-01
7.550728269242769075e-01 4.655102145183109830e-02
9.900408169869410191e-01 4.168097696535687513e-01
1.980103005390830562e-01 9.360640971610223460e-01
7.388379312548779554e-01 6.268648216100444204e-01
6.332744909389808052e-01 1.886015358246116713e-01
4.518419672184494917e-01 9.378418392593662611e-01
7.775864990984959757e-02 8.047474181280227512e-01
1.672016655760800719e-01 9.141166536923620578e-01
4.792483064183526986e-01 5.598982401031765699e-01
2.526897413906181167e-01 9.064234866425704973e-02
3.463038278109907830e-01 9.895154766187411743e-01
8.380939309417815286e-01 8.925459125132545468e-01
7.648662586804333419e-01 5.094725753837303639e-02
9.131275189645157164e-01 1.870291174532422440e-01
3.392819922705561653e-01 3.763533803651654130e-01
5.830095275773850005e-01 3.395330598508443654e-01
9.647914695385652051e-01 2.998929856804286587e-01
5.402795618543043688e-01 2.461866489616992837e-03
9.958625477051765706e-01 5.822681525520123635e-01
3.827619064201783217e-01 5.340780886165943375e-01
3.991512374157047960e-01 4.590550460327488258e-01
7.040199834752549624e-01 3.115768870274314706e-01
4.895260915727580597e-01 5.294756744053705777e-01
6.868247030497068306e-02 5.101137096640123714e-01
3.690290029308670450e-01 7.048623033116263592e-03
4.200423787103121365e-01 3.162104863418391254e-03
3.246797721054093810e-01 9.584294281727954168e-01
3.278940761077087096e-01 1.686707103480655778e-02
6.552754432332663637e-02 2.350629964266326422e-01
4.980775315070737896e-01 4.305019021113570821e-01
5.160836446249902343e-01 9.959247040905977455e-01
3.670966203159865548e-01 7.347881714697579447e-03
1.195457354522755367e-02 3.933397285425260792e-01
9.941912411041295972e-01 6.125477865833073299e-01
9.185692024706737513e-02 1.929188021489326443e-01
4.361668101507483741e-01 7.366515266932582851e-02
6.758576563319589336e-01 9.689639966325992448e-01
2.407879160729061718e-01 5.814421272516356876e-02
1.537818876709906579e-02 3.766300797941984912e-01
5.648673699928952185e-01 3.002388208884995691e-01
6.333116238377979323e-01 9.217351449741839620e-01
1.603588012696832710e-01 9.081907003199035655e-01
2.669289509949133166e-01 4.314007544263831484e-02
2.382758244293715910e-01 8.492592541695579422e-01
9.214606671057263831e-01 2.010573954370938887e-01
6.460268799585912047e-01 6.845036571468639253e-02
7.562374974837953595e-03 5.340628169202650266e-01
8.282287842743363271e-01 8.768625889450069044e-01
8.868496434805839268e-01 8.519591102097667790e-01
3.400061950603259220e-01 9.350896982768576171e-01
9.899236169915595629e-02 2.236209060161161721e-01
9.235733518902369266e-01 7.813765416948854625e-01
8.583408766609419427e-01 7.771390919209401060e-01
2.679650447136792124e-01 3.195115541603710807e-01
5.351706210003682740e-01 9.943652411313453898e-01
8.872137265077932877e-01 6.158063453874149662e-01
2.637204427667081963e-01 7.865997496789941534e-01
2.077015526418712899e-02 6.774638958076453221e-01
5.385302479557263489e-03 5.621150938615632198e-01
9.726510943641705209e-01 3.275477199169403164e-01
2.891191583105356955e-03 4.995606773818207502e-01
8.401523811639415307e-01 9.888766088822975586e-02
6.663008142369277742e-01 5.226857440566776702e-01
8.885383270821060053e-01 8.504156550663251046e-01
3.712776341906284250e-01 8.874786936462081277e-01
3.900903426018975106e-01 7.628928595943599289e-01
1.491427087693570908e-01 7.746767943401466905e-01
5.724759924296352054e-01 4.879773175189616730e-03
6.708010088969932339e-01 3.485478835644095774e-01
1.367820013267711798e-01 2.690006377391187531e-01
8.995837214259561065e-02 8.249355079182137951e-01
1.500138970844467901e-01 7.800128718277659079e-01
6.772325744920607571e-01 2.205851628987209878e-02
5.737368023780147208e-01 9.904264585243907071e-01
4.959687456941991868e-01 9.357955989992678969e-01
9.018101820505080024e-01 1.696221525163745802e-01
8.521160437016115363e-01 8.819324464639282102e-01
9.350270830221193430e-01 5.382419582917252754e-01
1.185197145589571566e-01 8.644943395704202116e-01
9.861721210755881595e-01 6.725683452081775426e-01
8.643905150818285144e-01 5.886486980883096631e-01
5.259344792207180097e-01 7.690794868090280456e-01
3.428003127724843502e-03 4.587423066691939111e-01
3.284434291019988628e-03 4.622860501611845141e-01
3.023105150599127988e-01 9.815032414668324323e-01
2.427928639343273354e-01 4.424522265456670711e-01
4.559070013800118892e-01 6.579950967453480626e-01
