8.873046487027416163e-01 1.088308811072620369e-01
6.094529175208320826e-01 7.607398918912829933e-01
3.538045110107281288e-01 7.673091406724037444e-01
7.535273004843207056e-02 2.135113133690413889e-01
6.683409242360760505e-01 9.154831840984625213e-01
1.314802033110053503e-01 5.968048507284171578e-01
1.521346913859965844e-01 7.476214388081832141e-01
9.759211708827582044e-01 6.711969520599743166e-01
2.211345764738628650e-01 9.514673274448971485e-01
4.181750375565380651e-01 3.432796084957499549e-01
9.539730581973322465e-01 7.440410380599472573e-01
8.867426789608643389e-01 2.206974280485504980e-01
2.731345500665786630e-01 9.719792976811399976e-01
9.839031476194499692e-01 6.315781836084662926e-01
8.240087147715614568e-01 2.075981638963853293e-01
8.726302028780104081e-01 8.717821191590677810e-01
8.441821236944082596e-01 5.947330541302767726e-01
3.213801301693275936e-01 4.514276905726815059e-01
9.564614866578682317e-01 7.370939315717647267e-01
4.724119593132082850e-01 9.972420273662270240e-01
5.572175286605320910e-01 2.326583294098919508e-01
6.786728350322264181e-01 3.446254396737839509e-01
4.815540025335372509e-01 6.788063681263502014e-01
3.767030324008336373e-01 9.630627904573300091e-01
7.856278019699585169e-01 1.753429928106816638e-01
5.630720382296633408e-01 8.283248747625767683e-01
3.473023852543595247e-01 1.085066875153289645e-01
3.259242803260221089e-01 3.526535751870807367e-02
3.317910814087227656e-01 9.856037293585405701e-01
5.332216011109741638e-01 9.582839416174110392e-01
8.374802058452273101e-01 9.001657033378658301e-01
1.588946650786862702e-01 1.174821792890273775e-01
6.973132900669718470e-01 8.565264119411830634e-03
9.882359539589387065e-01 3.784917744250255733e-01
8.171487790209270852e-01 8.112513497808969687e-01
3.598378297802478643e-01 9.315835045649035751e-01
1.858706578034782508e-01 4.231435296098194909e-01
9.583513257536280250e-01 2.319461590482522206e-01
3.952709780955354635e-03 5.480597336322016178e-01
1.527796557675697997e-01 6.582235838765911895e-01
8.862762196349506238e-01 8.069291992510267963e-01
6.472079075748593535e-03 4.431695690663540743e-01
8.216132352599270217e-03 4.303940946103245180e-01
3.586010319364211774e-01 9.901423022040440891e-01
8.502984582350787690e-01 7.074080651050285162e-02
2.801178685532213497e-01 5.083007933181937776e-02
3.607128988649816459e-01 4.902151777431868473e-01
1.057047543625250774e-01 1.697497086211422479e-01
6.017746498178568881e-01 9.864321549328589622e-01
4.913526553660097496e-01 2.823345151603327552e-01
2.710417332269907109e-01 8.743273142348614302e-01
9.109281538049613935e-01 2.011789144536429152e-01
8.324713021321685780e-01 9.036588377105740921e-01
8.963089698042361331e-01 8.469843776570713523e-01
5.985776120592807559e-02 7.700974487297286286e-01
6.716359634274933210e-01 4.749223920120766440e-01
1.299150511912677830e-02 6.453965201050938516e-01
2.039940506107396634e-01 9.423104618804523103e-01
8.944858028271096551e-01 1.169597556539746508e-01
8.539410668491642653e-01 7.396515363365419038e-02
9.471970423001547790e-01 7.606891999139906435e-01
1.347131816964189932e-01 5.928884212297421685e-01
4.573844391550860311e-01 9.973607629055712964e-01
2.182474005154233232e-01 7.194719473791915121e-01
4.189077106165689512e-02 7.588540771880221136e-01
5.268163712211431093e-01 6.328914388046703587e-01
9.782583940759257413e-01 6.611193981766302352e-01
4.299785604912564896e-03 5.553247466895109286e-01
5.014980797912520494e-01 2.393125135774591405e-01
7.686432988023469415e-01 1.314978163279897361e-01
2.188097651285765832e-01 7.988021513139131891e-02
3.723225988601031045e-03 5.421268967938884797e-01
3.603913456240726010e-03 5.370457684978965363e-01
3.280729199284053710e-01 5.325545880810638177e-01
9.290592705243772009e-01 7.965242048099838712e-01
9.470590009023328593e-01 5.036954920734770802e-01
6.510646981326495553e-01 9.776873933265759486e-01
1.648867889904265249e-02 6.661751819558695553e-01
6.526924225205626984e-02 8.114714368322136773e-01
8.674401577767759663e-02 1.955871135887740087e-01
9.821539702123769366e-01 6.428002295626593643e-01
5.778945965236021998e-01 9.899074281202722148e-01
9.964120942359464550e-01 4.850681189554453265e-01
4.399969001903995536e-01 1.141680521459409459e-02
4.882943254233018671e-01 7.899969334490147821e-02
2.075085784587787918e-02 6.871461582628142217e-01
1.485884951822596667e-01 3.758273260366921109e-01
5.371688674690719978e-01 9.937789348737344763e-01
5.082297103351529621e-01 4.592093497782098188e-01
8.033231097381805519e-01 7.897888152853574928e-01
3.905088439721419724e-01 9.938258298717406181e-01
1.784307921710206746e-01 7.743047865918162298e-01
9.175224354725539655e-01 8.161062320392041824e-01
9.879795236106089784e-02 3.243176236572720139e-01
3.993574106022570458e-01 7.268099027094543363e-01
9.901345021055967255e-01 5.867972519145991939e-01
9.496267335317103431e-01 3.742125234284912616e-01
9.742348424085580660e-01 2.936455540896815153e-01
8.919687811691077162e-01 8.525045017960075633e-01
2.565568418234023262e-01 7.963866793172804659e-01
3.250140635744930284e-01 9.706604020794391552e-01
8.997519315979649601e-01 8.425137010053699305e-01
7.497644344737204314e-01 1.905213195786237268e-02
9.017327823471907866e-01 3.709031256016375178e-01
3.424519198689421895e-01 3.296187689559587630e-01
4.705497247244722070e-01 4.635211596441644599e-01
3.435619760850596727e-01 6.991068067833189348e-01
3.517887004485212299e-01 9.891260403057997586e-01
7.976216324411815606e-01 3.869775085548476934e-02
8.831268237205589511e-01 1.025015445645186540e-01
9.964000951447482546e-01 4.638248160246112306e-01
4.823056267698426769e-01 4.812801171704653713e-01
6.011324625237990382e-01 8.800781952318159629e-01
1.212506685183217664e-01 6.550629696926115741e-01
1.554661557390529802e-02 6.611865346769603136e-01
4.502269058333180918e-01 9.749893578198665089e-03
1.077588078280781736e-01 1.671873834376252921e-01
7.564863294954673467e-01 9.445348444880684591e-01
7.806640690580395336e-01 3.066587512897400725e-02
9.730757492043200507e-01 6.828099615072633632e-01
3.092288534104016828e-01 7.579300816472214208e-01
3.744672910631975937e-01 6.662585455535378065e-01
5.171986515109663340e-01 9.951639005090604506e-01
8.831873646483221485e-01 1.446583453468111569e-01
7.527190251598709914e-01 9.462085815723435545e-01
7.314720806278169896e-01 7.949942295642000722e-01
1.515672201295997779e-02 6.590429548327549902e-01
4.440320153591880703e-01 9.972672603373331501e-01
3.800611728437581216e-01 7.377299051638546157e-01
5.810859772904699572e-01 9.894958782663062502e-01
4.027045984578426219e-01 9.951140760355243753e-01
8.842363078582771152e-01 8.609332904689293020e-01
3.754217414657035068e-03 4.920599028168267663e-01
7.664141922238779658e-01 7.644257396730422816e-01
3.868056761407666078e-01 2.835821047671515105e-01
5.603274633636536883e-01 9.918291188171689532e-01
7.620976295980783632e-01 5.556853696893108152e-01
2.761032177915457297e-01 9.729305053474133214e-01
8.977239121710773873e-01 1.534606258771960552e-01
9.871731466295905477e-01 6.093444179889818679e-01
2.416066524114429126e-01 4.370403616331292040e-01
9.848605948953828015e-01 3.546933961079430375e-01
7.698245962968089939e-01 6.066854119944768975e-01
3.461593102898111729e-01 9.371713875696421336e-01
1.724691857963240593e-01 9.152127480678855509e-01
6.698664245350155477e-02 2.271163006467203926e-01
8.358246804545355069e-01 3.236531008694540912e-01
6.947711095452320240e-01 8.264297535960252183e-03
8.627289576720368336e-01 8.620865494209013491e-01
4.792092388396829161e-01 5.138655249429143757e-01
3.056227389482102930e-01 9.803123037619315694e-01
3.769551830063805342e-02 7.474182330139161889e-01
1.904794436713724837e-02 3.645550744908591101e-01
3.826750971832795778e-01 2.178251197053782118e-02
2.162528967775604882e-01 9.489001189044826701e-01
2.811120862301699774e-01 9.743772330760914757e-01
3.178320510419102018e-01 4.858705943497725332e-01
8.725068141246425935e-01 3.562548732080191849e-01
7.257277857759711903e-01 1.354582110720825572e-02
9.007133115576819726e-01 7.757998601185827070e-01
5.949717752420384809e-01 2.890817380142629567e-03
8.003492339045690240e-01 7.242644110956582004e-01
9.185128721914133099e-01 8.145187066914842955e-01
9.924568102947919357e-01 5.634422670180192494e-01
8.706450132541003473e-02 5.389295640347642191e-01
9.108104543750710214e-01 8.265901538967823647e-01
8.406186473728030073e-01 3.214915667247765785e-01
7.276668888925399425e-01 1.390355215747152151e-02
6.338010042633883678e-01 7.108440843562450207e-01
4.460503139699850683e-02 7.660503628726739178e-01
9.861170606305422748e-01 4.323410868713367661e-01
9.951299311418848603e-01 4.374742179258286345e-01
2.083994632219648979e-02 3.558926013188528081e-01
9.733873135473516403e-01 2.896501242567608436e-01
1.847429203586356261e-01 7.494127798536334151e-01
5.139245442469961844e-01 3.948943728220966065e-03
6.723106995088548032e-01 9.727125347816141243e-01
1.744334241290163012e-02 6.711136308598056877e-01
1.767436335586681229e-01 1.047475120550267480e-01
7.514744869160867591e-01 6.630489937236481168e-01
2.992315576220210827e-01 8.772928783501396932e-01
4.913537741237816170e-01 9.352878674567607353e-01
7.237627156720403132e-01 2.944274834231782045e-01
7.606812311669244320e-01 2.288415645727415182e-02
4.491463002030250395e-01 1.304223887755089628e-01
6.018540818032970252e-01 5.775742438097228870e-01
9.947974701197561664e-01 5.285330122267672959e-01
2.798880221872028784e-01 7.031253428040878939e-01
6.944097574441593368e-01 9.479946722887161448e-01
6.118241532262012061e-01 9.786717700147908872e-01
4.609162068598407491e-01 8.216460880360099139e-03
5.300859179925944131e-01 2.359099935337084508e-01
7.528927367599627107e-01 3.778833557100843427e-02
5.417327231895839867e-01 8.292053260110995305e-01
3.477650209109339752e-03 5.134375353849823798e-01
8.565790839498890752e-02 6.345448401457141063e-01
1.472800185331759881e-01 4.055828182391951198e-01
9.033067303584474406e-01 1.854960284086389910e-01
4.165164631335414591e-01 2.170822278911674619e-01
7.908599654655319444e-01 3.545878664069257447e-02
5.621731710106202262e-02 5.170816574209152749e-01
6.419313448910894948e-01 4.741816451938388743e-01
9.072541934837552446e-01 1.336425207844016416e-01
3.382200903286221583e-01 4.204769513129290592e-01
3.569496943791747867e-01 4.947632366899288869e-01
6.479843645679350672e-01 6.413202074733070912e-01
9.450992284827972600e-01 1.965061050391965214e-01
3.513932483578695032e-01 4.770115112736086349e-01
4.376973002751157749e-01 9.593999344247953198e-01
1.468154568434954510e-01 1.274231235146153773e-01
6.929164280230399875e-01 9.673340062337532075e-01
5.573177937478607236e-02 2.467545132579198608e-01
1.494888061777502331e-01 9.059639217640242936e-01
9.364669422110214470e-01 1.777333244542732560e-01
2.269698209798293176e-02 6.959307934279076457e-01
8.551047849438725423e-01 8.512292767756521883e-01
8.378049977211552424e-01 6.191992528205048085e-02
8.204604204540455470e-01 7.671910738194561707e-01
6.374917340061855286e-01 3.571878552316732902e-01
3.992825766707030488e-01 9.947955417759499763e-01
6.723354482859889014e-01 5.710264526659678541e-01
9.963716809253910789e-01 4.879202843246206456e-01
4.785124742226421479e-01 6.193503964851410082e-03
6.098219742446759906e-01 3.281227323022051223e-03
9.098872010299996482e-01 3.109310430746495268e-01
7.599939203003660548e-01 8.000259945565214581e-01
9.937655099313917884e-01 4.690399055267101547e-01
4.497073236846390043e-01 8.165486033426319068e-01
6.733548335472924751e-02 3.819840570405760305e-01
6.480434773994756537e-01 4.364815341691264949e-01
8.194362342359513551e-01 5.990125734769580212e-01
9.425363984022459007e-01 1.903055745530145559e-01
9.509433476347688430e-01 7.517602283463313828e-01
7.851579706373885692e-01 1.746382877825077284e-01
8.034674315071974604e-01 1.100076300134736756e-01
8.810826437331440442e-01 8.640650028996670340e-01
2.293976371064408437e-01 7.424444152963516341e-02
1.582414709905899941e-01 9.132537797249443701e-01
4.448538256734989593e-01 5.930432524405513522e-02
6.152272642148872706e-01 3.438543759147094647e-03
9.961905347395394461e-01 4.985135708381229769e-01
5.051963930215064291e-03 4.577595822519773261e-01
7.273653099640264852e-02 5.912250456160381695e-01
4.067110301295245867e-02 2.832677212539999045e-01
8.020225788700339198e-01 1.561631915491286660e-01
8.872239747047983016e-01 8.578170338634131253e-01
2.791774074916003601e-02 7.169756869084691342e-01
9.746889187350292472e-02 5.442205158833418599e-01
2.693906575836402251e-01 8.261971964113130618e-01
2.868507584431963520e-01 4.829674998145583320e-02
9.338009746836875014e-01 7.878856134855457549e-01
7.578269075610559735e-01 2.182728089775198832e-02
6.807358143920880789e-01 6.786422796126956314e-03
9.406702657388503752e-01 7.747107890936807406e-01
7.261752969004614533e-02 5.212193209513696912e-01
6.240285349275533910e-01 8.654562109235074407e-01
4.133849707275072394e-01 3.375764958444741337e-01
9.325799968039758525e-01 1.710083287251912276e-01
7.360549939356090254e-01 8.553733714686422296e-01
9.230109277007878532e-01 1.551984370862092844e-01
3.461323512091035171e-01 9.188094772223991402e-01
5.232709769917687215e-03 5.711094334513906468e-01
4.915708555541648539e-01 5.193986348019485888e-03
5.998833851429421493e-01 9.867340671994601076e-01
5.260629326682563223e-01 8.256401736548079073e-01
4.359899475350650921e-01 3.977945234245226502e-01
9.918283113925920880e-01 5.700028398451313372e-01
9.965253539126519566e-01 4.712147454389398193e-01
9.001314417735121198e-01 2.589641088734116470e-01
5.903410558402466535e-01 3.986783783958683935e-01
2.770849886488346292e-01 1.788002112738916183e-01
9.943919190780816653e-01 4.292570272834789202e-01
4.712769757827795503e-01 9.972699889866171175e-01
4.395752950443973517e-01 1.678633075135520791e-01
6.935540716945353124e-01 2.080409739075134157e-01
7.252276390023998376e-01 8.996731212253926691e-01
5.737079741659850685e-02 2.437593640124313676e-01
7.659495352206125984e-01 4.456767198127777885e-01
2.108392858413691839e-01 8.424977799874311390e-02
5.752145943770375913e-01 2.367682535985228820e-01
3.534625701935262820e-01 6.968585610637808569e-01
9.175563637214627644e-01 4.307807131554023949e-01
9.666571654974691619e-01 2.601152282177350283e-01
3.911187968029679052e-01 3.726190165639178820e-01
4.337975021473869930e-01 1.015949970746832798e-01
7.331158982880287001e-01 1.302692842120999339e-01
2.569691954282082302e-01 8.435992475233453636e-01
8.072523845071719606e-01 4.353452194389106911e-02
5.073963912678003396e-01 2.852820374439129503e-01
5.461045196103203603e-02 7.893063372962358937e-01
1.031613911507765907e-01 8.447411397160701219e-01
7.096128870200011374e-01 9.622915685207024117e-01
7.986945013450470476e-01 1.636707340622279017e-01
7.400312141074700811e-01 3.177774417397817297e-01
6.849332072615559319e-01 7.938880703487450896e-01
6.624431515535427195e-01 4.034951846080608862e-01
1.795660265836194758e-01 8.270536290643046851e-01
3.443062440435986082e-01 8.718796065201567247e-01
4.150423731223015222e-01 8.062398494123566017e-01
5.843172218280803243e-01 2.170497467796029534e-01
1.287349321421654147e-01 8.871400229141468419e-01
8.002917843628374328e-01 4.001056750038678445e-02
9.752136435568736772e-01 2.985014573866835441e-01
1.143808492514455932e-01 8.730699304902398428e-01
5.056127476692915401e-01 4.387937631510907543e-03
1.777074060802388833e-01 9.273046173220198529e-01
3.971227938226868370e-01 4.036136722856726866e-01
6.958548111163914696e-01 1.611347298686364449e-01
6.193058689982153808e-01 6.573387689603835682e-01
1.170319650633298986e-01 4.345010877959566420e-01
9.593546035880340384e-01 7.285176652463956071e-01
3.248736894601729763e-01 7.465434310012578623e-01
9.543180718937276374e-01 2.198689238146090963e-01
2.561624127556245134e-01 8.097023987287572666e-01
6.358090451008220345e-01 6.840892177203953262e-01
4.000294678314690322e-01 1.833662724895424034e-02
5.309524497654843911e-02 2.517134094320703230e-01
4.759533307744358011e-01 4.068187007079924200e-01
7.147650374442627852e-01 5.028569843066745815e-01
9.441658968075511416e-02 1.846983382797480200e-01
3.265988125362921379e-01 9.845692759906171654e-01
1.643114221267882313e-01 1.135015670111408914e-01
7.649898844506990425e-01 9.406323003551432249e-01
2.687791214123640970e-01 5.523332084540677478e-02
3.423988824365032380e-01 8.779190853373648740e-02
8.636926237446336252e-01 8.794465826419368693e-01
1.297028141125544098e-01 8.880527621747075218e-01
9.905343396506536280e-01 5.831575628025869040e-01
5.425048330866768520e-01 4.066572307256329788e-01
8.298286057861474774e-01 7.212939941426749213e-01
7.267626514310360220e-01 5.721762413766791067e-01
6.840107621213932232e-01 4.415150225210219825e-01
9.260137571858055860e-01 1.598846459845749690e-01
7.802592704784916400e-01 7.510120847536438937e-01
7.479093205173135139e-01 1.847560379632040561e-02
7.377405243080356612e-02 5.543464406536114941e-01
9.775323394361958851e-01 3.101503847666361446e-01
6.376190021604963842e-01 9.804707750997426752e-01
2.761438679960895870e-01 9.041663882395811758e-02
9.931268047306651692e-01 4.175771236138638987e-01
9.945252059738918238e-01 5.331847680328113404e-01
4.257613102948971662e-01 9.053556389751491462e-01
4.832751260376941249e-01 3.257375860466323325e-01
9.387166037613643432e-01 1.820098378359290558e-01
4.331005580561929635e-01 9.455649348790238218e-01
9.519218148300616633e-01 2.136351866871456506e-01
5.258185212226723637e-02 7.849425545300175999e-01
6.001510839035890665e-01 4.089323952276750496e-01
1.088733485934029188e-02 6.289302360696520378e-01
5.458739977922768549e-01 2.977786142277727421e-03
5.442270441382204282e-01 9.811473225635987117e-01
4.597886924849436951e-01 3.765349293834724942e-01
5.608633938611736758e-01 6.444777550607357075e-02
1.224903561407627017e-01 8.810370197841899120e-01
8.724648900646734262e-01 8.632402363901805487e-01
2.315887184801296295e-02 6.979952631069792357e-01
7.103848852574072836e-01 3.915452251855580657e-01
2.309354846604496636e-01 3.429947781834731813e-01
4.431318453598726004e-02 7.653478777005084943e-01
9.146948941840842284e-01 8.206007716381422679e-01
3.476379310761700259e-01 4.071083778069071735e-01
1.387158043344459135e-01 8.963715336032183068e-01
1.312141873551753712e-01 1.417482996399855866e-01
8.504854226444746867e-01 3.601881280904094540e-01
8.740950571875956143e-01 8.704976249920336473e-01
9.223630636185624621e-01 8.081708036801000805e-01
3.066975176915050505e-01 5.156799753545195930e-01
3.850705393327145676e-01 6.751207147984183976e-01
2.040205212049250316e-01 8.808883286648561128e-02
7.655001130308114465e-01 8.507117357166471550e-01
4.733900199612702253e-01 6.669775875238870277e-03
3.075521739439426860e-01 4.087885868723950544e-02
4.481042264241415496e-01 9.973002847606916577e-01
8.250888483938425555e-01 9.085191920789135178e-01
5.035504944054516319e-01 7.535907979241909804e-02
8.110202441246827654e-01 4.548391700373022317e-02
9.485520366396522629e-01 7.576314229356301277e-01
9.884914684734533163e-02 2.893086432524922258e-01
3.971785643605369454e-01 3.068642579291539496e-01
8.539814970170698238e-01 3.941032984092842084e-01
1.836450589332361827e-01 1.001463048839189574e-01
4.673933271589020277e-02 7.711259138683397296e-01
3.088402971274212816e-01 9.789018942356586539e-01
1.544296927334268821e-01 4.705685707474875912e-01
7.458645773979912796e-01 8.585490677116016656e-01
7.058824647743052738e-01 3.775940238352899492e-01
1.721236212062799420e-01 1.080001819382760964e-01
4.747697752807813337e-02 2.752792926920000771e-01
6.631790107287357516e-01 3.716961085466859438e-01
9.862722065659654813e-01 6.158668282229365909e-01
7.481578349774442582e-01 4.691238369983758427e-01
2.322916341866468337e-01 7.109895048848500210e-01
7.523769356613325687e-01 9.463511183491002399e-01
1.168386470848319925e-01 1.568554070837361314e-01
3.625230428254307968e-01 3.185613664367925590e-01
2.458559993734196758e-01 6.566091838889998034e-02
5.698531948284280002e-01 9.909195425059122986e-01
4.703163125614440165e-01 3.184166416753886342e-01
9.701551278485831542e-01 2.748837149412145520e-01
3.272173390183391595e-01 9.493507211017786496e-01
3.108307918226406730e-01 3.979041955590212343e-02
5.464467828652170844e-01 8.033744331134283767e-01
7.862942764191249712e-01 3.329959127741821678e-02
9.017166711167569071e-01 3.183748312853654228e-01
2.152787310373892316e-01 5.132878980122109747e-01
6.926329765200667232e-01 8.034278614674650321e-03
5.953992059978369111e-01 3.806175372169195992e-01
2.670899855996405892e-02 7.124949808105685012e-01
6.406953469631819775e-01 6.247292574837203238e-01
8.864485431877395794e-01 1.064797387886190494e-01
9.621992649403896536e-01 2.441398087031551034e-01
3.493326027808182355e-01 6.595605781913634891e-01
1.889274576853656740e-01 5.714477003354243578e-01
8.018429815955878670e-01 9.223360673099870732e-01
7.156488628031333343e-01 4.451652204658325118e-01
3.824611420464201772e-01 9.929268917866252986e-01
6.773475850579691038e-03 5.914547012747387589e-01
6.540099493223661131e-01 1.983074694268089355e-01
4.071312008499090029e-01 3.969813905669214993e-01
5.254903659797486304e-01 6.366704274342360748e-01
9.135641928079927254e-01 7.177900020504552892e-01
3.926543450639086164e-03 4.857725111902589932e-01
6.908290658681217611e-01 1.481355974728410796e-01
1.601524572078377173e-01 9.147023636369994160e-01
7.187528572432914098e-01 8.315625954055390068e-01
6.657332736814756124e-01 4.217697049780937818e-02
5.141274109240947521e-01 9.953417653068811211e-01
7.396141426644593508e-01 2.245525974965042748e-01
9.279319338759566271e-01 7.985094075677591219e-01
5.127349742437828928e-01 5.067246847863128290e-01
1.184710606564303714e-01 3.162399841597502426e-01
1.393628014863939335e-01 4.416296557691889446e-01
5.529945263439061121e-01 9.055010948125584713e-01
2.421178872445284291e-01 8.820171812460744221e-01
3.596500762303878607e-01 7.272756957344033157e-01
6.978239907633157491e-02 6.548414767470217557e-01
7.048394737686800582e-01 9.638111876993841198e-01
6.080173558302594261e-02 2.989203022328245085e-01
1.952376988250789369e-01 4.615756839933673472e-01
5.281820783985781143e-01 7.739216914180557794e-03
9.930683919208997956e-01 5.555453091994821957e-01
6.429357622818454576e-01 9.793892484884035854e-01
7.437234407881332388e-01 1.027457317066420572e-01
9.867184234086889827e-01 3.675780840183822118e-01
7.749784397016877824e-01 4.555830910446194149e-01
2.491729344216422892e-01 9.629377028003289762e-01
1.915985364676981439e-01 9.512550264502539488e-02
2.944372868172682733e-01 9.779133143502629633e-01
6.556447537807406079e-01 4.865955934161836360e-03
3.686930165977232721e-02 6.491820832810454300e-01
9.082401307190574036e-02 1.897784914896321062e-01
2.353694394634884834e-01 3.827101828855750676e-01
1.940980733574610428e-01 9.368966062793838701e-01
6.598019915244688338e-01 5.106172060076574759e-03
5.249188380551043087e-01 8.400408128246088513e-01
3.501360542768709033e-02 5.139669388490837321e-01
6.257503809174891352e-01 3.747169284917140075e-03
4.527373905806359455e-01 5.735997640547622067e-01
4.313301724355768085e-01 2.347006597128520888e-01
2.194348957857831794e-01 2.210208641510123528e-01
7.749460340608576026e-01 8.717215813607251951e-01
5.405654933487735736e-01 3.054180851482827391e-02
1.573810764262378314e-01 9.125974788816521022e-01
4.031666357257241429e-01 8.838856327203769014e-01
1.822845607876050211e-01 2.043814084332115366e-01
4.333854481669176528e-01 9.969640495722280615e-01
7.949852219799201647e-01 1.075894057826111139e-01
6.910507305648222465e-02 8.189009615228275418e-01
2.728308307898656970e-01 8.401731518617684413e-01
4.863957793349378833e-01 9.967633191802585113e-01
6.203183359265357355e-02 2.354210845070479063e-01
9.388591855769448102e-01 7.783742929966225299e-01
9.259873969725189724e-01 3.272431672211855158e-01
5.967303533970252927e-02 8.000056482173326655e-01
9.533992082981948002e-01 7.455090498081706762e-01
7.416485531018477406e-01 9.506566229174849836e-01
6.966590865756250306e-01 9.662432084605596661e-01
5.770548058273289316e-01 9.565701501751375790e-01
1.932577624276660133e-02 6.806299850258150652e-01
1.023894029070754330e-02 4.163228634131687089e-01
9.931329343064482229e-02 8.579518008788981076e-01
6.962177358563039764e-01 8.346312013857235534e-01
2.657138683895020059e-01 5.646369587046407013e-02
2.066398931363648273e-01 9.437414718440068073e-01
9.229065289599537314e-01 8.048745546019687724e-01
3.881995521436448771e-02 7.505141940564603598e-01
7.498410372189838746e-01 9.473837322787629356e-01
7.550963546171681751e-01 2.202816968037824008e-01
1.301108691941918472e-01 7.509142913619244464e-01
6.696615510640813174e-01 9.408046398547477152e-01
7.871402085538540261e-01 8.369448967004915474e-01
8.303098647676945276e-01 2.381665343563277026e-01
7.710184107270394716e-01 9.749059916648791790e-02
4.659367162388340367e-01 7.521660280800831488e-01
5.890337871050417284e-01 8.989183736340222719e-01
3.949509100606204970e-01 9.943174645168518788e-01
6.330832633245435659e-01 4.427089391257186257e-01
9.897135108823804650e-01 5.904008616744134130e-01
3.436496195937016607e-02 3.038460152536835990e-01
9.855992632461132441e-01 6.204099995656082722e-01
2.608181043023236056e-01 3.393170801790813540e-01
9.740316354771078045e-02 8.558900869584503690e-01
7.901195760082493358e-01 6.215907305201624766e-02
7.365296520148070236e-01 2.890302312950690511e-01
5.380549460252886940e-01 1.230043589907216239e-01
9.911147468011214379e-01 4.001372685602515578e-01
3.775017864021734670e-01 5.281956660210400667e-01
2.141482072822565585e-01 8.846888986986896075e-01
2.561855923614660413e-01 6.045327818180223911e-02
1.802455412344926289e-01 3.996632655638556186e-01
7.219818795146487611e-02 8.240307377010529510e-01
1.745108244166895806e-01 9.251952103082352608e-01
4.918282358866262194e-01 2.238542947676971928e-01
5.106595366853152740e-01 1.597847385690115973e-01
8.016275011912299409e-01 1.500136974895783515e-01
8.156113967296942935e-01 4.810496091578764233e-02
9.209511639060481425e-01 1.523184387461373746e-01
1.097136083131377560e-01 8.684596325308560072e-01
2.604612730969085299e-01 9.144621506636251285e-01
8.897954045744549401e-01 8.550769015914188032e-01
1.394535909789978989e-02 6.518307793452288168e-01
1.852033857383302839e-01 1.616095332290835018e-01
5.213187407374593185e-01 3.563525425621771880e-03
9.149181832531797509e-01 4.466354750265302265e-01
4.104617086146908345e-01 1.631095004066018817e-02
5.819835356771627111e-02 2.699217014157934136e-01
4.588126034562878264e-03 5.611320916922477586e-01
6.481706576245871432e-01 4.944004763714674455e-01
4.884010286015247893e-01 7.494492416186659955e-01
6.062010185292663333e-01 3.182903385863133927e-03
3.899034727588997218e-02 3.619968196241480918e-01
2.377844505972812605e-01 8.415500359724686907e-02
5.156419846757271941e-01 6.734435065157862166e-01
4.526121309187899344e-01 3.994324372513410881e-02
5.725958340528729540e-01 5.267779007452113582e-01
2.177211431856264923e-01 6.609911084858239860e-01
3.159642891874287485e-01 3.815953433919305748e-02
8.407732488023704764e-01 5.859834392065680353e-01
2.167221695298789386e-01 8.101825176833310493e-02
2.881302141392529381e-01 7.384928807041672982e-01
3.541115617649174818e-01 2.182504437435580646e-01
7.179029720539348292e-02 2.192020370824374620e-01
4.373916326428750612e-03 4.722030470329912077e-01
4.891360520711809934e-01 4.318778358582089361e-01
8.403026355130482905e-01 8.981199628653936395e-01
3.921637199587148515e-01 7.447176058298778933e-01
3.138411253937657963e-01 7.451387901471856479e-01
3.855154428560882418e-01 2.121378075926350082e-02
4.009867704374991959e-01 6.797888598843627728e-01
9.196909466310974057e-01 1.505625113580107977e-01
7.278254880256285198e-01 5.919778126692513132e-01
2.014711113429804856e-01 7.741872792344214327e-01
3.810335544959408960e-03 5.450657196298781537e-01
3.486402304253785611e-01 4.748187851663834280e-01
8.259432248228004703e-01 5.429117181213660714e-02
5.710655427765656267e-01 6.385459416240726327e-01
4.677388501374304397e-01 3.798130673354497833e-01
2.703103850020643906e-02 3.289293154105994432e-01
8.075806257196188609e-01 8.787155536728740168e-01
2.138524014378821170e-01 5.809441377991684252e-01
7.149495225719535441e-01 9.605174435828621737e-01
4.986243235774727722e-01 1.793198570545680159e-01
4.982825925264609546e-01 8.779593229235884699e-01
1.236899308144077669e-01 8.822130812450778015e-01
8.877172005415843170e-01 8.572944061713909658e-01
6.910759574532373550e-01 2.720376994170636137e-02
9.962266439589724243e-01 4.551759683306417781e-01
7.104577344965350427e-01 5.691967369387544995e-01
7.716823890237276551e-01 9.374401650700159294e-01
8.038525434116949864e-02 5.945063372053871475e-01
1.039318652296023493e-01 8.626571357562129450e-01
9.445038023975373953e-01 1.950534096928312477e-01
2.212453413857038975e-01 7.857731267037382228e-02
2.250476132273657170e-01 9.531417946725643242e-01
6.533529335085386247e-03 4.426504113026475951e-01
4.292395100179953182e-01 3.541058295934383648e-02
4.476088524787711909e-01 5.674483139600415837e-01
7.929005444298863337e-01 9.376144215242336599e-02
7.629970723830652446e-01 6.342944989067318684e-02
3.581676297530181352e-01 2.702586247776417316e-02
1.607392507578858654e-02 3.809417218595428922e-01
4.172290343277382241e-01 8.302815212130363332e-01
7.958895507269774239e-01 9.256881897597907249e-01
3.757061571784001131e-01 2.323328382673139902e-02
9.801130696223900873e-01 3.241986962029168584e-01
8.628975358127137785e-01 8.209096514795666266e-02
5.653788905388098529e-01 5.421048643033774539e-01
7.655292359087267906e-01 3.433679549069275638e-01
6.077397859789351875e-01 8.260995006292077836e-01
3.288493366691793152e-01 1.396977753147924939e-01
6.958767229670986820e-01 3.055442959920495194e-01
7.649282498083072035e-01 2.452922540742774604e-02
5.827448469848091062e-01 3.415733740543432928e-01
9.897768346223840830e-01 3.897020313399447433e-01
7.577729600891415229e-01 5.497589063906838103e-01
4.964840895953376299e-01 5.175525432724958214e-02
9.602726706561206527e-01 2.378929365373563254e-01
2.055013809649385848e-01 6.501908655454857744e-01
3.589634340492808828e-03 4.989361734647741464e-01
9.631160753685788500e-02 2.722066288073963225e-01
4.963075063577110924e-01 4.894137562570399780e-03
1.354052602305472197e-02 3.957084985515371134e-01
6.006603167853445946e-01 3.788990433525866730e-01
1.901028713649378088e-01 9.346488463602815600e-01
9.954469624578803355e-01 4.412856331583496772e-01
5.785106336636652857e-02 7.962213674832936405e-01
8.882843697783968651e-01 8.409730590107882264e-01
6.729062070407875185e-01 6.037620330871457108e-01
5.404343249358827261e-01 9.935080713235632244e-01
2.203376959704669291e-01 8.626388557982206384e-01
6.009831245177290615e-01 9.624354605889918757e-01
8.434704220262647656e-01 6.559690628849401683e-02
9.673785125772698112e-01 7.031863552669387341e-01
6.720339095662101192e-01 7.926364552666501639e-01
9.090457134227145630e-01 4.113256699621274937e-01
9.800619254373008626e-01 6.527205032150161790e-01
3.131518122040095053e-01 3.903193534881899129e-02
5.653656753857281281e-01 2.725621948641343550e-03
8.703299704768898692e-01 8.915946524898510361e-02
6.409178054457518314e-01 1.117358439112855067e-01
8.796196602981392054e-01 9.873447480076436023e-02
3.645916874888183723e-01 9.908910124970691236e-01
3.416306061089454671e-01 8.426446972645094124e-01
1.625959864940698663e-01 1.147516789446130225e-01
8.691576997083543255e-01 8.796019049136183376e-02
4.438108241245758423e-02 2.728001050951922579e-01
5.621771113251960994e-01 3.421616425487145063e-01
3.757087582536094428e-01 5.839174188941673727e-01
9.662117723759469090e-01 7.069943673535689088e-01
4.000233273689616231e-01 2.437327139701585543e-01
5.588353236392716861e-01 4.101062739551909475e-01
3.367467091712224025e-01 9.011712914913017070e-01
2.735893041033823914e-01 5.115619944403753117e-01
5.985646904350876429e-01 8.122505659216826546e-01
6.934952484974603593e-01 5.965534737447879543e-01
3.580730978224477279e-01 3.113339540980877840e-01
7.512210966425355574e-01 7.365249249452542335e-01
1.704563152775692703e-01 8.434267413028795346e-01
1.973586619718674107e-01 9.387085105580561528e-01
1.162727436342431142e-02 6.347890818545500746e-01
4.520194438031423512e-01 5.532976666984105174e-01
9.837412771408517997e-01 3.472750487149266485e-01
8.406522979673728413e-01 6.800150244038263292e-01
4.166499703163643598e-01 9.963203011700977330e-01
3.617138772112350464e-01 5.270407610395761999e-01
6.572850713147448953e-03 5.889680032281513489e-01
5.298587744131972865e-01 9.942988377633135144e-01
4.040605581605012375e-01 9.181542431244534841e-01
9.799728426623603994e-01 3.233517288490365127e-01
3.461911435293793526e-01 3.923456647110241668e-01
6.394223335146480558e-01 9.801121825274028421e-01
7.244237347333069010e-01 9.572616457606062390e-01
7.936431331442411752e-02 8.348323595156406096e-01
8.444618029828114825e-01 6.626061673014638220e-02
4.678856724643210563e-01 7.303499997137974376e-03
4.986820383154724201e-01 5.644636636684120523e-01
5.265342744232832661e-01 3.347850544882180479e-03
6.869669994506351074e-01 3.549448946486825074e-01
3.517522878776546680e-03 5.227928512525725768e-01
8.520330562383100492e-01 1.974639110006907450e-01
8.478619185287137316e-01 6.867478794905346184e-02
9.020252696274730919e-01 1.267991530465767402e-01
9.231108817444407810e-01 5.443758946165186963e-01
3.475706090806722215e-01 6.373875960549082453e-01
1.601424960101143768e-01 1.165490836924161222e-01
4.971031636566909384e-01 8.860398713135151372e-01
9.030674326977989885e-01 4.238046425982638921e-01
7.835244423702369954e-03 6.027559404631879225e-01
3.733159014098925144e-01 9.369955366779769701e-01
2.732081621865860011e-01 4.323830226246888619e-01
9.342614017096063928e-02 4.102913521596071589e-01
3.638416362966046536e-01 4.773488847968953008e-01
9.417463560989973725e-01 7.724767191967336633e-01
4.153276287192858018e-01 9.962566230715853566e-01
4.201242180062605414e-01 2.121913090990497353e-01
7.596700408149006378e-01 9.430825290819160323e-01
1.822175730815016603e-01 1.141931203632633035e-01
9.847461729610977876e-01 3.539293639875702446e-01
1.903235669767548710e-01 6.065525332740939746e-01
7.375691697561164162e-01 9.153095889483299219e-01
9.946097350346763122e-01 4.315161906883362430e-01
3.319844930755391776e-01 5.433402813847238999e-01
5.303959183178271752e-01 3.962526355495952224e-01
6.972800534256106131e-01 4.058877754273625960e-01
6.017214564936487209e-01 4.018030244485998326e-01
6.326980069979821764e-01 9.813351810043302592e-01
8.013088334964918458e-01 9.019453061184009579e-01
6.327349585253195796e-01 2.951536071528809702e-01
4.217483320621723264e-02 2.786772472622649488e-01
3.579648599064177983e-03 5.342970038627993246e-01
9.854939145516827814e-01 6.211123330701118217e-01
9.353217285822299498e-01 7.850975209199025917e-01
2.916319489914270813e-02 3.214270162558027222e-01
1.084848122740759702e-01 1.663171477043128288e-01
8.135089796040413379e-01 7.943636562966964743e-01
6.749183016830380133e-01 9.720878486747515090e-01
9.724246044891804441e-01 6.852534730790540429e-01
1.544504487699662199e-01 1.208665530958494827e-01
8.084795423049675467e-01 2.398701277250861186e-01
2.500964361400487279e-02 7.058532046925911629e-01
1.541862902883234798e-01 9.099635162578857406e-01
3.863546391913922906e-01 4.650296272346633453e-01
5.053420887129114192e-01 4.402507143213663099e-03
4.865170374910912088e-01 3.665563630153773622e-01
9.675210489789698443e-01 2.636847592193366507e-01
8.766297383416887801e-03 6.111212378709804938e-01
6.309124071032787828e-01 3.933992173971390116e-03
3.252537674574841331e-01 3.701799940381358262e-02
5.845980013310059231e-01 9.890035895353881390e-01
1.258549644686673963e-02 4.016111586277096857e-01
6.371964492424703197e-02 8.083591748606210325e-01
2.689618370808383174e-02 3.294381487245741091e-01
9.897450248494692460e-01 5.901559524737909346e-01
9.959269389794993543e-01 5.081686695245850593e-01
9.499711817111609058e-01 7.541966757745111050e-01
3.660671169528737501e-01 5.195112513710660185e-01
9.648596474603365891e-01 2.534995366369042769e-01
9.084040945518458976e-01 8.302522782486179143e-01
9.959692351449374037e-01 4.478873102704132858e-01
5.328872545993552923e-02 5.961892997439069974e-01
9.296550111874302136e-03 6.158332116908850074e-01
6.181918186243775537e-01 7.959890596057184187e-01
2.425845103770804811e-01 1.780700572240154489e-01
9.844127196277512315e-01 6.282794178672002072e-01
1.268982635984147733e-01 1.459660783468494927e-01
4.039880308168231071e-01 8.724583014744871079e-01
5.770490514978083851e-01 2.791059545016485455e-01
4.478899778763267281e-01 1.012239161433337031e-02
6.526480377654970688e-01 4.743615750446017465e-03
6.331753467018047532e-01 3.217450677587399555e-01
9.631220754365521497e-01 2.472397656107964137e-01
1.220837946075153391e-01 1.511763756276964799e-01
8.699751887279897344e-01 2.303011768385354596e-01
4.976572504966890742e-01 1.673363671097593541e-01
5.725249007155961412e-01 5.860951739929425308e-01
6.656080659325276372e-01 5.466980349005723383e-03
6.847974252239239501e-01 2.068718682919731544e-01
7.895486723654012717e-01 9.289109514670566004e-01
3.106008489496928093e-01 1.362776172547660314e-01
7.600643289427035931e-01 2.265344892266063503e-02
4.971359547775532906e-01 9.962548520372190852e-01
8.674938362330284480e-01 5.788810592567792401e-01
9.351529121087585050e-01 1.753854057726659255e-01
8.940499824766510173e-01 8.498795934580181122e-01
2.266293601234312394e-01 7.733931124267103829e-01
6.545966818667778853e-01 4.694381293373103281e-01
5.332082773410801169e-01 6.469712657598529759e-01
5.796275790395302163e-01 6.354465528687402998e-01
7.235878967329185674e-01 7.213780188177158770e-02
3.664182342626171041e-02 2.962852355441862873e-01
8.050139343682910509e-02 8.362458735076473415e-01
6.146149567645473599e-01 9.843367052551040830e-01
2.382037647871532160e-02 7.009232270655173513e-01
2.443650724891191506e-01 5.896803409250107597e-01
9.913059117394042996e-01 5.753742853650384292e-01
9.959152245835223294e-01 4.471413623116906599e-01
7.387700346462759970e-01 5.125757157121186847e-01
1.864888658729763615e-01 9.326044441626276660e-01
6.798976211625090693e-02 8.169020783793941032e-01
3.204265328829138393e-01 1.783836908416994715e-01
7.365812787078358514e-01 1.574165340832478499e-02
2.898890894726796619e-02 3.220322345588895185e-01
1.241470549687057057e-02 6.410055372475407243e-01
4.681657721609046585e-01 7.269583190368189562e-03
6.280910837193637297e-01 6.110351957065636164e-01
2.340216048349436778e-02 4.801334529177730404e-01
7.196702114367830028e-01 9.589159419519680538e-01
5.150381026891076575e-02 2.552644959378769229e-01
6.836268679875733278e-01 5.006752397224341067e-01
6.882744504392259710e-01 7.574464020339899406e-03
3.000590969234329664e-01 4.345036299343474351e-02
8.666614752055648019e-01 2.578221636132244088e-01
5.394964034120433016e-01 3.751089109341815830e-01
1.853495929100862638e-01 2.979067579026913326e-01
2.452504455280731799e-01 7.450336782492931187e-01
6.996402023412333637e-01 7.292219534690435045e-01
8.602682399774426170e-01 2.011877939858457698e-01
2.551658403222462068e-02 3.353391069974313021e-01
2.567816722705665300e-01 8.971767365708447350e-01
3.108732316975065246e-01 9.813900574255239873e-01
2.636159790210243492e-01 9.684125442345382639e-01
9.476494079381903024e-01 2.027532520225024948e-01
3.801372259333031245e-01 5.970872010210177550e-01
4.922055941631325870e-02 2.607232044283498418e-01
9.918462181666947153e-01 4.059614895886012320e-01
7.608565638351441063e-01 5.086515302851570830e-01
8.502949230843209749e-02 1.981575187511112057e-01
2.360392465201373857e-01 8.641048473177226352e-01
8.114042579330766891e-01 8.124665736438010377e-01
6.706620048934595069e-01 9.731003465245640083e-01
3.532629086281259823e-01 9.893581183767620191e-01
2.296720754542188048e-01 9.550680848762747033e-01
9.337459980256296310e-02 8.514523434531161561e-01
7.813377052500308784e-02 2.090801895440379532e-01
9.615344289406252409e-02 1.822685874166084519e-01
8.199224868551642231e-01 9.118851735990942675e-01
3.613644364748212490e-01 2.630546127132915579e-02
8.827980614985806440e-01 1.021391802608655475e-01
2.419955248581973917e-01 6.401427333082367888e-01
6.816930251305006738e-01 9.704277084542921594e-01
1.997800433518284180e-01 8.228192878227289508e-01
3.353476405545323114e-01 3.267715875747911891e-02
4.849380416490826629e-01 9.968205054216484617e-01
4.145433267106385378e-02 7.576725175775452792e-01
3.497648219939982761e-01 2.194160219858906635e-01
3.391019386353018583e-01 3.301527296679829249e-01
8.204083248123017480e-01 5.088059789047338910e-02
1.821380056006677295e-02 3.690971126299569249e-01
2.135399167562095912e-01 8.275646232758238074e-02
9.741287756901344519e-01 6.787453695228712336e-01
1.795553428496337312e-01 5.649063534500989858e-01
3.887692661096601721e-01 5.769128444869583427e-01
9.867473108818691774e-03 6.207779142850712306e-01
2.802437494898295522e-01 9.576116704760717635e-01
8.596270858969270456e-01 8.828914200979334215e-01
4.636881436151052416e-02 7.553130535340686347e-01
4.366462424003120235e-02 7.636363228476928944e-01
2.868191220284019294e-01 6.346418289888107189e-01
9.641803743768027068e-01 4.306289302915662920e-01
6.776665132257604363e-01 5.141262741102829992e-01
3.349970812559289329e-02 3.269252957333700915e-01
9.703011011628446258e-01 6.929050729256727159e-01
1.412019220470711878e-01 7.045004150493321404e-01
6.145367139323614225e-01 3.795587626382277424e-01
5.023559167007457527e-01 4.709564768372621058e-01
2.649067643346049716e-01 5.679461803377594542e-02
5.516329465012279609e-01 4.349374885289126330e-02
3.932497455148405152e-02 4.906636184571424586e-01
8.422386972229836122e-01 8.966529094602082584e-01
2.241105592903780419e-01 8.764527336842503624e-01
4.242744604820944954e-01 2.906401815801664679e-01
9.118600479960465854e-01 1.398369340412584094e-01
9.746124965969946707e-01 6.767566392837461864e-01
5.558693308326327909e-01 8.513020323512574539e-01
3.584971592025548714e-02 2.989029941271891255e-01
5.605028057398319108e-01 3.718828103267817209e-01
9.794672301913842638e-01 6.555217049289220332e-01
1.928437201434503590e-01 9.439102168570479012e-02
4.648249970378741103e-01 9.973942053802492547e-01
3.618803353270416689e-03 5.383177036113490077e-01
7.206608280713547865e-01 1.887450734424606091e-01
2.538422750936622507e-01 6.160721424884463282e-02
9.684040117985348584e-03 4.199505741736125897e-01
1.724844265868989424e-01 5.843038367552673140e-01
5.476552264135748915e-01 6.218831582715641515e-01
7.391668454994235749e-01 1.629278580663384712e-02
5.739922600004013775e-01 6.660615963560844177e-01
7.556112214157512108e-02 8.295519083520875858e-01
4.544256110734452569e-01 3.405668555262052477e-01
5.983460449395849867e-03 5.816148365769370221e-01
2.744379712635508506e-02 3.274032326794031889e-01
5.471722268915275578e-01 8.136704847039982758e-01
4.872501777147258961e-02 2.619154716861010757e-01
3.772659582177514404e-01 7.172275507614664924e-01
5.922248462969429417e-01 3.932079785229821156e-01
3.695267118636688664e-01 8.450811158642750343e-01
3.029733636742449332e-01 6.609883274312481349e-01
3.443728252096879827e-01 3.020232437644643220e-02
5.353750896493097988e-01 9.921504328989495525e-01
8.460001353728021645e-01 5.958448651901444570e-01
4.284470208534036373e-01 7.510515339932517520e-01
1.746005998689232619e-01 3.213028788199335239e-01
9.376016062900407455e-01 7.808625161251573354e-01
1.435108238417185933e-01 9.007366364447234597e-01
6.848781010478216524e-02 8.178404875508445970e-01
9.460723484415842766e-01 2.315029889570276167e-01
3.314320072573911369e-01 9.855352220261434093e-01
7.255091386081176097e-01 7.841537425933622352e-01
9.614174131413592839e-02 4.025627629664105256e-01
3.682394153999854480e-01 1.642792672166272228e-01
3.398421232561660288e-02 3.051263254150192727e-01
1.849976249319769672e-01 1.937589547477792939e-01
1.627152013917146367e-01 1.400613787290785339e-01
1.089702279738103408e-01 1.657524795517739680e-01
9.792290639940888219e-01 3.188962425352450669e-01
1.532647080302210474e-01 6.465908445149884942e-01
8.762772058355696725e-01 8.685315895862785185e-01
9.539335076527233337e-01 7.441431473148519826e-01
5.315504948815984454e-01 2.729128325314640335e-01
7.642463024259426030e-01 3.927843588444133727e-01
4.702401430201322841e-01 2.835510164605002381e-01
7.319240415414106637e-01 3.337024888693579938e-01
7.296573251657769710e-01 1.871999618552889488e-01
1.992695260813820424e-02 3.602227474259108719e-01
8.507633508653318355e-01 6.345091338669186509e-01
4.713913122997348548e-03 4.646255649140391686e-01
7.452749158437987909e-01 1.780918284186305822e-02
1.076232701338652731e-01 4.527057853186432501e-01
2.105830258542523703e-02 3.549227340640389583e-01
4.170007097006029340e-01 1.520665503875284763e-02
2.070840693977251679e-01 1.207137934582504790e-01
6.470431331437960232e-01 8.612859111743849105e-01
1.022247143375031864e-01 1.741550147028464446e-01
6.958773146375432095e-01 8.464758736663465788e-01
2.682578511140008559e-01 8.329478870080705422e-01
5.946333680851884074e-02 2.399684797565789784e-01
6.792449705993943709e-01 1.598181512487670264e-01
7.809744592781241168e-02 6.530273582598962179e-01
1.355604880582561012e-01 1.376778454338397628e-01
5.356721813267286691e-01 9.938872333362239742e-01
1.528542295640814008e-01 1.221771156075883713e-01
3.639475926172883735e-01 8.921932563764085611e-01
3.632925651628479136e-01 6.586538663330464560e-01
4.456802770556989035e-03 4.701862720696573517e-01
9.678783218023712109e-01 7.014785623790206204e-01
1.919663419813334992e-01 1.567490015238751921e-01
7.017630334369908685e-01 9.179166618288436830e-03
9.755175917600307223e-01 6.729135541619368777e-01
5.700987957206943291e-02 7.944634296530187489e-01
2.576867938085401488e-01 9.661746923681063803e-01
1.325851352004750461e-01 8.907149414467158133e-01
8.319916010491290592e-01 9.039773151926038253e-01
3.347483150479343972e-01 9.861352609373665867e-01
9.406444642656912603e-01 1.858920364745464404e-01
5.173050687214657550e-01 4.011167349000202553e-01
1.278272036644833576e-01 8.862692220049465108e-01
4.272030792341428573e-01 3.068992844919006258e-01
6.520884721049204913e-01 4.213950891525358733e-01
1.798872728587342928e-01 8.768554050930377208e-01
7.975784223756681168e-01 9.247414449457042052e-01
6.436338381073927195e-01 9.801042486810451759e-02
6.282232727705228115e-01 9.820820272695910402e-01
8.797838804911904953e-01 4.371020453262755567e-01
3.500922062061292972e-01 2.885880021714692933e-02
9.959936744471251657e-01 5.062057288315597869e-01
1.444954186497277027e-02 6.549486687564419762e-01
7.772638197426855466e-01 2.933473559208388259e-02
9.993063199868836011e-02 6.837722622324581279e-01
5.385800059172721754e-01 1.918216425711940509e-01
7.590032263628072595e-01 5.711211435697365335e-01
8.797360133716067843e-01 7.107385902041181147e-01
3.290492072180691840e-01 4.872383534690036822e-01
7.356239805469295678e-01 4.748332881465677779e-01
3.417623440133993329e-02 7.374307380447585603e-01
5.091180907916894594e-01 5.126634338851482342e-01
1.527837695825263742e-01 3.732547632862174281e-01
4.415028330065389750e-01 9.972203939408016415e-01
2.963453572140671288e-01 4.474257921819657646e-02
6.080600179106998571e-03 4.468253236853726440e-01
7.007275853878929261e-01 3.845832482062487845e-01
9.495714383691138405e-01 2.075688620002474893e-01
5.913934973899723779e-01 6.335148795080262907e-02
1.402920310466134468e-01 1.399085632460895789e-01
3.525830172968084653e-01 9.892569484856397199e-01
3.665613925061664835e-01 2.565677246168492909e-01
1.351801988838629842e-01 6.531344429939085483e-01
1.427161900263957395e-01 1.311110556422723228e-01
2.370734020023678723e-01 9.580733385594378815e-01
5.185389992633134826e-01 3.696697783008870419e-01
4.816964157203779684e-01 1.276607358156334193e-02
9.038058437985616589e-01 8.369571822807224670e-01
7.319870368370012814e-01 8.099704827338847224e-01
6.462298248717448512e-01 1.659255082073577414e-01
8.559645563716262728e-01 8.857917873532988873e-01
5.814793222526963845e-01 2.605794619750745333e-03
5.598831255096954340e-01 7.308026097704030111e-01
7.207948080800046231e-01 8.716266278411265167e-02
7.543924813271514207e-01 2.990175636807206327e-01
3.198685680473536963e-01 9.832140321656932525e-01
7.808585297230724587e-02 8.330722371292944572e-01
7.327125826433404931e-01 9.541294550983397960e-01
9.582880672416329570e-01 7.317355554500022397e-01
3.533987075814465362e-02 7.409065349395089761e-01
2.757598666707209573e-02 3.279695713161857040e-01
7.463617364596546455e-01 8.098728337793691390e-01
5.675484129777887965e-01 7.479102351691375716e-01
8.209035453366713142e-01 9.112494298572578755e-01
4.461222505741019861e-01 1.040752720984416957e-02
6.773884557575393650e-02 4.185183021110835955e-01
2.414373238047506087e-01 8.421644879872542955e-01
9.419405929408594114e-01 5.831569852563155409e-01
9.956765577708277526e-01 5.134371210257892004e-01
3.755048400685839227e-01 8.226037662198301126e-01
8.557654251510304899e-01 6.769523582797482009e-01
2.014423519365027004e-01 4.962567172058054421e-01
8.436440773634754642e-01 2.198562580267319766e-01
4.408285358904233120e-01 9.479308575924108582e-02
3.005701327709128790e-01 9.792505090055562134e-01
2.544698054229033723e-01 6.129091316584356353e-02
9.235495006404610407e-01 1.560299133368440172e-01
4.416467284541897853e-01 8.564266409277888625e-01
3.271010658445288044e-01 6.402500879801008571e-01
7.607946449684838131e-02 8.303089492608320965e-01
7.082637261479585167e-01 1.033202468025917753e-02
8.050271460363724874e-01 9.205285764639472568e-01
2.167737957992505182e-01 4.081248861129003758e-01
8.195395805859770899e-01 5.035297352573508967e-02
6.348812801649423854e-01 4.694414121370603654e-01
5.226431845788621633e-01 5.439001385070966199e-01
5.444002295399970048e-01 3.176629102054105425e-01
7.200131351120908629e-01 9.587984607453181596e-01
3.474646087347987855e-03 5.072886497388651161e-01
1.298708272150093102e-01 1.606238799568719400e-01
5.459405100785650333e-01 8.246636647304284029e-01
3.215509279871969772e-02 7.310738950709406714e-01
9.844626041442356978e-01 6.279528437992033529e-01
4.922111394160408326e-01 9.965149530490789997e-01
5.031398505153197309e-01 5.418691291269513988e-01
2.323883580645557390e-01 1.806983531360216721e-01
6.175212550064528294e-01 9.661296612579266530e-01
