8.215889567063886512e-01 6.131265077460701374e-02
1.354597198961871030e-01 1.354308390139143947e-01
9.790655310426205071e-01 3.067251774973001055e-01
6.893849007212650148e-01 8.634954714439545542e-01
4.708376035533945458e-01 3.752809632719227295e-01
8.324767238527008839e-01 2.233337063564279357e-01
9.903210277958612862e-01 6.009002262303334563e-01
3.927186478196726949e-01 5.707536544999707306e-01
8.081170115121399933e-01 5.545065149458117126e-02
1.930529101357442989e-01 4.433733572707183601e-01
7.384700111298241332e-01 9.504284991128219007e-01
1.254768030081419017e-01 1.445210405024187628e-01
8.988137972026448430e-02 3.908439608130149234e-01
8.474194572421629434e-01 1.466304200848843886e-01
9.959545766768689301e-01 5.531422086070968414e-01
9.944130350443250999e-01 4.056055559732851812e-01
9.575586378734181059e-01 7.229871105363989692e-01
4.397437331939558769e-01 2.871156387533317922e-01
5.922845280731217632e-02 4.487699730322355918e-01
4.132787440278509195e-01 1.560912937758140995e-02
1.680804455734574709e-02 3.651539720102457975e-01
6.191668234944436300e-03 6.067003458935396054e-01
2.329269252427679515e-01 4.818509042833565292e-01
3.636378631896102775e-01 3.268585555365989270e-01
3.794960729866936333e-01 9.887913541105045612e-01
2.768970484396753307e-01 3.063215855935903509e-01
1.409560614263994927e-01 8.751021998879945363e-01
5.907519336691238188e-01 9.911269986228593565e-01
6.859294517597562812e-01 8.651370564738893876e-01
1.321142814062173931e-01 1.384058125708903519e-01
2.583692098763726644e-02 4.557403910751352538e-01
8.558161283094215532e-01 2.514022006254769681e-01
4.823236416431151419e-01 9.972675676993844052e-01
3.633010303645232975e-02 3.442390127568847324e-01
4.277207880531180839e-01 1.314235657482587527e-02
6.385426678059293870e-01 9.832167434794069072e-01
1.719270469679859970e-01 1.082839226521056242e-01
4.752947985420052923e-02 2.609282916561271870e-01
9.905045007935117107e-01 3.734314559464032568e-01
5.169937263366725100e-01 3.452715468242995023e-03
3.412629638549492528e-01 6.057556625517035442e-02
2.017491634900183128e-01 4.047285442643070441e-01
2.515959550949408152e-01 9.518475428218814427e-01
4.802980817295197241e-02 3.721301040422700934e-01
5.760222209890069472e-02 7.342639033690072647e-01
1.008876636542030969e-01 8.300415635417892624e-01
6.932979415796211020e-01 2.883901573087221948e-01
7.166652938354836078e-01 9.600886804987950329e-01
4.588004386619114472e-01 2.986826114262791654e-01
2.303037428235742423e-01 9.419331833870753234e-01
2.960974552233055501e-01 4.585055657151015929e-02
5.626974073101057572e-01 2.744396717201613711e-03
2.596691369722170517e-02 6.877991928066784499e-01
3.902231436070665027e-01 7.729474640520864748e-01
7.311678945217894299e-01 9.538971782904702712e-01
5.094121422042797720e-01 3.147298344994263752e-01
7.248363283680689939e-01 2.756397213895006582e-01
1.450242826909231564e-02 6.491780093776993166e-01
3.106009812708160345e-01 1.044995260264443004e-01
9.989046051745639199e-01 4.907234850553683358e-01
7.683764395786675250e-01 9.346316524319735475e-01
8.346718361479124049e-01 6.745590345264640408e-02
3.099136507824860609e-01 3.227357666706789363e-01
4.001593565104988315e-03 5.910394442939814752e-01
6.954644708117430074e-02 7.640122614393888290e-01
7.592137698238445864e-01 4.050936162166794974e-01
6.842484832385818949e-01 2.179845331789229124e-02
9.364596693310033304e-01 7.649203563565358799e-01
9.952947379408709772e-01 5.594846620108003821e-01
1.004631576815624427e-01 1.728638656290583109e-01
8.785654407254148701e-01 1.058408861485259367e-01
7.963227867349762512e-01 4.012800213916045133e-01
3.270192414128426650e-01 9.050946578906315931e-01
1.056657269214313910e-01 8.363809739976892921e-01
6.844505781661487376e-01 9.715960074567808746e-01
7.394430164161888142e-01 2.948263951444218822e-02
4.878242865057081379e-01 5.313810438430602856e-01
9.680693416470960433e-02 3.450549860892083709e-01
9.911243903966771018e-01 4.218641189039564754e-01
9.683515354523448693e-01 2.703360925070114051e-01
2.228168335082402196e-01 7.638292013682326242e-01
5.403197523502022426e-01 2.583553619283932568e-01
8.342710364655577804e-01 6.725772011789943328e-02
2.902583704063481651e-01 8.300622676169029379e-01
3.032381634185290498e-01 4.323141877223268814e-02
5.277780488644333579e-01 7.903590481534263912e-01
5.984531663935632739e-01 9.901097991246987640e-01
5.206163136130985691e-01 3.329197795791660752e-03
5.131360713803976292e-01 9.967743613191551999e-01
8.363645832954891279e-01 8.862405252029950109e-01
7.445467772544605012e-01 8.393960050613223922e-01
4.633249406751705490e-01 7.075306783282339640e-02
4.542401035227482398e-01 3.174985622829292753e-01
5.929062709882249038e-02 2.365083811159006677e-01
1.549643037451070571e-01 8.876768755321565729e-01
4.415319986954847620e-01 7.303029360990748176e-02
2.808467049383378544e-02 6.938874272156797529e-01
7.811084023515070252e-01 9.272855398587604991e-01
1.297134913882255214e-01 8.642451128677670624e-01
1.388617680637062590e-01 7.738204234654539881e-01
2.707346548221964966e-01 5.926847394985077511e-01
5.494874677569538957e-01 5.904905805091512638e-01
9.804723256585458069e-01 3.123727287308714073e-01
7.462661697290653429e-01 3.172441459895058991e-02
7.913668021966926425e-01 7.199039303572423165e-01
5.276521019455089334e-01 8.696711254119287027e-01
1.679329927351625729e-01 3.219217481899578348e-01
9.420498282669970136e-01 4.073437300913121395e-01
9.805740361223813650e-01 6.546049077180552400e-01
7.409253568932594458e-01 8.934227253247685185e-01
3.406145757016924014e-01 9.809632451575387435e-01
2.641329774438516687e-02 6.891190584420873178e-01
6.788692048701641113e-01 4.044262543336357707e-01
5.000041062242632783e-02 7.446172186343987809e-01
2.236388958733237509e-03 4.824609123555649859e-01
4.218047354370666469e-01 2.415089746044950247e-02
8.961154680249731053e-01 8.205199696741385385e-01
3.373064063501503007e-01 5.082828070157500155e-01
3.658145223421390702e-01 3.087862122735805445e-02
8.528075098959804201e-01 7.868240342157450939e-02
3.654006584717306438e-02 2.899356649109842143e-01
1.651814711363488453e-01 1.128044855543803848e-01
1.204744384913646327e-01 6.478066036542267092e-01
5.608958686494985857e-01 9.937005203197267766e-01
7.679303991259707196e-01 1.787710491748503716e-01
9.921532567483822840e-01 5.867976408439828928e-01
9.846709081209735759e-01 6.374544982742907928e-01
1.745792740513674168e-03 4.928574756089162401e-01
9.603996268157983796e-01 2.475951255837690601e-01
2.844742518930243325e-01 4.668108801957949749e-01
1.812713578952102056e-01 1.023251595151277726e-01
5.016179450052163924e-01 5.740452929971594509e-01
9.704435408684121134e-01 6.892291550050474447e-01
7.278794543576232456e-01 1.796492446991199143e-01
6.292824423591213412e-01 9.849942343874651396e-01
3.824902805282005547e-01 9.892315947052885416e-01
5.437980809460711829e-01 9.950172613056246229e-01
7.261023003815576526e-01 9.081291104876024756e-01
7.808909450980222600e-02 6.229719517404119777e-01
1.279522076486028226e-02 3.857068986892067119e-01
4.244594974200533999e-01 7.228058774810476317e-01
1.872351743549507397e-01 9.135760062292510586e-01
8.624651343761272626e-01 8.593763127407298974e-01
7.858302544740913831e-02 2.043658686206130115e-01
9.492553804449440635e-01 2.628881308406422201e-01
8.612554183846614642e-01 5.033340755266469957e-01
1.484860322747097727e-01 8.335860536417039057e-01
6.019664449241866055e-01 9.895575828567964027e-01
8.441346448389820400e-01 7.282437998730062478e-02
9.987508916617997556e-01 4.714464873100445708e-01
5.790232727430761894e-01 3.094664654183065799e-03
2.566190019913590081e-01 6.244931730600700170e-02
6.876879340277562702e-02 7.656039316137364104e-01
9.984191392606871496e-01 5.136166917882641902e-01
9.289667735056718056e-01 7.767712824634122049e-01
9.539519527769335649e-02 1.797221955203075483e-01
3.899347537805967212e-01 9.903115153319712594e-01
1.616056291895800745e-01 4.665098155886484577e-01
5.137949368317156207e-01 9.171753099893791283e-01
6.927288093546559722e-01 1.629490997930216345e-02
7.592530060805591230e-01 9.396870264476634427e-01
5.059047640144790359e-01 2.353226364340054722e-01
6.378430516253957849e-01 7.080441265440462484e-01
3.254195215813349140e-02 7.059707798909231613e-01
8.660623351733531816e-02 8.088187718043883256e-01
9.980812641961458453e-01 4.549233518792699105e-01
5.658992185461257929e-01 3.148494366923941801e-01
3.448890006417973941e-01 9.821667784335252893e-01
5.265936058157232313e-01 8.576249366183260614e-01
6.215805391439288563e-03 4.293280389014407783e-01
9.088298955971974014e-01 8.045505701087332096e-01
2.535074922672626574e-01 6.380423718292693724e-02
6.649572123213816077e-01 1.004408053567595882e-02
1.886945060889462233e-01 9.772078481760282376e-02
5.163117353116342123e-01 1.197210226556944535e-01
8.680684962396300053e-01 9.406319815272312646e-02
1.567789735459034772e-01 7.972577443458230828e-01
8.586668774924758329e-01 1.448249524773807251e-01
6.700086111141241307e-01 1.103190325118796888e-02
3.298521067473560997e-01 3.470279271184673053e-02
9.988636528472780718e-01 4.787158091669202475e-01
7.053379190154255296e-01 3.262926194434702665e-01
2.767094502741761497e-01 5.374119801634646976e-02
7.959226625231016206e-01 5.025866004092570671e-01
7.715818373069807112e-01 9.327841681551674036e-01
6.325834104982982486e-01 7.360938631798219500e-01
7.834688153907076735e-01 7.268504861540470152e-01
2.409430387212982971e-01 9.473174802856949572e-01
8.531904254550612965e-01 6.329031411348914338e-01
3.160377114222046036e-02 3.064072921308654829e-01
9.705709949085328248e-01 2.771158134783410221e-01
9.982644952303852959e-01 5.196898447679605404e-01
3.522261952519423756e-01 9.647245799691650525e-01
2.140140951091850097e-01 9.320111349341848594e-01
6.972179868351691123e-02 2.181738180850143483e-01
1.386776500722998184e-01 1.325957964599526751e-01
5.164510357764192650e-01 3.485604028098387985e-03
3.190258148401631244e-01 7.276963231172113578e-02
3.553983445180092793e-01 5.025685960938819363e-01
7.626320303880598228e-01 3.736255782982067508e-02
6.458444141730483867e-01 2.123322321247428646e-01
1.976955710674499489e-02 3.519858735195148247e-01
8.411975581247126410e-01 9.747209133679715642e-02
2.362124032031319154e-01 5.319303690064424162e-01
7.477678004346295371e-01 2.208539214085146474e-01
2.142172575020488967e-01 4.164952062385172682e-01
7.342035022326713900e-01 8.547212030950442907e-01
8.254854620608803595e-01 3.183550268434302000e-01
9.928392383374109453e-01 5.811138512065732176e-01
4.701161822118725131e-01 7.512614257192518075e-01
1.206231544792433219e-01 1.494835807045984399e-01
2.947031547423399345e-01 1.158662235221638026e-01
3.368105370496832229e-02 2.990225211988608578e-01
1.826352599487171269e-01 3.588371651057983280e-01
9.430112975111433204e-01 3.555001147213298629e-01
1.919884899209134410e-03 5.673841553577906316e-01
9.832700025237112174e-01 4.876375941689733429e-01
3.555090276841754715e-03 5.866595506391195647e-01
3.450222179522407506e-01 3.558096787788815885e-01
6.489484094895696664e-01 7.398813720176883324e-01
1.819746862880515237e-01 1.567518871301758487e-01
4.265870711835935691e-01 3.278994304833843798e-01
5.886265591679892273e-01 9.913433978128196600e-01
5.113774495254241881e-01 3.798650818057525136e-03
6.974785008125206076e-03 6.118075785708647629e-01
9.575102200285667831e-01 6.112608992336980851e-01
5.814260107765500951e-01 9.920356171023013703e-01
8.135502259978336648e-01 9.057938228576388751e-01
4.310675917749360875e-01 1.592230198593388990e-01
3.357513605799504752e-01 3.910729275908440133e-02
1.473431082865872543e-01 1.257609324275872353e-01
6.382935664793055741e-01 6.333940524267389627e-03
3.641344258159892600e-01 2.182389485381796557e-01
9.896196906764569423e-01 3.666491977041506090e-01
1.122190265903523221e-01 1.587399675474430172e-01
7.704931074851232298e-01 4.841578148320632713e-01
4.474929967844613610e-01 6.264388995081730804e-02
1.617899006388956451e-02 6.554525593766173941e-01
1.192255123888130708e-01 5.597065033400465683e-01
7.355990911112164632e-01 2.041701869665625557e-01
9.481661035111722535e-01 7.431575713536399119e-01
6.925623301568335499e-01 8.541573496024721379e-01
9.441077727510645001e-01 7.512524079009826883e-01
2.710177832443161350e-02 3.228038919245481697e-01
9.481828510082599415e-01 3.510207168909813547e-01
5.219716418747407660e-01 4.555430036018631723e-01
2.948221005502991710e-01 5.669489560209908241e-01
5.566954586545341810e-01 9.940359124818425318e-01
1.836058540966677421e-01 9.108053092195368405e-01
9.206621096761984369e-01 7.883813540945431297e-01
9.494523741128367833e-01 2.207513013158023396e-01
4.851878660940372456e-01 5.240334251615811345e-01
4.897171307218262104e-01 7.742914193812383550e-01
2.226094068448277730e-01 9.050600613773354119e-01
9.680128008054739164e-01 2.693438000009502620e-01
4.578552284599490818e-02 2.649668535133834490e-01
9.887833850011570336e-01 3.604559001501135285e-01
6.576219697034855205e-01 2.030612258131876680e-01
4.721602818071169994e-01 6.872651352935910118e-03
4.461473839758860471e-01 2.890170950588124010e-01
8.873772001114939023e-01 8.308176543944374437e-01
1.828960016156399582e-01 3.289839276120192779e-01
4.999118058310131341e-01 4.352560149770410280e-01
8.574567108671327098e-03 6.213653880794847151e-01
7.868098264461836910e-01 6.938957912368171055e-02
6.102299517897706860e-01 9.498839913764424159e-01
3.099466872350750135e-01 9.146859398512484640e-01
9.562690794050574539e-01 2.367239544460824074e-01
9.457928482250480551e-01 7.480335936263976526e-01
4.412082634141232251e-01 4.084774853534322014e-01
6.731741312585413084e-01 2.268524912217019240e-01
2.111061017424719077e-01 8.466475979221088632e-02
7.095972386183366787e-01 9.627504139412582651e-01
8.476566252193761253e-01 7.496119853740446093e-02
9.634196781041661772e-01 3.731502381146608593e-01
7.747647564424862132e-01 2.609125819527089996e-01
8.307827546733269619e-01 3.876172882826452448e-01
3.633222812616165864e-02 7.150244600336571610e-01
7.048181984045468473e-01 7.624653341040567023e-01
2.458691048338750296e-01 9.495045426724602056e-01
9.406723711665047061e-01 4.653285917453434117e-01
9.772637644750948871e-01 3.002540002144850062e-01
3.622655879956025449e-01 8.853702299881728299e-01
3.432368382300535203e-01 3.117774154503026307e-01
9.562297265959575077e-01 5.264083489568575080e-01
7.644199555828421477e-01 2.257270269035362986e-01
1.670395142431603253e-01 4.919060079644291261e-01
2.382881113666555084e-01 9.460054630611280935e-01
2.099804928422261963e-01 8.525119714864359821e-02
9.738104497493820233e-01 5.069684435047381310e-01
4.477158725964600627e-01 4.722460069982222231e-01
5.371972112715541758e-01 2.975487444716429231e-03
1.676796598687970707e-01 7.775979602166469551e-01
8.507266483970169491e-01 4.565446679208202685e-01
3.341898702385234787e-01 2.773232222236711175e-01
4.380461921684741800e-01 9.956911897834942460e-01
1.974427919049400737e-01 6.198788942424271475e-01
3.018800120317763902e-01 2.052209118651678321e-01
6.683051521816797402e-01 6.138238168310924392e-01
2.489667207145881411e-01 9.507870308837553797e-01
8.342679381119343096e-02 4.029312228885156832e-01
6.410741723961239646e-01 1.353844834250464077e-02
4.348940306581437487e-01 1.722768860548472281e-01
4.999743675248468078e-01 6.189678806724381310e-01
1.544415555107257476e-01 7.853652186436497207e-01
4.044122451549856390e-01 1.715621814450518645e-02
9.644502766693633378e-01 2.590222425861479216e-01
6.773840178692255298e-01 1.260766476708097272e-02
4.098440729258800985e-03 5.919594965978249856e-01
1.878044230632854028e-01 5.173617776701220361e-01
2.770773115953532040e-01 5.484763965386953988e-01
1.608578748266968894e-01 8.927813267221903493e-01
4.643436841170223706e-01 9.189551960648363327e-01
9.973412333768526539e-01 4.425312838585406805e-01
4.830567367539536638e-01 5.744996871770546853e-03
3.556353779261395287e-01 2.775570048900188880e-02
6.487176772813652015e-02 7.728304461639849965e-01
1.582528180945397267e-01 1.176873735123633580e-01
3.175296774943953126e-01 8.440901266914255796e-01
1.761218782601036426e-01 8.143311356873610407e-01
4.262607129597391631e-01 1.172875721764545104e-01
1.975824164958926987e-01 9.242714419895836642e-02
1.420947543388980661e-01 8.761487593390419049e-01
6.261985969687937637e-01 9.855817591022638657e-01
7.043799449379363198e-01 1.928134232507583423e-02
5.134479156863935856e-03 4.395390711313682530e-01
2.271160604250415660e-01 5.306230171921018091e-01
9.944825602881813831e-01 5.669115584015068654e-01
3.913527956518932926e-01 7.355188529015318499e-01
5.272939427682656888e-01 6.715106795969089104e-01
2.329776758534470582e-01 5.927463463432138813e-01
3.503835568980728787e-02 2.943522100776797545e-01
3.478601557049519899e-01 9.829995951390367859e-01
2.085733340960324034e-01 9.284504611513485495e-01
1.075351685511630739e-01 1.641886555882563492e-01
8.809100118917138067e-01 1.087311425312501578e-01
2.925924110513960508e-01 2.747949753839554754e-01
9.863295540676114692e-01 5.566324209557563796e-01
6.832325952292170879e-01 7.865362187886451029e-01
3.966969443178366972e-01 8.238673601828729876e-01
4.191776558485532100e-01 1.074995955167359629e-01
8.169404289048191048e-01 5.438444288657504622e-01
4.422127603139259233e-01 5.033537477445130248e-01
8.930554300480260110e-01 1.247139460680135592e-01
3.800974009006842236e-01 6.703403121573380252e-01
3.819794854975596676e-01 2.163911233529480782e-02
3.908504767096933619e-01 2.495300180728396711e-01
1.213051666667938067e-01 8.553581847660038928e-01
2.453582181191281408e-01 5.794746928590891466e-01
7.073109046729253446e-02 2.165083056891959901e-01
7.781920581145889138e-01 3.930479543168132195e-01
3.313589699212053374e-01 1.843164910639870924e-01
8.737187004194615358e-01 1.002314718023546991e-01
3.327820990372759580e-01 9.586393215723501005e-01
7.504863006501555356e-01 6.869139457934623216e-01
4.937722910899169371e-01 5.127415098230557744e-01
3.456487591828838468e-02 2.959563257788848656e-01
3.977950873012008337e-01 8.188419160648043871e-01
2.034061607783966552e-01 3.949602951452928501e-01
6.470761664810342761e-02 2.267786930306671112e-01
1.333249121370050361e-02 3.826995593803983464e-01
3.968430606667279203e-01 9.913067235266876942e-01
7.094073101536562120e-01 3.441024010519097565e-01
7.795445912201959260e-02 7.953772061591044551e-01
1.381617466452900178e-02 6.464719627990558326e-01
4.533615084380563376e-01 9.379734064008493633e-03
8.051113114645997992e-01 9.118307978827008276e-01
5.398820260512475766e-01 9.519434093340414238e-01
9.645990388699015039e-01 7.063068645211745267e-01
9.978368320434586325e-01 5.306280281941404553e-01
2.751840141823296282e-01 9.607739994893260693e-01
5.613794688376719799e-01 5.723478677727004971e-02
9.092271557793234482e-01 5.080802869382099463e-01
9.347515043361875886e-01 2.548917444507304286e-01
5.847044791754193449e-01 7.033847395368583166e-01
3.044028026151136546e-01 5.575246861322452618e-01
3.185209608569250506e-01 3.060304566305638851e-01
4.325480927963494260e-01 9.951804229076165464e-01
4.949933884791868355e-02 2.564403835236152007e-01
6.119951035180306587e-01 2.628350924441794079e-01
2.229353656324385424e-01 9.377431815460066655e-01
8.679620999414855431e-02 3.033987253321168143e-01
9.418199502367922138e-01 2.040185458378678263e-01
4.914652823262977144e-03 4.419831295277306671e-01
7.571526093636841148e-01 4.631550938483884883e-01
5.616295308298628886e-01 6.942386767629163957e-01
9.895927963388276849e-01 6.060210555632596918e-01
1.334143334999916553e-01 8.680700167326902417e-01
2.879662996945584474e-01 9.651811632524026630e-01
7.582642807348677350e-02 7.158686574641233147e-01
5.528530697120848103e-01 6.391755163758362501e-01
9.769488251635385367e-01 6.670757781641837303e-01
3.785860558130021425e-01 5.291972260742026091e-01
8.105776664092042560e-01 9.079543070137895411e-01
2.451145402602977058e-02 6.056239237916178908e-01
1.007999022272604295e-01 8.299191395955444195e-01
8.188848337072699435e-01 1.952549423080571223e-01
6.207123723533222170e-01 5.647968309259145808e-02
7.486115092022388451e-01 9.453065060647051210e-01
1.939895212009425385e-01 8.937476423979583418e-01
8.521403840026049448e-01 7.806115371806887637e-02
6.174509571570616639e-01 2.936281524374270008e-02
8.771979314977149667e-01 6.601058628011069462e-01
8.272810788743359955e-01 8.348316658975891702e-01
8.079807883927293544e-01 1.145917279176270620e-01
6.575130854511462841e-02 5.052724681928717487e-01
3.848487689723198435e-01 2.731761643218412194e-01
6.300607712399290961e-01 3.487514978203892779e-01
1.153851882021510039e-01 1.745620634852075581e-01
1.519706151529239546e-01 2.343389937404385670e-01
8.399915593842011141e-03 4.122263368683100060e-01
9.835313449452750545e-01 6.434464663569120502e-01
7.226643078226117067e-01 2.418204413796865015e-02
9.341083862503966884e-02 2.495853601173471104e-01
5.863560960488550799e-01 3.302816727327018143e-03
7.255649332949252184e-01 2.509585258362379001e-02
9.982863218563159391e-01 5.189392166621907831e-01
7.850992504641289838e-01 3.262876360496341221e-01
9.322331804985933834e-01 1.847552620822415781e-01
6.439787245674005733e-01 5.470133380598053013e-02
1.280682668396450063e-01 1.420252498480185643e-01
9.302308952606894721e-01 2.714462875944515519e-01
2.990573658050488248e-02 3.125292191332121883e-01
8.495281412163352419e-01 6.849813233429357107e-01
6.146421074123653572e-02 7.666595686234122242e-01
3.586882498620800330e-01 2.697918021118439480e-02
8.952182420686427555e-02 1.880038119671973984e-01
7.647954086019589370e-01 7.363568561773468080e-01
2.655399094234596191e-01 5.557291480568594677e-01
5.498636742004108652e-02 5.466619487034730662e-01
9.541391971082113788e-01 2.314961042033645278e-01
7.286670180881948955e-02 7.870938433882312957e-01
1.366269105205817347e-01 1.397975901102267993e-01
5.452171449756071375e-03 4.362520082578194014e-01
2.043461992550021922e-02 6.705760540518067581e-01
7.182350948271801760e-01 9.594700854345938890e-01
7.303733480191233474e-01 2.483061612939259644e-01
6.550266456018117855e-01 4.475548496174139856e-01
5.016498411604394247e-01 2.296427366483925758e-01
8.000088408846519616e-01 9.153219381490084183e-01
3.122881344596950548e-02 7.024791840329863701e-01
9.840573109937910123e-01 6.408545038427705398e-01
3.581450282622753445e-01 4.000161015582666124e-01
4.159555831988599461e-01 1.478444768494195649e-01
5.675582296451286979e-01 1.975035196734575491e-02
5.003677924777760744e-01 9.971999280112476827e-01
2.447245480746820245e-01 6.789409967312587391e-02
1.322240780497585533e-03 5.463265714777360005e-01
1.708316524842115325e-01 6.559854676010743457e-01
3.160138117195286367e-01 2.900019731770865361e-01
8.507378370224346620e-01 7.695752290132851225e-02
3.930291445281204332e-01 1.925536616311984695e-02
8.595951047859132776e-01 8.624525091536003885e-01
9.919117534531851632e-01 5.887363620866573610e-01
3.187724403016326535e-01 6.995838187900860206e-01
9.717707725869377811e-01 2.810100212382038443e-01
4.635218304478269102e-01 5.520726524805689150e-01
4.691557946753951991e-01 9.945712990733976966e-01
2.691687240070331222e-01 1.307546454549978199e-01
5.591871545114802666e-01 4.815283000744987052e-01
7.829695561091403189e-01 7.284289474496224992e-01
4.633018243119908508e-01 8.025616863351237029e-03
9.861910632745254368e-01 6.286046025132246973e-01
9.809353281319064255e-01 3.145334214021061614e-01
9.538457835186355815e-01 6.213827513062060159e-01
5.649895196535532627e-01 9.135204921319601823e-01
1.175280761267641916e-01 8.509996035958304894e-01
9.304200027875701995e-01 2.617520230468017295e-01
1.193923293869075808e-01 8.531865258563090526e-01
3.106096198765007088e-03 4.671235487555037702e-01
4.597670792606430301e-01 6.697260547464993774e-01
3.132761156449664908e-01 6.484118751449946538e-01
3.843875176314048847e-02 2.844926274411492262e-01
3.541098002530317368e-01 1.010461856347496384e-01
6.180032506257484570e-01 6.496594660096994822e-01
3.090309056262241505e-01 8.954518913901514665e-01
5.778897030350824693e-01 9.286288529995848640e-01
4.894527438111720974e-01 5.274549117823323918e-03
8.272048456577125730e-01 6.385825255353083651e-02
8.061966958327204669e-02 7.995365942746153198e-01
6.183206739800076734e-01 9.869371749796758131e-01
7.279550727278615296e-01 8.173793734540254485e-01
9.575213540095552922e-01 2.399774306926856227e-01
4.543570083395945258e-01 3.815250581074264846e-01
9.915448921517033831e-01 3.816816010837271733e-01
6.532664816218906045e-01 7.445617415420918705e-01
4.348386670894218708e-01 1.198940700362938205e-02
7.247956465100920953e-01 6.739690695212602334e-02
2.248409353086451290e-01 7.778395915541491679e-02
9.223141174082659655e-01 4.415227477464084838e-01
1.026697314257448979e-01 2.242042703401344594e-01
9.308287773173083979e-01 1.823268491485749987e-01
5.642570086703486698e-01 2.363605727304231019e-01
9.649403386115751324e-03 6.272986693102885480e-01
7.629086373806588384e-01 8.517897815113533166e-01
7.278319895730511746e-01 7.302086196781280014e-01
6.894081767363391400e-03 4.232031067989509010e-01
5.857047161837157789e-01 9.916289225451507816e-01
8.938033346258279499e-01 8.226015077474067017e-01
1.275648772196691372e-01 1.424959750328296249e-01
7.273251475402100485e-01 8.736318246200869275e-01
9.909390372303730210e-01 3.768670553375158550e-01
8.721676259181175839e-01 9.845477915382228051e-02
4.877122872415042276e-01 3.704440396203804303e-02
6.810614138420925112e-01 9.727319026495717669e-01
4.379929115370440745e-02 3.564407779578487312e-01
5.064187160768546248e-01 9.601344061646736039e-01
9.859755543629417085e-01 6.299466262231387947e-01
4.334364102480197101e-01 7.907153218381757220e-02
3.746410799511636913e-01 9.880702549275094393e-01
3.652260931593206972e-01 9.419019922426024038e-01
4.648697815984426107e-01 7.817147101670363085e-03
9.870291117533224190e-01 6.232091276588045403e-01
5.907519682419961615e-01 7.366181932930451204e-01
3.363558811100095247e-01 1.789031125683690493e-01
8.765543014403890387e-01 8.434422647304625764e-01
6.724159992688861776e-01 1.153746837549096682e-02
6.591144581332015751e-01 6.618233218896324432e-01
1.759097044853241698e-01 9.047803550444299958e-01
1.748678101623206693e-01 4.094077116121845883e-01
3.606175738797698926e-01 2.649617238967305610e-02
9.266371740561395454e-01 6.765711926997086678e-01
2.468633271642053928e-01 6.818655912598623470e-01
5.765776873748642561e-01 8.825615483874114098e-01
3.449524633714258215e-01 3.062745767499475136e-02
6.377095393887952657e-01 5.034130607014761782e-01
8.442440820568904991e-01 8.258684041169295220e-01
5.351535145276959948e-01 1.886304639199486988e-01
4.235622341124711809e-02 7.284048357044499156e-01
5.373383885618618905e-01 9.251130180966384842e-01
3.489936511174875911e-01 9.832957313845243075e-01
9.476774028911560954e-03 4.052877378359766025e-01
5.728180198662834177e-02 5.073618697181534465e-01
5.946945558867900994e-01 7.643483909141780552e-01
9.161278797738456880e-01 1.575943437697354677e-01
5.622165207564988609e-02 7.568837385601425716e-01
6.396061760891650350e-01 6.473395714030494297e-03
7.940042577835166870e-01 4.942360665298661804e-02
5.718395290384474805e-01 5.376098065507513013e-01
6.319824122543721279e-02 5.520996441764856044e-01
5.414204235592956493e-01 9.951721516559638436e-01
3.433237169767440755e-01 3.279601150873274751e-01
1.377023313103003799e-01 6.639281026383273554e-01
3.069748127229301460e-01 4.187670177358837620e-02
2.913753600352754214e-01 9.662222094573094111e-01
4.586294970713583607e-01 3.505054629638487129e-01
1.984292358497064812e-01 1.967455008509129133e-01
5.236064359035919047e-02 7.493911973855728048e-01
3.599373056693702111e-01 4.090474864811893263e-01
7.787856351270283639e-01 1.203801475595565745e-01
9.062792785067379508e-01 8.079152374262736913e-01
2.337246278781395514e-01 7.632038366838431731e-01
8.565872941572044708e-01 8.225566827607722065e-02
1.936696629195525932e-01 4.604322430843237335e-01
8.582022310399475273e-01 4.304857203664015919e-01
8.375085506356677589e-01 6.898969186677117449e-02
4.859476111770152373e-01 6.217035161872931370e-01
2.838534469869314902e-01 8.512778465617433232e-01
2.096481336907263238e-01 6.979642023761509773e-01
3.804402636236225432e-01 2.796017550857630707e-01
6.408918053731469389e-01 6.610223349728716613e-03
6.012337093772848196e-01 7.097947154190913377e-01
4.243295311368168177e-01 7.411615774469778595e-01
9.000415788941090733e-02 6.550823573691513246e-01
9.191585310832570688e-01 2.105888906634945934e-01
8.454702150318413878e-01 7.362641781307610600e-02
6.173045258340814634e-01 4.689601807825405366e-03
6.248621555445128539e-01 2.596623545086489404e-01
1.274709347447211538e-02 6.416662845105866042e-01
8.170675021796973692e-01 9.030203749708080041e-01
1.968588409990865151e-01 6.681865571946266069e-01
2.230731391696064714e-01 7.866762830675466667e-02
4.499037527007575532e-01 3.574050084393196047e-01
7.849694380531033744e-01 4.579144266416557141e-02
5.634462885477324878e-01 8.543086418842406049e-01
1.209865801729947954e-02 6.387358678102008636e-01
7.322964102396551933e-01 9.515746653896666185e-01
6.460816807447955501e-01 9.817611683063950379e-01
6.628443223311734078e-01 8.075434807435090123e-01
4.662742599666837018e-01 5.948485068186709634e-01
1.832877432920738403e-01 1.544870263554187217e-01
1.889577278101843838e-01 9.148237854725252971e-01
6.800140827799561194e-02 2.211170692368050750e-01
4.779801210518622723e-01 6.226320686586128694e-03
8.394244222347327922e-01 8.833077702632257111e-01
5.408353384892699012e-01 5.998144950278745391e-01
6.724401441121555800e-01 1.655598466421644988e-01
8.198023528378005631e-01 7.944509109922333057e-01
6.786700454043356201e-01 5.445422357370720556e-01
4.373158614485522233e-01 8.010767985033003802e-01
6.369131056993808659e-01 6.194148222367634737e-03
5.079783675006740440e-01 9.969586674625904310e-01
1.505573047657955132e-01 8.744836475532885567e-01
3.609697195466959885e-01 2.640832544644089452e-02
4.983708513199594514e-01 3.430011025100681010e-01
4.263637299863932695e-01 2.011678315305786002e-01
9.241306072233375080e-01 3.060181147666273249e-01
9.251684758692184651e-01 1.725995467312465559e-01
1.017791623827700720e-01 1.711663261562230698e-01
6.940103488791402597e-01 9.423563939009347301e-01
4.918255678444588552e-01 6.492718404818026423e-01
9.043301226788043046e-01 7.793492111689320767e-01
4.788387420719618648e-01 5.620181076615567983e-01
6.681389191604332201e-01 9.766199938628559174e-01
1.840377073827640653e-01 7.880842894385365893e-01
1.679337881074812744e-01 8.984813169990030213e-01
8.384308408053171568e-01 6.950367238707000350e-02
9.234907338523106191e-01 7.653974331701045575e-01
9.668010944878346891e-01 7.005494986235316635e-01
9.492646045517307840e-01 2.272776716084469462e-01
2.331701195482126510e-01 9.434647377159829373e-01
3.101143337435733338e-01 4.077535874200488575e-02
2.723963465344532153e-01 5.003739768904754692e-01
6.720461881573271956e-01 7.170356819220075062e-01
4.681782620178910337e-01 3.045277923399810627e-01
3.519155413324034365e-01 7.968530874773738226e-01
8.333901340414161529e-01 8.889411450002908666e-01
4.074250843560670576e-01 5.826446690973153819e-01
7.219045500239973379e-02 2.141603480146169192e-01
8.294789453582509520e-01 8.923975632899214805e-01
5.150894185973924344e-01 3.123164829479365689e-01
7.325739226961680561e-01 8.393221007638519415e-01
9.070369557693311879e-01 1.438221596425193205e-01
2.266422481866977590e-01 9.399208424470046896e-01
7.145217612082915837e-01 8.577601183266749807e-01
9.983738334593480479e-01 4.617955181671377085e-01
3.574758590682705628e-01 1.138676487735947734e-01
6.148418977976304323e-01 4.520825381852722202e-03
2.868585308588900151e-01 9.618381984470638635e-01
5.233561055575444154e-01 2.607284422813088143e-01
2.116302156883188568e-01 9.304701691928216611e-01
9.019243221690982359e-01 1.365301831423665346e-01
8.602285975422667708e-01 8.593995952124133808e-02
1.965525694102416843e-01 2.965960649446209296e-01
9.710133821902992013e-01 6.873527672550409084e-01
3.602046940531132835e-01 9.857938532258561093e-01
5.559075086190174986e-01 6.500896740090365000e-01
5.146100087244958043e-01 5.085377778657428349e-01
3.608942199575755905e-01 9.405133263675896638e-01
7.889239110576754532e-01 4.737383984206577914e-02
8.707294114458050682e-01 5.755073346095268549e-01
8.132989155963865624e-02 2.002465266049937576e-01
8.127557401496486866e-01 5.744943479529518449e-02
1.705152340493769625e-01 2.163000613199724254e-01
9.978816440953436340e-01 5.297222638385593596e-01
3.093097423351917619e-01 8.431779911697534491e-01
7.204917467249033480e-01 5.628288675020187704e-01
6.784911965867694850e-01 8.016815966277873740e-01
9.989002240501059227e-01 4.863467279337193583e-01
3.008625298132039383e-01 4.409633645252508671e-02
8.650579747595730229e-01 3.307714495781218789e-01
2.723932879465257306e-01 9.597512074159457729e-01
3.552980477277178917e-02 2.928926467441672621e-01
5.466176306545666996e-02 7.538847896464156983e-01
9.419320634100494249e-01 4.071190558649351310e-01
9.456340610424116555e-01 2.121565858803057258e-01
7.132760878267880855e-01 7.823188228313318060e-01
3.214986894051685695e-01 7.750959947336246714e-01
3.901782618114379986e-02 7.212267406121029012e-01
6.707250632455155070e-01 7.539758158722650316e-01
4.680340260787130280e-02 7.379016328377296929e-01
9.931675740424006360e-01 5.783096974727269801e-01
1.465428261169293700e-01 8.801369498679791903e-01
9.955537689018153502e-01 4.164419434667356867e-01
4.018321288451370821e-01 3.954301824257073217e-01
7.908995329448872402e-01 2.665546926011676532e-01
9.988342471543114609e-01 4.765965786944387217e-01
7.206050208214964670e-03 6.132025200459731984e-01
6.444807645592802725e-01 7.006540118593806987e-03
2.070933330078714441e-01 2.990479796094493437e-01
9.157620677939374287e-01 7.951925378774881148e-01
6.102569249847887844e-01 1.533107211942035808e-01
1.523523375611275377e-01 1.220418965844707326e-01
6.218693455788215640e-01 4.658948643430824710e-01
5.840363075243997226e-01 1.630867180990931975e-01
5.094316299496016720e-01 9.774988228023331338e-01
6.667039346343920370e-01 9.770144576430690453e-01
1.766006516249685188e-01 1.052792114011201763e-01
4.169932170576688968e-01 1.496349299935273436e-02
1.723322973125303581e-01 1.446556107668484914e-01
7.408404265014877366e-01 5.922660475411620773e-01
1.085139733094615672e-01 8.230184642297461162e-01
9.968889980780892834e-01 4.355870757336898214e-01
6.689103173926828072e-01 9.764047952173869893e-01
7.819752263488208843e-01 4.461957072833488969e-02
9.686446900487172273e-01 6.948745710683821297e-01
2.877399203355021085e-01 9.791469475092054453e-02
1.951052781474035269e-01 7.514873444725873597e-01
8.720569552541000968e-01 8.486063111544329685e-01
1.054230346907693017e-01 1.667113172951769640e-01
9.344393418175029886e-01 1.889010435481620620e-01
3.617943037198201317e-03 4.586033586562959785e-01
1.240480972213787725e-01 8.510673094889005252e-01
4.154316749623521154e-03 4.511220822429070632e-01
5.836882052223713035e-01 2.713858379268315191e-01
2.914921261235457473e-01 9.518554053727140696e-01
5.975334200530709738e-01 3.224622153849181494e-01
1.425784229493576305e-03 5.505435167683226938e-01
5.935222252018353961e-01 3.520963803526178104e-03
1.962547323922935183e-01 7.709849130262922401e-01
2.070885740989769630e-01 8.678890273981643144e-02
9.776521348436739700e-01 3.362511773651969404e-01
3.244497163960617381e-01 9.163298010878951905e-01
3.239003536365250291e-01 3.637233090027458537e-02
2.089680399826921720e-01 3.087526569528343812e-01
5.213552434775572397e-01 2.232327286421346701e-01
4.941385443341985706e-01 2.780377647366246152e-01
9.812189120691198196e-01 6.522720816345000117e-01
7.259734931429528970e-01 2.729997767945466225e-01
9.881552696521535006e-01 3.562108674758628357e-01
8.492333067183371886e-01 7.594706797514316765e-02
3.435835071280065045e-01 7.541796824109514574e-01
8.481771369179483822e-01 8.383344796539607957e-01
2.558977961591729078e-01 1.091421303009713489e-01
7.233362018602289556e-01 3.233059887745315941e-01
5.154506093225270646e-01 3.815183614942340151e-01
3.551625167207401734e-01 9.846967259932780658e-01
2.133671118189865157e-01 8.391340583516262441e-01
4.683834400068855874e-01 7.357993624552028322e-03
8.314148600822924839e-01 6.586330592886147084e-02
7.169407762578986487e-01 2.259541848338408876e-02
9.025613659990532334e-01 8.126673284981681400e-01
6.412923353860646714e-01 3.632979244594042867e-01
9.395773701687518686e-01 7.288842498559507943e-01
1.607568024551864205e-03 4.959147461895805353e-01
1.596836484901271724e-01 8.917838014818891823e-01
6.630264978838266154e-01 2.360935333240673367e-02
5.833536035828081889e-01 1.366627748418261512e-01
3.203112483562753909e-01 8.492267015191445889e-01
5.715630550199218840e-01 6.356515704217576834e-01
5.908043751418083911e-01 4.180421461937971483e-01
6.812343529485682669e-01 1.617819985857723297e-01
4.802834183491003772e-01 5.975290833032942395e-03
1.665846322868890228e-01 1.118182012491066857e-01
1.402170221848658971e-01 1.429254684015337507e-01
6.131173406901681000e-01 5.834431865336172640e-01
5.226180979606407373e-01 7.114418676442325618e-01
2.045878103124854075e-02 3.489305602290856401e-01
3.080172276247528096e-01 2.886211579203410427e-01
7.071506659544534168e-01 6.962713341902757591e-01
5.685807296450582360e-01 2.852940486507749007e-03
7.267633733685866515e-01 6.306155843820933082e-01
9.651122402130959954e-02 5.949739222030862029e-01
8.410304726969930478e-01 8.817048027130286458e-01
7.969853659617692765e-01 9.173545409616791213e-01
9.724797965381634102e-01 2.834197906141997514e-01
6.296312735125751958e-01 7.670321384944984999e-02
1.336052792371027753e-01 1.982700365681138999e-01
9.453935323604368834e-01 2.116198100315734854e-01
1.673551574504876238e-01 8.341282784737572564e-01
6.202366248879085386e-01 3.353041913807037200e-01
8.284956730986998696e-01 3.955588785837861887e-01
1.310255310763848990e-01 1.414586981099708596e-01
9.864832128376440634e-01 5.314141626565903609e-01
2.486821169909585461e-01 6.601465844861165166e-02
4.457284161152506030e-01 5.600651779238217109e-01
8.973199408354410878e-01 1.890978562781452377e-01
3.996733911524488203e-01 9.916999920113221956e-01
7.664588370037179743e-01 4.724256728525003668e-01
8.220375014276241066e-01 8.989066426032589208e-01
7.239246363152677111e-01 9.571763108071588144e-01
2.042806730911904955e-01 8.325453135923337467e-01
2.274279739645751475e-01 4.765862741699071758e-01
9.172414555471242181e-03 4.071340478148205433e-01
8.612078643372049758e-01 5.924506574228102229e-01
7.597123248383518268e-01 1.251801928614151571e-01
7.193130873922799484e-01 3.214216624640283126e-01
2.962654961191041880e-01 3.537031299660012840e-01
9.980923640278328568e-01 5.252655050314222196e-01
2.481460355168585430e-02 3.313834004513535048e-01
9.925703627645764415e-01 5.834074285004523519e-01
8.349635140096540731e-01 1.377632150396846666e-01
7.100919545502220043e-01 2.078380592540995941e-02
5.635690403132027626e-01 3.089738761783478171e-01
7.264456051329418740e-01 9.561127253006865834e-01
5.897656956332012479e-01 3.403261887045427869e-03
6.538303726379872671e-01 9.799794631985578874e-01
2.569103951025354382e-01 9.538945312356476025e-01
3.516814903707450313e-01 8.223483339390129654e-01
8.207471106305478381e-01 6.093352142212071776e-02
2.634362956777713816e-02 3.256186201300294014e-01
2.544270032794105352e-01 7.897169566241761807e-01
1.174727333619194347e-01 1.527746221154960837e-01
7.383452653659756670e-01 2.912713498368901810e-02
9.104391536466915902e-02 1.857679212827202386e-01
9.815713189196675348e-01 6.509952069991469248e-01
1.342792366104769430e-01 1.646574041000833655e-01
6.153123649584542054e-01 2.888059550155120392e-01
7.606012516835374271e-01 3.661257903647141543e-02
2.637306117576754816e-01 1.219498081125791611e-01
1.095394825436080133e-03 5.192304273360173195e-01
1.155523083574583332e-03 5.334402580842553254e-01
8.641459155031340211e-01 2.582141596700774366e-01
7.763913393645578420e-01 2.406973951123790312e-01
2.152358417421408043e-01 1.883799007236373890e-01
2.874131978893774628e-02 5.324081357846491835e-01
4.069854535707236876e-01 9.926838784850449127e-01
8.305383198386737664e-01 4.451117149236069048e-01
3.195486954161110837e-01 3.774758227732222249e-02
1.972433117929139890e-01 9.208205657804778843e-01
7.432167809021343885e-01 3.071336225442267143e-02
4.048090111652612455e-01 9.923963064655995092e-01
9.335798719494090570e-01 1.871641694586119176e-01
4.517134064616097899e-01 8.299897088368696219e-01
1.599597940311459077e-02 3.687868718101310339e-01
1.154192318972634412e-01 1.550204448350087638e-01
8.823257384803623316e-01 1.105183061388134158e-01
7.170211833913531230e-03 4.208076973679549804e-01
4.194316149226676171e-02 6.027414023877453175e-01
1.272690483536816908e-01 8.616903822783148481e-01
1.071553110405387699e-01 8.382998498116798203e-01
6.079555007261149280e-01 4.988484381869347506e-01
9.812760683983264842e-01 3.162295250006779135e-01
4.064873173066202439e-01 9.926185008675483257e-01
7.778057509641933542e-01 4.300273981503455190e-02
3.824066561888050941e-03 4.556938351766526285e-01
3.114707094466605541e-01 9.722959239708212076e-01
9.924911769174383780e-01 3.895466302520662616e-01
7.015363739795744680e-01 8.862555734740860114e-01
4.325070234466000807e-01 4.506563984645558518e-01
7.030975256921807581e-01 3.848079984650222829e-01
1.259252990913783954e-03 5.070070285355365858e-01
4.527634650780231196e-01 9.462413719499296327e-03
7.518198248261312999e-01 9.436837888342322067e-01
2.259694104236781298e-01 3.934815184630346407e-01
2.526273735555069067e-01 6.419103766583011961e-02
1.596472113715718955e-03 5.567346783112006037e-01
7.993704053149770505e-01 9.157559412747302563e-01
3.068486923333277328e-01 6.375111978636460730e-01
2.547820269434107887e-01 6.572337133331279668e-01
4.808592828800729579e-01 9.972465503615670634e-01
4.659325326507960385e-01 8.344187007357658503e-01
7.822930008067515706e-01 8.089588055479332018e-01
3.944428488703927704e-01 5.692982769037028268e-01
4.261169660314290120e-02 2.729668034062388005e-01
7.059141022301418378e-01 8.547734969651400450e-01
8.324272219192380140e-01 6.635424607610995729e-02
2.676285428740172723e-01 9.579735357280473318e-01
7.956588172238262535e-01 3.892280406268388560e-01
9.533690045756966214e-01 2.296879360261184777e-01
9.392031396045652514e-01 1.985714079084134331e-01
7.839244394047690800e-01 9.256144919453862530e-01
6.174282267410542424e-01 1.731175301109990905e-01
9.085325578385470280e-01 2.628809846594944988e-01
1.328105366965081080e-01 1.936042600890349186e-01
3.948509410930467478e-02 2.814998272508769661e-01
3.068329667419265605e-01 7.304941516379263033e-01
7.554034924670851581e-01 3.480920907360463001e-02
5.355186203526950406e-01 4.148715212967398203e-01
3.444572168579366767e-01 3.600113512365401558e-01
1.327588079202271232e-01 1.962699381624646855e-01
7.641748073132703656e-01 2.220251558161631111e-01
3.210639356648415932e-01 3.726746873109687552e-02
6.111940099421131478e-01 2.621994087497381831e-01
3.214158354312379728e-02 3.044689166781693324e-01
5.547390869673206604e-01 6.204303152415830969e-01
5.124283938265594696e-02 2.525585508345028485e-01
5.581984811712958905e-02 7.561275548164599902e-01
3.316489536733846499e-02 7.074882211013926447e-01
9.837800920392451021e-01 3.299596646859053184e-01
3.756500933336038850e-01 2.306030993162222487e-02
9.798088976388374949e-01 3.095651772321565964e-01
8.170211434128414885e-01 1.319959052527865107e-01
5.681012538048031413e-01 9.931229506699124077e-01
5.148796698598196997e-01 8.057991286060225411e-01
8.867443770155439831e-01 6.294491528569861050e-01
7.762757108407531970e-01 3.010881721584336423e-01
2.974279017305621609e-01 9.653817264981044977e-01
4.197436851770692257e-01 4.745730400938847904e-01
4.847567516171261137e-01 2.591826593179920035e-01
6.271254625171005515e-01 7.282293226189969770e-01
6.602484135190375136e-01 9.211474247543760541e-03
2.143646077605776412e-02 6.737784520170129188e-01
6.865094844535191143e-01 3.339154969056143396e-01
9.012171674347131400e-01 6.391999539305133204e-01
3.648251272844316717e-01 3.881407277102176256e-01
9.137626126870525001e-01 7.979000192821397164e-01
7.348877367853415832e-01 7.271031952776144669e-01
5.763997112800132161e-01 9.114516425800944788e-02
2.202223621613552118e-01 5.996786333648493894e-01
7.358502197435152770e-01 1.827919156059961692e-01
8.383636780887799844e-01 7.793257822942947777e-02
7.973303453674309704e-01 3.483097899003815834e-01
1.045892710288764960e-02 6.312563538640411087e-01
1.720956919541508368e-01 3.914007174566347946e-01
2.002166103409201980e-01 9.228557261098211395e-01
1.294076307552355365e-01 1.408212646935756984e-01
4.121115132906392198e-01 9.932065129624439992e-01
8.481557110514126308e-02 8.060468459615721670e-01
7.035068398403347967e-01 9.650198822006142985e-01
9.380073154474420916e-01 4.958218072740767091e-01
2.329452541049546188e-01 7.165087318949890927e-01
2.471172014940953982e-02 3.451703328599078358e-01
3.751219973586920192e-02 5.595050163676530408e-01
9.527862427780487975e-01 7.335511057347238184e-01
2.845170468352786752e-01 5.042831842153638888e-02
5.810709102330980924e-01 9.537753975437255338e-01
9.247300147541606119e-01 4.084694960505282357e-01
5.243041299662181132e-01 3.227623453307737478e-03
9.685572537240383362e-01 6.321767415941360602e-01
7.522409798649620782e-01 3.372966119318654421e-02
6.483495143073643163e-01 7.476262460633043005e-03
9.002558014267013631e-01 4.050050908484288392e-01
4.163462223486415481e-01 1.767590181143149086e-01
5.718960464566448243e-01 9.459793627094413848e-01
9.063780118859352530e-01 6.651278659025658957e-01
1.423606446944092330e-02 3.776995905129112430e-01
6.206455284780679760e-01 4.927008162221024890e-03
1.208218982183931756e-01 1.986883112728108358e-01
7.561960214640583988e-02 2.088292593897211891e-01
1.568141671185899755e-01 8.893163513671928921e-01
8.222196805186907653e-01 8.502143341396128928e-01
1.940098830373016003e-02 6.669960155475986863e-01
2.811272461206382189e-03 5.781992814226487587e-01
6.028188885226026805e-01 3.904685264443541470e-03
8.752731427795329422e-01 1.020124087831241200e-01
2.276209738851723285e-01 9.404675957705291856e-01
4.479960092304066110e-01 2.862784722886283495e-01
5.988105117136688360e-02 2.353544907128571895e-01
1.625588251799926498e-01 1.807387508973129775e-01
8.095036085792753910e-01 6.852523011150810639e-01
4.598079013494396627e-01 3.322730902392805885e-01
7.151397592312225271e-02 7.848426027045594111e-01
2.849177700879990116e-01 9.642125690227407731e-01
9.937792420533140270e-01 5.730523765528831026e-01
2.935842514787053922e-02 3.331618294416278103e-01
6.331709644531363645e-01 3.443624427687947548e-02
2.284389123044783254e-02 3.391137030738425873e-01
9.150820363774840871e-01 3.854624211842672121e-01
5.442659765126993676e-01 6.079515736544517657e-02
4.428722682313923631e-02 2.686433108732880770e-01
9.420247776229062620e-01 7.550295091738032927e-01
1.343514208335727655e-01 8.689448287531158499e-01
8.494805452725935346e-01 8.730500984339807369e-01
8.280125481878440885e-01 8.936887357349933003e-01
8.601067076482620255e-01 4.674106216608022168e-01
8.996584413594007623e-01 8.163431672098385716e-01
5.649841570312476025e-01 8.813312464320428585e-01
6.817554755759374085e-01 1.355035762121437060e-02
6.336639043362273238e-01 6.523722255660246994e-02
3.252494598615809362e-01 9.764180397004330603e-01
4.118110986118440064e-01 1.376650244915582633e-01
6.524028900923435348e-01 4.026053513761127522e-01
8.590028680839527642e-01 2.228574716410909873e-01
5.310137619681035703e-01 9.958125933505952432e-01
4.740441901054587293e-02 3.911060277178924904e-01
9.434798764909302360e-01 2.075333344662133594e-01
2.257732787206176983e-01 9.394147945075350670e-01
6.757151799303156015e-01 9.743921144550390379e-01
9.956484718378824095e-01 4.177906966829623148e-01
5.930973697350108154e-01 2.261863914235667516e-01
9.805429741721880532e-01 4.537855863554693947e-01
3.949390187789132978e-01 2.445263389242093854e-01
1.027080838139298180e-01 1.699993594489839221e-01
4.692156544650258887e-01 9.970476277201266724e-01
6.372949665044936873e-01 4.631479278912656872e-01
1.242595699678184645e-01 3.357741619370764319e-01
9.547444390829649130e-01 2.485672203487788168e-01
1.191951066830154726e-02 3.907154226444354839e-01
7.740027934745568050e-01 4.443269302571886126e-01
1.404100485762884154e-01 5.118410974332991970e-01
9.661122805990285389e-02 3.669365313630225667e-01
3.949466845559264083e-01 9.910366635680755154e-01
7.425711786351254506e-01 5.793921788609135426e-02
7.858639623873808766e-01 9.082271703245268224e-01
1.273827076564001404e-01 4.795544597980564427e-01
3.635865356070916432e-01 9.864188197789448553e-01
2.309905243779575290e-02 6.789957408970889174e-01
4.096843270763890210e-01 9.929663698459229026e-01
7.397562729606572685e-01 3.120202864429981182e-01
1.789864655152803852e-01 1.733500208213994975e-01
1.941830761831503382e-01 9.444452456726593059e-02
3.087158429161593887e-01 3.892832333128649624e-01
5.596364237787260221e-01 2.732432300615594833e-03
5.374249031039990410e-02 2.474171582109688794e-01
2.704401311792088425e-01 5.643650150156387379e-02
4.732957888855240935e-01 1.783366326935606760e-01
2.901830630252039134e-01 3.328807175696386067e-01
5.120175884779676334e-01 6.324014598267211351e-01
4.870358839715156485e-01 7.685155756434519647e-01
5.951472344273583959e-01 9.906258748297517291e-01
9.909288446095790848e-01 5.963546030972532996e-01
4.524661831855756877e-01 9.686121995934121598e-01
7.252889983933179519e-01 9.566046051186568588e-01
1.241637894228259653e-01 4.486927085499370915e-01
9.039564869290778182e-01 1.394090460550314603e-01
1.694725051042678121e-02 6.582335383826640740e-01
8.295760083774774696e-01 6.919460121736285829e-02
9.962924503819579058e-01 5.491223506243253505e-01
1.370708563997792284e-01 5.828057391685025346e-01
3.842221080855669213e-02 5.439786916346088796e-01
7.143419174767684510e-01 2.190599673472459763e-02
1.807385865556538906e-01 9.085818832745966578e-01
9.603556758707514351e-01 7.167179851532391455e-01
9.107893000161221275e-01 3.636919401392992302e-01
3.969274624997081724e-01 8.819080796517523302e-01
6.120679823469776792e-01 4.574122809599006634e-01
1.115585310552447140e-03 5.153462057151819709e-01
7.994643667051647418e-01 5.172281260737432440e-02
9.876348201734436172e-01 3.530226231614354004e-01
