7.802414531709119805e-01 3.367762680207497805e-01
6.156050822631385921e-01 1.522910492906551227e-01
9.153239215947553964e-01 8.466405818872033695e-01
2.390544994425938263e-01 1.158995473532263981e-01
5.300306411286253017e-01 7.712358551829712194e-01
1.811315651129753457e-01 5.862351651578675549e-01
9.570568876243400469e-01 7.694096068923046428e-01
7.152435972358492933e-01 3.971841933387341983e-02
3.049769371204709145e-01 9.594143242440068553e-01
4.267360630801204646e-01 9.864404490558097427e-01
7.170518424395397883e-01 9.034494924390737980e-01
4.572396719382956776e-01 3.747380349382042897e-02
7.479598065962801412e-01 1.502076363802781755e-01
8.434420034390782694e-01 5.408131648384217893e-01
6.006459852384540277e-01 9.967190794060808434e-01
1.611567813762149193e-03 4.070502448228145997e-01
4.015955158290424598e-01 7.866865410047900742e-01
7.094562576059982861e-01 3.512155908704628349e-02
5.566560833773235295e-01 2.475472653350966890e-01
3.181791014574806287e-01 2.180624227905947343e-02
6.889754940005937689e-01 9.880091770142421792e-01
4.135512137453644863e-03 4.230675997043727432e-01
2.770798732886761151e-01 5.967713840371253742e-01
5.588242209621733236e-01 6.197945461743499251e-01
6.159584007601536237e-01 1.933075214959765753e-01
9.531096799955931509e-01 7.778246789517051507e-01
7.398818179402528727e-01 7.892223959897112229e-01
7.543383821480517115e-01 9.713055203590645892e-01
6.829876577477973776e-02 5.192443821678033311e-01
9.135985797037540768e-02 4.673391670366334183e-01
5.695527726294425941e-01 4.372292018991363882e-03
4.296657321196903356e-01 3.402615625377278796e-01
4.894733773019199763e-01 2.152998990706544158e-01
2.932617868731646205e-01 5.660615827822562673e-02
9.979672847960833204e-01 4.914371175174390149e-01
2.667451935266328400e-01 6.336104633433963240e-01
9.913866092857502865e-01 6.607176669986989381e-01
1.550294121765489752e-01 1.484602987083059877e-01
3.506596915518689350e-03 5.550048227852438787e-01
7.499556241815747981e-01 8.865464055367683338e-01
9.861998372195790452e-01 4.061978730367795665e-01
1.415088497602881856e-01 2.329005009682503236e-01
9.971460323886836008e-01 4.785072913890251467e-01
1.355755707402267474e-01 8.629681353326156268e-01
3.844878063081957342e-01 1.193289909538649274e-01
9.613224868429750547e-01 6.867517288341368209e-01
7.053177380226336446e-01 2.052570529706035651e-01
4.206482726026448682e-01 4.850910939717377746e-01
9.605408963435327907e-01 7.613707050328585302e-01
9.723145770531749221e-01 3.486776707543217668e-01
1.440769006534029506e-01 8.706503397738163397e-01
1.145044459777378940e-02 5.994319557622774797e-01
7.137476353341526414e-01 3.686345618459030415e-02
4.810066449288561419e-01 4.342612367245091143e-03
4.002363134436194292e-01 7.814244038065020215e-01
9.666893181051343653e-01 4.901920473843447978e-01
1.889896625424767329e-01 4.451361555888136423e-01
5.673725104477991277e-01 7.745589515938967606e-01
3.555380258083541412e-01 1.621524142411889802e-02
7.021728591076414894e-02 7.720800999691961319e-01
2.559625754280403509e-01 4.011770409704618068e-02
8.190278117030417304e-01 6.495375691096725301e-01
5.692951387400893015e-01 3.000828774008973410e-01
9.225305047474804399e-01 8.355004999675214039e-01
9.841300400169340490e-01 6.952749305653165290e-01
2.992649538621493521e-01 9.576204265558367901e-01
1.544453604899086452e-01 1.024919735462735959e-01
7.934739573710968275e-01 1.806879868250779730e-01
2.787235716189463419e-01 9.504050632625506978e-01
5.446873156474165700e-01 6.344279406712101110e-01
7.266395398563054719e-01 4.232342996662008527e-02
8.729138317066921227e-01 9.039467115844241896e-01
8.653209394130904064e-01 6.569426769405890543e-01
8.710800316290132628e-01 1.398749961945224829e-01
8.813097694971765428e-01 8.938505716949982638e-01
3.378455092133018228e-02 5.177575499546465121e-01
1.092126934824544371e-01 1.462714694996609666e-01
8.747040918028562428e-01 9.018450787942099423e-01
4.496590643007921662e-01 9.898373220195749722e-01
9.646967322726160976e-01 3.223717964813852532e-01
2.754623343890937326e-01 9.491418547311171183e-01
5.400805162240429613e-02 2.304412786488453380e-01
7.575183126520282917e-01 5.078884116335857790e-01
4.452933431423413690e-01 8.515066631464400793e-01
1.984965972108627408e-01 8.858767769107404044e-01
9.369701881541540045e-01 2.444487421278618289e-01
3.702747074697791962e-01 6.053884809679705992e-01
7.218487156459039156e-01 9.050886650771319264e-01
1.300760924242777561e-01 8.575750887973878633e-01
9.550657503425163952e-02 8.137932583361218164e-01
6.597865404067547734e-01 7.024631280082931362e-01
4.678409698962673335e-01 2.650853420055229726e-01
4.145397494590883358e-01 3.944243934150631209e-02
7.511524409138271574e-01 1.319599738916760190e-01
6.141532485078936565e-01 1.662301885643068800e-01
5.283318504055628528e-01 6.225196399303023487e-02
7.521483834973896609e-02 1.929602888268092675e-01
7.989415158851878029e-01 8.087836170018936066e-02
4.847787419648643681e-01 1.967770545436169916e-01
5.429627087203759972e-01 2.776872502884830674e-03
9.997134173801722756e-01 5.552013562483383291e-01
7.194504823017767725e-01 1.037431650080192641e-01
6.154873419030871817e-01 5.801113390577274931e-01
3.214842657510279533e-01 2.204750352133426627e-01
8.037202178114544182e-03 5.965291775063339408e-01
5.070459910791799141e-01 9.342747665418882352e-01
7.864530417100634718e-01 7.230105979482448486e-02
4.109682677396753747e-01 1.279639967770973275e-01
7.797803165163385009e-01 9.600524593282622199e-02
9.864726997724249102e-01 6.857503689506134759e-01
2.810136534365931804e-01 1.203664261464457569e-01
4.565823872451386656e-01 9.907246051141541665e-01
8.729970545641446700e-01 4.973123641997063693e-01
1.035503466393967176e-01 2.196856779361778256e-01
1.533643497342580819e-01 4.129902510552958539e-01
9.805324485634758780e-01 7.081530928763143384e-01
2.942949782838423789e-01 2.832103223900238609e-01
7.708231920697012907e-01 7.355969034365488213e-01
7.498374126237994375e-04 4.265253484668581896e-01
4.054083087419805276e-01 9.332031284286891326e-01
6.857488803884395079e-01 5.362786542349502472e-01
9.325436287640367361e-01 2.347379585874481700e-01
4.285249366407293259e-01 8.627343037533208303e-03
7.431908553246864557e-02 7.372073419176927711e-01
4.444671152547513548e-01 1.985416977137587913e-01
9.306574859645661002e-01 2.306313214067026163e-01
3.821415586964481692e-01 1.322179504258547134e-02
1.117962627294437489e-01 2.698980431979582928e-01
2.333626155192232154e-01 4.993062957138227898e-02
8.783896876583856539e-01 8.973869472284869975e-01
1.155056209551689507e-02 5.254381753405860112e-01
6.244846928112770534e-01 9.951488236722929592e-01
3.930543094415399064e-01 1.043138788652006738e-01
5.625477962038534230e-01 5.866980759783348987e-01
1.328912227090505993e-01 6.494442489476678348e-01
4.800579900756863916e-01 9.018577694701256364e-01
2.712746917155303139e-01 3.415192053112992010e-02
6.220386035763098009e-01 1.418902202376750576e-01
5.805532470271701495e-01 8.660666512996959554e-01
3.004394035489091896e-01 5.452082319443792846e-01
5.182558853160410539e-01 8.085453669799037568e-01
5.154757346309343236e-01 9.045199693488616965e-01
1.971493981548519958e-01 9.093451425106743313e-01
6.504160156647037505e-02 5.053524366903157095e-01
7.687906004992123288e-01 9.662810877501482043e-01
2.379246392771868779e-01 4.330687156880681510e-01
9.734231447730801179e-02 1.607480430720557019e-01
4.897069150189374276e-01 6.769080868120893602e-01
6.851368469880626533e-01 4.689408032322888720e-01
5.360729090241145300e-02 7.398595080420512504e-01
3.406891295679959075e-02 6.927098650904537358e-01
6.490982033917415406e-02 3.470715459755791543e-01
4.169976918989017900e-01 9.847836043904796277e-01
5.447491122711730638e-01 9.337410553131455515e-01
9.482262679456878729e-01 7.881815932704687722e-01
5.020243587218831127e-01 3.029793213953468900e-03
9.759946459773163885e-02 3.095077013926068599e-01
3.345386019919025511e-01 4.295443604706710161e-01
7.661578894690872499e-01 9.672212546313577741e-01
2.517073486488330403e-03 5.426691748997368725e-01
8.763506885651093370e-01 1.450181635946240499e-01
5.058414883483569602e-01 8.261283240443942910e-01
8.283423977444009934e-01 9.391969605353108763e-01
3.792394676978427803e-01 9.773046858827504346e-01
7.419239062931369810e-01 4.898143651437003587e-02
2.535492773234068187e-01 9.393694939380354825e-01
1.999660628986397737e-01 3.574476008148310680e-01
2.593473547307050819e-01 3.163317850441672574e-01
3.726788085935570094e-01 9.629123172528866181e-01
1.999252904287398547e-01 9.110407485044620390e-01
9.031209209182369246e-01 8.646598871201648384e-01
4.730370350596103668e-01 9.927463603942728865e-01
4.516997727888034664e-01 9.144178182763775808e-01
2.847845724023737035e-01 5.760375564129234238e-01
9.272571647369358683e-01 2.234733929085904736e-01
6.948670837535519951e-01 2.940188731140391809e-02
8.502935428952950181e-01 9.250134439672217379e-01
3.687807968684430060e-01 9.750926729643937252e-01
5.477234861577422453e-01 2.492309873375253004e-01
3.748714629107099405e-01 8.564098157633573960e-01
8.177805369751609543e-01 1.191458149066807193e-01
7.888538794687312006e-01 7.816947184116872505e-01
4.639072328903035558e-01 4.815037792278867856e-01
2.529697846260036131e-01 7.539323873758727590e-01
1.088231188249312031e-01 5.344489644669363493e-01
1.569615439355540043e-01 3.583969256881330279e-01
7.543956129961134627e-01 3.385471662877841403e-01
7.383357578495038931e-01 5.711520266426715065e-01
8.291409244565669523e-01 1.028254475648788802e-01
3.882212700320863963e-02 2.625310254252319897e-01
4.721599540422058983e-01 9.926603548880269523e-01
8.580672129081894361e-01 9.185416724660224741e-01
8.703074547175058129e-01 4.556744595484913951e-01
5.892126476887732389e-01 8.360206807029693654e-02
3.050763173761154023e-01 2.464415563760702366e-02
3.680208589513425110e-01 6.961808674480512993e-01
7.500866080599608576e-01 2.612636016930118821e-01
3.667598018959261630e-02 2.675534629422603450e-01
1.897686345384801687e-01 2.829996537860532957e-01
6.376344967372888917e-01 4.366449160263097262e-01
1.708583548299676819e-02 5.097488597659675102e-01
8.090717870855055338e-01 6.819908597248403037e-01
9.843564243809832526e-03 3.497106527240391172e-01
7.051228610357744842e-01 4.402896857886890447e-01
4.296854516375070432e-01 3.005031129462145678e-01
2.709746117675347898e-01 1.510856498860916886e-01
2.009108734050152334e-01 6.938418344742491861e-02
9.955852388995929392e-01 4.657318822699303418e-01
7.186964788134211357e-01 3.895122684231533405e-02
3.430877239677820878e-01 1.777949148669832891e-02
5.374350283745998880e-03 5.751497757145741518e-01
1.535463611226570713e-01 8.790620493672809399e-01
8.551959711038421563e-01 9.211148387620162747e-01
7.350189370960467095e-01 6.002433069766135443e-01
6.668771031138748251e-01 9.913059449861219008e-01
6.370458950314434876e-01 5.104013632935296974e-01
1.094938473181206184e-03 4.175393537909798392e-01
7.205458540600604422e-01 9.157107077793650296e-01
2.564195326393303720e-02 2.969637120917439921e-01
9.847356779052005571e-01 6.928324964295978772e-01
3.642318658532094910e-01 2.090181175346540188e-01
1.637422163237222117e-01 8.867886555016600836e-01
7.919681319021489863e-01 9.571272419812517640e-01
4.985677363271762141e-01 3.181540583589881344e-03
8.857644096071378703e-01 8.884169962244495844e-01
5.862864554521204363e-01 6.017098253272901154e-03
6.102125998624734482e-01 9.961336422940687552e-01
9.845201975134020289e-01 3.979987112380591885e-01
4.755479523692932586e-01 3.444373501647045033e-01
8.266430053612633388e-01 1.009475150261086585e-01
1.559071873574846556e-03 5.222478939580500468e-01
5.990774379485142020e-02 7.523214060727739794e-01
1.808396236730890339e-01 8.318866108183342600e-02
1.050093510497705773e-01 4.649805857474926252e-01
5.501081633741790045e-01 3.108890756076565509e-03
1.739266229644665651e-01 6.112534390108339544e-01
9.730692710423799463e-01 7.311636527615722470e-01
5.652756919666686031e-01 4.053539879093274179e-01
2.905602600723136697e-01 6.714764085752187306e-01
9.166312264030552770e-01 2.027566249360399642e-01
1.885579873041719479e-01 1.208168801840927148e-01
2.157763894388944337e-01 9.206669164797459670e-01
8.570339607499317669e-01 8.267747951260473460e-01
6.280574648492798229e-02 2.142217320053557694e-01
9.761828066572737495e-01 7.221429849790312883e-01
5.760510334581803171e-03 3.694444156415400693e-01
8.822840881007900649e-01 1.516813217225075894e-01
8.130163099245083513e-01 9.475705503421216758e-01
4.338160970477034639e-01 4.243250737159885433e-01
8.734028211369593286e-01 1.420992375053807821e-01
1.133838924242625001e-02 6.148001762214095889e-01
3.660368629867180590e-01 7.343646815264361916e-01
2.194101314651870638e-01 5.780053458007095024e-02
8.547594448154506308e-01 4.695534858395340461e-01
4.604940344087192217e-01 9.415466692219203182e-01
9.706875334652288467e-01 3.427782082386747753e-01
8.190336916010272361e-01 2.511687639992850052e-01
2.797788833451805290e-01 2.919623292602345765e-01
9.087431658439599769e-01 1.892909453539793896e-01
6.297237471134436992e-01 9.947479048433165438e-01
8.972995049034208082e-01 1.703679173280331360e-01
2.391464905471774038e-02 6.632611541596021842e-01
9.321026764875672832e-02 8.103817698339641495e-01
6.821841540236374124e-01 2.826649954583773106e-01
5.474936202294701237e-01 9.668675632517460539e-01
2.399070032535017827e-01 1.780415563113919852e-01
2.813400240563838084e-01 1.488423419632195488e-01
8.647261012023178539e-01 7.663797132909320187e-01
2.489230990973440028e-01 8.962614574659729660e-01
2.145422260813822923e-03 3.984019592748221372e-01
9.903219548584643039e-01 6.663294980511045296e-01
7.963441830641475594e-01 5.500970998311418558e-01
6.013904937906086046e-01 7.729561091049830246e-03
4.298494728416103472e-01 3.862706466935286742e-01
9.481730803506531746e-01 2.732762361645202365e-01
1.411759354060934113e-01 1.138476274276393196e-01
9.969851254568096177e-01 6.136089573390104412e-01
9.210844854216113653e-01 6.115228796528920929e-01
9.992384050127617323e-01 5.250170643504968870e-01
1.227527893325784936e-01 8.488210604077771615e-01
1.926108579404117727e-02 3.170092006725023781e-01
8.939971049696386618e-02 5.660675320618211437e-01
7.636451434938038574e-01 2.592673579947255003e-01
7.778253670011360255e-01 9.627953713815958769e-01
2.910501497911386348e-01 7.761681518910834576e-01
6.144100426387719693e-01 9.308243996145049159e-03
4.183790995822361802e-01 9.850287220148780110e-01
2.245844157316374268e-01 2.114995724589348036e-01
3.543196009694291604e-01 1.635631710406193484e-02
6.403925797123664054e-01 8.365944914701116675e-01
5.101172976877090814e-01 1.571854191513211152e-02
1.929348313629654366e-01 1.522547207136361047e-01
9.573217520318908491e-01 7.688406851231115446e-01
9.970410808895704413e-01 4.774530889328636452e-01
9.977544515517583479e-01 6.050169302626123846e-01
5.938195300951893962e-01 9.970332719018011325e-01
9.921048492864682489e-01 4.398579117261067761e-01
3.940561643812849901e-01 9.803261500601474498e-01
7.442271854210728010e-01 9.492073666221574335e-01
2.105535000068511353e-01 9.175009824726969576e-01
9.996915755536353032e-01 5.620051066055036237e-01
1.730689043037317854e-01 8.933487961402093447e-01
7.103601326227763080e-01 9.834028796725650112e-01
1.943439087343585003e-01 1.684863473380527887e-01
6.977798358550585389e-01 3.109225074716290282e-01
5.751874259139289070e-01 8.176710291099624772e-01
2.758103262627680241e-01 2.661945291833113236e-01
8.187553885438874079e-01 3.138333290308636947e-01
5.590177021464359797e-01 5.823515416083097085e-01
1.966018919318929248e-01 9.090087526695078690e-01
4.976994241870995039e-01 4.193857638359697604e-01
5.070001273425981392e-01 2.351661134883537563e-01
4.040519654578613729e-01 9.150291152010726625e-01
7.959037541317293130e-02 1.856956913566166767e-01
5.197909119289434443e-02 2.343918519611415396e-01
5.677382198849855177e-01 4.845555922870441456e-01
1.617939125142023871e-01 8.853780974494438460e-01
5.825910571722928699e-01 7.769476847033887079e-01
1.119443093891903107e-02 6.140946290715488809e-01
1.939284162246224241e-02 6.475548695843359459e-01
9.341960385339376227e-01 7.301465348199073224e-01
8.481769160545462594e-01 7.744817571028885794e-01
8.890085895414108208e-01 1.594768601521462381e-01
9.198859554222468260e-01 2.084304950931217260e-01
3.664126966197986945e-01 2.452475347424257768e-01
5.391568511414652765e-01 7.451805284599194446e-01
4.289319640138697931e-01 5.617531771631020243e-01
6.925471244187649811e-01 6.278772131057532013e-02
8.058022269503384294e-02 1.841915815663068834e-01
5.686603149790672163e-01 5.974492506234994060e-01
6.810057093129082695e-01 5.849119898425902964e-01
5.045940537697565231e-01 2.919959231737601080e-03
1.225224436101643305e-01 3.286327971411334703e-01
5.499149255520885404e-02 7.426637458761173871e-01
5.547910492680490080e-01 3.385834755160188614e-03
2.365424581415412064e-01 7.328656541552548420e-01
5.101444197987954343e-01 2.730932354967574582e-03
8.617559503717678870e-01 3.196066641144124643e-01
7.156529300320223497e-01 9.820539359185951334e-01
5.789063019509071983e-01 7.255466188911992020e-01
1.498981136662491664e-02 6.306002526466712998e-01
5.544695876048760796e-01 2.520266827035020363e-01
3.970722188188470225e-01 6.478607345519524774e-01
4.315846710292103872e-02 2.526949315327473577e-01
9.769519449742809503e-01 7.198007027814933290e-01
9.623559013661682204e-01 3.146113877483917021e-01
3.167969667561532088e-02 2.796235402116303836e-01
6.287627255355588973e-01 6.707027135864415124e-01
9.843637279604953161e-01 6.943439699899706108e-01
3.380935784424867752e-01 9.681366334561656295e-01
5.104581965791548104e-01 3.856592801461287134e-01
9.976155688639525287e-01 6.068816653018940244e-01
9.198295114747757628e-01 8.397032328891759212e-01
6.752350708707717253e-01 1.091647316251183469e-01
5.419414535676305711e-01 5.359689859262561917e-01
8.931590483619762377e-01 1.646177722970901813e-01
4.124070936555674916e-01 3.822376737939471580e-02
5.992379158838029296e-01 9.967927800054380283e-01
3.087726265825700978e-01 6.318068217618441063e-01
6.906669915334595622e-01 9.877123700266996487e-01
2.677688446750495221e-01 9.206777368304427389e-01
7.350008849945768308e-01 4.588764170584336277e-02
7.536359714370108875e-01 9.715271341466612531e-01
1.267258613951033341e-01 8.535867398086492974e-01
9.989782802383783133e-01 5.163314599700273844e-01
9.456202661451151847e-01 7.936598623411894593e-01
7.830365385898326869e-01 7.009768233199042964e-02
1.996672610263150460e-03 4.007771284606389539e-01
4.275027958438773479e-01 3.810782463784986862e-02
9.996200751796783246e-01 5.394087484010350320e-01
5.302008589058777588e-01 9.230740631693965526e-01
6.908616351918396292e-01 2.783194903392138819e-02
6.290392210139607032e-01 9.915584333923178617e-01
4.122089287425333426e-01 7.700159318003818587e-01
1.483561273525331736e-01 7.528197712341442305e-01
2.469123282792210494e-01 8.466847171566156405e-01
3.196749649571250518e-01 4.938081737500331081e-01
9.906252957383839819e-01 6.647498483702301009e-01
4.304821704893572187e-01 4.257448188894933372e-01
5.370856825235575949e-01 9.967468032076783890e-01
9.991962804984214630e-01 5.756290134873682796e-01
4.626241258376904142e-01 5.790025194219339255e-03
8.182643144947109315e-01 4.742076552700259517e-01
6.675274079820803230e-02 7.656597492061572030e-01
5.131789062345785135e-01 3.304068452151521784e-01
3.946972768346833083e-01 2.204850785010379899e-01
1.727917651484563999e-01 6.963502011801208091e-01
4.725579317449849492e-01 9.927027890451385339e-01
1.215173525397583720e-02 3.406843835332230563e-01
5.109429967124112792e-01 1.196320188908775728e-01
3.491614545979015993e-03 3.853166409037496187e-01
2.001723606185591420e-01 3.056291665457992468e-01
5.302589964740109796e-01 9.290213889991012497e-01
9.682501095890095888e-01 3.342195694812810647e-01
5.445043780935525657e-01 7.897737611280184478e-01
2.747812036336975128e-01 9.488679829827411094e-01
9.903431534155153759e-01 4.281499323389974521e-01
4.387505297292697004e-01 1.417793437117825517e-01
7.970965816036545970e-01 1.624321995689618492e-01
9.031719311621447810e-01 5.457041085144108683e-01
2.603470151643205721e-02 2.958140936426266743e-01
6.905574548210274832e-01 4.782205434388507315e-01
6.887915327392699627e-01 9.880401719908500358e-01
1.201021198694004477e-01 8.455817653564173808e-01
9.997034728450004959e-01 5.589461535381484714e-01
1.770862089748374557e-01 2.860610684837691653e-01
2.285938857944602998e-01 7.836227803010933912e-02
7.946787779222963533e-01 2.081680012096749632e-01
3.816138474335209474e-01 6.633724073745577154e-01
2.192207454898550401e-01 9.225346200098836213e-01
3.693634150123909499e-01 6.004805214097784505e-02
2.065668037232419874e-01 6.579187977768941042e-02
3.465561293882280514e-01 8.762265559001239379e-02
4.124339790466668987e-04 4.816142514160156596e-01
1.468398320671455703e-01 4.699471708465494668e-01
3.435968856343231126e-01 4.160497557782454336e-01
3.347214627359966777e-01 9.673507249747828052e-01
4.452199012022357572e-01 1.781702265377615446e-01
5.620063613511232514e-01 9.973244581012430388e-01
8.832783760792992656e-01 3.974441663500316579e-01
7.885408874183497119e-02 1.868533707679250755e-01
5.420031268380611778e-01 3.768512596677013327e-01
2.375359733282566554e-01 9.095305201000442041e-01
8.206390744962254180e-01 9.436827372072842390e-01
5.947819566605951902e-01 6.967263720012661921e-03
9.269564127304010803e-01 8.279538937962153122e-01
3.525134973024152130e-01 9.714152787682768242e-01
3.764321951296167867e-04 4.478127578124240227e-01
9.896329197135507183e-01 6.698506896058070703e-01
7.021793747897542293e-02 2.013753866794282255e-01
8.987885983554991798e-01 8.706426834156949512e-01
9.850041635920190330e-01 4.002927975321063370e-01
2.440398297990064025e-01 8.601634190510465405e-01
7.622938318303298377e-01 4.992289653536750582e-01
7.005055524413339452e-01 9.858012152769209946e-01
7.332438721971964446e-01 8.878195188429299778e-01
5.023124053387539867e-02 2.378435317243788871e-01
9.326684636713611365e-01 8.178313993903483237e-01
2.509473162691355785e-02 2.986388876140079196e-01
8.570705744535574988e-01 8.130855933737293206e-01
2.294654920649076280e-01 5.206827227363430843e-02
2.821484165957564016e-01 9.516535210574391668e-01
6.568661179426265040e-01 3.447144845355118448e-02
2.853192650282793119e-01 1.590256818887732515e-01
4.884102912349125303e-01 3.783351221601449765e-03
3.613056157381645539e-01 5.233781643708486087e-01
8.899539435361103479e-02 1.718473190532751049e-01
9.585031568426726212e-01 5.211155943696054171e-01
1.223987417116185611e-01 7.296919896918879767e-01
1.355398307521558654e-01 3.112795593011629114e-01
3.020836744723102152e-01 2.532368923840555563e-02
5.899332089576749677e-02 4.596517877755066372e-01
3.513793827258839819e-01 4.531180124416221977e-01
6.160562136249381204e-01 5.316637461202997766e-02
6.903922781327456182e-01 3.734037323128369112e-01
4.696369583044111007e-01 9.923574912303225748e-01
8.076061852149256648e-01 9.502623320381345939e-01
6.452122589587553358e-01 9.934997642839705767e-01
7.595475186177266247e-01 7.155396654216914509e-01
2.987989479050734420e-02 6.812332984098401489e-01
6.569989905088502447e-01 1.686597367914244305e-02
2.331538608884180519e-01 4.273131621523864609e-01
6.146220720210129329e-01 5.541280510392454506e-01
7.605353216723794718e-01 5.768569080467944588e-02
1.156414252514849084e-01 8.399536751371418086e-01
2.473166546471214366e-01 3.138025612927993757e-01
5.653393295880927427e-01 4.010208210723398281e-03
6.831208825993323464e-01 3.752697402883539146e-01
2.755636621388912744e-02 6.745820354641473005e-01
4.472911367092047286e-02 2.493626865985940633e-01
3.021336408848537269e-01 7.171866686326501261e-01
3.423845609681253621e-01 3.614728348513068790e-01
4.847512075428161982e-01 9.505404362560141429e-01
9.587755940801517829e-01 3.036348903929463328e-01
7.694283648718852620e-01 6.239598523972822441e-02
6.726683356439530082e-01 2.124117082779819476e-02
3.180332292619966750e-01 1.406307824128531503e-01
3.215083496718159628e-01 9.640314041411360835e-01
2.782572447255640125e-01 3.191381604451515308e-02
3.398624240159654475e-01 6.171131255297221951e-01
7.379809125174916495e-01 1.326710016725700103e-01
6.322390507531477910e-01 1.225564397896539148e-02
2.905464992434979576e-01 6.394660132534524255e-01
3.631622016628132527e-02 6.627097935647751070e-01
7.353922623861697261e-04 4.971050656015243430e-01
7.015628475995948632e-01 1.587989799807904279e-01
1.887505935358569087e-01 8.207373713000807314e-01
4.166792220191830598e-01 9.847248200683033081e-01
9.081138542592284146e-01 4.021372222607407787e-01
2.432892441541090189e-01 4.540640679587759632e-02
7.307456988203192561e-01 7.440604911795172249e-01
6.839944674815967574e-01 3.115652207619350467e-01
3.004261545392903354e-01 9.580159463977938605e-01
9.182608091406238016e-01 3.581917732508972385e-01
1.422281613665640210e-01 1.128410885433577260e-01
3.731267884904528320e-01 9.696175124979228288e-01
2.924867368753848451e-01 9.552726604870319660e-01
5.777708966139660784e-01 9.974607005634900103e-01
9.835277414738262669e-01 6.975433358581537568e-01
3.315113163275983377e-01 4.342395273802045486e-01
4.452453575716610601e-01 6.996655769726825014e-01
8.397171069496001117e-03 3.561343931585503331e-01
8.933553175108770450e-01 6.153742820091878674e-01
3.744773591609234509e-01 8.885189834648047347e-01
4.718397087160187686e-01 2.017912004134518877e-01
3.713381042573735691e-01 3.528379656858091074e-01
3.430398658290778613e-01 3.403122098386713867e-01
7.776585948875267551e-01 6.692817415549556781e-02
3.083330841389584354e-01 8.983951255352761178e-01
1.983745933246801041e-01 3.595248591054238108e-01
5.399405099684542186e-01 5.456563577215506333e-01
6.497021490198093829e-01 8.173907062217784514e-01
9.412920146279009359e-02 6.749876250963233737e-01
7.557491632940702697e-01 8.123542463858514084e-01
9.321286462631488412e-01 7.638206396360811556e-01
5.656328852788137240e-01 7.437356962522927439e-01
5.625443782809602666e-03 5.778164891102116618e-01
3.556390704379929768e-01 1.812708742638749482e-01
9.920457572981130623e-01 4.394479812576885802e-01
8.959047139069998833e-01 1.684290697416710447e-01
6.975891945487207035e-01 7.753725744942111531e-01
8.892924337419466640e-01 7.365314791114561110e-01
8.912702851798138814e-01 1.621500012661095669e-01
1.069586557037152108e-01 8.289281981566408719e-01
1.161768415673227750e-01 1.385361937081369677e-01
1.716277514139319116e-01 8.614658616745902719e-01
6.936156550991509073e-01 9.871645056257198902e-01
5.461043926244234514e-01 6.804209334688917643e-01
7.276716903849199669e-01 1.496693392335314565e-01
2.280559180918959594e-01 9.272502408118716843e-01
6.584738266984506705e-01 1.714486207572119003e-02
6.649793951771719724e-01 3.571962122689176927e-02
9.195359050729479122e-02 1.678592216200631704e-01
2.806168564054889458e-01 2.166655212984257561e-01
7.999256329696700085e-01 9.538145338356238678e-01
3.960884737305895853e-01 6.787404899944570191e-01
7.561005010270269722e-01 5.539668058417213103e-02
8.305337550046502093e-01 3.169583400913568161e-01
8.516876399982160617e-01 9.240578336015439209e-01
8.188456096743856882e-01 9.516331159789492844e-02
8.843314857873005863e-01 8.901828819954430427e-01
4.416961520760920301e-02 7.175254746983874554e-01
1.507384838526822646e-01 2.366277302067801847e-01
5.024185216183811864e-01 4.337768223971010251e-01
7.646197883052764377e-01 5.979876827949215379e-02
6.419070827383402955e-01 1.403016850788985082e-02
2.086261181954048582e-01 9.039425636813394060e-01
7.520801737402098563e-01 3.724508131553469492e-01
3.918572988645218080e-01 6.577287040085441072e-01
1.706691435776629406e-01 8.916786343466399645e-01
6.362519113691980088e-01 8.308465190585105908e-01
6.600301333675890891e-01 1.749627903417516617e-02
3.322849184001164247e-02 6.905596224022196861e-01
9.687439969184660216e-01 4.079879733570270783e-01
9.345832082604088598e-03 3.518130398871122111e-01
4.021772986227183377e-01 1.113288771705978064e-02
3.731918335599148095e-01 7.116775190805290086e-01
6.897058283446547700e-01 2.690457151673995573e-01
1.402298024176185098e-01 6.392891607706411294e-01
1.882489438910842916e-01 5.516302099006338278e-01
6.609561666796140988e-01 7.720313083178231839e-02
7.638567973915411091e-01 5.117120673457231650e-01
8.871103620558706826e-01 7.107249583606765064e-01
6.292349609473879557e-02 7.582455187000630703e-01
2.855253069232045471e-01 2.973223728026619384e-02
6.225990834748644787e-01 2.065405648887250756e-01
9.391178456843355393e-01 2.494855177150832048e-01
2.430190033325447807e-01 4.552588778217037113e-02
5.748103601628173909e-01 7.400636474670254650e-01
6.435491649812170589e-01 9.936343325060991161e-01
1.054885661307859296e-01 6.682836976549291208e-01
8.375835717001698377e-01 8.315801149689096006e-01
5.275618699603703554e-01 4.497834157353577389e-01
3.454444668830899401e-01 9.698147940475526640e-01
5.397824696299877711e-01 3.871534568161833501e-01
6.397605607075806944e-04 4.301850943477000255e-01
3.468339308577504942e-01 6.182153393639276961e-01
8.528926570696442333e-01 1.228057659021847270e-01
9.997269142656667329e-01 5.491976051467737374e-01
6.367933727971862856e-01 1.307733901015750710e-02
6.133166295732975781e-01 9.141664899139478884e-03
2.730857343332671050e-04 4.726485520866080536e-01
8.948106137682467764e-01 6.218289535509671229e-01
9.628767170770091699e-01 3.163368295633340876e-01
7.528226869908529739e-01 9.374963337550615283e-02
6.132286540809005482e-01 2.005856967707265737e-01
3.119889396188324504e-01 1.416309746081743093e-01
6.271660089386138504e-01 7.281180382365596282e-01
5.263787101491703702e-01 9.963786217914776255e-01
1.478901736091520203e-02 3.312702283137379800e-01
9.900170675139324805e-01 4.261642176882933786e-01
2.951987369467123368e-01 1.330872927825102470e-01
7.814241584835860399e-01 6.912711734264775920e-02
9.236702307576254434e-01 8.335598180127815615e-01
3.906454163421359538e-01 5.880472234869211778e-01
1.456522943883906684e-01 1.096227281299149148e-01
1.818064768025728917e-01 8.249793703887997598e-02
8.361346669407654364e-01 7.124186471997387970e-01
4.103316645132082385e-03 3.805152110934995058e-01
7.981445724091983107e-02 1.990288048655531328e-01
8.775899674938791861e-01 1.463428174634404666e-01
3.752806798832071244e-01 7.635996854540454404e-01
9.236990573707349883e-01 2.161515143576335785e-01
2.529693064560774030e-01 4.132631024311916867e-02
3.946052003374631578e-01 1.189665478756540828e-02
9.892046477038412000e-01 4.212595326638012283e-01
9.877904785292359602e-01 6.791820195663971216e-01
1.942663877673189710e-01 9.075623065284417201e-01
8.740834552094505217e-01 9.025861201323233107e-01
8.170370464402929578e-01 9.455612953311328672e-01
3.598167804802018810e-01 2.098633093581481479e-01
7.534463328352887235e-01 5.751460191997019855e-01
8.708730340249379864e-01 3.570456775646279057e-01
4.005938337284131734e-03 5.603922189598832260e-01
8.427763314416951701e-01 9.301484723880946159e-01
9.775728648239456753e-01 3.693429382556319140e-01
5.351105909704193531e-01 3.153298725695891092e-01
5.335064680556396155e-01 3.478572121035138909e-01
9.954935023876267941e-01 6.290744544967578067e-01
5.612673317814618201e-01 5.446746588755028151e-01
2.054284323450272787e-01 6.650642489028424365e-02
7.598080344590183444e-01 8.839916662278238801e-01
7.643751965321792241e-01 1.282850242961273424e-01
5.246861523609295253e-01 2.491637037052832071e-01
1.624891457790100802e-03 5.240392555682007458e-01
7.326695312858074738e-01 9.404826485940489533e-01
3.256985912507701642e-01 2.043553160437405758e-02
2.988667896709484850e-04 4.756625310243651761e-01
4.467747965467372406e-02 7.187592849014869945e-01
6.824882964864752433e-01 8.553091791859186444e-01
8.986979467880558126e-01 1.723671165300385555e-01
9.561850339688054978e-01 2.959708608938066421e-01
9.502333630144077503e-01 7.839391043890312494e-01
9.975020480773207909e-01 4.978670327659239225e-01
7.501285740680104785e-01 3.861357804958387430e-01
6.159558193240877166e-03 5.830268415821310279e-01
2.434147067498388939e-01 4.626767846556974206e-02
5.566295658370703503e-01 9.972097393378315244e-01
8.043682186744482987e-01 8.466848443488883547e-02
3.554899761798802071e-02 2.702403480552787451e-01
5.557632465194408677e-01 4.118858676172429956e-01
3.189069229592026988e-01 6.310259876289403547e-01
2.716540114117418359e-01 9.475836101902647135e-01
4.543413240948196430e-01 9.904399914219430556e-01
1.533407788378340908e-01 2.923130763641439422e-01
4.212827612605481997e-01 9.291749563194562356e-03
2.460028210515163849e-03 3.935597310180299901e-01
9.223191944435584766e-01 2.133482311334827797e-01
2.352680362055640378e-02 4.867558313749675292e-01
4.429102599095831039e-01 7.250009267410597591e-01
5.062354305636764806e-01 7.057182235751129351e-01
2.051222790460016654e-02 6.515570283209333180e-01
9.400469318320316958e-01 2.516852881324239677e-01
4.178993232490291199e-02 2.557001431276957337e-01
9.132589852229888727e-02 8.073018773033513451e-01
6.767691201999946893e-01 9.899956988734133212e-01
7.134938446293231928e-01 1.653720688617164036e-01
8.740284144276683209e-01 1.427048411936090444e-01
9.837111076404011500e-01 3.944271051827468177e-01
2.292817816986983948e-01 3.962853779879346172e-01
4.932043766781175620e-01 3.439327659824242822e-03
4.031082336924898257e-01 5.174837371350317072e-01
9.050185154681512634e-01 8.619274719776434113e-01
6.517610834764719918e-01 1.469505526998352851e-01
2.664516566957957355e-01 3.590914268236700124e-02
3.303851800057776567e-01 9.466243298728961308e-01
6.423606387040787791e-01 1.472905507288120031e-01
9.925830375262564287e-01 6.541312465140742827e-01
4.857728642753366133e-01 1.436605109329189278e-01
2.326315157259605249e-01 9.270013230157598816e-01
9.391748846269147855e-01 8.058199154898674221e-01
5.801212355226631479e-01 8.115531441698868864e-01
3.204308200991317079e-01 2.956596919006436175e-01
3.179636852428480154e-02 6.866569105054869393e-01
9.053436606266787590e-02 7.939071881754166116e-01
1.242792590628649663e-03 4.141037644356797554e-01
1.497415502231829176e-01 1.060996088711511076e-01
2.210175137285743663e-01 5.686835795100808610e-02
3.680763253293213300e-01 1.477091105118844006e-02
7.452649438476137700e-01 9.740744276223740616e-01
4.829308448769583650e-01 3.469888060756590731e-01
1.196068549268077957e-01 7.440172155904427598e-01
5.914766198808364406e-01 9.971226752419741768e-01
8.053422010776022377e-01 3.583885943816246811e-01
3.735053751443372927e-01 7.518096669908806984e-01
9.930019564296765910e-02 8.189205107249789561e-01
4.362268306786413197e-01 9.207099751407744614e-01
6.537207701521335901e-01 3.670142193784775575e-02
4.022919683330379303e-01 9.819309366869557465e-01
2.630642508452221695e-01 7.793006273939584450e-01
8.864680983598992592e-01 6.784144090859749454e-01
8.860497895597992946e-01 8.880330242674411290e-01
4.521514112231909133e-01 6.629436615986028514e-03
9.579609918435171290e-01 7.673663828199160930e-01
9.374648335942679100e-01 4.061155891840564913e-01
5.968416796728550633e-01 6.119416983327854442e-01
2.591398558758495341e-01 9.419583633923377386e-01
9.978747123142379660e-01 4.894128962953329109e-01
2.893380975111328191e-01 9.541785223522735171e-01
4.664632676977896741e-01 9.919713110759962316e-01
1.282598365419387321e-01 8.554141658859550912e-01
1.419639261388175588e-01 2.544111858345934341e-01
5.215646277501280181e-01 7.647582263816463666e-01
9.947485025806752645e-01 6.356429517727977263e-01
2.672073977790325183e-01 3.785820182911121545e-01
1.359139565944431638e-01 1.189422300168463398e-01
8.467414010324127993e-01 3.045078741471661798e-01
6.052700999873206200e-03 3.677422309236568765e-01
6.173310894444730135e-01 2.096679779816794653e-01
1.054414613921670629e-01 6.336920373012271401e-01
8.137458714101134527e-01 2.827707850684598734e-01
9.178408540706343155e-01 2.497096037227886922e-01
9.930463383455974125e-01 4.466764328444059462e-01
9.353850046271695584e-01 2.409622208141340982e-01
9.679181878316828191e-01 3.330940603206311579e-01
5.054505587379052312e-01 9.950219461477012306e-01
9.382604382988013469e-01 2.474686571340158903e-01
8.318296095496623410e-01 7.188941031268099024e-01
3.943000023205728843e-01 1.203273671386023147e-01
1.572302406784027995e-01 6.700545073927635098e-01
9.067780105956254610e-01 1.859629955985020455e-01
9.007310949794077315e-01 8.679678744037740978e-01
3.298085589246180227e-01 6.467032411322929386e-01
6.270947155052348787e-01 1.132819744569513176e-02
6.477713478078588327e-01 1.247133991621226790e-01
7.313880573537403507e-01 9.779182266610004781e-01
1.597277785988177046e-01 8.316499163126105376e-01
2.430736749791667373e-01 1.060723114211708229e-01
3.763333901989977526e-01 8.928501421247850289e-02
5.721553516431405750e-01 2.588204060491129319e-02
6.676104499841859496e-01 1.973502294348561392e-02
3.732038006091965565e-01 9.760492311331686599e-01
5.557932704965724557e-01 2.019355421100947900e-01
9.381280418945321387e-01 8.077873089998046652e-01
5.818232336952133821e-02 2.224577226400985541e-01
7.492970086347515712e-01 9.447915805510112008e-01
2.954377302959951823e-01 2.698058564038008367e-02
2.575142299336733998e-01 5.818113183147703010e-02
3.282794259040942020e-01 2.000514950534693082e-02
3.278504556986899798e-01 1.979436247049185249e-01
9.977733821492863475e-01 4.876155145490597143e-01
1.014547047410334635e-01 1.555568816850823044e-01
8.498276916885406651e-01 1.199469431092928806e-01
8.258539710500794051e-01 1.003586124618501829e-01
4.426004512446740646e-01 4.509883810427425255e-01
1.311989793145619254e-01 8.588430674434298639e-01
8.137479054225905672e-01 9.141115339813055130e-02
3.187889190846470155e-01 8.838709512500791954e-01
4.677862454919927693e-01 5.493911723943790681e-01
2.361448789078547383e-01 4.864452892302317810e-02
8.613252062421673516e-01 7.527281288340541554e-01
3.636160312100281677e-01 7.437329324385425489e-01
9.015963541599791853e-01 5.011770465574352240e-01
8.570589273368864891e-01 9.194880404511718286e-01
1.422698630045252655e-01 8.690222027801555171e-01
4.461705737572074226e-01 2.350092314911916003e-01
8.981542400305549956e-01 7.460930413819290008e-01
1.520804095583451199e-01 1.625571721127987146e-01
6.289823888797988483e-01 6.873903176337485821e-01
1.639502711930121981e-01 3.304307050692815162e-01
5.349351293629659443e-01 3.033490657902177534e-01
9.501222433755741603e-01 2.787091140037153414e-01
3.623755185901496589e-01 5.497644156864347487e-01
8.355591108543705126e-01 9.347828664179373970e-01
4.389215438814961789e-01 9.884007057605326274e-01
9.783744126363752569e-01 7.154068701659420659e-01
6.292431436331081818e-01 7.279143818992699355e-01
5.507426958866674660e-01 8.245375360675130105e-01
1.737585556707788581e-01 4.040983015113853716e-01
5.537764226752681651e-01 4.354708171916198411e-01
4.896388431974560973e-01 9.939878152955141655e-01
5.432495169937472390e-01 4.944094136093967751e-01
5.761134895183314120e-01 1.963277295513241316e-01
9.548875915890225885e-01 3.305668913711722889e-01
3.611460383892645121e-01 9.733689750629722637e-01
8.347467568006068372e-01 1.072643172778502407e-01
6.213139489766021928e-01 1.039748394332518089e-02
8.529773383828254119e-02 1.770720305766017022e-01
3.623488403063874763e-01 8.165332226079150546e-01
3.649657159436036635e-01 2.304182547490601918e-01
8.056151833360151171e-01 9.512101727033689391e-01
6.513500577785720225e-01 9.929952160432915509e-01
7.797317981634261930e-01 1.355801218968069599e-01
9.734203296569486907e-01 3.527697348022483803e-01
7.735858135544926295e-02 7.841419477755439127e-01
7.468320959086012234e-01 4.203085716742411826e-01
5.676853329807404203e-01 2.579549897412309334e-01
2.303582002489599212e-01 9.284184233055929880e-01
8.007688199887559310e-01 7.183573236856092281e-01
2.332967178807351383e-01 7.325165159906728007e-01
3.719901554022885248e-01 5.208663071202831452e-01
1.871558877949482114e-01 3.918210478183641321e-01
4.641085007903368309e-01 9.916797297501688258e-01
8.669274688504522430e-01 1.359410819294394335e-01
7.586285793796598842e-01 5.225706700914066749e-01
2.634452614032435358e-01 7.622343275606014990e-01
2.681602251343688237e-01 4.435275809277050563e-02
6.107968496692595117e-03 5.825367219105143102e-01
9.755046847895337825e-01 3.609750155152333662e-01
2.987870628095949943e-01 2.614005583385181630e-02
9.299693390623067213e-01 2.291459239969947381e-01
7.722192298092925844e-01 6.390420950429998026e-02
1.961874926618498716e-01 7.239577562034860136e-02
8.676397381240055218e-01 2.259614473116053623e-01
2.151037423914835545e-01 8.639708732261593971e-01
2.549825082328899262e-01 2.653290705858914467e-01
3.782484142750708322e-01 1.364106854011792880e-02
8.116230922638607570e-01 2.461550396424047604e-01
7.048259339510019039e-01 9.486465426106234222e-01
7.258030284448722114e-01 7.296477150931537925e-02
2.002442563984800639e-01 7.817448069184966819e-01
1.035557816223875438e-01 8.245824541642065020e-01
4.362663384814958190e-01 4.371914116204981826e-01
1.994270138672571413e-02 6.495661438177999791e-01
8.477830340721229652e-01 8.565322570203510733e-01
6.637224800561533078e-01 5.791038606371697733e-02
4.954442959787939138e-01 3.624723090210566490e-01
2.861213853540131025e-01 5.120818737305113943e-01
9.612360325704437658e-01 3.110117001747708665e-01
7.325565377971564596e-01 1.863000656376981312e-01
5.197635563216821408e-01 2.536932397117719340e-03
1.148232711753775781e-01 6.056308089347659518e-01
1.595104903287858367e-02 6.344227814586240743e-01
7.033340877226643695e-01 9.851699431412007657e-01
1.264918151612087760e-01 5.341526582939620793e-01
7.723071910238328286e-01 1.843210565964865377e-01
9.993129771410450557e-01 5.731179176635028405e-01
8.307782418218403464e-01 9.377234183700289272e-01
7.234555487982960997e-01 4.097055036249130922e-02
4.975220168854588287e-01 2.943052958920358009e-01
1.187455314371335391e-01 3.387756796218535094e-01
3.101807767156873341e-01 4.718801263045766525e-01
7.021196977189789745e-01 9.854487948341065229e-01
4.352050527226041243e-01 8.583197154324124778e-01
2.607063755120357929e-01 2.754474107516619030e-01
8.548942056653127120e-01 1.246737052440192173e-01
2.376093277785529256e-02 3.027636191341115390e-01
5.808136990684268364e-01 5.408903285786470505e-03
1.397032816964912383e-01 5.427443912541474180e-01
4.855256652218452040e-01 9.618829986717603031e-01
8.626534767623893485e-01 9.142321677847802253e-01
9.076628989595457719e-01 4.693324148497881598e-01
4.995071360395892390e-01 4.891881096186465605e-01
8.726295914625653571e-01 9.042439456824173938e-01
4.563600963448085635e-01 1.265543523160082562e-01
7.277187439475066855e-01 4.278344687162782822e-02
3.006887410019478679e-01 2.637904037103252497e-01
2.433554856086126428e-01 9.346388122704599732e-01
6.782210630621843261e-01 2.314926811061301937e-02
2.123337535776899376e-01 7.248357552551814020e-01
6.054689801213326561e-01 9.964438401821251734e-01
6.572619095926923727e-02 2.091499272806206511e-01
7.995215163342876963e-01 1.329010353856194537e-01
8.476774533124519229e-01 5.592790364566901928e-01
7.225936246483918302e-01 6.868934645146761442e-01
7.411832581106558848e-03 5.924159499661805217e-01
4.570580786056926276e-02 3.521993200787364997e-01
2.474546678370614927e-02 6.659149472354695121e-01
9.686804645444979656e-02 8.156637502227644942e-01
9.203675157264528117e-01 3.344120573337822644e-01
3.926873596242117515e-01 7.799482146848233377e-01
5.812361514892019354e-01 9.974587350656352047e-01
7.573688164564381653e-01 9.702891834980313934e-01
7.933384892247050124e-02 5.107357569308543788e-01
4.721783799775947088e-04 4.369757384831619573e-01
9.983759255412449907e-01 5.008233614922227295e-01
9.362593762129667319e-01 4.405000585057121110e-01
3.200051969450372624e-01 4.147286159270462957e-01
3.122123013524822910e-01 1.849100414182329455e-01
8.446340758502207668e-01 1.154885773410554428e-01
9.825512840661461134e-01 4.524848472714437797e-01
8.029856908163288676e-01 3.709707999881098339e-01
7.997174161519349234e-01 8.006720188552941542e-01
9.306354597050976452e-01 8.214751590284805616e-01
5.248687750781322325e-02 7.374571067025107451e-01
1.228650228423043556e-01 7.684705220686183225e-01
1.690118931578422079e-01 7.174800683678758118e-01
5.638777134769099586e-01 9.973529821827556985e-01
1.224173567592668210e-01 7.322606904634106906e-01
8.965289266254091727e-01 8.737361932218749017e-01
8.228893064058516726e-01 9.423876090891640800e-01
9.619238550161532952e-01 6.767624794911053510e-01
7.321928296862287855e-01 1.398366717425369721e-01
9.835997449016642413e-03 6.073747338274377849e-01
1.425113874113777268e-01 6.595168904421223610e-01
4.687916629407007374e-02 7.240684693438451669e-01
5.948469758489109971e-01 5.343298196186709870e-01
6.219041298792926664e-01 9.270670924142079272e-01
1.662833724756294096e-01 7.597231284112349048e-01
9.937188121102080718e-01 6.445865355267607066e-01
8.662455514346711904e-01 9.108018204564359843e-01
1.053938980376319945e-01 1.507606213433207998e-01
5.574155411878632949e-01 8.993019765957341871e-01
2.474895789073074948e-01 4.358378411833396804e-02
1.620949224209791151e-01 9.668831790280962846e-02
8.084882898060917755e-01 8.761445591243710584e-02
3.084946717254624104e-01 5.200506402051070509e-01
1.932964193633202044e-03 5.309985336403743039e-01
2.864581436551327798e-04 4.677723231004816684e-01
8.149175442267888592e-01 9.225579413038220711e-02
3.292293237076989731e-01 2.649967101971028027e-01
9.652763830863809735e-01 7.503641989012950209e-01
1.406467587169002442e-03 4.107103003572650790e-01
2.283101628103622049e-01 5.270472628002853543e-02
7.844740549065117863e-01 9.601764404736037317e-01
5.658779388505274371e-02 5.888386801818826788e-01
9.716328549561370487e-01 7.350365245935523983e-01
1.677365649719270158e-01 9.256360368479754630e-02
1.859052467486898008e-01 7.958506337572301970e-02
9.827524078487319681e-01 3.903859052665219487e-01
8.975912438848617780e-01 1.707844833894303083e-01
3.370557827883396973e-01 1.867584626464569020e-02
3.249717758670460643e-01 9.649297233945954844e-01
7.539693349491106700e-01 7.372797917246689536e-01
1.874921900397243935e-01 9.031267787921032353e-01
2.026167894722621932e-01 4.230834054496802610e-01
7.241450427349044316e-01 8.281914811627433259e-01
3.873318317016370971e-01 6.825028619077262437e-01
7.948213872253673262e-01 3.782615713923056511e-01
9.247033564720616994e-01 2.603694823214146026e-01
7.095990266011118486e-01 6.970722203697734543e-01
8.401332292234511279e-01 1.424288477447969437e-01
5.716365151529511079e-01 9.520328890894133034e-01
4.114324297575722711e-01 1.785331411566166704e-01
9.966547234970797309e-01 5.185918402592865073e-01
4.089968788397142507e-01 1.046308895301639730e-02
1.131492818288915708e-01 2.993315791698422657e-01
2.599443832221450812e-01 3.851699123818896897e-02
3.268799167369222380e-01 3.262724415439894887e-01
2.850066567231586134e-01 2.988020770998511821e-02
2.162637587840415820e-01 2.995216954307693413e-01
7.692931074983061501e-01 9.660887431174185469e-01
6.828123591056000086e-01 6.165496102605658724e-01
6.297454440641611084e-01 1.035327693445488167e-01
1.476802949084112804e-01 1.077543121966157980e-01
9.961863507935380113e-01 6.220281336157637009e-01
6.215655734406679844e-01 3.948453217627209688e-01
2.738606098365181651e-03 5.464106705742171055e-01
8.536287816790217864e-01 7.006954786512465949e-01
3.119215544878550794e-02 2.810074313310862992e-01
7.620703017275965996e-01 9.686656831663236211e-01
3.515766459230104113e-01 7.001785589075564253e-01
3.027082678618163714e-01 9.587525850609790457e-01
9.087592879210435459e-01 8.564744757881483928e-01
9.087165633677245502e-01 3.100123291343613308e-01
7.838590473776648748e-01 7.061809210819314231e-02
9.345821153253071056e-01 7.030958113195469039e-01
5.880185246518766506e-01 9.185676584804670641e-01
4.325855655737607108e-01 9.873991353396697201e-01
7.355415943530150269e-01 8.237246002709184278e-01
3.733445140149466157e-01 3.765098985365534778e-01
8.395217060944379917e-01 1.111648349142150272e-01
2.975346080166407225e-01 3.190476687748793339e-01
4.245766913119957131e-01 9.860845829338448221e-01
2.350741014502705228e-01 9.307927010783939581e-01
9.362330288177643789e-01 8.113322993997587051e-01
6.520851850086439860e-03 5.859507257853394657e-01
7.949102845532147743e-01 7.806851587456353769e-02
2.091922573807816210e-01 9.494149652618855129e-02
3.117363169260934930e-01 9.613589341101039798e-01
5.142615148883035170e-01 2.610693477807846108e-03
3.885101624622083749e-01 6.117795150122046222e-01
2.621184560730240865e-01 9.433093540594424953e-01
8.770562275385326290e-01 8.314832184201292886e-01
3.597661692786816579e-01 7.615159002245277531e-01
5.723693528586754065e-01 9.974630676028823917e-01
1.624658811459238628e-01 9.640738875084786663e-02
9.983511469089398904e-01 5.937972567113366518e-01
6.775360581991537456e-01 2.004359577220156674e-01
7.505711512120427642e-03 3.602193677644367487e-01
1.921993804761353841e-01 7.518337416662357331e-02
9.833078713395325687e-01 6.983493007780964268e-01
6.171241583074678072e-01 5.494064332275850476e-02
6.088506195097098672e-01 4.502195379190863656e-01
9.426202583949538916e-01 2.580068088259558357e-01
1.325513668972683745e-01 2.278331623664026639e-01
9.001717463855144485e-01 1.747829296779970232e-01
6.252383741451543742e-01 1.531267204977493357e-01
5.408140607136886491e-01 8.366822876253618979e-01
1.322579007523257966e-01 8.598661021188112041e-01
8.251795933540930772e-01 8.445260899682773825e-01
6.336708924708444046e-01 2.953188070512949848e-01
4.381311282278393948e-01 4.489614072581313842e-01
3.182473014438096381e-01 9.631479028577972779e-01
3.214799396829498557e-01 2.117163151772749607e-02
6.209882349449753480e-01 2.916965087529106437e-01
6.492386235071035960e-01 9.931717326546232183e-01
8.729310844673878744e-01 9.019865271410439922e-01
8.853073053780950996e-01 7.580668990433865329e-01
2.966639062310897912e-01 3.442302663484329839e-02
7.727176315427732867e-01 8.396494944960432028e-01
8.436482528725458563e-01 7.214884283025813083e-01
5.237455792730918436e-01 2.552762230360605678e-03
6.147394920101657556e-01 9.270379459436071112e-01
2.982609935148907709e-01 3.573866645777303841e-01
2.008368556168683983e-01 5.440451489571739296e-01
3.362540126258679596e-01 5.558372043237524984e-01
8.837942479537508333e-03 6.016985683299135301e-01
9.504402703352066162e-01 4.032181543255585754e-01
1.300545979209336567e-01 1.247527635899404741e-01
