8.421457296592090858e-01 2.119680648697408187e-01
7.401271490292848920e-02 8.003453957993942325e-01
9.759913999587729316e-01 3.343740640307812928e-01
9.710246283398937805e-01 6.168492528807594244e-01
3.800628847475939764e-02 7.265843559368916349e-01
4.833013568068598165e-01 6.047398234107735915e-01
6.663369081934022997e-01 9.519263478521337030e-01
6.832744092691790394e-01 9.762468111418090011e-01
1.197968145890966341e-01 8.713024648660780969e-01
9.892067242072907218e-01 3.847123668132859109e-01
1.385678971615088573e-01 7.761610586064782158e-02
1.611829496687081642e-01 6.275520574006998586e-02
2.416410099999746208e-01 2.689575503804875201e-02
2.349469284336536123e-01 9.564361289834197866e-01
1.574924643110237055e-01 6.497044707050947387e-02
8.520408406508463983e-01 3.214499981899359149e-01
6.040911247029961961e-01 7.063569796233732934e-01
7.135540451702505373e-03 4.974449108732333924e-01
8.247564238008165960e-01 3.652955763144551948e-01
7.583608993751214111e-01 2.592052330495787094e-01
9.599422200734309962e-01 2.905135549186116384e-01
2.675952909134104996e-02 2.385467767562724495e-01
9.631834763913703634e-01 7.485499115269612647e-01
7.732411265954648449e-01 9.480201050381237282e-01
4.456651554370805179e-01 7.557447313885192752e-01
2.964705008937607578e-01 1.585539057911405370e-01
5.545174896750966198e-01 2.647906125785431941e-01
9.979222877467026631e-01 4.593325202741629365e-01
1.086490924094996036e-01 1.011018530882876743e-01
1.848163180679565087e-01 9.266986895754055764e-01
6.771117566785798125e-01 8.030802219917254625e-01
9.830081622337339953e-01 3.579483610985464415e-01
3.617332945051087156e-01 9.925296353127378568e-01
3.215648775646509083e-01 2.647140432361533291e-01
3.847158859783406104e-02 2.014255950455752231e-01
7.262335385814115973e-01 5.126136095456967912e-02
9.368981493475728728e-01 4.864643642250243150e-01
9.789494186537525122e-01 4.809390687792564623e-01
5.106246697734818651e-01 4.108610264622725161e-03
3.853323767018220769e-01 8.959544916586449359e-01
7.860075291957199228e-01 9.429052273103338822e-01
4.272999219381029556e-01 9.002682038184108837e-01
1.473844642824534146e-01 2.804449174731619698e-01
4.910192955308335661e-01 9.984838372521355199e-01
8.599588696743758476e-01 9.023855558578086633e-01
6.387586227825580165e-01 2.052521537657003847e-02
1.553382584865050514e-02 3.110078891248007071e-01
9.115650412619529241e-01 1.990047718544941668e-01
8.835232934290048190e-01 8.794335318821920877e-01
7.316910018245923464e-01 1.652242819242260019e-01
1.811653121594030136e-01 9.244069940346653080e-01
1.663031344894995156e-01 5.999435433264388440e-02
8.381014932905346271e-01 2.278473987921165178e-01
1.176522737347700520e-01 8.686949695596328791e-01
1.756672545920145989e-02 6.627830475192140192e-01
2.778038403285169045e-01 9.727919492390177947e-01
2.599339802931774912e-01 9.665767211448029750e-01
9.018779014190030363e-01 2.689598655796383020e-01
2.636822331140151743e-01 2.908554093886168146e-01
6.456935678518256339e-01 9.836764160094685350e-01
6.061080438715336915e-02 2.959492327241024512e-01
4.412738700018417060e-01 1.637269962412979396e-03
8.417603306873083779e-01 8.762839257792081060e-01
3.391565987426847784e-03 3.960888794547199332e-01
9.259767223640907874e-01 2.192749478199046420e-01
7.510267302897355446e-02 1.340737648009392435e-01
9.364852986765119791e-01 2.386309567790598773e-01
4.817388357853801262e-01 2.583261646812440304e-03
9.288379510036012254e-01 3.776698530565805179e-01
7.249927446154362798e-01 9.658091735507200459e-01
9.173098643389737683e-01 8.373277797042972814e-01
2.106356701442533841e-01 6.874206123337834873e-01
3.436685604999791255e-01 2.414514778033019227e-01
1.278137037206368287e-01 8.805600090986579476e-01
8.282207551478614205e-01 1.592867151239300005e-01
2.509223818389491045e-01 9.632598442724289445e-01
1.177623358215272170e-01 1.032399325147501795e-01
6.312192179751112686e-01 9.862312389777840860e-01
4.464218727258730257e-01 9.588298312619994990e-01
6.225121308308886325e-01 9.855199435510766937e-02
7.782707331857009747e-02 1.672232999627470407e-01
2.619727140917261221e-01 4.654855694354030904e-01
7.758661727272748720e-01 7.341182313333072251e-01
4.669471956836822035e-01 3.176446030538527809e-01
5.642677954483934499e-01 4.595561939545657615e-01
6.124793838639838728e-02 4.492448479793471061e-01
3.718743332960220416e-01 9.939487932571574591e-01
9.406363409399172149e-01 2.472137534572397266e-01
7.736147295996071982e-01 2.197146540453840668e-01
8.445999894420702647e-01 1.247416028688835832e-01
8.173775868484691731e-01 1.039382512150414106e-01
8.015391146314824189e-01 5.906528917994990913e-01
1.376255414015409018e-01 6.272795819847940546e-01
1.349934145576404398e-01 2.041420292244471302e-01
7.230684865157901431e-01 2.588270818572958043e-01
1.663231733056968198e-01 2.975169774124659106e-01
1.045467934187151310e-01 5.707057770534413876e-01
3.172034455012151533e-02 2.213728969281563153e-01
3.346178920521247768e-03 5.324153280699333024e-01
4.466485642341876394e-01 5.238931206180995614e-01
4.398431253399084362e-01 1.624608723605924787e-03
2.039329170434609484e-01 9.385922357166903707e-01
2.410100741272828417e-01 8.481000669154283855e-01
4.107244671310864570e-01 9.971350155835068119e-01
5.350739665425097158e-01 9.964245422473971825e-01
4.203867301715448201e-01 9.975011105659449262e-01
3.049800239256100776e-01 9.802253096568358526e-01
3.322716694030836138e-03 5.319387561428952083e-01
7.259679471817577223e-01 3.454835512407034015e-01
3.718789533449712859e-01 6.489241212821553750e-01
7.337548701502470960e-01 9.629156266375017426e-01
2.786211267269463332e-01 3.570532039575378125e-01
9.236564153767021779e-01 2.157261636794182147e-01
3.455998075210848786e-01 9.895236465438793649e-01
9.137389942801885656e-01 2.018202119581201659e-01
6.411647403997513539e-01 2.060721779532660447e-01
7.378320151876941457e-01 5.681640014618105639e-02
2.994148252905570740e-01 1.269160308451333652e-02
3.041498767869412756e-01 9.800269624542293778e-01
3.180004395030315290e-01 6.552337614465435500e-01
3.463245805154477885e-01 8.016518913186212458e-01
8.126745475581191869e-01 1.004740507185738485e-01
9.875377199844017628e-01 6.470129125004090431e-01
9.401655414458403026e-01 2.462284450932050728e-01
5.980874769967892135e-03 3.662323767215394099e-01
1.161728865066602445e-03 4.605665069095004061e-01
1.602890237191789691e-02 2.856880102843500913e-01
6.575327054281822070e-01 2.479153438939396548e-02
4.695468890010100482e-01 2.209114718374705078e-03
7.474225645706649157e-01 9.417029486115399695e-02
2.300686846173786160e-01 5.844047727525819580e-01
9.843914219236180596e-01 6.629424407262691776e-01
3.570294569907170867e-01 4.039408058013692626e-01
3.949363250425297345e-02 7.302342204761786970e-01
3.811079893284581854e-01 6.884712162934860658e-01
9.684917815038663891e-01 7.322047069069814729e-01
7.125739593020810059e-01 4.517099885419939564e-02
3.276957448614631341e-01 9.855271380241981127e-01
8.665258569207927586e-01 2.888192819952866697e-01
2.124260015741989138e-01 6.359717050988777931e-01
1.468740525246626516e-01 7.620798867583780112e-01
6.742423137735853444e-02 1.437407444383396182e-01
7.771444619840561785e-01 2.596450436866692413e-01
9.699267809143070629e-01 3.164548537396256744e-01
5.460819345073543163e-01 5.975002951077897084e-02
8.280162452447403787e-02 3.018165791335553627e-01
4.622946192812596444e-01 3.518272459753259418e-01
8.698206416796860907e-02 1.458481250226459636e-01
7.042901850703521260e-01 9.713062109534187361e-01
9.650474583294290642e-01 7.430162776261733937e-01
2.735006451983112985e-02 6.973050981369921519e-01
3.025772471497363281e-01 9.796317914582007846e-01
2.657263224428316750e-01 9.291284709944861442e-01
7.574224201917130195e-01 9.542485734810224329e-01
4.371487360912523767e-01 9.979537661716604280e-01
2.668615935339622158e-01 9.209852193101515372e-01
2.733345946730835752e-01 4.810935836382181363e-01
2.567866046649626144e-01 9.654338815462046863e-01
7.272997041068290924e-01 4.258854372066478433e-01
9.817811032027385920e-01 4.656311242367090486e-01
3.622577471484802469e-01 2.634025935467220747e-01
6.197696733728513818e-01 9.879516065440533401e-01
3.199112575077404097e-01 9.763143766484350117e-03
8.782938549087818680e-01 3.783090557001463350e-01
7.081454436948062536e-01 9.136534446825952394e-01
9.985270666776200343e-01 5.316126510562566576e-01
1.628441754940983532e-01 6.181325449138963535e-02
9.302247468435830280e-01 2.266162189197463706e-01
4.884958292242599365e-01 9.985408770680150869e-01
3.396401681326142175e-01 9.313658105486508632e-01
1.340217928943073511e-01 2.070270088393593444e-01
7.749499907127714859e-01 1.232105491657654317e-01
4.656226603806250530e-01 6.459903585402513304e-01
8.744060459812178498e-01 8.885683419241339198e-01
3.913428711973107044e-01 9.958760947421452236e-01
3.609353888897769980e-01 7.376451580877471104e-01
9.969857283243095392e-01 5.666580841055556261e-01
9.490011236555436769e-01 7.844543099214889015e-01
7.923761904837900438e-01 8.610375980299223020e-02
7.609679316045248054e-01 2.568340053397039635e-01
3.531203406876057271e-01 2.349197190905018551e-01
1.147013204855351631e-02 3.163172950584828280e-01
1.302585322351957897e-01 8.377157338159035849e-02
8.764574029711068581e-01 1.559604855536250723e-01
7.167007245712928576e-01 2.089701025400190482e-01
6.144905725117321554e-02 7.667216148662800990e-01
5.952659258589838576e-01 7.232371007149072106e-01
9.766216368466369424e-01 7.000812872083849170e-01
3.528595799734284277e-01 9.910511518017902644e-01
4.139717948977167383e-01 9.972631772450700760e-01
4.665346805768022520e-03 5.542707425712571911e-01
8.630054270383226145e-01 4.120245048573250024e-01
7.018076256767075138e-02 3.780840427860950315e-01
4.517068578510780030e-01 1.810824349348982842e-03
7.756099883162038688e-01 7.046259423182585913e-01
6.496419003185072150e-01 6.941954922553382756e-01
9.124645092034042726e-01 8.443301921189222403e-01
9.121823896932212961e-02 1.164214174018727288e-01
2.157597073772263840e-01 3.586025585212201383e-01
5.719592957250358989e-01 8.547333752642857219e-01
7.623644149781968471e-01 6.864829775595515660e-02
7.996442052473324846e-01 9.371738050600690872e-01
9.929217866669562964e-01 4.063758479363894782e-01
9.752711001782009559e-01 7.062965463280472811e-01
9.288780847943773900e-01 2.240875173096714690e-01
4.948030153153222255e-01 3.061044742661556128e-03
2.450309212629456224e-01 1.517423342861062840e-01
6.964644805413569006e-01 3.849797594300430337e-02
4.924568784813661004e-01 4.206638894590054023e-01
2.756268946633251282e-01 1.675587484500451474e-02
6.461008069626672512e-01 7.675405769383019106e-01
5.041170583185919929e-01 9.981454537292292484e-01
3.546740050067132555e-01 6.712925459184890808e-01
4.456411035444407531e-01 9.981167421027409281e-01
9.380356180696978186e-01 5.631217739389771104e-01
4.300659126339718141e-01 1.321266883032747863e-01
4.761608029659424313e-01 3.472279327036990049e-01
3.555854276605355246e-01 6.947544284980116114e-01
4.437245640959900927e-01 1.505890198765791888e-01
7.368889765199515551e-02 1.357864186026799258e-01
3.850386802571363898e-01 9.953299475221130121e-01
2.966428858235225507e-01 3.425073852047730294e-01
5.149267659739334979e-01 4.437491125243004375e-01
5.343047360171243598e-01 9.091493293368002604e-01
9.821007466387613460e-01 3.545012599397047159e-01
4.188719352469327806e-02 7.359960011315445083e-01
1.670658749228048912e-02 6.590092363482741300e-01
7.275589394666548415e-02 3.264660415578133357e-01
6.342107967169726690e-01 1.958810093933605057e-02
6.425446287057966499e-01 8.165850544910626674e-01
7.427317262052373081e-01 1.659854994584979426e-01
1.639812142011267682e-01 6.120439819179968044e-02
7.063692671693544423e-01 5.397720042017953856e-01
1.531639064702364772e-01 6.765402004755505239e-02
8.826041716988148877e-01 8.803827208472706500e-01
6.290686140926471381e-01 6.816161248317339494e-01
9.399240747891528525e-01 8.025429404494134333e-01
4.971723719818001985e-01 3.961618502045943790e-01
5.010467335839532410e-01 3.388179111873612648e-03
4.210292618375954810e-02 1.915709875862423583e-01
4.157501737557130483e-01 6.526594196106438872e-01
5.973970316640287992e-01 3.498362822720523235e-01
8.382344347093931280e-02 6.990794201525339924e-01
2.662237364825644770e-01 6.979740465073619449e-01
7.309583580750798060e-01 9.638680844073004295e-01
5.075027191045018427e-01 9.979692779922336721e-01
8.288882680355665888e-01 2.050679174478740041e-01
9.625477445002788013e-01 5.253000517752062226e-01
2.136614622083289339e-01 9.445726906304897641e-01
4.208236084770115015e-01 1.459122931985024074e-03
4.390099326709029359e-01 4.572682336939766778e-01
1.742023743598040617e-02 4.264889117740656155e-01
2.466925129895292113e-02 2.463381551468115660e-01
4.344979630188632314e-01 3.463896128098335470e-01
7.852896465934053882e-01 5.903294073451954560e-01
7.543950791521393251e-01 9.241046963221593025e-01
1.429862972417400568e-01 8.950039573695488526e-01
6.606052985695212154e-01 2.495596585044458915e-01
6.144170413172580364e-02 3.273761430211729606e-01
9.481062676183882321e-02 8.375825384777870752e-01
1.306005993751369054e-02 6.403410607386834652e-01
8.832737146444459286e-01 6.778517856949659581e-01
9.901199797464362851e-01 3.889160890113938507e-01
2.713170766672907686e-01 1.758353246694155381e-02
2.424840855246020999e-01 9.598712900668703307e-01
3.026337218299585685e-01 3.843486096870931124e-01
4.058200720855779098e-01 9.968357786419222988e-01
2.602313398507514197e-01 1.494970312155842196e-01
8.701765147220892338e-01 7.446894643573950257e-01
9.243217309412516958e-01 2.167058463557525183e-01
5.823251675217224754e-01 9.926354158097152602e-01
1.502646566584224797e-01 3.365403485669832273e-01
3.391148312934030296e-01 4.450431852839629165e-01
8.457775617163676429e-02 1.228565027783685704e-01
4.535508574192765874e-01 3.065452831858715976e-01
6.117459243193028584e-01 4.629950200025340634e-01
2.202620047437788831e-01 2.682645372895419156e-01
4.699618139327018107e-01 3.635969166467443725e-01
7.780028658040616385e-03 3.472621384377767573e-01
1.935797141076500694e-03 4.154679534819640807e-01
5.129197499743577415e-01 3.485718733555019377e-01
7.299690341855720188e-01 5.303058591661813370e-02
5.629958722813441785e-01 1.973276944118615706e-01
4.144899221073788942e-01 9.972834435126077812e-01
5.293621453471636373e-01 9.967447542127614302e-01
3.524893085264002579e-01 2.796646998294126663e-01
7.008509469966266447e-01 3.880205425164199307e-01
8.540532559944985502e-01 6.570195460665148035e-01
1.207131922566139215e-01 9.118064796173608322e-02
9.447431447207264021e-01 2.560137118682572765e-01
7.615781439913018591e-01 7.166192761981737824e-01
6.414434275927927143e-01 2.109331076031761842e-02
9.873845035867492292e-01 3.763491680161503705e-01
3.279758275908206677e-01 8.827603396359573473e-03
5.867589821947343243e-01 1.151129611737200520e-02
9.590003076435259510e-01 2.882207999123932440e-01
6.506807206335006866e-01 8.022911078939812812e-01
8.376185730413792108e-01 9.181165290888854136e-01
1.361494961925319713e-01 5.156377266954154104e-01
2.943588252967255237e-02 7.036369112530032055e-01
9.039816442785308936e-01 8.337394651351579533e-01
4.035103253667506884e-01 9.966923121020818677e-01
4.114551287167213245e-02 2.775449817934263486e-01
6.929679890245135088e-01 9.740748699037141689e-01
8.233653134480564129e-01 7.050487587229881115e-01
7.141744803201328651e-01 6.630052594640525321e-01
1.132006785924333236e-02 6.292214074332084239e-01
3.718569305318458751e-01 3.454355256969301319e-02
6.763024805765480707e-01 6.760281219526561580e-01
6.749334041280350416e-01 3.013749122133979608e-02
1.100235713103547980e-01 7.788281289494152215e-01
9.989324659578470156e-01 4.975242683838297930e-01
7.235035353851340112e-01 2.784572877184510742e-01
1.916236368635181320e-01 9.309581209618102982e-01
5.163512923446644809e-02 7.567547539557429870e-01
6.396123828578126336e-01 8.941755138652083268e-01
3.952710678886192097e-01 9.961643229289282031e-01
6.335525325518228668e-01 4.895691510539383340e-01
2.373018032489904172e-02 2.500245740896368529e-01
4.427145439813245931e-01 6.590466508348388208e-01
1.526363270937375338e-01 9.033413583678167047e-01
3.150480983415269304e-02 6.107714545143784202e-01
1.368730736633888556e-01 8.892912334896594384e-01
3.385111909316376039e-02 2.332953413746779447e-01
7.810310572803281781e-01 7.415789780586554691e-01
2.899721555855802602e-01 4.635138449317668385e-01
9.858298633526590971e-01 6.558383409335385439e-01
2.587958312036522934e-01 6.004472738165852475e-01
2.891352066958315925e-01 9.760097907639410098e-01
6.186186221256606554e-02 1.520361330758934759e-01
3.215266978649087282e-01 1.446218706025588670e-02
2.220074804874305752e-02 2.565505398973035867e-01
9.821226533764478850e-01 6.741231804135325856e-01
1.971569783625159999e-02 2.678411272191020265e-01
8.296462464451943575e-01 9.228474952592407021e-01
5.479369257272855842e-01 2.101808672984602500e-01
6.089003473952588064e-02 3.692148726498089006e-01
9.703745622299631002e-02 8.412700494130901374e-01
7.558411816287741170e-01 9.548573502681455549e-01
4.673544408170084846e-02 4.074723509586695158e-01
7.019623791410007918e-01 4.562635123675384818e-01
8.612156786632294558e-01 9.012951906486463827e-01
1.987188056825078819e-01 4.337113669345742939e-01
6.264177874200794749e-01 9.869943281196432716e-01
7.523104315002835385e-01 9.526955125133476088e-01
7.075470258847843530e-01 2.371726837152764999e-01
9.879898575411313333e-01 6.446377584975430119e-01
2.002314902135104158e-01 4.827182469301071199e-01
5.131348189220352740e-02 1.718087693820365969e-01
9.907950614983900284e-01 3.920373745953378286e-01
8.491971145082500838e-01 8.060082448604669603e-01
8.505022083252179455e-01 2.938619520845870969e-01
6.698921006850080406e-01 2.830955726511052983e-02
2.831195304537000856e-01 9.743741502159910528e-01
2.374747979360699590e-01 9.576989458348277306e-01
9.976781652704659331e-01 5.535936841252030449e-01
5.927618556630460667e-01 9.914467306983230088e-01
2.119082492401402895e-02 2.610172542631027381e-01
4.579781903715574032e-02 7.444857229970627266e-01
9.086419309980038328e-01 1.952441452017854573e-01
3.871583971913561961e-01 7.038292589145909994e-02
5.894787046765167515e-01 1.188744835824251389e-02
4.063498430018159246e-01 6.278539455677277781e-01
9.438921927351558994e-01 7.953540860423561343e-01
7.201574259526619670e-01 5.985868107883296485e-01
2.914409039379974864e-01 1.402430414638189404e-02
3.315836655787699483e-01 5.355614560044976713e-01
9.263324985089215202e-01 4.745343378863225992e-01
2.346991699437282475e-01 6.682803327863390264e-01
5.596890309708405509e-01 8.617958075338272295e-03
7.034409371886278795e-01 2.851314348161686496e-01
5.829690420569189069e-02 1.585695355328425871e-01
4.408790416998232820e-01 5.544731807564841075e-01
1.429987503341922928e-02 6.474055679681696152e-01
2.371283097791144767e-01 2.852571697769024084e-02
2.794347338508902379e-01 8.259228292086800982e-01
9.371973927811136362e-02 8.204317077033124184e-01
4.710508036100351514e-01 9.984878704598718624e-01
7.754497852586512696e-01 1.075904606142814579e-01
2.417498515996027719e-01 1.983583980415297154e-01
2.520861675156638171e-03 4.065851010658330100e-01
7.562255313272590040e-01 5.129936137072474978e-01
4.043466600311078629e-01 5.989467468867344380e-01
4.708636973493401934e-01 2.848212596194398816e-01
5.666892891029554624e-01 4.418526663416720290e-01
1.380213292301901706e-02 2.992444981042122754e-01
6.069544547113500110e-01 3.193751674811928787e-01
3.521611051587592023e-02 7.194227551866626547e-01
4.392103791234093224e-01 4.193205580252057363e-01
3.857705815707918040e-01 4.145421030616598945e-01
4.575587447804900232e-01 1.843160133440228388e-01
8.096274236070637453e-01 4.386525571405252011e-01
4.705573543314521268e-01 6.566720657698313923e-01
3.236833869519654683e-01 5.551771465663216665e-01
3.154905730024293309e-01 3.561877677478036963e-01
5.724265110626476361e-01 9.848379988862456802e-01
1.477462419415640493e-01 7.107730380228149958e-02
6.875599609021323388e-01 9.753662886348090089e-01
6.532903668536151898e-01 2.374926717753611527e-02
5.678493338244128275e-01 9.941289884469800553e-01
9.912930050173656138e-01 4.545609627699651600e-01
9.899879522275659705e-01 6.330323285438044234e-01
6.797987965852262393e-01 8.840196578126924276e-01
7.294333162604753618e-01 3.518969317441366096e-01
9.951717883093764705e-01 5.896094738389777712e-01
4.870580946193026062e-02 1.768642232499990641e-01
7.804456153765604309e-01 4.633861844863348400e-01
9.922484615113564832e-01 6.153882764558661345e-01
8.194230286923249729e-01 5.242165151469984075e-01
6.156906331987673786e-01 9.065731323365692207e-01
9.936712060119169410e-01 4.153442706886603664e-01
7.421546220996109167e-01 3.673672605654719203e-01
5.067998313512035446e-01 5.026025258871502643e-01
9.197831876527099437e-01 7.536909440601966548e-01
1.002755629436165308e-01 6.043643761401912284e-01
2.128339731248521938e-01 9.440674292155429859e-01
3.805899749852814651e-01 3.481970970823367040e-03
6.983814426494590055e-01 9.727580883005420009e-01
7.204832027568726094e-01 3.545538770092820924e-01
2.956463726049450846e-01 5.750539223189464755e-01
3.733775542655362045e-01 8.921604497509707521e-01
2.727600945430981860e-01 4.450431154664415134e-02
1.559536564786764279e-01 3.194306447675888672e-01
8.539384869636040820e-01 1.327154764191856851e-01
9.363148733045723038e-01 5.131272037074799952e-01
8.557933912621142891e-01 2.698584773091417532e-01
1.638527154994079138e-01 5.920368277401246715e-01
9.016875606996688219e-01 8.591581723732535369e-01
9.614512745209933264e-01 7.535943960263757901e-01
4.627295711871843298e-01 4.747185427842395833e-01
1.486214591438842492e-01 4.174196199164076915e-01
5.596135096196772629e-01 9.948770954408063805e-01
6.310185434977257923e-01 1.631378482242528127e-01
7.046018259771089642e-01 4.183610184617436722e-02
8.574415071194353699e-02 3.503529793155849004e-01
5.586037875381775208e-01 7.836262785245845519e-01
9.987410093566487790e-01 4.716141697945879230e-01
3.593084559986520210e-01 2.015551306275065457e-01
8.545199771421662094e-01 4.658026509156058537e-01
7.465020671691662280e-01 4.598654031902036365e-01
2.782046044451258471e-02 6.987361794227896494e-01
9.987616455806581639e-01 5.155363948153968146e-01
2.401431013665988878e-02 2.488802018503015745e-01
7.118080601749015024e-01 2.739463270396786942e-01
1.876055165095436295e-01 2.619414152683461339e-01
8.628645221066170157e-01 3.466513320446347746e-01
1.509497921397135248e-02 4.875289345513382777e-01
2.720810280128171943e-01 9.708881968275470120e-01
3.684784727449822439e-01 9.935415851673826682e-01
6.735113235941039278e-01 2.544146564921239695e-01
6.410327599690465172e-01 8.694119418634297380e-01
9.605174189057525957e-01 7.561116230980355901e-01
2.372311237961229891e-01 8.259004767493145494e-01
3.231409484177669711e-01 9.845007027175469716e-01
6.775738802689201812e-02 6.760134347309476599e-01
3.375901536592144647e-01 3.132209742748620629e-01
9.834362989744903638e-01 3.596852854770132835e-01
4.040877742919002369e-01 2.120208735593077654e-01
9.629286396235187118e-01 2.979429102428190479e-01
3.639267029326999081e-01 3.371314335199920853e-01
2.551229563683239387e-01 2.229862065640664248e-02
5.023323335041384174e-01 2.412161885159552766e-01
2.680388664477661442e-01 6.629753285227455439e-01
9.148749668381424005e-01 8.408475818677753066e-01
2.341039532247797261e-01 4.798723897815383443e-01
5.738737295011542283e-01 4.413552876657709789e-01
9.025147935047446168e-01 1.873911605704104977e-01
8.719412122255371100e-01 8.910085090856670886e-01
4.725714822776119206e-01 2.298865420548912297e-03
4.552732877948606482e-02 1.834831720702780888e-01
6.172805999609211058e-01 1.633713069166375931e-02
5.435662854401099864e-01 8.703961615612844094e-01
1.389763199622329193e-02 6.452799846582107923e-01
5.499521472262280941e-01 5.839653225026403272e-01
1.577255655873122109e-02 2.871760650268336823e-01
2.836086654604108581e-02 2.326446648075032320e-01
8.910656999936602540e-01 2.550955040818907449e-01
4.638746888524379886e-01 1.386412220177400678e-01
3.217921168596282744e-01 2.154514067150634649e-01
7.116276932070280115e-01 9.694423024090434993e-01
7.108786161343224608e-01 6.375671162696475158e-02
9.812008144430800494e-01 3.512580590671274816e-01
1.555958413085426484e-01 5.163623277200918293e-01
1.837911334832480481e-01 6.799904323331875666e-01
9.354887244624727760e-01 8.097667615363519644e-01
6.460627258608275802e-01 2.207260005306554973e-02
5.445186876265838416e-01 9.958713627064100793e-01
1.889496631805185345e-01 2.864798697376358394e-01
2.642447980493490833e-01 9.681281773575310945e-01
7.949810913218162689e-01 9.391808541721820003e-01
5.736020675059551044e-01 9.935976719436531157e-01
3.044625280666354850e-01 1.122857296989402259e-01
9.351028425482932338e-01 6.908188492456602825e-01
7.786500546874921547e-01 7.742262746859773781e-02
1.153274115354596674e-03 4.440481083971266063e-01
5.464862600894634381e-01 7.310159564160589873e-03
8.408123815243362387e-03 6.048373289463689906e-01
1.941638943483078306e-01 8.084261415539447659e-01
1.342000505776347885e-01 6.213826519510037283e-01
8.584370972232985286e-02 4.956766609358632669e-01
5.803016414543610280e-01 3.557626675524154236e-01
6.893078121835136685e-01 1.530231650441290503e-01
2.958959552496223111e-01 8.448558384785188613e-01
9.668455262796478156e-01 3.080991474732694968e-01
9.950570772051968715e-01 4.270582620049266920e-01
7.737271412474153731e-01 7.849015102909704389e-01
9.498583977881083218e-01 5.511120314440729473e-01
3.142365925969983244e-03 4.893395751387192294e-01
6.917314157796318197e-01 9.743725174358057739e-01
9.616816949579172213e-01 7.529382323111181163e-01
1.877216930537883854e-03 4.920634681202687988e-01
4.576402001414693332e-01 6.558441891656828782e-01
2.079873706351074714e-01 1.762937755232126258e-01
5.433007892095903513e-01 2.450543560665549292e-01
1.262861282566807297e-02 6.377058348273653143e-01
7.335568058569617023e-01 6.082883877212252877e-01
3.064930652027580971e-01 9.805839249429044724e-01
9.983447291411661206e-01 4.645139630595630509e-01
2.068977196214238923e-01 1.370712035956891117e-01
1.829184851807164058e-03 4.902386529463629294e-01
5.405733102088164932e-01 5.025805454793152993e-01
3.410092075530657407e-02 7.165085921544576131e-01
9.278298394122465043e-01 8.215654672248297041e-01
9.626488494977224475e-01 7.501199333725335761e-01
3.796216980704408828e-01 3.574268116143919372e-03
9.142941622629373599e-01 2.025925983214064141e-01
8.478278187986838521e-01 9.113593598143845398e-01
6.885090388832559860e-03 3.564672928221855885e-01
6.244527322230442046e-01 1.761166219995657922e-02
3.890751971076142901e-01 8.970435041725262071e-01
9.566205754279416551e-01 7.663798569371669256e-01
1.444455552324841463e-02 2.949244356431783842e-01
1.347678657815259418e-01 2.428277415659063632e-01
9.712992161704464555e-01 3.204204266177320681e-01
4.771454631503654342e-01 5.503108826233291673e-01
8.578241450831983750e-01 9.042260879902996873e-01
5.500559023872314546e-01 5.286958503723580005e-01
8.473281392208525942e-02 1.467332449496027980e-01
7.712450126468595180e-01 7.323101129354192551e-02
8.512749959836186653e-01 1.304334809988276778e-01
6.692784333976371514e-01 5.616833258270864659e-01
1.152553063081973583e-01 9.559582344901895734e-02
3.218209132512570569e-01 9.841968951738838678e-01
9.283149188892199088e-01 5.757164803222156735e-01
6.294143959679663336e-01 1.860871002122066464e-02
3.310366981932931774e-01 6.832015150268662129e-01
9.605648296861274416e-01 7.559862322694035353e-01
4.871568261936665145e-01 1.063053847328215562e-01
6.007465019586777366e-01 1.356718967379699770e-02
5.412760895690682528e-02 7.617694044584308877e-01
3.042383682336182726e-01 1.192145050529180850e-02
3.963301287278163665e-01 9.962370483458524717e-01
4.890164059440182953e-02 7.511198409666161036e-01
2.625353673841736013e-01 2.002498939466779149e-02
7.871693338359484482e-01 9.395987441627455805e-01
2.661251293415104469e-01 4.720481401763812479e-01
6.477021317181945737e-01 2.243402357988333318e-02
2.017372110855542022e-02 6.733738082211531140e-01
5.566661323051985688e-01 6.342220984737930722e-01
1.371658906237899211e-01 7.397408653877787232e-01
8.649378784407741882e-01 8.977465644714098802e-01
3.140806421804520077e-01 3.490447728426790408e-01
9.844571176311369687e-01 3.638734127938529905e-01
1.739009914893705488e-01 9.192500330123692942e-01
3.728972843854760910e-03 5.390760134578339580e-01
3.579267131370689192e-01 3.486513244268643619e-01
3.886290237351092136e-01 4.816023045840360783e-01
9.898239310713181638e-01 6.342593203589033113e-01
1.565649746632742367e-01 9.066141967763208243e-01
7.293143928628981199e-01 5.828101064194525227e-01
8.379389235338058350e-02 5.633064818502712123e-01
7.958205745471710335e-01 8.847159311092411826e-02
3.218995947856873041e-01 7.108351025899842801e-01
8.926351314441827167e-01 8.698292988396391090e-01
8.542594553332989449e-01 4.631908065886831127e-01
9.949966266290437567e-01 5.914676418149302783e-01
3.343034936790425515e-01 8.095474465636187666e-03
2.738326291205391838e-01 8.011345383611130355e-01
6.897221892540494892e-03 5.882795825194134798e-01
2.624680549946758479e-01 5.482428566859995911e-01
9.782560641663476941e-01 5.089515283006620372e-01
9.517046118537658694e-01 2.855098780762562738e-01
1.906756641596973889e-01 4.851255469155409950e-01
5.499372263494510804e-01 9.955246069805776532e-01
6.598017865580788621e-01 2.472390618985165212e-01
9.365179620992702958e-03 6.147732667608623025e-01
5.388052083568111161e-01 1.202353948869664818e-01
2.339979083179910546e-02 2.513834645945171031e-01
6.908015440220305337e-01 3.620811855316741212e-02
4.857845214299211789e-01 7.390679462701935654e-01
9.772603750300923320e-02 8.422386317272971823e-01
9.738018250690350097e-01 3.277281589217240221e-01
3.334618372237792561e-01 3.312213925812610427e-01
7.201416246480709660e-01 9.672677345743552202e-01
6.006051934757327126e-01 7.449389230652027072e-01
6.625481408487152724e-01 6.471883835064490276e-01
3.051810043198181499e-01 3.385473536768242031e-01
2.464229128124931778e-01 2.525158423363271787e-02
8.469900833420349606e-01 5.752597273119315346e-01
3.525141054586111711e-02 2.103607801450746440e-01
4.099980976506927832e-01 8.288808398224914997e-01
8.601687219353102432e-01 4.713136704232817054e-01
6.095353770384537295e-02 7.751651719735550561e-01
4.896755066597114903e-01 7.086138396542799311e-01
1.068237163886931462e-03 4.559712627808798491e-01
9.186114052821798825e-01 2.086065241633447975e-01
3.640287820101376637e-01 9.929015355331767267e-01
3.735231700065599902e-02 2.045018081829559353e-01
8.117787512871024180e-01 3.922174070224459519e-01
5.720927172243566172e-01 9.913493988979116267e-03
9.925005221572079650e-01 5.199921923298062021e-01
4.039916914929475023e-01 9.255923572373060404e-01
5.558231112697636922e-01 3.080230402458388750e-01
5.500636408739345562e-01 9.651860779630542231e-01
9.369609937552509926e-01 2.396002269922007377e-01
5.421624056837450745e-01 9.712482848327619323e-01
9.518861909801487053e-01 7.778900951895423299e-01
5.214783072337280112e-01 7.792279883914324801e-01
8.544617147615705122e-01 9.067134556738067896e-01
9.914453881671341229e-01 3.951456623961715486e-01
2.747845184366703997e-01 4.545501518208702740e-01
3.152453751156417683e-01 6.698250801187363157e-01
1.483620854582272663e-01 8.997191051411981277e-01
9.668875048622821433e-01 7.374255335241968190e-01
8.437316092424532732e-01 6.771587644591676725e-01
8.217399793193431723e-01 9.268084530818679889e-01
7.142352431892343700e-01 4.589469566734016848e-02
4.103378442808342658e-02 2.324136105327641033e-01
1.448486315911797773e-01 7.296398263638415038e-02
9.612760303788525640e-02 8.398398316291783017e-01
7.977448697815455736e-01 6.606869840187368226e-01
1.901924108150178927e-01 4.420242705330473809e-01
9.717815615543036190e-01 7.201749710505965796e-01
8.484209516953923336e-01 3.668801145315211398e-01
9.704001428845607791e-01 7.254105552113990774e-01
7.197580550992146442e-01 7.670591935680685092e-01
6.810428796268257479e-01 3.596232258347471511e-01
3.334335179874187149e-01 8.977163191523696018e-01
3.766314053735645428e-01 9.944578848657285031e-01
4.476501896345020937e-01 9.124863275440153743e-01
2.127676596441531176e-01 3.806369894024153044e-02
4.641835580635933489e-01 9.119785246448505189e-01
5.859374779673188760e-01 6.226921960857458860e-01
9.921930531501412798e-01 4.003770502947023857e-01
3.460531233073163015e-01 9.896235338775990487e-01
2.535755363926519568e-01 8.410286634286390228e-01
8.582200066471412647e-02 8.219231182221339305e-01
3.896959319883902539e-01 9.957467236703472224e-01
2.833529337062111741e-01 5.316112331006244140e-01
7.937162655347637652e-02 7.898584943530484459e-01
7.413487193750096793e-01 2.845522089299233892e-01
8.548214688227084856e-03 3.401989562643897846e-01
3.049251423030563402e-02 2.252702729707704021e-01
1.160261529222028631e-02 6.312034350893368506e-01
4.448226100326548860e-01 1.767984595052393137e-01
5.298379518061008264e-01 5.709589247322455208e-03
8.051010852008694263e-01 9.499155609996623451e-02
8.811666652865989269e-01 8.818566165842086635e-01
1.252717652847592511e-01 8.778774352130979119e-01
9.739667264869957819e-01 7.118242064148849746e-01
3.549740933675260557e-01 9.373671361961088966e-01
5.525283656300469248e-01 9.953561731387805533e-01
9.939750630583595870e-01 4.165227146490919630e-01
1.633973238022627672e-01 6.639724990528469983e-02
3.565849855056401063e-01 9.916820711518039566e-01
7.744974683320788866e-01 3.302024193681488140e-01
7.961199217528691641e-03 3.454744199035675312e-01
1.314083973301825303e-01 1.219828900940270050e-01
1.614780862703153047e-02 4.974854393469891889e-01
2.769940487807422969e-01 9.725377981407458128e-01
6.504942752995611643e-01 9.828024778317208110e-01
9.150703509688717929e-03 6.129017697424790079e-01
1.554816564802381507e-01 4.836367430441894100e-01
5.358768488773557603e-01 3.173342165601029663e-01
3.756302398325876979e-01 7.761703537217045090e-01
3.373424704531979845e-01 2.353839977926016069e-01
6.423657009784110583e-01 2.039650627836572250e-01
5.616776210486922327e-01 4.672551438535230695e-01
8.292047183335204963e-01 1.128933662640508873e-01
7.093568764265041349e-01 4.381755939164411195e-02
3.229135050850373556e-01 5.815546834673954724e-01
7.899963860484413569e-01 8.530229897020866203e-02
8.203862610238678021e-01 1.061971068165451504e-01
9.945637202739667782e-01 5.957626831470042017e-01
7.462132618114236671e-03 3.504887900816850976e-01
7.642941191487477859e-01 6.963459261275128931e-02
1.764361377413403986e-01 1.936038343929817607e-01
2.157140173715240694e-01 9.457552168493146283e-01
5.391879286484774214e-01 6.594360922568043293e-03
3.024289903303775118e-01 8.390566305704630912e-01
3.992992100634823460e-01 9.123869564850672909e-01
1.331383394527689557e-01 6.981367943575194079e-01
2.842564513145496852e-01 8.272536780045006144e-02
8.367629930119785397e-01 9.186788079418640729e-01
7.103415100774818081e-01 3.105600721027206301e-01
9.799813819741437504e-01 3.472159833863990297e-01
6.668590909961235047e-01 6.998705302757359803e-01
4.680122133386785954e-01 2.170635488054073470e-03
4.216520504334791974e-01 6.170997025425194460e-01
7.451395727722420759e-01 9.588522453134372681e-01
9.974092043277460462e-01 5.592649224022081533e-01
5.871550248711031594e-01 5.404812212468976251e-02
7.244207262128810054e-01 5.043674821241339590e-02
1.758195797194547216e-01 9.206479960321259925e-01
3.506554498057408153e-01 6.350643432915026310e-03
4.317004325277646881e-01 6.711700582141760796e-01
9.512347170644537275e-01 7.793871694753115031e-01
8.843678218138665281e-01 8.773998387605895788e-01
4.943223889466713539e-01 9.984029694444872538e-01
2.117281982300386889e-01 4.858097572684147436e-01
6.679130592720891046e-01 9.793889328651970150e-01
1.064172639447246160e-01 1.030336499658678351e-01
9.214686331817381060e-01 6.958215395262783431e-01
4.819039205399569537e-01 8.418755863634207470e-01
5.000203511168643811e-01 6.384387399075308611e-02
5.570696010074459581e-01 6.649978487950827244e-01
9.093248947565636398e-01 6.511626184809296003e-01
9.697424351254559927e-01 5.645596607950122969e-01
8.500559825512417067e-01 4.792772221690052015e-01
3.478740553689772530e-01 7.333380032515171010e-01
5.495520206623399906e-01 2.893880558359691046e-01
2.911540911140677590e-01 4.175383097657024423e-01
8.105287764304202058e-01 4.622696584688563148e-01
8.462071657034055949e-01 5.837665945343977203e-01
1.787561489053083874e-01 6.990329005643201032e-01
7.652475443542283706e-01 7.870680889372980715e-01
4.577060381798070399e-01 8.604461925903448272e-01
7.736107359214707824e-01 7.436570711497539898e-01
6.542644900822474074e-01 8.699559269164581776e-01
9.562122656469931314e-01 2.817012370976330615e-01
6.378966207765555119e-01 3.107774094639282891e-01
6.515629703667303874e-01 2.056762512245944863e-01
7.754526883263265224e-01 7.556367251946716213e-02
8.028258288383649521e-01 3.074989901677661064e-01
8.181794889622792111e-01 9.285749576019969309e-01
7.579131318973890696e-01 8.673586939490853798e-01
7.144416517944676137e-01 8.660039041067444376e-01
2.510733482393108229e-01 5.559543412112016858e-01
8.086070935282154704e-01 3.816538329421549358e-01
3.460910794319049799e-02 7.178467117540001663e-01
6.336338169879841553e-01 9.858321627180892666e-01
5.400417762394559285e-01 9.961431911929276017e-01
5.983671566674918507e-01 1.320024570395350594e-02
2.224574552197866595e-01 3.384677544343062117e-02
1.087309455592322394e-03 4.524833081643162558e-01
1.326213815963305231e-01 8.852820270247667711e-01
5.098380846421423085e-01 3.165916155994240588e-01
9.581788924062545343e-01 7.622861932097163562e-01
2.648911089749472758e-01 1.931367665218164387e-02
2.782598738048893683e-01 1.628501387274150503e-02
3.207009763826331739e-01 1.822986198255780177e-01
1.462607447337891942e-01 7.672280196662423224e-01
1.544555262313079269e-01 7.442783590470867239e-01
8.332179914668977894e-01 9.208544004920039550e-01
6.016653160811052947e-01 2.899990371022145852e-01
4.595798114960026881e-01 1.976392727669140648e-03
7.031157605036351121e-01 6.342578565814754876e-01
7.700098429537012290e-01 7.255704733070933443e-02
6.910149921560636566e-01 9.537045775107868550e-01
2.089532779042366784e-01 3.978864357840450339e-02
3.230127365329937827e-02 7.116175698374218594e-01
4.730335139230423813e-01 4.810493890559926489e-01
7.255944726717991067e-01 6.879052071551696734e-01
9.937041444613458063e-01 6.033695996944690165e-01
5.684667988629750202e-01 7.392163934129989400e-01
2.788615352066150521e-01 3.899917407177144746e-01
6.335062263491997303e-01 4.810864199620882853e-01
5.605179119030329060e-01 3.867100394659518936e-01
7.896779634268902281e-01 6.485046531655718205e-01
2.193015456861957535e-01 7.974833564627974158e-02
3.052409394253495778e-01 8.057535516176062007e-01
6.371492697689890017e-01 9.579177768553338579e-01
1.344654612838591667e-02 6.426813313895478608e-01
4.823207213081287525e-01 3.403599170352379355e-01
1.868523468446920965e-01 4.985275953971413099e-02
1.893752713680022515e-01 9.295567821673943465e-01
4.999421116710339730e-01 5.094779164347000566e-02
1.079964549727548961e-01 8.563640198410711335e-01
9.555099161882050218e-01 7.692351378607142909e-01
1.814755139433662512e-01 5.236272969309574421e-02
8.910650464139934224e-01 1.731540577870593900e-01
1.299694428735640450e-01 8.827402127904704354e-01
9.450352248958691082e-01 6.331264938092067140e-01
1.550052346488761668e-02 6.536120498242180554e-01
6.511124941794660392e-01 4.815734787057043276e-01
2.155709737191776054e-01 5.321404926386767986e-01
7.086780226553743844e-01 1.571246244030828076e-01
6.491522545578021219e-02 1.472714154240192252e-01
6.463533378581087785e-01 8.576463218426855217e-01
3.815215137458110584e-01 8.537463957714495066e-01
9.987066483405746542e-01 5.201470477251388669e-01
2.295919495252048970e-01 9.535686047330649284e-01
4.884788918838848248e-01 9.721820862283387862e-03
2.969396075993792072e-01 9.781286222598778446e-01
8.196305602824907055e-01 2.107909718377465880e-01
5.849974068457571008e-02 2.422430356469478796e-01
9.211186610035739797e-01 2.121073854441666295e-01
1.557540655065747792e-03 4.289681815997427039e-01
6.453311577700022728e-01 6.491059477134990541e-01
5.505932687008980864e-01 8.300144126905283359e-01
4.969863740075585179e-01 3.149687332249961891e-03
6.703709663202014335e-01 9.496872571696294285e-01
6.769012001609890916e-01 7.184697111832699656e-01
9.234782395144489620e-01 8.281532012747125915e-01
5.812518216687343475e-01 8.318546134782324186e-01
9.443532201006856752e-01 7.944136939456779567e-01
9.947693321051108428e-02 7.000944724779236683e-01
3.708052657306565303e-01 1.071730885180910281e-01
4.510593706372932332e-01 6.580651070009598813e-01
8.691478516152330025e-01 7.083169862482585621e-01
5.496453956111841954e-01 5.823056583722976409e-01
8.099426678059595819e-01 6.049341373066063898e-01
6.214558761598476533e-01 1.704667977889107178e-02
5.577494159738114465e-01 3.627390026798336109e-01
6.645601603985060724e-01 7.304387704365327139e-01
2.803859009487086329e-01 2.915666009655825119e-01
6.813225807385618893e-01 1.365181825606614774e-01
8.157752473743065114e-01 1.443722767920795069e-01
9.681856704733267094e-01 7.332458851730780935e-01
8.560066487333445329e-01 1.346978474611425503e-01
9.274567017379576894e-01 2.217181155997184350e-01
1.846864442044213184e-01 5.709925633213884799e-01
7.766467100923801770e-01 5.992798069809068817e-01
4.382732896851594395e-01 3.996609362148449418e-01
8.012175445321565448e-01 9.225394489740801340e-02
5.030857008562353849e-01 1.902447329692112110e-01
7.574986816885148633e-01 3.609031337209109846e-01
6.546335548021845474e-01 1.219746074340451736e-01
3.288733740929105087e-01 2.777121089220639938e-01
9.465604949894917963e-01 2.863961891472198706e-01
8.306876767610936740e-01 6.749420444313362077e-01
7.916935809652260181e-01 8.565891503642375504e-02
5.790609572704695784e-01 9.930024012514984122e-01
5.025142265857834856e-01 3.479848202103896782e-03
9.556958131894085495e-01 4.481569157824758509e-01
2.953188762419666213e-01 6.383569907087467410e-01
9.622749398290153522e-01 7.512115074473793008e-01
9.748731162215618085e-01 7.080988408318945604e-01
6.625398918218783351e-03 5.850896036281652002e-01
8.435680636526587950e-02 8.192486101899695283e-01
9.504162572478488391e-01 2.860328062698484497e-01
5.201870529551879674e-01 2.575797672258282045e-01
1.042401719591423692e-02 3.245737779206340212e-01
7.690792639277592713e-01 5.351412765607326261e-01
6.630587397218544732e-01 2.634738427262028893e-02
8.654206517834915902e-01 1.441790113972973852e-01
3.321606846318586603e-01 7.842217848578144634e-01
8.963505437123743258e-01 8.657138963833002077e-01
4.426286873289164703e-02 7.411951610892665299e-01
8.849528879888494126e-01 3.548591810397248025e-01
8.855573037600502628e-01 1.663082966298309318e-01
8.542655513577894766e-01 5.044707794789176081e-01
3.529515789437726037e-01 2.131342842358594780e-01
6.854573085237324337e-01 3.406749839966338733e-02
5.764953355739623753e-01 5.871687974218535722e-01
6.023049550090853188e-01 1.871198418687959886e-01
9.331391884589496089e-01 5.060130874569905846e-01
7.812968325514695334e-01 7.899554218822768537e-02
2.606564243787581336e-01 2.059590329972227352e-02
9.523323631384327248e-01 2.728338066637544523e-01
6.144842898308406492e-02 3.116065044154538444e-01
1.297045049008881401e-01 8.824798056525249290e-01
3.963149967502312965e-01 8.027390828132245915e-01
3.895610674576676091e-01 3.942606416316867812e-01
9.544676788956113489e-01 7.718241149162446968e-01
2.210836470663993802e-01 9.136072074972381163e-01
6.643851096113482235e-01 2.672546611990289644e-02
4.950448527968477341e-01 9.937918203028310860e-01
8.300118010443633398e-01 2.865856028333674810e-01
4.176586911374412514e-01 5.685235839399223057e-01
9.965765910265098615e-01 5.728507187171141268e-01
9.964223408102788060e-01 4.417843742806321083e-01
2.262891113396935938e-01 4.607112191104145715e-01
8.087844513974811189e-01 9.329734069550880138e-01
2.165728207765371671e-02 6.788663233667755481e-01
8.818364444082556208e-02 5.810117360994034863e-01
6.792188978484662298e-01 4.643911685845606430e-01
7.647507282324428335e-01 2.691225914610600456e-01
4.750713753230448866e-01 9.934927533129778165e-01
6.316236774541328369e-02 7.794748261005853829e-01
1.330166052561554402e-01 3.664653573159995514e-01
1.502847773198090486e-03 4.771644327162787302e-01
3.889115983744557692e-01 5.366541998385149226e-01
3.383519782153677768e-01 7.661610473986502079e-03
6.858546763823192283e-02 7.900513482657411934e-01
4.701927531870364607e-02 1.801929585891256513e-01
9.059772662244260921e-01 8.533137213456235548e-01
8.865529215326470869e-01 2.522135546076722523e-01
5.936726079570631143e-01 1.249740833965473641e-02
9.530577047554061876e-01 7.751401988924612185e-01
1.419330580863882307e-01 1.554125487746221279e-01
6.436674822310096689e-01 9.090258324898629061e-01
9.973366715917558745e-01 4.524240791672776707e-01
3.698998827928299260e-01 4.504241063007508039e-03
5.656165747569393831e-01 7.572219755180615852e-01
7.455542411893631982e-01 2.591645527733997256e-01
4.153799929175981676e-02 5.010959679352303686e-01
6.764761888243158161e-01 8.101599918541184664e-01
1.192960089795808143e-01 9.231820338339924437e-02
8.666008710807086013e-01 8.961541788182449952e-01
1.365888281037186403e-02 6.439300354812870220e-01
2.194453756659686117e-01 4.518467362001512000e-01
1.408974899635910549e-01 1.014062115768897543e-01
6.839968605848700811e-02 1.424216591574739565e-01
7.024382552566996729e-01 2.182082750745118760e-01
8.337068476940370232e-01 9.205628428952663533e-01
4.068190302863861074e-01 5.251193454198417321e-01
3.114243149557461288e-01 6.303467328389995572e-01
1.469222084190047184e-02 2.934708146919030591e-01
1.666083050804640364e-01 1.090415314343957109e-01
7.791676073591669027e-02 1.307070674174747316e-01
2.482979978563552015e-01 9.622515732521793597e-01
7.615922207682496170e-01 9.526423351375196136e-01
3.005361051430449071e-01 5.448619736373057076e-01
3.916957952806853216e-01 1.626172131648300975e-02
4.532835153981903398e-01 1.841510428134074395e-03
9.483536921598683112e-01 2.638926316818394069e-01
8.299536117348782494e-01 9.226871111507336520e-01
6.064519378744922529e-01 9.897136897936552602e-01
8.231760699808859938e-01 6.247467034417547582e-01
8.568505566676080099e-01 9.050190293821215315e-01
2.944312511489791673e-01 8.391364009707794613e-01
9.103061602957942533e-01 8.473755951863997105e-01
9.195557503551575751e-01 6.890281347233719877e-01
9.384567884617615041e-01 8.050044244016338890e-01
7.189128039467920228e-01 2.564301849805306066e-01
7.861435027841829903e-01 9.364643961585632503e-01
1.094815106580812047e-01 8.583484235070517610e-01
2.690912464150393424e-01 1.806346092214361487e-02
1.280375554673507943e-01 7.643859446228111754e-01
2.741946210519948246e-01 2.601109299524922425e-01
3.908736578409470752e-01 2.814827812947395813e-03
8.885954125008055371e-01 8.607339042043210542e-01
5.163529392834936838e-01 7.195886748830768731e-01
3.747901690959538623e-01 2.803527996433162195e-01
3.654505304783154385e-01 9.931226498144007930e-01
9.989201978405430893e-01 4.911160039444099068e-01
1.401500675171307719e-02 2.977901741337285468e-01
9.001668242396499986e-01 8.610961605204897618e-01
9.437291548731103763e-01 7.956823316430188253e-01
3.407293883427718328e-01 2.973593478162239179e-01
4.049701245068285660e-01 6.185045463585185921e-01
9.916005590964411809e-01 3.961173600459590993e-01
2.623172067235294280e-01 9.674391924234947426e-01
8.635833375938098966e-01 1.422692100677019900e-01
3.160332134395815729e-03 5.283804050798420748e-01
1.546082240859556478e-01 9.050110473382678711e-01
2.666255173385676525e-01 6.155199258400591011e-01
1.637572490596018726e-01 6.132291614826690385e-02
3.376331827736543945e-01 9.877461995310138354e-01
3.940569002740040294e-01 7.845128706569034494e-01
1.050475458079416224e-01 8.523742677562433645e-01
9.808021524640688771e-01 3.499147619709809254e-01
9.508825144110496508e-01 4.312271640468351430e-01
9.420400867242985088e-01 7.989717489296551678e-01
6.521481658939949355e-01 2.347716178841541268e-02
2.321502186098264864e-01 4.299847961913066952e-01
1.999485988951706095e-01 8.480577544568900228e-01
8.147165196625409667e-02 4.700129675646770311e-01
9.924517114059949741e-02 8.443633203615241722e-01
6.077802904092677316e-02 1.539919253280042089e-01
2.688068517201191998e-02 2.380955089596010765e-01
1.815947687764529750e-02 2.750905704866796198e-01
5.669766892308331085e-01 6.998036360420405444e-01
2.406287805945095393e-03 5.084426597061663111e-01
2.681454661355438529e-01 4.924235258551744598e-01
3.426188294883468488e-02 5.844759384738119623e-01
7.948836405339260169e-01 8.782004892599049040e-02
8.814346082891731937e-01 1.616012948671622373e-01
6.422258066399761933e-01 2.581212432459277228e-01
9.221854810374602307e-01 8.300883727838476167e-01
8.090639437177353788e-01 5.990547310547740256e-01
1.067534042152984419e-03 4.558659284138478762e-01
5.631085843075883668e-01 8.762869907389237989e-01
6.793277128943722154e-01 3.177477579402188113e-02
6.810317579467329852e-01 6.603777570384372630e-01
1.460645068940011893e-01 3.957035086564211213e-01
4.443146652234304383e-01 7.895409533001170876e-01
8.010588374329280503e-01 1.569150637411952931e-01
9.494547351358167964e-01 2.662992445000368358e-01
6.590912309225123167e-01 3.951426613572956992e-01
4.630954235591547286e-01 5.856744891742796666e-01
4.475576026321806955e-01 8.665743850934602976e-01
4.094343337453065779e-02 7.337333219729832434e-01
7.335433583553911951e-01 6.028393625510823917e-01
9.813503140928138135e-01 6.778816001324114993e-01
1.878697985931233050e-01 6.440632765244053148e-01
8.693308073203576125e-02 1.204670264710050454e-01
1.946739801141972315e-01 2.687175592753020537e-01
8.933814177547654278e-01 8.690324501365407350e-01
8.259143918063120982e-01 9.247191282599006579e-01
8.937622498756570000e-02 1.180680022296058951e-01
3.869150808414841825e-01 3.003137525138921404e-03
7.079102134231267662e-01 5.963237612039775648e-01
3.754554391334568031e-01 4.651417033668426848e-01
3.508358520588088503e-01 9.906400496884788520e-01
1.339056575425257023e-02 3.021623023213483306e-01
4.377136860683750186e-03 3.843240485453665034e-01
1.937371855815106514e-02 6.702975679520257746e-01
8.940251933013991792e-01 8.204701827539595538e-01
