1.763308243610939297e-02 3.407147925363440688e-01
1.927848999333192648e-02 3.339426364741935327e-01
1.966535307056282988e-02 3.324530126935922869e-01
2.131134340244611458e-02 3.262316308504921158e-01
2.232275224381286005e-02 3.225645957238243433e-01
2.282931669003496200e-02 3.207531051877512418e-01
2.441019536680888447e-02 3.152491760067192006e-01
2.520653256144811394e-02 3.125914845564324862e-01
2.886817601656943566e-02 3.003949691394030008e-01
2.926299545362787136e-02 2.990806341036915672e-01
3.099941109192161370e-02 2.933130637521943473e-01
3.130020589250848140e-02 2.923255284874805016e-01
3.201378999263393421e-02 2.900363030384741636e-01
3.228201486469550741e-02 2.892048272725986635e-01
3.246263627486067893e-02 2.886470849236639769e-01
3.382407835697121001e-02 2.845006966762315681e-01
3.429857436590566522e-02 2.830884928755418306e-01
3.616852572009654487e-02 2.775307184016110318e-01
3.653000756505819790e-02 2.764719791393233095e-01
3.951249563243020013e-02 2.678748833040383026e-01
4.116925778658830914e-02 2.632645352195071009e-01
4.167512500690029320e-02 2.618847324484177008e-01
4.289163998772582698e-02 2.587176971052044250e-01
4.353875180331756578e-02 2.570792689868136582e-01
4.609044742551171581e-02 2.506391866852099026e-01
4.722031381880609224e-02 2.478088281212652566e-01
4.792532182521280770e-02 2.460529150694820144e-01
4.894442299311463351e-02 2.436164507570195426e-01
4.962503813902574556e-02 2.421481518419362766e-01
5.083972692367166868e-02 2.395532831697813059e-01
5.270439950538652329e-02 2.356360694225489993e-01
5.459957466836751205e-02 2.318150638078710912e-01
5.544358325074372207e-02 2.302177627758779099e-01
5.570624802526713548e-02 2.297246961679958455e-01
5.666091218964119935e-02 2.279481156382188178e-01
5.820100596153465755e-02 2.251417682167334844e-01
5.963170019416141887e-02 2.225556210705519344e-01
6.158514015593141711e-02 2.190679451116699372e-01
6.196364257628339534e-02 2.183925283611486412e-01
6.346722740717825051e-02 2.157408670237492831e-01
6.372283875010842369e-02 2.152996186088265151e-01
6.706606340640552943e-02 2.095565160009940087e-01
6.810111849698829989e-02 2.078195299862314327e-01
7.023668781739755840e-02 2.042890556729035634e-01
7.134754288181188731e-02 2.025000626468721476e-01
7.344633791105326104e-02 1.991767543926107331e-01
7.508033593239560322e-02 1.965928051389622677e-01
7.602732374317788810e-02 1.951224134172359070e-01
7.947981789653035811e-02 1.898169866759540358e-01
8.056976386951875124e-02 1.881746806551990447e-01
8.272687930218358687e-02 1.849729092207911263e-01
8.409344171004284885e-02 1.829709994367513248e-01
8.492955915428734848e-02 1.817569731677604050e-01
8.635010454304925531e-02 1.797087560452486077e-01
8.959109052106584148e-02 1.754823590495312446e-01
9.295795266986062177e-02 1.711125494153472593e-01
9.476139307457720484e-02 1.687821698599640818e-01
9.821429754212440688e-02 1.643287717036105988e-01
9.952224359362815687e-02 1.626780199081687694e-01
1.047479306017354839e-01 1.561693645660879870e-01
1.066579330923405067e-01 1.538546964033755682e-01
1.084638887497137993e-01 1.516671815342056640e-01
1.097748733612401439e-01 1.500996529427709447e-01
1.120221572482127392e-01 1.474146167940599828e-01
1.169472529667793248e-01 1.418684516780235327e-01
1.178960039687516614e-01 1.408029546317659531e-01
1.186152618562863470e-01 1.400041167682425369e-01
1.193760710762762356e-01 1.391654679459078947e-01
1.206563611647402112e-01 1.377899536923886670e-01
1.207441603004734132e-01 1.376956500828101504e-01
1.230294270224677744e-01 1.352768451407976302e-01
1.234635789241319559e-01 1.348419608578484974e-01
1.270834545518645387e-01 1.312461072731614387e-01
1.280161194406611580e-01 1.303220870750322335e-01
1.283538715460709190e-01 1.299923230386131889e-01
1.298182008853756564e-01 1.285638968681891425e-01
1.301053150262014846e-01 1.282922374389947606e-01
1.332855233229264247e-01 1.253178937703696150e-01
1.369283250562363108e-01 1.219391289367020015e-01
1.370311966954924632e-01 1.218441040281270649e-01
1.393908249945415845e-01 1.197137484694295040e-01
1.418056740598285792e-01 1.175505119934067144e-01
1.425341058506732761e-01 1.169157834632957860e-01
1.431680607585598120e-01 1.163637913019747172e-01
1.470704288438166030e-01 1.130591286952680186e-01
1.495249303917860484e-01 1.109932463306727568e-01
1.503182836349926665e-01 1.103262666248323587e-01
1.516598478020900753e-01 1.092240208895597364e-01
1.519366167840521253e-01 1.089981797633635674e-01
1.544915531415392840e-01 1.069714861490593805e-01
1.563918167541978876e-01 1.054698182849791444e-01
1.565715713690296607e-01 1.053330640347690528e-01
1.599857519496070690e-01 1.027627527176722122e-01
1.645200259086926353e-01 9.935493217394586463e-02
1.650166266936441417e-01 9.898194045532515695e-02
1.705069017077828208e-01 9.485886309487301382e-02
1.724644228040170812e-01 9.342394478176074823e-02
1.777865915142818887e-01 8.962826109685473330e-02
1.791809025405064482e-01 8.864218767143983158e-02
1.835420042636192184e-01 8.561269175090624461e-02
1.880437572295370341e-01 8.256931498042541229e-02
1.900383966255656532e-01 8.124632740146786603e-02
1.903398056470079203e-01 8.104874946565299165e-02
1.934832136076883868e-01 7.899127574221165293e-02
1.964509748354477114e-01 7.706548775504273863e-02
1.985587058329704169e-01 7.571439285223813265e-02
1.992794925291815344e-01 7.526577908771425740e-02
2.054963979451297496e-01 7.145649453279812047e-02
2.084226726947322472e-01 6.966505431108749313e-02
2.108318900270799157e-01 6.822664519545740269e-02
2.138653106158067141e-01 6.646988930948027896e-02
2.173047676721387989e-01 6.448858529591172672e-02
2.202491511815819480e-01 6.279817447700952737e-02
2.211117376799358603e-01 6.231658238225135094e-02
2.215400385775470049e-01 6.207917577410293486e-02
2.277288675489743675e-01 5.870553222249341729e-02
2.288465503834548054e-01 5.810919746414888731e-02
2.352749934935011167e-01 5.473810215373653421e-02
2.434567247032403126e-01 5.054188304819162703e-02
2.453707587295952397e-01 4.960685125758201863e-02
2.459524230902790931e-01 4.934170211410626727e-02
2.482087060285248503e-01 4.831792100149512326e-02
2.500113192583213184e-01 4.750038811446388731e-02
2.535903559594524515e-01 4.588204036835097366e-02
2.541571544597593935e-01 4.562944994523909781e-02
2.586804430522177123e-01 4.363926005815632614e-02
2.603932386627166862e-01 4.295228053086241893e-02
2.616802745211713743e-01 4.243816172004200027e-02
2.693187179179232782e-01 3.946627107140976420e-02
2.740164338150276047e-01 3.771880185405063202e-02
2.753643436202818373e-01 3.721779702390737299e-02
2.760549265318008594e-01 3.697254096903013210e-02
2.800523231660008161e-01 3.555380507398042678e-02
2.807146188533902187e-01 3.532029378979195666e-02
2.858356126216700099e-01 3.358269334152585994e-02
2.894961877182984367e-01 3.235245548452847508e-02
2.900639488715592851e-01 3.216274473437397141e-02
2.925942319494629906e-01 3.136340894631584053e-02
2.949824250592412156e-01 3.061977316830688522e-02
3.008936261483537988e-01 2.888682470172065919e-02
3.027584835265176855e-01 2.834314345637323207e-02
3.093633675587711407e-01 2.642433513073116913e-02
3.104285725655566708e-01 2.611535309641066505e-02
3.163767488571084252e-01 2.446781774136175258e-02
3.176261168243930122e-01 2.412312283865580831e-02
3.210056159952546784e-01 2.319323105473736213e-02
3.224622927979632347e-01 2.280457687714543269e-02
3.235387884594659313e-01 2.251790273183795765e-02
3.239365186759451953e-01 2.241255350916293576e-02
3.298975573420912522e-01 2.083468379651953750e-02
3.401397021832299750e-01 1.823904920521013384e-02
3.421714375624879123e-01 1.772811079111169530e-02
3.435621842206409982e-01 1.738213486994877321e-02
3.491051419890348617e-01 1.604223033325491432e-02
3.509639935273664024e-01 1.559797515811789381e-02
3.559700969288565053e-01 1.443549675940825061e-02
3.575266098373069967e-01 1.407625018411662321e-02
3.640210694706447203e-01 1.264745879971307385e-02
3.651301859245936754e-01 1.242149293576366720e-02
3.670681960212582862e-01 1.202976958584534017e-02
3.690806334649112674e-01 1.162948121603990526e-02
3.745750358743127340e-01 1.056249216672833224e-02
3.764302734413108587e-01 1.020495852306491091e-02
3.799984348489292563e-01 9.533069124112336645e-03
3.830695268089677752e-01 8.991132229300147216e-03
3.846183703982064550e-01 8.734912597689437064e-03
3.921268142429419346e-01 7.506544939316461829e-03
3.986096025445718949e-01 6.460981064730808576e-03
4.019033219254556366e-01 5.933541612679449351e-03
4.047945963750193554e-01 5.473153618145598642e-03
4.069979463211605974e-01 5.126779085508514910e-03
4.078337591619798363e-01 5.008888158827606851e-03
4.095679335566544399e-01 4.787848210040746011e-03
4.122664664164964465e-01 4.447435019936940570e-03
4.182107812626729704e-01 3.698086650769094597e-03
4.223433507536190623e-01 3.201189869375120622e-03
4.240137943703402579e-01 3.035711197611146162e-03
4.280936141681964680e-01 2.737407883160791755e-03
4.310174999274939411e-01 2.527772013998563772e-03
4.335352854352958474e-01 2.348058569882960356e-03
4.424275734312788089e-01 1.731264861002945743e-03
4.537637485028019890e-01 1.017726038488708795e-03
4.549546209693341448e-01 9.494694647667056842e-04
4.560977275630176964e-01 8.942576816617364699e-04
4.572394329639059007e-01 8.391881078751994849e-04
4.643103938649147944e-01 6.009420203242354930e-04
4.670277110396467979e-01 5.113651772766791836e-04
4.679754795081699781e-01 4.909617754925710287e-04
4.703060664954560322e-01 4.567883303331354838e-04
4.733902748814802219e-01 4.147096616685663761e-04
4.826009845002037224e-01 3.893080421646377687e-04
4.903763453529410565e-01 4.601104408353817732e-04
4.912751883020730626e-01 4.752332223008082224e-04
5.023207004894320038e-01 7.250488305758917562e-04
5.036939526964124836e-01 7.569116794649000113e-04
5.081161814504029373e-01 8.645198852879065754e-04
5.098937575659665544e-01 9.098293176148519734e-04
5.120538222677846196e-01 9.964009434523246611e-04
5.196054044664357718e-01 1.361955676224102518e-03
5.202591933896849596e-01 1.402722751033036452e-03
5.289653445735162940e-01 1.954686866579069537e-03
5.341702622335553485e-01 2.291766797776539910e-03
5.376182525393037315e-01 2.517637164898500757e-03
5.424937377132483807e-01 2.848174190237084957e-03
5.456813967267055698e-01 3.084575796627575528e-03
5.522545004812718927e-01 3.586316371985143192e-03
5.591479088612070214e-01 4.143181464810741232e-03
5.612689110811874826e-01 4.318929611291544290e-03
5.724335928908326210e-01 5.245126210919770493e-03
5.751814975637231653e-01 5.499949554609973035e-03
5.853092533988893953e-01 6.492993179160744255e-03
5.866648859778657021e-01 6.637719229994565318e-03
5.883970007759338205e-01 6.822650668691698783e-03
5.905337101915592024e-01 7.076108742976372490e-03
5.940720764531640663e-01 7.503627201514651013e-03
5.957287617020918802e-01 7.737500811088926511e-03
5.984649710608289652e-01 8.163991827614847097e-03
5.985302119892521588e-01 8.174347728806541369e-03
5.997466269992263177e-01 8.368035393071959760e-03
6.011545495639263326e-01 8.593486834304275845e-03
6.057898645454997677e-01 9.355986765033130759e-03
6.062304895454957432e-01 9.428669761703756258e-03
6.105271101945429768e-01 1.013762413276886321e-02
6.213941711744993546e-01 1.193753212747128423e-02
6.273642329653692506e-01 1.292736940801619827e-02
6.289649248154363104e-01 1.319326119927655139e-02
6.331033427156839144e-01 1.390102054285968780e-02
6.332942058462400770e-01 1.393630663961398231e-02
6.363515176576208798e-01 1.450658002647531308e-02
6.414135542169946413e-01 1.549354952748871472e-02
6.462876383331666030e-01 1.648090803183188680e-02
6.506495518396082645e-01 1.740558137580172637e-02
6.539012822448736495e-01 1.811195166522205913e-02
6.559682906105313016e-01 1.857921403192042131e-02
6.587539369533614853e-01 1.920994087933880490e-02
6.636083444957765476e-01 2.036662314933879170e-02
6.652349072271024344e-01 2.077317639532938465e-02
6.693130701045921782e-01 2.179565244652503786e-02
6.760995354909197230e-01 2.351549839419087018e-02
6.808493183783782543e-01 2.472679632718288723e-02
6.845545910983725779e-01 2.567436171294756875e-02
6.867120822809161806e-01 2.622934174921942585e-02
6.911921175445112642e-01 2.739463593928137541e-02
6.930911002949410316e-01 2.790968057992726514e-02
6.987088439137740803e-01 2.950377254464542354e-02
7.016908940593759025e-01 3.037684847841770619e-02
7.044281456518964868e-01 3.122047405908434659e-02
7.067754674037983742e-01 3.194585100709701475e-02
7.098626014611485457e-01 3.290320735547591635e-02
7.119147716718663421e-01 3.355076775260468214e-02
7.129981119358391739e-01 3.389273358427680183e-02
7.184860356048778929e-01 3.562823800884118430e-02
7.198168174043467760e-01 3.609411048446786729e-02
7.214065478717945901e-01 3.667750409619996432e-02
7.248590105060843669e-01 3.796530287429600303e-02
7.262044670555103387e-01 3.848063731396711429e-02
7.279344160228308214e-01 3.917027773564374371e-02
7.306183075987031650e-01 4.026265326593314597e-02
7.308925681125827412e-01 4.037709015499657550e-02
7.321007712379639099e-01 4.089575969272551959e-02
7.372589663117796732e-01 4.312115842568364776e-02
7.396289707836826155e-01 4.414372013266953942e-02
7.409710494001972014e-01 4.473703053062316748e-02
7.463812885733627223e-01 4.719430572698368742e-02
7.501410124888021613e-01 4.893463742301051855e-02
7.534889321348253732e-01 5.052656797261856347e-02
7.541404445396596712e-01 5.084891293407800550e-02
7.554520224901878356e-01 5.151225256429559085e-02
7.577472817520856108e-01 5.267622758676371308e-02
7.603089455559464138e-01 5.399221278131105528e-02
7.608271156603289009e-01 5.425987812815036282e-02
7.630108185772354057e-01 5.539365453948463802e-02
7.634308621970476993e-01 5.561382010862558900e-02
7.642910489026883969e-01 5.607460010447740117e-02
7.675067478231835105e-01 5.780394537427546719e-02
7.698038484654692315e-01 5.904109726695194738e-02
7.712737010922009473e-01 5.984686477763012658e-02
7.714063353393687539e-01 5.992030647664270404e-02
7.748528512972027160e-01 6.190918396156785963e-02
7.802070132126955881e-01 6.501143752022731093e-02
7.821391927538222655e-01 6.615984457119661322e-02
7.824276988989293802e-01 6.633249927357987019e-02
7.843960167886471213e-01 6.752222564359544599e-02
7.872817921665196117e-01 6.927567176120996706e-02
7.899482890816090785e-01 7.091751160598458448e-02
7.921997570548212630e-01 7.234151635531460567e-02
7.976659328581396924e-01 7.584365723994190844e-02
8.006096148512301669e-01 7.777279010805693282e-02
8.022253139253209264e-01 7.884963734994121509e-02
8.034272806289265434e-01 7.965270414164571378e-02
8.062932809849614468e-01 8.157362574316906478e-02
8.067806650982227712e-01 8.190274844703648860e-02
8.094074195644975767e-01 8.368161594486434041e-02
8.128510546183709273e-01 8.605478183394132952e-02
8.136391718283852992e-01 8.660262763184745083e-02
8.150971970027005575e-01 8.761647706029718208e-02
8.177843187404514325e-01 8.948816958817851219e-02
8.203162006683732965e-01 9.133347755089038511e-02
8.206366593167332413e-01 9.156895444328783107e-02
8.226424922070599832e-01 9.307155592610538708e-02
8.235548409592587937e-01 9.377717107800642715e-02
8.256152285052816842e-01 9.537560730505212359e-02
8.297099732723164367e-01 9.856386255194582446e-02
8.300140096515401522e-01 9.880160568037543722e-02
8.317448583549140739e-01 1.001629437241619014e-01
8.322594291165491542e-01 1.005679931277262407e-01
8.372481983580259968e-01 1.045192986488173714e-01
8.401042920224170985e-01 1.067825733988375658e-01
8.432293921556716088e-01 1.092701411639865894e-01
8.465033161567681042e-01 1.118997060890510875e-01
8.493753529211244269e-01 1.142294352164230364e-01
8.506433511772335532e-01 1.152737043757104951e-01
8.512426851235164182e-01 1.157695389065630520e-01
8.548850584980738354e-01 1.187944047210719445e-01
8.564635307753989402e-01 1.201202675287909027e-01
8.592325129868513267e-01 1.224921207066251849e-01
8.601157562977617133e-01 1.232553419949141693e-01
8.622079611663803211e-01 1.250666122426987714e-01
8.639577177336781322e-01 1.266204821589155260e-01
8.702820285588109828e-01 1.324409236685096802e-01
8.739142424810298904e-01 1.358535796061215439e-01
8.749185634611389428e-01 1.368157309576717440e-01
8.799822716921126275e-01 1.419240774130536842e-01
8.824042473483858506e-01 1.444054602963013023e-01
8.835241787229682897e-01 1.455540345819210657e-01
8.837436307519985768e-01 1.457939271987339636e-01
8.842856365190501222e-01 1.463904683441492605e-01
8.851778816106488090e-01 1.473894154839012760e-01
8.872614366783070361e-01 1.497606446870896058e-01
8.876253532992364192e-01 1.501755187844238115e-01
8.891642884469214136e-01 1.519575130677520702e-01
8.899818957423893950e-01 1.529438937722754632e-01
8.920179281460828280e-01 1.554074439995669632e-01
8.953155655145047520e-01 1.593995013545159711e-01
8.976012826583650295e-01 1.622594015740529416e-01
8.990301702392772265e-01 1.640792576288639948e-01
8.997485282542352358e-01 1.649966942690024307e-01
9.004044862620681489e-01 1.658441033048397850e-01
9.018525303415101391e-01 1.677280498549996723e-01
9.023179259829919863e-01 1.683348221417991786e-01
9.024359401131372138e-01 1.684935676467964605e-01
9.038237888933021713e-01 1.703840351247137841e-01
9.048819327083000852e-01 1.718801548090806985e-01
9.067002775352924759e-01 1.744790158453788376e-01
9.070239540154541036e-01 1.749546064590592476e-01
9.085634723032907090e-01 1.772294987421270118e-01
9.094022357232308673e-01 1.785115135853451163e-01
9.117785007181713475e-01 1.822326049972384787e-01
9.147151948399075971e-01 1.868550911537405490e-01
9.173798728636314292e-01 1.912561887265376015e-01
9.188213402839829902e-01 1.936428076956179245e-01
9.195802235294633364e-01 1.949047360853743971e-01
9.211868958813681507e-01 1.975923095657234896e-01
9.214816478875993422e-01 1.980900470128671431e-01
9.225950100449376023e-01 1.999825465374416300e-01
9.260067591539390408e-01 2.059894161251925038e-01
9.285208842189740519e-01 2.104394917197869308e-01
9.290849683888071642e-01 2.114935390432343132e-01
9.301705781622435776e-01 2.135229357608285916e-01
9.308746807688275116e-01 2.148411849418365716e-01
9.320612687030953580e-01 2.170820278644223222e-01
9.327455892189344677e-01 2.183841748353313461e-01
9.344971589901338582e-01 2.217756528355302459e-01
9.349394784248172829e-01 2.226410062827381964e-01
9.381383433136105676e-01 2.290597907776386055e-01
9.403095769968212725e-01 2.334876809120077779e-01
9.413294551641300245e-01 2.355952063434549881e-01
9.420900574138550976e-01 2.372266675692272786e-01
9.465901678064034819e-01 2.468886163986028226e-01
9.494780410066939735e-01 2.533301154028220203e-01
9.506097921183550570e-01 2.560548198852431456e-01
9.525418739875955998e-01 2.608071222845393944e-01
9.549694507743073935e-01 2.670803993304028401e-01
9.552586420847376525e-01 2.678306359117388347e-01
9.573449110421948793e-01 2.732591029235678093e-01
9.587117939223933627e-01 2.768457015069698546e-01
9.596402409066887573e-01 2.793359535305373065e-01
9.605015092704323187e-01 2.816621303825478373e-01
9.625912863827964516e-01 2.873312884690178981e-01
9.628295963066700880e-01 2.879787507238749100e-01
9.641910760933571911e-01 2.917110123434314417e-01
9.645818573093738468e-01 2.927838233453271544e-01
9.661800307162624613e-01 2.971967428698119029e-01
9.675437945750150481e-01 3.010034988814216383e-01
9.677277404914758074e-01 3.015375737612928653e-01
9.685796720452580777e-01 3.040423182307018246e-01
9.696482318007270118e-01 3.072569881943274517e-01
9.709277689809258094e-01 3.111355982616839100e-01
9.727115551590861386e-01 3.167240109132303250e-01
9.733612805966533887e-01 3.187787371766184208e-01
9.745691173911269489e-01 3.227107149716035295e-01
9.747707069030359106e-01 3.233685228105650511e-01
9.752031611396700939e-01 3.247956843156162288e-01
9.762497503384484077e-01 3.283078352926862564e-01
9.769224778503147189e-01 3.307302596329653177e-01
9.769859329853358698e-01 3.309673364333491907e-01
9.784791633982946601e-01 3.366157767211652718e-01
9.787433504951009722e-01 3.376337800084421303e-01
9.796188002860147792e-01 3.410286885341823337e-01
9.802502170730071906e-01 3.435986981675427376e-01
9.806638584864000308e-01 3.452972766943531724e-01
9.818917137054758992e-01 3.506569113975037677e-01
9.822685690771068012e-01 3.523111880520989336e-01
9.839802385938068996e-01 3.599672593495391038e-01
9.845573032120292778e-01 3.626162245195325706e-01
9.853087679618951489e-01 3.660686940980947268e-01
9.858823879793596756e-01 3.687540939184591471e-01
9.864227096891915458e-01 3.714991967700504993e-01
9.868532746927098920e-01 3.736916552057523155e-01
9.870785349342094950e-01 3.748611660951592928e-01
9.876015116191552146e-01 3.776833255760845276e-01
9.883494565395249953e-01 3.818013738017049796e-01
9.885981551186316940e-01 3.831778564094677764e-01
9.890125817243566875e-01 3.855252893788678747e-01
9.890560433482551428e-01 3.857750625379789966e-01
9.891493706142446829e-01 3.863579904203159332e-01
9.898230357654301814e-01 3.907618112944957200e-01
9.906198889353725612e-01 3.959804210465779351e-01
9.907650244287240504e-01 3.969355318788100329e-01
9.911487380057526497e-01 3.996235721393693874e-01
9.914890310785595684e-01 4.020480977109408549e-01
9.916444596328097827e-01 4.031984684713950662e-01
9.921624392136457748e-01 4.070718713851547710e-01
9.922500277987021944e-01 4.077302278697360061e-01
9.924253043554395193e-01 4.090815030988189660e-01
9.925085070802105447e-01 4.097425143424346938e-01
9.927973552121305278e-01 4.120794367099573918e-01
9.931180454379414657e-01 4.148348740700409376e-01
9.932515603407703342e-01 4.161296095348084867e-01
9.934716027403279748e-01 4.183205026544295491e-01
9.940491880810352621e-01 4.241057067633700051e-01
9.946346333584270560e-01 4.303576143955240019e-01
9.951428983301857656e-01 4.365189418336846705e-01
9.958281496579955983e-01 4.453990770318136949e-01
9.961299161369689958e-01 4.496653630630808030e-01
9.966112552089071430e-01 4.566566608837734353e-01
9.969757280005436817e-01 4.621639901421501495e-01
9.970288850358223209e-01 4.630135963014938572e-01
9.971496493315921139e-01 4.649514045354761205e-01
9.973855466941775605e-01 4.689462860394348898e-01
9.974368225284336864e-01 4.699694177341993129e-01
9.977160884517454198e-01 4.759820089064110693e-01
9.977366231115039064e-01 4.764323667886265490e-01
9.979348807528662935e-01 4.808992357194241674e-01
9.981444961614298617e-01 4.856252802091619580e-01
9.981518345509085011e-01 4.858130386636203557e-01
9.983181018683776609e-01 4.901844818242709900e-01
9.983950387647820834e-01 4.922792315895828663e-01
9.984552353493318932e-01 4.945625307013657990e-01
9.984988874382735302e-01 4.962754404211245918e-01
9.985520581099740500e-01 4.993585860211476879e-01
9.985918445778907415e-01 5.020415031304765741e-01
9.986540451891734449e-01 5.066103953809729665e-01
9.986691552345597911e-01 5.084593817551823491e-01
9.986758028530196007e-01 5.094753146348343087e-01
9.986832291499446734e-01 5.108070260158075193e-01
9.986912052299632414e-01 5.123217031859172987e-01
9.986984530708024055e-01 5.154108098225903545e-01
9.987031350630303228e-01 5.202088243031436354e-01
9.986657092665820468e-01 5.238994546844080169e-01
9.986058914778898066e-01 5.295672723411105620e-01
9.985113964790436336e-01 5.354604182427735726e-01
9.984803178240532207e-01 5.370586494231461838e-01
9.983880251885363100e-01 5.415008413229223105e-01
9.982637304497563591e-01 5.470591399711285385e-01
9.981864262598063586e-01 5.501748953217544535e-01
9.980720983257981294e-01 5.546436948767980990e-01
9.978504124199399916e-01 5.616810801181019164e-01
9.978131705620000291e-01 5.628425782642190178e-01
9.977944220501082651e-01 5.634139123451306075e-01
9.977689440983146252e-01 5.641752450243859851e-01
9.976243001637468133e-01 5.677297746995314531e-01
9.975398270424125080e-01 5.697122889898074138e-01
9.974943789157315610e-01 5.706295709145562389e-01
9.972994273218496186e-01 5.742594555496639552e-01
9.971846698189452685e-01 5.761492669156412783e-01
9.969975010288794071e-01 5.791086036876791354e-01
9.966884625801293307e-01 5.832667583329108618e-01
9.965627226741099465e-01 5.849315574785721727e-01
9.962537517181216939e-01 5.889419169761881401e-01
9.959561176750388878e-01 5.925935127129174917e-01
9.955566248945034724e-01 5.972239503095552182e-01
9.946005607949975902e-01 6.077636137747880474e-01
9.941154017026305745e-01 6.126032426345964232e-01
9.938596791178917478e-01 6.149651849775298329e-01
9.927464178828895314e-01 6.245221347906958487e-01
9.923021662302614621e-01 6.278557717498047808e-01
9.921228797937416966e-01 6.291193921588552618e-01
9.920227053866399469e-01 6.298217554937751705e-01
9.910596410005962920e-01 6.364925490106443373e-01
9.905737915843157992e-01 6.396618826118816159e-01
9.903769403095002977e-01 6.409212195317263161e-01
9.899883487410112703e-01 6.433312533835168212e-01
9.896923059150328772e-01 6.450877920227718887e-01
9.891090028993990702e-01 6.484624086469368276e-01
9.883014270149867997e-01 6.529169250520610035e-01
9.872553047269752025e-01 6.585986972039914455e-01
9.868607340964195007e-01 6.606835996955191526e-01
9.864933724706198559e-01 6.625748105695291601e-01
9.849618771882647783e-01 6.699411890511163259e-01
9.835086000453104882e-01 6.767351533191893198e-01
9.832203007829040109e-01 6.780793144964514241e-01
9.826367375352103029e-01 6.807579572107659294e-01
9.811425451187658631e-01 6.875411576690079185e-01
9.804717801623779039e-01 6.902793539558474967e-01
9.800022249240855077e-01 6.921941830883883151e-01
9.796846250949388102e-01 6.934561853255385433e-01
9.784263762501513861e-01 6.984235018032599607e-01
9.775831287916293411e-01 7.017024506383934268e-01
9.772401389980339692e-01 7.030026356332635951e-01
9.766414317566733949e-01 7.052149331788309938e-01
9.760718879359709943e-01 7.073113180517597298e-01
9.754596610607259022e-01 7.095475771604530246e-01
9.753264495060276484e-01 7.100281071390027732e-01
9.746865269103436313e-01 7.123289619451889099e-01
9.731223152258977604e-01 7.175949131364719458e-01
9.723998344333403265e-01 7.199766249660478623e-01
9.714216615889527118e-01 7.231824347043844803e-01
9.706810301540617081e-01 7.255011269453957024e-01
9.687705228084679820e-01 7.313014417425048874e-01
9.664735838481559593e-01 7.377225159985497660e-01
9.656484265641342990e-01 7.399768743969697971e-01
9.653742662380663253e-01 7.406592998688439344e-01
9.649102718599099626e-01 7.418052806941923816e-01
9.646855119596111638e-01 7.423555527609609905e-01
9.637322297216157629e-01 7.446438612482122466e-01
9.584126916357516013e-01 7.571739587754958700e-01
9.575968831444040541e-01 7.590913788966273668e-01
9.565743901384176073e-01 7.614098571032160701e-01
9.543249260823315483e-01 7.664101268431730007e-01
9.533721952257934174e-01 7.684207198458351540e-01
9.527791654688197998e-01 7.696242243080635426e-01
9.501280111390382199e-01 7.749292645675240898e-01
9.493899862043392313e-01 7.763947312668439960e-01
9.478589430101012070e-01 7.794285372074857277e-01
9.466319492428481031e-01 7.818450810554564701e-01
9.452730981050913028e-01 7.844864847575695466e-01
9.434141758194937166e-01 7.879762268484474808e-01
9.417604637679841684e-01 7.909046572427773647e-01
9.408703471402838359e-01 7.924746388717021084e-01
9.396225294335249778e-01 7.946721863896897275e-01
9.389936382374556301e-01 7.957776975264351238e-01
9.380134881197500496e-01 7.974218502225474126e-01
9.377629268379735761e-01 7.978395342538855406e-01
9.362121209454740134e-01 8.003866846327973850e-01
9.359702279470276665e-01 8.007762216527399834e-01
9.353173980336831894e-01 8.018095930548869710e-01
9.333453230647129617e-01 8.048849315867945275e-01
9.314821181714539877e-01 8.076888361850892428e-01
9.313386922304200954e-01 8.079032312193198395e-01
9.296400790709593576e-01 8.104415209787483310e-01
9.267930529887399294e-01 8.146697776804524560e-01
9.238248235613264470e-01 8.188533007186323820e-01
9.175322160970988961e-01 8.275620219318599036e-01
9.164298376607915575e-01 8.290854530897259211e-01
9.155055524210563567e-01 8.303554647936959299e-01
9.136300400917255482e-01 8.328294592449285716e-01
9.118573812760573105e-01 8.351632108278275179e-01
9.104622802112118940e-01 8.369784138286607833e-01
9.084538572321159133e-01 8.395621832440158805e-01
9.080348228959895795e-01 8.400980691908914721e-01
9.070630413625351274e-01 8.412811527446849569e-01
9.068788643868389565e-01 8.415048152681149363e-01
9.017412033055255405e-01 8.477414350582216374e-01
9.012570367141483629e-01 8.483272069249582215e-01
9.000624015222357110e-01 8.497609184719847608e-01
8.994754226426476817e-01 8.504590613050205805e-01
8.988029107559583064e-01 8.512539122864258845e-01
8.975123879489934620e-01 8.527674791451337333e-01
8.967658834459959483e-01 8.536290959657332200e-01
8.926681490877758085e-01 8.583342534777417265e-01
8.918073438451973312e-01 8.593025193516066196e-01
8.888770558912844066e-01 8.625872372206572214e-01
8.870874309362295485e-01 8.645590735589834264e-01
8.850439715561421172e-01 8.667901173870268261e-01
8.824294661924840799e-01 8.695712385853401338e-01
8.810227873757457973e-01 8.710673858892634680e-01
8.795269258045103067e-01 8.726090571638090987e-01
8.791274532548803977e-01 8.730179754798619296e-01
8.774566547403046535e-01 8.746766849384121079e-01
8.752963869032301947e-01 8.766950387565212166e-01
8.746921392442651433e-01 8.772175056763654721e-01
8.733636501607301428e-01 8.783655375857069014e-01
8.730505664485217476e-01 8.786355642868518556e-01
8.686070231412638121e-01 8.824584919036385644e-01
8.671140409395974302e-01 8.837218410238169009e-01
8.647531761294368069e-01 8.857168596790170323e-01
8.619885199071553039e-01 8.880480214275366935e-01
8.608564777314871019e-01 8.890009883340914687e-01
8.570640599566646811e-01 8.921725315269264378e-01
8.561382253842856338e-01 8.929444924414903229e-01
8.526152015140734397e-01 8.958284470631504570e-01
8.488707406558121393e-01 8.988785983411486935e-01
8.461490818731786101e-01 9.010362370195464932e-01
8.451345516883430609e-01 9.018207077107925906e-01
8.440288868163924318e-01 9.026686868760319671e-01
8.411908330835720093e-01 9.048290659507587375e-01
8.409900823793936553e-01 9.049805790764056113e-01
8.386511747824358931e-01 9.066979898203872956e-01
8.377925574466646985e-01 9.073270840351712607e-01
8.346031441371363213e-01 9.096357585462288009e-01
8.338808784999581780e-01 9.101348892582009631e-01
8.285627969403580595e-01 9.137897628917155401e-01
8.262209465208912862e-01 9.153806032676088389e-01
8.252118802866486025e-01 9.160525141968685059e-01
8.211494171485982374e-01 9.187436174597184424e-01
8.187111908993867093e-01 9.203228649020587238e-01
8.115963076609271631e-01 9.249147239945578747e-01
8.053248932316676711e-01 9.288869129117529599e-01
8.015623252081837125e-01 9.312353965436918068e-01
7.972169050632897935e-01 9.339100708914693794e-01
7.962495859022213907e-01 9.345022113380450079e-01
7.947304683444880169e-01 9.354203786299302159e-01
7.893457215148006467e-01 9.385846426764502537e-01
7.865402690631307925e-01 9.402053589278074330e-01
7.859629557852912951e-01 9.405344757758891117e-01
7.848613608952530463e-01 9.411601136794939260e-01
7.815106395657966942e-01 9.430562372750338485e-01
7.790945206243226062e-01 9.444125546955942641e-01
7.764132946049099315e-01 9.458471126111250848e-01
7.699338325380051806e-01 9.492630577158643890e-01
7.671860402579324667e-01 9.507076584699081234e-01
7.632719131992238282e-01 9.527033781271496693e-01
7.620435645601933983e-01 9.532933012133572026e-01
7.559944260687072592e-01 9.561762069920934914e-01
7.543272882136310420e-01 9.569678256059835908e-01
7.532103077962403193e-01 9.574915134137138573e-01
7.495594993384042670e-01 9.591079760482640326e-01
7.481034241879893631e-01 9.597445632513710301e-01
7.435056440731437899e-01 9.617486678406735878e-01
7.418662272253416790e-01 9.624456755392524210e-01
7.397589794736003643e-01 9.632990931488230046e-01
7.380112183940726878e-01 9.639881157714955684e-01
7.330573089548059196e-01 9.659364090250076584e-01
7.325785848611190421e-01 9.661209086422962722e-01
7.281730289615846452e-01 9.677204341835009549e-01
7.251531350706689194e-01 9.688167246718476511e-01
7.219202343093239493e-01 9.699879012846540638e-01
7.216387444873973989e-01 9.700871887023071460e-01
7.208544718190554867e-01 9.703544388832880951e-01
7.165509938795829870e-01 9.717538045119302748e-01
7.088376905367534953e-01 9.742397880883759687e-01
7.051415464885656403e-01 9.753916263965496380e-01
7.034829135562438163e-01 9.758970532004453968e-01
7.001792941496663980e-01 9.768766505717272342e-01
6.983466405273472954e-01 9.773964161697608066e-01
6.907264378765332058e-01 9.795181407075673752e-01
6.875088370057812481e-01 9.803951159026470519e-01
6.847536017441206990e-01 9.811275556247757157e-01
6.818127886028797491e-01 9.818975074927906999e-01
6.780949580386728126e-01 9.827792847985006297e-01
6.771730407129332718e-01 9.829976963905990850e-01
6.748781123709077789e-01 9.835271763708254289e-01
6.733937018403677310e-01 9.838658230437791197e-01
6.699906956867858199e-01 9.845935207394514999e-01
6.660409671643666707e-01 9.854308025691742579e-01
6.654521637673267431e-01 9.855504295586677843e-01
6.641317604587828605e-01 9.858132817268272508e-01
6.602270684133643153e-01 9.865435247096425719e-01
6.543203636584861149e-01 9.876440089987638116e-01
6.483372421089921289e-01 9.887362048717805996e-01
6.475370735811559753e-01 9.888799530835591378e-01
6.473103680499123769e-01 9.889206167441783046e-01
6.465810409610911469e-01 9.890474114648397652e-01
6.450799826641225865e-01 9.892950933337935071e-01
6.423327602731844221e-01 9.897026753136453081e-01
6.384529120449123907e-01 9.902315890066136772e-01
6.301225094959891360e-01 9.913653203993223473e-01
6.231806584295005447e-01 9.922740541811141401e-01
6.155145173056041363e-01 9.932760129913967839e-01
6.115212708325180602e-01 9.937862858701355107e-01
6.091396996242228745e-01 9.940882770073969921e-01
6.082017491853385360e-01 9.942068857545742766e-01
6.022316610189974995e-01 9.949535228293433509e-01
5.984615343132908549e-01 9.954043153852084602e-01
5.939219587444699577e-01 9.959376726490861698e-01
5.929685312239423300e-01 9.960483246219622444e-01
5.926811236064476462e-01 9.960810699319160300e-01
5.922240487527192787e-01 9.961327393127219487e-01
5.900694842128624273e-01 9.963590489766961378e-01
5.813507385543603689e-01 9.972677785100989567e-01
5.795784281151403761e-01 9.974255434709806689e-01
5.784571352684512169e-01 9.975248423855310742e-01
5.726683452934142604e-01 9.979746071292104892e-01
5.701421977832517030e-01 9.981697302969233521e-01
5.659182996502704066e-01 9.984830444800394389e-01
5.648868712687648008e-01 9.985538175081314360e-01
5.566817024915681200e-01 9.991004510152026175e-01
5.555032929168013389e-01 9.991652037075799964e-01
5.515733981919928031e-01 9.993538963064565461e-01
5.495776288779740115e-01 9.994163307241331617e-01
5.468104280772922987e-01 9.994815861507896360e-01
5.432151801943213565e-01 9.995407640627187451e-01
5.404136104794500239e-01 9.995702946554627655e-01
5.347667997910556803e-01 9.996106919578353622e-01
5.280515326335951665e-01 9.995408311248645816e-01
5.219220886445762320e-01 9.994480948881099280e-01
5.206885953830123759e-01 9.994257982312508837e-01
5.194729971502604071e-01 9.993975552667583306e-01
5.157792446330555780e-01 9.992984621554914515e-01
5.136902978112454221e-01 9.992342259357502865e-01
5.115899663743942449e-01 9.991637279201109889e-01
5.098162788542506263e-01 9.990981457807015520e-01
5.026064288053222473e-01 9.987942344364773017e-01
4.950864946033014524e-01 9.984236045755842115e-01
4.888446214044667171e-01 9.980907359634278997e-01
4.847012040367920660e-01 9.978483471524175474e-01
4.813499011370103720e-01 9.976084711499527691e-01
4.725934481933903308e-01 9.969649977966793530e-01
4.702614439759523757e-01 9.967926415237805537e-01
4.623028062749536815e-01 9.961652346565610383e-01
4.602277895436283073e-01 9.959927519066499313e-01
4.573660374522278138e-01 9.957498925486845121e-01
4.491793514629355277e-01 9.950535018838760903e-01
4.469193578998664762e-01 9.948549323257400712e-01
4.456377020734083594e-01 9.947359704790501578e-01
4.373924422931210199e-01 9.939293027055482455e-01
4.342114268471327643e-01 9.935941346195589219e-01
4.310016342899095632e-01 9.932469700535884183e-01
4.259330865874927374e-01 9.926567584696024404e-01
4.223370439091121975e-01 9.922269793327654908e-01
4.178547626111996927e-01 9.916719364951905868e-01
4.159352101455960904e-01 9.914115713989507528e-01
4.092735138740902778e-01 9.904954080335925948e-01
4.085162351790828650e-01 9.903892101139846194e-01
4.042678439886049357e-01 9.897920987509291058e-01
3.962582023142996457e-01 9.886474136241015787e-01
3.926685369148699145e-01 9.881305966887803383e-01
3.896002264286366756e-01 9.876605147621611014e-01
3.846762112886952245e-01 9.868776945219497332e-01
3.772776758925825424e-01 9.856865522806157465e-01
3.730775209661154612e-01 9.849591247044571229e-01
3.679510833034392858e-01 9.840513921015440202e-01
3.646146088509151229e-01 9.834584944679199969e-01
3.644423617472243304e-01 9.834267764388773259e-01
3.633603771267424065e-01 9.832229218227165335e-01
3.615712775431870751e-01 9.828830111468863651e-01
3.613267973398700539e-01 9.828364810342992142e-01
3.602622259007043359e-01 9.826335037756394053e-01
3.568798464679380222e-01 9.819415606338588454e-01
3.534889756971374419e-01 9.812440650729779001e-01
3.419356561190454169e-01 9.788337103861307620e-01
3.391718449527466595e-01 9.782561814689638702e-01
3.372199547800857067e-01 9.778370925180391859e-01
3.347266623329949731e-01 9.772547076670606847e-01
3.262077942060349622e-01 9.752618818633697062e-01
3.222316888234322274e-01 9.743228933200120956e-01
3.208505012461232431e-01 9.739789193991459371e-01
3.190181189381682270e-01 9.735199028080273598e-01
3.151464230454383841e-01 9.725273345177463113e-01
3.122093654345345914e-01 9.717694066619720905e-01
3.108657210911257573e-01 9.714192803672127008e-01
3.062605730920558988e-01 9.702153509575108803e-01
3.048516067788986650e-01 9.698378329716673685e-01
3.025190676746722929e-01 9.691933428350447688e-01
2.948992252955247029e-01 9.670504752088758815e-01
2.918909498646913292e-01 9.661836695768368788e-01
2.892268260243407996e-01 9.653871999941622262e-01
2.864142570391901010e-01 9.645389460811549798e-01
2.843030961544762425e-01 9.638946033319532036e-01
2.815760912141438421e-01 9.630127299559094745e-01
2.800041294157737948e-01 9.624752275539545376e-01
2.794102463315893958e-01 9.622669507338105221e-01
2.758734879752512414e-01 9.610241278182767299e-01
2.734970619998604580e-01 9.601331699049986401e-01
2.709478382122741946e-01 9.591770109064368111e-01
2.689887608376810846e-01 9.583909909981743747e-01
2.684168185337496570e-01 9.581475330776867416e-01
2.678172169168050454e-01 9.578868006811427360e-01
2.659438326777965322e-01 9.570275012140234683e-01
2.616023993932514724e-01 9.549632846515440088e-01
2.557194573570187313e-01 9.519874457799777367e-01
2.531873375971932516e-01 9.506989516134163321e-01
2.505049461328899829e-01 9.492799812797236836e-01
2.490955963064689360e-01 9.485276562786745247e-01
2.478475697306806724e-01 9.478590776423383435e-01
2.443869444464831231e-01 9.459995613985402452e-01
2.413130859714237575e-01 9.443431603251263295e-01
2.330860658774245309e-01 9.398678853812801881e-01
2.320349548101851012e-01 9.392921990983009728e-01
2.293412230457330114e-01 9.378020011209050599e-01
2.288679101991084597e-01 9.375400090210065374e-01
2.275637792905724766e-01 9.368138683629337882e-01
2.190174052823854467e-01 9.319581468614883679e-01
2.171879176562300229e-01 9.308776078089057160e-01
2.156294630332590279e-01 9.299338560805671117e-01
2.140348271930817559e-01 9.289630591779666213e-01
2.135525955025548983e-01 9.286666627167330379e-01
2.120213917902956657e-01 9.277190266812288533e-01
2.099141044517043309e-01 9.263774566119450382e-01
2.088737126399148325e-01 9.256533652456586658e-01
2.081169755313710956e-01 9.251204681572811062e-01
2.039219839963537506e-01 9.221504976037775414e-01
2.032631925033568931e-01 9.216768607765400967e-01
2.021199324179292489e-01 9.208505836672040701e-01
2.003577166231358397e-01 9.195598848662862590e-01
1.997640840915713145e-01 9.191232745264216186e-01
1.974111183990961971e-01 9.173920311881909040e-01
1.921057851359250224e-01 9.134841600954470842e-01
1.874785865309902544e-01 9.100221276279065741e-01
1.861377937660233517e-01 9.089964799474876678e-01
1.836695946417534753e-01 9.071010804428936147e-01
1.804359660998282600e-01 9.045349133991712476e-01
1.776498811047938498e-01 9.023213033164597663e-01
1.741195720454170592e-01 8.995151547732251895e-01
1.696230808366848697e-01 8.959224002000100162e-01
1.667191924158193395e-01 8.935969665164562592e-01
1.642103951869018363e-01 8.915508539053423887e-01
1.638451938761106286e-01 8.912438021095913099e-01
1.627660694760217908e-01 8.903336576017967241e-01
1.582749567823229508e-01 8.863065882699576736e-01
1.581652260666096543e-01 8.862063367196089114e-01
1.562549856629091849e-01 8.844591515472266519e-01
1.510539405125759238e-01 8.794499589609642287e-01
1.487317046351140926e-01 8.772046804409986409e-01
1.465136026855061724e-01 8.749495681934541524e-01
1.447027927329506136e-01 8.731054465321186342e-01
1.430615000532552417e-01 8.714266144056596053e-01
1.405789794394063374e-01 8.688835339628391274e-01
1.397450528296072525e-01 8.680225733957039891e-01
1.379766323743824019e-01 8.661900134270830165e-01
1.372331718686763402e-01 8.654066796979513754e-01
1.351008046723440881e-01 8.631394326594309385e-01
1.335580535424405468e-01 8.614484421114534385e-01
1.325317668648336999e-01 8.603151674756024381e-01
1.290338985077911227e-01 8.564269248906950516e-01
1.258300680962284313e-01 8.528453943191485198e-01
1.211747869723883708e-01 8.476050694682106812e-01
1.180521653450922193e-01 8.440627249777067354e-01
1.175400820292255011e-01 8.434792673919488948e-01
1.174444069350707442e-01 8.433681730800635101e-01
1.153653044981876041e-01 8.409029543987324162e-01
1.112818626275889899e-01 8.360515708979942007e-01
1.085362313793627465e-01 8.327830272909073628e-01
1.082009525035884101e-01 8.323754816233196463e-01
1.062858172798668566e-01 8.299915334149914337e-01
1.054860855799597541e-01 8.289745698591951539e-01
1.010981493893422511e-01 8.233299385133340254e-01
1.003204231416010561e-01 8.223270158779621974e-01
9.825535658984507759e-02 8.196260302935384212e-01
9.724478326522012495e-02 8.182366931907227858e-01
9.672286853732792178e-02 8.175144029921983524e-01
9.361854071280961698e-02 8.131643504547532153e-01
9.215926126533091622e-02 8.110790085418048134e-01
9.066100036952939867e-02 8.089009879017255988e-01
8.983207899804446228e-02 8.076875209716496418e-01
8.781551475626214742e-02 8.047237055325687782e-01
8.530532238579568993e-02 8.010028803120808893e-01
8.482183768375206601e-02 8.002617130051378203e-01
8.259284431795643755e-02 7.966694127196665143e-01
8.156306507550981078e-02 7.949651461203082192e-01
7.847950954323712480e-02 7.898595728335673360e-01
7.713500502645076473e-02 7.876112498176888188e-01
7.651345397274889049e-02 7.865700902580543552e-01
7.536553106089549647e-02 7.846278357038651841e-01
7.313558604441472433e-02 7.807089573733774213e-01
7.171312593660594814e-02 7.781896172157167779e-01
6.907834971606940933e-02 7.735162212356165856e-01
6.686379801545927481e-02 7.694899241151734737e-01
6.606006524320551243e-02 7.679406560852019004e-01
6.450282640349735974e-02 7.648472092746910755e-01
6.433732050308094141e-02 7.645170011267133914e-01
6.367662130784912389e-02 7.631719733993870269e-01
6.280707599850998690e-02 7.613690787759563872e-01
6.257166021877968998e-02 7.608796710091676463e-01
6.103465932845753006e-02 7.576395064503489429e-01
5.922014627726968072e-02 7.537848163994069761e-01
5.841653698709348141e-02 7.520751727863245195e-01
5.775622839520977436e-02 7.506638228818840464e-01
5.385483173254590472e-02 7.423041413780682163e-01
5.271583034978977178e-02 7.398128293388325227e-01
4.726580274646874358e-02 7.277881295472173884e-01
4.546501390601143111e-02 7.238031179500864498e-01
4.424216010910231311e-02 7.210413643680435580e-01
4.336179713249965761e-02 7.189834169262313557e-01
4.247922043051644003e-02 7.168389612045658055e-01
4.119311636959943623e-02 7.134161764059844257e-01
3.972409035297885804e-02 7.094681622580337743e-01
3.942106307514259278e-02 7.086468172865911797e-01
3.853267538964222361e-02 7.062358469434105723e-01
3.781847066345467301e-02 7.042663934487609634e-01
3.741439139312585649e-02 7.031313488318418070e-01
3.676955036196283277e-02 7.013180008669093191e-01
3.641491732891710686e-02 7.002930079077275272e-01
3.613726960564656032e-02 6.994884939155062709e-01
3.470053491832358894e-02 6.952398569716534693e-01
3.336513606484869943e-02 6.912906456969666324e-01
3.266018627079003700e-02 6.891883298270449210e-01
3.241201554744244095e-02 6.884380906621564433e-01
3.163070340475904185e-02 6.860590317157574392e-01
3.130791638464258675e-02 6.850644360754084561e-01
3.069666802445125686e-02 6.831742972833377836e-01
2.937948717705729518e-02 6.790648872444874362e-01
2.714263139467432140e-02 6.720756342675873185e-01
2.536438901255988476e-02 6.664129317455416146e-01
2.442585872500557809e-02 6.633999503611547333e-01
2.398762978392254830e-02 6.618921175468216456e-01
2.329302847945169397e-02 6.593892440198115823e-01
2.301987669422689287e-02 6.583826378830991422e-01
2.266582942308759119e-02 6.570716735868703529e-01
2.198860495463139664e-02 6.545309764610154346e-01
2.114846964637040472e-02 6.513777831128766405e-01
1.939257237706648596e-02 6.447344351951576069e-01
1.854605048526913880e-02 6.415071629656978747e-01
1.841021636632222958e-02 6.409811876888664717e-01
1.767861060893183289e-02 6.380922432529726462e-01
1.613327345635184873e-02 6.317453581398519979e-01
1.485027182159770476e-02 6.263058456634246207e-01
1.460394087287708587e-02 6.252572462407810505e-01
1.285593032021059567e-02 6.176509194389435686e-01
1.229131279857142989e-02 6.151555018872665315e-01
1.221600089772489905e-02 6.148067861216838237e-01
1.203172767858484704e-02 6.139380480542365737e-01
1.088419912561067182e-02 6.084148299832842222e-01
1.068625530477984586e-02 6.073754629027598995e-01
1.039608775517775197e-02 6.058175174677074004e-01
1.003394153624814766e-02 6.038330027611069628e-01
9.207311008232577088e-03 5.990725934925450469e-01
8.890937898987538723e-03 5.972143183025119262e-01
8.173818195167603662e-03 5.929777429636312602e-01
7.507059775262447943e-03 5.889581831391266231e-01
7.091890620804397471e-03 5.863744585615165983e-01
6.977068352319704125e-03 5.856373897532120010e-01
6.308420019944915857e-03 5.812458896514031137e-01
5.990585861252895050e-03 5.791007419309947002e-01
5.898900194242218120e-03 5.784557221764878854e-01
5.667378656523447411e-03 5.766749615758567371e-01
5.517863503308406692e-03 5.754799972874248271e-01
4.987164463379878399e-03 5.711187672652939806e-01
4.838276456524348568e-03 5.698251142838568484e-01
4.422795512014965347e-03 5.661803250317561931e-01
4.264218300503164194e-03 5.644753142972582793e-01
3.920622545462437714e-03 5.606730714560043127e-01
3.676863521444029281e-03 5.579670684837142458e-01
3.545311210502055665e-03 5.563862296128090357e-01
3.281169703684083672e-03 5.527033582005443924e-01
3.252145975552900303e-03 5.522558308092464507e-01
3.184582911923250492e-03 5.512004777951607926e-01
3.087567652689582332e-03 5.496185699147243531e-01
2.924606413275632200e-03 5.465387875296230380e-01
2.694900082127582586e-03 5.421945145671202004e-01
2.622471420285710231e-03 5.406281641726010667e-01
2.611742159472130176e-03 5.403938306493977217e-01
2.559478856760666332e-03 5.392468272804243901e-01
2.478572618459295995e-03 5.373279622506972331e-01
2.274490048495114713e-03 5.324874703527093800e-01
2.077556444830430671e-03 5.274086570067046953e-01
1.883137719900895846e-03 5.222225088014621486e-01
1.739047950518379793e-03 5.183436453255189091e-01
1.597413137491843216e-03 5.143329656260129390e-01
1.502283575466778487e-03 5.106285624954293167e-01
1.443102330000334277e-03 5.079528534104891246e-01
1.410527882887313567e-03 5.064622004882515238e-01
1.386782607617043084e-03 5.053193925521878294e-01
1.321338332625821010e-03 5.014493993331368138e-01
1.297341974617727267e-03 4.994435257381385496e-01
1.296864936969566173e-03 4.983142930265268555e-01
1.300984455677500762e-03 4.961732805872639540e-01
1.322311826359556797e-03 4.901748207637239840e-01
1.328967379022993889e-03 4.887305957513631283e-01
1.350081255538926328e-03 4.870865640753102577e-01
1.406734539085796598e-03 4.828823387922440702e-01
1.449644469759703291e-03 4.805450523340174529e-01
1.584888481099833157e-03 4.742252628495686739e-01
1.703624619161625553e-03 4.699265020745889698e-01
1.823663373946793342e-03 4.664411798577207113e-01
1.936748562445855804e-03 4.631934841270604064e-01
1.984350885474772674e-03 4.619633091253009249e-01
2.131215902779315385e-03 4.584906455096573463e-01
2.355591866693540481e-03 4.545041563859785194e-01
2.469348726938380700e-03 4.526624231280823585e-01
2.515997915875534119e-03 4.519483121257842351e-01
3.227433997317508130e-03 4.417333701793192402e-01
3.450858307658344337e-03 4.386618822320700328e-01
3.476354990882168927e-03 4.383464045790537167e-01
3.624581688036032645e-03 4.365711729075097969e-01
3.718703475995122076e-03 4.354944996013093705e-01
3.948181178174747785e-03 4.332576571576223223e-01
4.404883404168780103e-03 4.288677494717606509e-01
5.407800288195430127e-03 4.194468605081165258e-01
5.813926237365762972e-03 4.159891327840865571e-01
6.390806524830705548e-03 4.111139715250459181e-01
7.197715285828354403e-03 4.045699924212903253e-01
7.356272683629816456e-03 4.032916977813444381e-01
7.517671532461522865e-03 4.020005115942530960e-01
7.769933064198264461e-03 4.000882424718612551e-01
8.196691296646574365e-03 3.970406731286605373e-01
8.652929280809962265e-03 3.937963234504667787e-01
9.382903223283389771e-03 3.886098578534088466e-01
1.012194905486141216e-02 3.835282282975720491e-01
1.114118692530818855e-02 3.766504829884074201e-01
1.244054888608636666e-02 3.679556641711967391e-01
1.354626842605377579e-02 3.611333391924067548e-01
1.379545485633482116e-02 3.596999113501226919e-01
1.492164839445342395e-02 3.533528888061779893e-01
1.535974655926297672e-02 3.509664276366493141e-01
1.607086504776045199e-02 3.473833572027320571e-01
1.612434829209774545e-02 3.471239731758762881e-01
1.663440066287658059e-02 3.449151994833618007e-01
1.708442948096844383e-02 3.430154104717074715e-01
