7.797732281296543277e-03 6.338212817394999199e-01
7.096154387928432783e-03 6.290270900090932926e-01
6.935916952609533226e-03 6.277891262034173137e-01
5.983153488012593613e-03 6.202152901662377760e-01
5.606606247341883176e-03 6.171210824357650226e-01
5.448145846897345379e-03 6.158129997703416514e-01
5.342468065068328720e-03 6.149285820702119487e-01
5.237548092079657991e-03 6.140021986592788528e-01
4.913852009333252724e-03 6.106954457143466408e-01
4.878252515335246287e-03 6.103240856845333351e-01
4.352854241472026153e-03 6.046214710210940924e-01
4.214888400308369754e-03 6.030310309485497067e-01
4.027245078216390439e-03 5.999600244703715557e-01
3.956232996484398967e-03 5.987697315899669359e-01
3.691364671213892557e-03 5.942416138889625721e-01
3.665452297056837061e-03 5.937975052640046547e-01
3.231983537373861459e-03 5.836299582887466419e-01
2.906629990600539948e-03 5.756404309672153996e-01
2.667667024603637138e-03 5.695439785014937417e-01
2.611747709396317063e-03 5.679406513995974848e-01
2.299114284672665320e-03 5.587463756229361644e-01
2.274825681754966133e-03 5.579381118752867463e-01
2.164138527818715296e-03 5.541050119050608957e-01
2.017982419062702704e-03 5.489916063208185593e-01
1.972224049422544034e-03 5.473795998706570964e-01
1.903463588992626576e-03 5.448563367113645750e-01
1.754996272900322118e-03 5.379835825673739969e-01
1.652397771162550377e-03 5.305801503419703691e-01
1.637986992679807408e-03 5.287398084833891954e-01
1.639520399839389242e-03 5.277314715341748785e-01
1.652436616580321704e-03 5.240692759592594507e-01
1.673271688745425756e-03 5.226343218209275054e-01
1.740572334903656149e-03 5.188547414572679539e-01
1.758457755795861388e-03 5.179450773581195655e-01
1.921494079040519942e-03 5.109477177497835365e-01
2.058290440535959220e-03 5.071433954981601211e-01
2.157919975938615842e-03 5.046308240351733421e-01
2.398330609741483599e-03 4.989937057558803124e-01
2.488827512289515376e-03 4.969438292090609943e-01
2.715106071562778389e-03 4.924241263916130373e-01
2.733159510986626906e-03 4.920983571997317174e-01
2.778184904212888107e-03 4.912923559593758149e-01
2.889962676004720343e-03 4.893700478633690176e-01
3.188135194105212733e-03 4.846257947609381445e-01
3.490103320771376083e-03 4.803140073851039915e-01
3.962754757551478768e-03 4.739468921873127849e-01
4.128935355457996614e-03 4.718802877894127112e-01
4.283935871597810419e-03 4.700516377781858157e-01
4.491978269105190158e-03 4.676136200593993264e-01
4.822040503472790896e-03 4.638980176809297529e-01
6.232405146384345507e-03 4.490500255105575045e-01
6.590209647760136846e-03 4.454483399361496287e-01
7.320489322158896250e-03 4.386287855642316824e-01
8.259882274770147248e-03 4.301740709226576920e-01
9.168096338659670330e-03 4.220412915195135284e-01
9.526944657208602507e-03 4.188480265330942753e-01
1.085522049555864843e-02 4.071298395216129684e-01
1.111072673130875099e-02 4.049329796183794850e-01
1.165752444198775439e-02 4.006532170693755113e-01
1.202934672816202699e-02 3.979426385094817498e-01
1.237840917905430604e-02 3.955028776441663618e-01
1.277942900937101278e-02 3.928871490381561360e-01
1.326766086159159030e-02 3.897274567686658253e-01
1.334674119049250596e-02 3.892184606987469930e-01
1.344666120455939584e-02 3.886304205518124055e-01
1.413166108373686836e-02 3.848660011180534690e-01
1.429717811169506358e-02 3.839674953446682304e-01
1.461478872107324634e-02 3.822619443559065466e-01
1.503387154308444273e-02 3.800182059398512502e-01
1.546874378592000276e-02 3.777316973315741899e-01
1.636458583101474407e-02 3.730996840978734186e-01
1.715359000726113248e-02 3.690444874922708118e-01
1.776618120454309668e-02 3.660545560910567486e-01
1.935850051263254823e-02 3.587810728072033939e-01
2.053490352945386288e-02 3.535477520060398282e-01
2.119734103161996508e-02 3.506848469594792128e-01
2.174685241743778974e-02 3.483169436098125793e-01
2.259430879208512710e-02 3.447011015165301062e-01
2.280064087114030968e-02 3.438218784549976759e-01
2.333448308328311960e-02 3.415618254276152621e-01
2.370286955237221882e-02 3.400085663887474352e-01
2.513714494076468853e-02 3.341837057108696385e-01
2.694789685362686260e-02 3.269819883523482629e-01
2.832477884211592745e-02 3.215245889496356479e-01
2.938229265521474787e-02 3.175430615595274952e-01
2.968002328362917552e-02 3.164489289601843947e-01
3.081320413011068293e-02 3.123288301800605238e-01
3.144096974735355321e-02 3.100748287968748684e-01
3.243601002728591087e-02 3.065914001871583583e-01
3.388672439140472115e-02 3.015189596898788515e-01
3.447806926032492836e-02 2.994619425839429860e-01
3.470142787421370834e-02 2.987008340899047765e-01
3.529840542814444149e-02 2.967260472947965688e-01
3.567788975107821781e-02 2.954836741430256764e-01
3.606608446185577410e-02 2.942273769377343751e-01
3.895357546815148009e-02 2.852103306827035167e-01
3.995850855179283734e-02 2.821095088291177833e-01
4.061754259213823381e-02 2.801376644091743140e-01
4.191369668346012212e-02 2.762962193046475390e-01
4.260753475417511371e-02 2.743256347133147255e-01
4.326889618954532502e-02 2.724757136103048705e-01
4.487251461831476274e-02 2.680288740390011082e-01
4.625128984218751516e-02 2.642255736408706257e-01
4.637399689880195019e-02 2.638901342052861754e-01
4.690875830099228150e-02 2.624530655787296052e-01
4.714499281144224341e-02 2.618212361261856858e-01
4.750500352965403295e-02 2.608685564922893496e-01
4.850596328645007116e-02 2.582685566675760880e-01
4.869594488404060950e-02 2.577865636254825787e-01
4.993336333883802158e-02 2.547047512064415375e-01
5.032844154697579953e-02 2.537525148366248651e-01
5.209227955631834384e-02 2.495136317334937237e-01
5.365603680581632062e-02 2.458110081976812022e-01
5.519470234066736758e-02 2.423520883619866284e-01
5.676453321939389784e-02 2.388235376053113868e-01
5.772747307670411665e-02 2.368813503846376456e-01
5.825222311841871115e-02 2.358236102858732863e-01
6.124952069576139468e-02 2.300820024321228452e-01
6.205055839707174226e-02 2.285475757524727536e-01
6.435695292672316548e-02 2.241827239256503068e-01
6.554013047281748161e-02 2.219592908988705648e-01
6.899059326139611592e-02 2.155853588433300771e-01
6.960477755998739635e-02 2.144672650996716223e-01
7.128876714214238408e-02 2.114085334801871774e-01
7.188923765327392967e-02 2.103381249133843278e-01
7.377282571788779109e-02 2.070277770169645093e-01
7.578027168016843174e-02 2.035121581742678210e-01
7.611530763456098025e-02 2.029260312796281607e-01
7.650688198955868380e-02 2.022417199608069760e-01
7.744945535013736393e-02 2.005994339086609735e-01
7.898539198539233919e-02 1.979421487769159604e-01
7.954641217851121660e-02 1.969894347894800557e-01
8.010912497883215799e-02 1.960397551565872254e-01
8.151240274716198275e-02 1.936798597484926665e-01
8.630204563306898002e-02 1.856341794376462628e-01
8.870377096266734984e-02 1.817034556209409235e-01
8.895352610325990561e-02 1.813283191431434016e-01
9.001708294790133902e-02 1.797929505792520422e-01
9.229477220590542874e-02 1.765349676055955053e-01
9.338669158514723012e-02 1.749933291027142568e-01
9.474279888820746898e-02 1.731543599243368092e-01
9.579957309183173564e-02 1.717315549915572337e-01
9.682541955469314843e-02 1.703743259135676036e-01
9.696458805574315054e-02 1.701902267837320792e-01
1.001588771714972959e-01 1.659854589601369446e-01
1.007698505094872798e-01 1.651815991351268664e-01
1.014443827112959662e-01 1.642992321334829642e-01
1.021098068011310200e-01 1.634411542732014944e-01
1.041472468804653939e-01 1.608200744748654598e-01
1.052514895398205530e-01 1.594106314889378595e-01
1.064540537805435116e-01 1.578850018050201864e-01
1.066905609801227506e-01 1.576093133460971796e-01
1.147896644954123913e-01 1.483065916460298839e-01
1.163787862640102144e-01 1.464866658115022702e-01
1.195459374854953571e-01 1.428816713396761084e-01
1.239598713872205327e-01 1.378883272686752814e-01
1.274159028242627389e-01 1.339952626169301775e-01
1.277195303243404689e-01 1.336572105154641976e-01
1.278677412708002503e-01 1.334937193648342291e-01
1.284869784855112718e-01 1.328263838333996194e-01
1.301789369822579090e-01 1.310264222021847447e-01
1.322797657193206522e-01 1.288430956310900877e-01
1.337650451858286571e-01 1.273000517136618770e-01
1.348462009906168380e-01 1.262214555245778635e-01
1.351660526132226758e-01 1.259123609311926240e-01
1.377542622303813413e-01 1.234153800993355032e-01
1.385063731031948020e-01 1.227017694924626978e-01
1.396459161474320476e-01 1.216208123831149512e-01
1.426425693205650713e-01 1.188050424677088435e-01
1.457909628823470527e-01 1.159532857609235634e-01
1.477819792683481293e-01 1.141656794123333540e-01
1.501299692560389420e-01 1.120872464679489866e-01
1.528073485868000070e-01 1.097699012396848861e-01
1.534372170268952784e-01 1.092279539468133942e-01
1.548386153081736660e-01 1.080253601168261746e-01
1.560214876534916639e-01 1.070151856654331102e-01
1.572451100246045064e-01 1.059788608914826735e-01
1.595936232272024968e-01 1.040236173866302405e-01
1.628964520447593323e-01 1.012993678079523452e-01
1.636365672445048158e-01 1.006946288497138076e-01
1.674916084442574782e-01 9.755735218078653848e-02
1.706855203536494781e-01 9.496569788278941271e-02
1.725046396583469477e-01 9.350864380739853932e-02
1.750907194076567475e-01 9.147256389696090118e-02
1.772611035328154339e-01 8.978010723049811848e-02
1.785126731329184091e-01 8.882045146146944070e-02
1.792487913566048752e-01 8.826084113722831859e-02
1.828673545633321407e-01 8.557942116829808654e-02
1.839834037161471869e-01 8.475703305528237141e-02
1.862435635057203553e-01 8.312274030776523048e-02
1.870174042489162192e-01 8.256521928193416571e-02
1.946630230831136732e-01 7.734285864855250381e-02
1.956979707749391117e-01 7.664446181382456036e-02
1.992650268116471501e-01 7.424130225763203583e-02
2.021412982499323219e-01 7.231328237664913505e-02
2.031219613752528463e-01 7.166095524533988570e-02
2.059715506084617287e-01 6.976611480027328227e-02
2.084803100986237778e-01 6.811109888780908506e-02
2.108086543683737046e-01 6.660587177650933999e-02
2.125997231849889868e-01 6.545986861049546413e-02
2.145162061061293146e-01 6.427121919934808414e-02
2.157359963347282861e-01 6.352022437133530985e-02
2.173883089191369633e-01 6.254916006636301873e-02
2.185976187057420139e-01 6.184338178854165147e-02
2.212848760033697681e-01 6.029163939978710030e-02
2.219577326281360063e-01 5.990534822825410721e-02
2.228130436093711531e-01 5.941607890117817092e-02
2.233094275781867255e-01 5.914164959718504200e-02
2.247492263307814264e-01 5.834676453777987160e-02
2.300875531454611433e-01 5.542362154325752854e-02
2.308600344237893287e-01 5.501673405829388130e-02
2.353060444863682710e-01 5.280138506427634049e-02
2.357124686233452726e-01 5.259904369140799840e-02
2.376084715559301230e-01 5.165517568948740923e-02
2.389671697002988537e-01 5.098145116166830082e-02
2.421365226355292055e-01 4.947573780521052900e-02
2.453064777371192218e-01 4.799789455014336070e-02
2.473087853992180785e-01 4.707141486633426020e-02
2.514545346998223740e-01 4.517685006498317613e-02
2.533704079669233389e-01 4.431354223290706607e-02
2.558682988450275975e-01 4.318849864068485811e-02
2.563089195181533775e-01 4.299211883107734167e-02
2.593634177764326809e-01 4.165249863741948833e-02
2.609555586404296301e-01 4.099278433952469047e-02
2.629328243976783996e-01 4.019451225416625917e-02
2.655130471901809841e-01 3.921217579899594075e-02
2.727348118207953975e-01 3.648181034692365987e-02
2.753054680978629376e-01 3.556401564535871529e-02
2.771325450202489771e-01 3.492480889189208959e-02
2.787505752233723211e-01 3.436058916053486012e-02
2.820566079611209753e-01 3.322237952947737494e-02
2.834916094375967699e-01 3.273276353910925529e-02
2.850998078220031706e-01 3.218736154658230486e-02
2.880225837427677904e-01 3.121569568149329399e-02
2.910818834082838924e-01 3.020514072582003440e-02
2.917597232360752413e-01 2.998179526103428305e-02
2.935311525340644767e-01 2.939905739783132965e-02
2.965075485109472941e-01 2.846149664536179458e-02
2.993189512322740331e-01 2.758817213673503410e-02
3.033594603699375503e-01 2.635602482187848761e-02
3.089552557943860966e-01 2.470002694377504415e-02
3.130178339492839523e-01 2.352524350147477961e-02
3.135243268016609797e-01 2.337971913715886085e-02
3.145734472616424915e-01 2.308356712742976047e-02
3.147494877268005586e-01 2.303390081467215911e-02
3.153801793524053654e-01 2.285694068543142610e-02
3.166238454706222782e-01 2.250827764664431463e-02
3.224240212842551800e-01 2.092597834081000308e-02
3.291159559137870616e-01 1.916735787368128996e-02
3.314714047944948838e-01 1.855624577382986029e-02
3.363221310710379219e-01 1.737158885349454618e-02
3.393709251899847956e-01 1.663015134887724233e-02
3.404022311623979835e-01 1.638149802647792530e-02
3.409882910999552097e-01 1.624145394468379244e-02
3.431396436575677722e-01 1.574075596947965838e-02
3.446964885210083152e-01 1.538911244145846346e-02
3.454725687334126993e-01 1.521916512547982769e-02
3.501831986414909448e-01 1.418968976614154442e-02
3.529674787245056233e-01 1.359639445740545849e-02
3.548857130001297211e-01 1.318787600253723546e-02
3.590225210607168593e-01 1.233545280935532951e-02
3.630640937773342847e-01 1.152692043611791561e-02
3.680379855543227663e-01 1.066836864372133764e-02
3.735673775030663446e-01 9.728963980459082173e-03
3.766924059457928964e-01 9.202966250800415082e-03
3.798643505344853066e-01 8.677432966267994985e-03
3.843729953625446560e-01 7.945112928952391407e-03
3.856891726668474352e-01 7.739441157353366130e-03
3.859065618927773889e-01 7.705729788960558047e-03
3.880367015414235565e-01 7.396392114953020958e-03
3.945531058326461338e-01 6.462864275165403072e-03
3.999314360903581944e-01 5.846808948905324321e-03
4.004701790969930064e-01 5.790256062690124494e-03
4.044679074509459626e-01 5.390797038295813692e-03
4.094056814755118179e-01 4.946829921071760339e-03
4.138108256033918853e-01 4.559232448227312773e-03
4.283826040172472593e-01 3.360645020193953059e-03
4.311738970154693762e-01 3.136283424131414144e-03
4.339854145854037393e-01 2.940971202915143579e-03
4.392497397669639092e-01 2.582553399014142492e-03
4.398912088707255252e-01 2.543924577376177609e-03
4.422322913592199312e-01 2.406433449451128581e-03
4.455867023228067270e-01 2.211667763155178434e-03
4.485056631176257413e-01 2.060313268171132250e-03
4.521591255107575424e-01 1.871074989869492278e-03
4.551391469645085230e-01 1.831935570440146321e-03
4.682867926398897040e-01 1.685344991022130756e-03
4.741153937385119699e-01 1.621288384249019998e-03
4.775250828836630212e-01 1.590253728429913416e-03
4.800015578133983718e-01 1.577126885885182794e-03
4.871493871617317284e-01 1.568956311885694177e-03
4.900236266405143537e-01 1.578263735591778349e-03
4.926458888360590871e-01 1.590878477370161193e-03
4.979491753140001808e-01 1.628140704971747788e-03
5.012046747563617677e-01 1.658384694257053482e-03
5.042357004789093100e-01 1.687837426984972744e-03
5.081740684201310199e-01 1.730774190062622786e-03
5.099659113797168075e-01 1.751790293111232799e-03
5.154102060526539741e-01 1.907056250497141114e-03
5.225640372289956925e-01 2.112579655870527873e-03
5.250710123778040694e-01 2.253976492683662514e-03
5.267613182268735539e-01 2.349919665891597731e-03
5.285396139016628192e-01 2.468566670062677382e-03
5.327516920152707280e-01 2.755563635439606252e-03
5.382925810232944697e-01 3.157804543966413746e-03
5.426467628309162849e-01 3.481085676972361931e-03
5.473018694047383503e-01 3.879747853833714899e-03
5.540683560881966008e-01 4.492993123842436987e-03
5.561645755492561349e-01 4.689575552418556725e-03
5.576010768705232934e-01 4.827333122352062134e-03
5.582193194217776044e-01 4.887978317077212864e-03
5.619625409686815898e-01 5.256915659966221455e-03
5.628813131393128888e-01 5.351262727531946872e-03
5.639458300365147725e-01 5.476992068350172715e-03
5.678634273752947159e-01 5.942314660340231036e-03
5.722218452547108702e-01 6.473107717438697506e-03
5.766425971768315284e-01 7.025924655705728661e-03
5.793518741040212250e-01 7.364834953122900707e-03
5.804013115570137993e-01 7.500869685430067157e-03
5.925577411778025771e-01 9.097606065360808181e-03
5.936743039931337007e-01 9.249820820869780746e-03
5.970155095953215696e-01 9.709649472581682872e-03
5.996121821229362103e-01 1.007427158649820687e-02
6.022287569326193468e-01 1.044414297537354930e-02
6.076538110684215344e-01 1.125630535116461939e-02
6.128118376122178024e-01 1.207164015633499510e-02
6.147239127638857159e-01 1.238885821995883152e-02
6.172271619806319887e-01 1.281399862866783312e-02
6.176640928240459960e-01 1.289026240545954050e-02
6.256085150171629694e-01 1.431411916355795899e-02
6.354894081847766163e-01 1.621698663547554986e-02
6.372683394429078385e-01 1.656604437967790222e-02
6.400848790225065477e-01 1.712845876581614579e-02
6.452017044445879090e-01 1.819074084470995167e-02
6.529040532986071232e-01 1.982429716768463468e-02
6.539812008505124785e-01 2.005583794379894869e-02
6.577293523479418313e-01 2.087001316888381641e-02
6.583024088134394880e-01 2.099686200898032151e-02
6.616041858224323002e-01 2.174169145812410164e-02
6.780700043053919934e-01 2.546012585592116739e-02
6.808787546019255954e-01 2.610343415639160281e-02
6.853051942452650369e-01 2.718943868003287356e-02
6.859505478052843053e-01 2.734815077431795860e-02
6.894865813209190009e-01 2.823692634446051120e-02
6.937627126105965214e-01 2.934962904019200458e-02
6.973386360921408622e-01 3.032637195418330656e-02
6.984832190283364328e-01 3.065977749939063912e-02
7.030123346297932896e-01 3.207441392934884394e-02
7.050202022577274352e-01 3.270229813981029299e-02
7.072178990212909522e-01 3.339290945985129433e-02
7.077131917441824571e-01 3.355344897383438774e-02
7.127980000977469643e-01 3.522428917008058047e-02
7.162807640691424282e-01 3.636913968211885617e-02
7.188171528347289119e-01 3.721487950468438388e-02
7.207325490066541773e-01 3.786179098238595664e-02
7.218006071221552133e-01 3.822898407260977294e-02
7.235810685509581619e-01 3.885786074497288300e-02
7.257985522773692244e-01 3.964227789687868597e-02
7.289890432244168217e-01 4.080161726991493598e-02
7.355198866535034297e-01 4.330065973088659259e-02
7.375270212976805517e-01 4.407208238152193758e-02
7.406859418122384575e-01 4.531381199438289098e-02
7.438836183947519221e-01 4.660811055173119666e-02
7.475226007588943178e-01 4.809628807847377008e-02
7.511828920043280844e-01 4.962524040995763830e-02
7.541341492094448817e-01 5.086210522110889976e-02
7.571131815185307978e-01 5.213238190562397012e-02
7.618834742577347274e-01 5.431864837406741309e-02
7.661405037038433452e-01 5.642417879871997055e-02
7.673557911284430988e-01 5.704343889839924575e-02
7.688655978564962190e-01 5.782602123210967004e-02
7.704595565866629858e-01 5.865985126790318471e-02
7.707559539381952929e-01 5.881750651247252826e-02
7.718755120939752024e-01 5.941951110764498445e-02
7.754144372926004003e-01 6.132508708038109102e-02
7.771781809256398388e-01 6.228768776537108032e-02
7.795570537628948582e-01 6.359532709746440471e-02
7.811780953023831353e-01 6.451136206793317562e-02
7.823470015530687993e-01 6.517256078859989810e-02
7.866109781556880343e-01 6.766100206140257534e-02
7.929838816789259726e-01 7.140691872976245858e-02
7.941998939870951180e-01 7.216392751639288949e-02
7.962871224185144037e-01 7.352677294993670287e-02
7.967399041956805261e-01 7.382744689103382107e-02
7.991995041654321730e-01 7.548761754558752646e-02
8.054436156972554217e-01 7.973237647869357847e-02
8.072225826238531576e-01 8.098248291228793416e-02
8.079926966160978496e-01 8.152447212438174162e-02
8.087765927582594161e-01 8.207649587938636859e-02
8.122429727184983239e-01 8.461581904594495107e-02
8.175503899412029929e-01 8.852446774100319882e-02
8.176380037303411230e-01 8.858966693607761567e-02
8.189176721533281134e-01 8.959958692922798118e-02
8.210890120191853825e-01 9.133099189443061316e-02
8.225605806709281875e-01 9.257754489187353109e-02
8.247214196503687145e-01 9.444497722124134409e-02
8.273941904485037080e-01 9.675648693132832268e-02
8.295178343959691558e-01 9.860224933053129970e-02
8.302382027439507706e-01 9.922955287624202203e-02
8.390214168157180685e-01 1.069425335866072135e-01
8.395419059573069331e-01 1.074122929541326821e-01
8.410015955618991290e-01 1.087401985335352261e-01
8.420654310038503398e-01 1.097257366508940235e-01
8.424636772045853705e-01 1.100977386146533288e-01
8.436959403683078618e-01 1.112579557158354104e-01
8.483294548188212714e-01 1.156389813699976177e-01
8.516988530016541548e-01 1.188409073768479374e-01
8.536919176962703970e-01 1.207557662396687714e-01
8.569725349175271178e-01 1.240046896712928559e-01
8.578387576966182149e-01 1.248640069358252225e-01
8.621993201346072055e-01 1.292073130339088660e-01
8.632551629415924355e-01 1.302753800083787938e-01
8.650704964921652751e-01 1.321459134684203063e-01
8.661456780593967952e-01 1.332608568363918833e-01
8.708444968856403623e-01 1.381375016545736134e-01
8.720843444276802359e-01 1.394271745026031128e-01
8.735010208937465936e-01 1.409072106733626484e-01
8.751837357598806211e-01 1.426837823152782292e-01
8.780434567638777388e-01 1.457778251042184392e-01
8.792066186924606397e-01 1.470452670231964243e-01
8.799482548708092988e-01 1.478614348501412490e-01
8.808371270109741635e-01 1.488478901316322434e-01
8.816621280229065549e-01 1.497855072726850256e-01
8.858168046310445076e-01 1.547895834289959582e-01
8.860838484682724836e-01 1.551156623176725979e-01
8.863015787030180670e-01 1.553842751546407053e-01
8.898501458971920242e-01 1.597652365446403655e-01
8.905493532445364346e-01 1.606614481411632323e-01
8.943207599945689479e-01 1.655307108576424824e-01
8.954385676612210965e-01 1.670164070526520828e-01
8.968737927500045615e-01 1.689250528781391925e-01
8.999049584885919773e-01 1.732598869047036194e-01
9.007848133005509350e-01 1.745549415459356490e-01
9.020250687756766750e-01 1.764211400235332627e-01
9.048302269709401768e-01 1.806999175523669177e-01
9.055689511955916648e-01 1.818676183365152133e-01
9.086278474294402496e-01 1.867266648833982856e-01
9.094507812009549053e-01 1.880420712343428002e-01
9.110757681791858964e-01 1.907644397230160438e-01
9.122418589721572602e-01 1.927362905138083615e-01
9.133926692050743368e-01 1.947114311668353137e-01
9.152457448965199971e-01 1.979201402928414399e-01
9.194480695318500985e-01 2.053112862018958706e-01
9.210845649662983137e-01 2.082472655142191265e-01
9.216900810311463577e-01 2.093501955910082035e-01
9.227832842198321339e-01 2.113709653240036790e-01
9.229231158572918092e-01 2.116296176190863854e-01
9.239231665790195169e-01 2.135008960667548195e-01
9.288762317475421915e-01 2.228460373621395929e-01
9.313805123264150554e-01 2.276162301386901454e-01
9.317675893451549118e-01 2.283545506860429342e-01
9.320056579398617869e-01 2.288163042763664556e-01
9.341591156670181473e-01 2.332302368321192976e-01
9.366053148417625707e-01 2.385086586975666556e-01
9.382101865700067655e-01 2.419778217788192132e-01
9.394530411229040645e-01 2.446783449324206883e-01
9.409508467016742816e-01 2.479341581375226200e-01
9.427428836688670488e-01 2.518496978618187665e-01
9.450295413812033196e-01 2.568495157628279957e-01
9.456559365849113163e-01 2.582282284374577408e-01
9.468073081639306610e-01 2.607624449765433283e-01
9.500228060996622759e-01 2.678527668554018248e-01
9.501867879335610390e-01 2.682174892576908443e-01
9.510535272417349750e-01 2.701598064298967872e-01
9.515351092648127729e-01 2.712547592589054091e-01
9.525867078678229571e-01 2.736622824224356210e-01
9.532569950739439024e-01 2.752309798574572586e-01
9.536897743624004331e-01 2.762669691961389118e-01
9.544849953069232118e-01 2.781744712362921312e-01
9.568706667713524627e-01 2.839696492244306869e-01
9.582529396782332176e-01 2.873412654062057481e-01
9.598372041566147761e-01 2.912491067303579761e-01
9.606292876925642821e-01 2.932174826688052072e-01
9.608887484324131201e-01 2.938920667730534619e-01
9.632007164242462061e-01 2.999851256950469836e-01
9.637828430878759844e-01 3.015473014455454237e-01
9.644517369635183801e-01 3.033609662394406437e-01
9.666281597266768166e-01 3.092728130533665132e-01
9.692957603659025922e-01 3.168060811045461111e-01
9.699006627732243979e-01 3.185271146239282425e-01
9.716885826194723297e-01 3.236520309132194795e-01
9.719071095131175397e-01 3.242887167376347080e-01
9.722682668768235503e-01 3.253776385849859176e-01
9.732106420706737593e-01 3.284617544750840779e-01
9.737612920894499480e-01 3.303488174953710388e-01
9.744037713956475999e-01 3.327065873797601103e-01
9.745394995930366511e-01 3.332146293381920144e-01
9.750031855576575257e-01 3.349525523247853798e-01
9.760277851966590035e-01 3.388113421257465951e-01
9.772300821130224247e-01 3.435483512434760467e-01
9.784852765803829788e-01 3.485906704196659600e-01
9.788490910701237446e-01 3.501279744866085952e-01
9.798165105246853246e-01 3.542263089228823159e-01
9.813344445089617896e-01 3.607696810219809258e-01
9.815439692660518078e-01 3.616927476592577406e-01
9.818196535262495583e-01 3.629116926985155311e-01
9.823078013423414134e-01 3.651256540295151343e-01
9.827639280681839118e-01 3.672714619917529788e-01
9.830642012746307890e-01 3.687120416166669301e-01
9.833887586422496163e-01 3.702898012271653716e-01
9.843044396451812172e-01 3.747629100531335578e-01
9.844654216587447326e-01 3.755674031758812204e-01
9.849264344793972059e-01 3.780233067188990548e-01
9.852010321379065516e-01 3.794955563816476696e-01
9.854871584415818564e-01 3.810441584137624904e-01
9.857502192021497800e-01 3.827483751602788198e-01
9.862662789139512443e-01 3.861217485725272347e-01
9.866345442512636232e-01 3.885387955730685849e-01
9.867770960267359115e-01 3.895772651020301680e-01
9.876391713787130433e-01 3.959738451924375013e-01
9.882684268626806823e-01 4.006453974580913568e-01
9.891506331788999518e-01 4.072716050056003345e-01
9.893607266372945741e-01 4.089518590894107852e-01
9.894740528457149908e-01 4.099530918870941676e-01
9.897936591002547413e-01 4.128877260256644810e-01
9.900825694190044102e-01 4.155667033389234266e-01
9.906350467972303564e-01 4.207182280638308569e-01
9.909786701370730810e-01 4.240214753512197010e-01
9.914194743424201706e-01 4.282884319521099714e-01
9.915989332652245247e-01 4.300976991175597952e-01
9.921502996641367034e-01 4.356692575918873489e-01
9.925413386126233917e-01 4.397333129950604658e-01
9.928008123531832929e-01 4.425798107981799845e-01
9.929806914913583693e-01 4.447389323314273613e-01
9.930953937119437747e-01 4.461319158650286498e-01
9.932591887603181569e-01 4.481363602618058106e-01
9.934838827202868705e-01 4.509360340295772707e-01
9.936217370029161167e-01 4.526908540084888521e-01
9.939527615293706209e-01 4.569805634392594129e-01
9.941600645162129712e-01 4.597471707646679784e-01
9.942131104413846066e-01 4.604771195993736521e-01
9.943201819164668720e-01 4.620760317088311586e-01
9.946250928855502327e-01 4.666407231919265097e-01
9.949440430374301148e-01 4.715033106398951457e-01
9.950160636182039386e-01 4.726013778160896850e-01
9.950870025957577747e-01 4.736930244033308313e-01
9.951432394455895780e-01 4.745984620028618206e-01
9.954675969132283919e-01 4.800215448675336782e-01
9.956911535732492213e-01 4.841183992172096717e-01
9.960038125084627048e-01 4.899979686808622059e-01
9.962956860984538698e-01 4.956575671981332532e-01
9.963991011331072567e-01 4.976666222444956489e-01
9.965771271441428159e-01 5.013219804408045599e-01
9.969355872662986062e-01 5.089804905604015106e-01
9.970639617609382555e-01 5.119874562290659403e-01
9.974134694486241903e-01 5.203703807646404833e-01
9.974669079144713457e-01 5.217609212659269913e-01
9.975435022931711249e-01 5.237587258720395322e-01
9.976752356921156917e-01 5.276388360600482441e-01
9.977530204215723231e-01 5.302218175778462550e-01
9.978542532001614118e-01 5.337523031420238206e-01
9.979771373721879613e-01 5.382040667663960942e-01
9.980728522516391088e-01 5.422741212063225680e-01
9.981683184524859920e-01 5.464035495179652147e-01
9.982557342587908833e-01 5.504203503004287956e-01
9.982946529183550632e-01 5.540809515321132306e-01
9.982973275090565313e-01 5.543872389000308321e-01
9.983128047857158238e-01 5.566225051521048739e-01
9.983387841174992117e-01 5.604748567479215238e-01
9.983620130073203036e-01 5.647707178446560450e-01
9.983509252950852897e-01 5.708326064160786917e-01
9.983446146132344268e-01 5.728915949504180816e-01
9.983269844257014469e-01 5.756676267270931513e-01
9.982568284557903349e-01 5.783098397226286158e-01
9.981058802976290334e-01 5.838740033894744830e-01
9.980342435153978231e-01 5.858152066509336731e-01
9.979345030994735133e-01 5.884635859694580251e-01
9.977223715396136283e-01 5.925785186221752543e-01
9.973906039498002807e-01 5.986166959208162330e-01
9.971131245249288400e-01 6.035730972638939651e-01
9.969604052377790682e-01 6.061968152442516189e-01
9.967222640070352302e-01 6.101843475488994972e-01
9.965384851123411103e-01 6.132323036062936605e-01
9.963697804101349087e-01 6.158351563318025246e-01
9.961656814344816979e-01 6.188868048838154223e-01
9.958580060427656422e-01 6.225892067002597452e-01
9.954727824620279719e-01 6.268827132691922044e-01
9.952920303942498492e-01 6.288866816432255868e-01
9.945900977383378416e-01 6.364158063183886771e-01
9.945066403126788801e-01 6.373074048973188521e-01
9.939182672664765850e-01 6.435146457715436030e-01
9.933757520762912518e-01 6.489700213088236413e-01
9.930205554040487659e-01 6.523374245283480866e-01
9.928304472839107886e-01 6.540857947317244570e-01
9.924002009148352732e-01 6.579820639430883356e-01
9.919540586101618374e-01 6.616917615521077378e-01
9.914366924424997674e-01 6.656663061288824457e-01
9.907591797349550866e-01 6.708676170815415229e-01
9.902644148285403292e-01 6.744867802224860931e-01
9.899636327617399312e-01 6.766774074103643066e-01
9.887113296673278873e-01 6.857429192521011796e-01
9.880189192821668964e-01 6.905598828393436639e-01
9.879197912179022989e-01 6.911858508852973815e-01
9.873981947729051356e-01 6.944510098433722689e-01
9.867693571940778785e-01 6.983171257132900767e-01
9.864544117057413297e-01 7.000157042570496202e-01
9.860078373480589686e-01 7.023662982264696764e-01
9.858351332776063014e-01 7.032226498182279073e-01
9.856714763345545416e-01 7.040266834141930552e-01
9.842186245978650216e-01 7.109204662299478672e-01
9.825050449168056810e-01 7.189670210117409255e-01
9.817448165514479630e-01 7.225211171586182202e-01
9.813932111811715098e-01 7.241529918877916971e-01
9.805178446439680728e-01 7.281907807324973225e-01
9.804965768251949765e-01 7.282883509194418847e-01
9.802550501301791064e-01 7.293931505017520189e-01
9.796629172024232668e-01 7.319540700327679117e-01
9.791626696622927062e-01 7.341084452608127586e-01
9.788061470776221462e-01 7.355968811959189280e-01
9.780271146173202812e-01 7.387634452376993233e-01
9.774104216202860185e-01 7.412558363673292794e-01
9.763825271592875277e-01 7.453794632542930509e-01
9.757852702448848170e-01 7.476822501089596118e-01
9.756093434476961201e-01 7.483318283596490650e-01
9.754730939069308215e-01 7.488216781096074248e-01
9.748051140735800590e-01 7.510993272885095884e-01
9.739661249796794928e-01 7.537851988175972018e-01
9.736714970582217576e-01 7.546404647524198595e-01
9.719675146779216401e-01 7.593439186334619562e-01
9.713637965541959129e-01 7.610089327165521222e-01
9.705209882209624439e-01 7.633143376015331105e-01
9.702171612406380596e-01 7.641279771135557342e-01
9.680346266683736989e-01 7.698293555200127480e-01
9.668244788645412591e-01 7.729094569830121664e-01
9.654894472146700046e-01 7.762849388987874688e-01
9.647870707751393660e-01 7.779704279143327961e-01
9.646555814461340583e-01 7.782850924901731915e-01
9.631852048010499656e-01 7.816412476432696987e-01
9.621398153654644458e-01 7.839304854256946564e-01
9.600868812779708161e-01 7.882503464429950757e-01
9.593338433428171275e-01 7.898250953876301272e-01
9.578773683837226161e-01 7.928707675898941654e-01
9.568957797008965649e-01 7.949184525099207699e-01
9.556050207795723228e-01 7.976039413639667286e-01
9.539702541126564572e-01 8.008759756101742067e-01
9.504118048853892331e-01 8.079675696541888108e-01
9.502322457675244083e-01 8.083251611733348607e-01
9.490155207852662977e-01 8.104797409752643178e-01
9.488868583840053272e-01 8.107036469781352395e-01
9.460457253883635120e-01 8.156158638021453466e-01
9.436056352876075470e-01 8.196739789192895032e-01
9.406462858965632945e-01 8.245585681691426361e-01
9.377935009151965318e-01 8.291981676183798333e-01
9.364829020474838561e-01 8.313041602096370442e-01
9.355917158985480597e-01 8.327241720147150472e-01
9.345343162613852783e-01 8.343738059850953626e-01
9.310975137952008929e-01 8.396707002265229036e-01
9.301839956366113604e-01 8.410547448839347240e-01
9.293519739343691910e-01 8.423140510290404448e-01
9.272109660661376207e-01 8.455371024228314214e-01
9.247214406815674748e-01 8.492842424064278584e-01
9.240466195320334863e-01 8.502697383209781856e-01
9.236615249777944125e-01 8.508317214435572318e-01
9.229699724401492222e-01 8.518297263174241518e-01
9.224467608153003040e-01 8.525749993351616762e-01
9.209282126674991353e-01 8.546682489745214273e-01
9.201164150104338413e-01 8.557696130823297942e-01
9.182424233313858375e-01 8.582675293655975812e-01
9.168511021288018314e-01 8.600722527824316010e-01
9.158347952930103730e-01 8.613732869211472298e-01
9.142355718862011926e-01 8.634109823070894585e-01
9.130701176159697896e-01 8.648759001884244180e-01
9.126368311487866869e-01 8.654177288498959841e-01
9.124932087622663612e-01 8.655963168136818764e-01
9.088869846178869727e-01 8.700056949554193508e-01
9.079660545767961333e-01 8.711218689661649472e-01
9.070495294351669235e-01 8.722222640771176705e-01
9.026924397650111231e-01 8.773018291443823724e-01
9.009874277949894150e-01 8.791965838533180033e-01
8.999935189022526538e-01 8.802809235947082200e-01
8.969684167305993494e-01 8.835476203811952756e-01
8.951445846153774921e-01 8.854732305000295733e-01
8.943294135378559995e-01 8.863119934238400388e-01
8.935237785639313923e-01 8.871258104993222648e-01
8.923062918508629648e-01 8.883359306217379903e-01
8.904146720385213154e-01 8.902119980716080017e-01
8.887668843175826616e-01 8.917870556302373020e-01
8.868958994553962638e-01 8.935290380450560122e-01
8.847159176151553339e-01 8.955215490043911819e-01
8.843503263386170987e-01 8.958548572106980190e-01
8.832989011518048716e-01 8.968110041519293807e-01
8.826770474261436128e-01 8.973638241776759061e-01
8.811123356469425794e-01 8.987469938968167815e-01
8.804109050616598653e-01 8.993594503325256229e-01
8.797627074615805842e-01 8.999221942942777774e-01
8.768667110089385375e-01 9.023931834963268006e-01
8.735099226031831643e-01 9.051603849074317809e-01
8.714255815348205259e-01 9.068606317571812347e-01
8.654321448460734478e-01 9.117346625189370890e-01
8.630970522512376730e-01 9.136243388162392787e-01
8.624974765355286621e-01 9.141075174561946737e-01
8.620479960659350738e-01 9.144657647977012527e-01
8.615283763063180666e-01 9.148690367470477813e-01
8.605987915710334724e-01 9.155850450975479005e-01
8.549129898409714157e-01 9.199630590777535533e-01
8.515232566822198423e-01 9.225707461896897055e-01
8.494412844737091461e-01 9.241715674204211695e-01
8.469716253928716299e-01 9.260248257737395683e-01
8.398660098252287431e-01 9.311506633163908475e-01
8.366109523891215316e-01 9.331819456536570856e-01
8.343224693528280556e-01 9.345764584026962085e-01
8.331873078606336636e-01 9.352575228151452924e-01
8.328944788983806413e-01 9.354328901671002949e-01
8.306065905610340305e-01 9.367820405115554472e-01
8.291353962288358082e-01 9.376220556609351497e-01
8.239304948842086640e-01 9.404874117126059696e-01
8.127507687497811384e-01 9.465267992651253959e-01
8.125348623095577372e-01 9.466419757369224364e-01
8.063585170317967288e-01 9.498649486049131063e-01
8.040903282076676817e-01 9.510455749253656776e-01
8.021322686345623287e-01 9.520502143500467751e-01
8.014444100927020642e-01 9.523992948472750353e-01
8.006821762611218141e-01 9.527815274022898295e-01
7.975937814920645019e-01 9.542833342703461730e-01
7.949316913495197978e-01 9.555681176319316128e-01
7.930025264551935349e-01 9.564677308040945292e-01
7.904981811789167923e-01 9.575920461108661241e-01
7.898594023228672212e-01 9.578780005435216793e-01
7.853522726236057405e-01 9.598113014529970899e-01
7.792552763729093668e-01 9.623285226428206496e-01
7.761743335646046349e-01 9.635219223209926520e-01
7.717927602640548557e-01 9.652045258515120629e-01
7.706716993320184006e-01 9.656248670293087200e-01
7.692761555136252705e-01 9.661274419128038637e-01
7.642285634465226796e-01 9.679376449377022906e-01
7.627668071981806852e-01 9.684601690591957412e-01
7.588641327696904471e-01 9.698409098287562591e-01
7.569987835344869076e-01 9.704987810224254829e-01
7.505299965019318620e-01 9.724231686076894032e-01
7.475110972348996130e-01 9.732977186417535176e-01
7.439886769192395333e-01 9.742883913948080510e-01
7.376198785872121189e-01 9.760472180090519201e-01
7.315642875824566183e-01 9.776949680255818675e-01
7.273378915581711901e-01 9.787521992002512494e-01
7.221045983132992063e-01 9.800098654231024220e-01
7.199264399669500492e-01 9.805288834960199651e-01
7.187252858660605481e-01 9.807933234013542778e-01
7.173048819799927589e-01 9.810979563100797884e-01
7.165265326904868282e-01 9.812647755290136997e-01
7.151692739572038660e-01 9.815537212285003754e-01
7.135296379332273231e-01 9.818939940041645498e-01
7.101828040314378532e-01 9.825433140617929606e-01
7.051056634942123313e-01 9.835240584545507092e-01
7.019610131692584076e-01 9.841210736345452625e-01
6.995394618285447619e-01 9.845242153371821514e-01
6.947583931472870455e-01 9.853134679572145282e-01
6.879620897388893930e-01 9.864324999638941494e-01
6.863095077570088298e-01 9.867042678081382467e-01
6.792684678305505042e-01 9.878227021446697176e-01
6.777384365535084054e-01 9.880494268137505198e-01
6.758529076622972198e-01 9.883231514486778835e-01
6.690509064474813306e-01 9.892591295980480703e-01
6.671852294640883141e-01 9.895150681985721564e-01
6.667464290968543317e-01 9.895728021714395028e-01
6.659273865697130645e-01 9.896734811832278433e-01
6.604732234151324821e-01 9.903243388749084497e-01
6.580269126023547965e-01 9.906154330813377040e-01
6.538694051323259426e-01 9.911008269161091233e-01
6.504554775885250661e-01 9.914689109032679415e-01
6.418413722662065224e-01 9.923842290225454166e-01
6.375765318496736667e-01 9.928200646610605418e-01
6.292640996801932562e-01 9.936542079854207010e-01
6.225404352293123500e-01 9.943227213911876028e-01
6.209745019085864959e-01 9.944681176361828134e-01
6.153703853232380672e-01 9.949757405027033208e-01
6.131950763183496855e-01 9.951566404070880667e-01
6.117401980340888556e-01 9.952754299142059224e-01
6.096822617207319217e-01 9.954342010924605022e-01
6.038865575768938010e-01 9.958806078753706936e-01
6.009595301487838936e-01 9.961041221327887607e-01
5.974335763492366613e-01 9.963667292380474771e-01
5.953723082039964476e-01 9.965124184972198318e-01
5.915365656396652794e-01 9.967824062022346832e-01
5.804125378772340138e-01 9.975344223561410928e-01
5.799081716484105753e-01 9.975675082597000864e-01
5.774262281297243282e-01 9.977239971523748086e-01
5.764192874813938161e-01 9.977841541938612391e-01
5.747870328757381797e-01 9.978566921593369221e-01
5.682215648962605226e-01 9.981055060838680548e-01
5.656298063000395615e-01 9.981861723218572457e-01
5.600550868240270486e-01 9.983400110914490977e-01
5.571733660200264282e-01 9.983971691730119113e-01
5.564340238025885510e-01 9.984105075742407687e-01
5.528548973481414164e-01 9.984263054555000405e-01
5.513359469741792029e-01 9.984310436881143058e-01
5.463153318354324606e-01 9.984310417954376238e-01
5.421210778797831420e-01 9.984255577280694016e-01
5.391901579570708147e-01 9.984024411465022286e-01
5.310736446953511214e-01 9.983136563599699365e-01
5.243159203719330863e-01 9.982003592561216054e-01
5.148986236285481022e-01 9.979998430489458450e-01
5.094998397646772759e-01 9.978724311653875967e-01
5.088521936816658986e-01 9.978541011959988216e-01
5.049101185427776750e-01 9.977407362275937386e-01
5.030710522547543473e-01 9.976862608697526502e-01
4.943936668995154715e-01 9.974279428595502761e-01
4.868172513483641772e-01 9.971886384450522334e-01
4.799260082023596441e-01 9.968911618978667510e-01
4.738087797890750963e-01 9.965580049836266774e-01
4.688131551537610964e-01 9.962555947555147284e-01
4.648004447832065900e-01 9.959983512736891864e-01
4.589273553350902146e-01 9.956135790960263243e-01
4.541701040934662537e-01 9.952927152576450665e-01
4.494055938064026590e-01 9.949657453508446991e-01
4.477775203305149887e-01 9.948508763746723993e-01
4.448602529320198062e-01 9.946238933343308775e-01
4.390888126974527017e-01 9.941431464223575709e-01
4.345676875856744337e-01 9.937585472141190479e-01
4.311318661941367925e-01 9.934516578260526032e-01
4.257993242710585990e-01 9.929015790603877845e-01
4.228186145950315611e-01 9.925502034726942924e-01
4.218945562470791666e-01 9.924255457554878035e-01
4.186592488059630579e-01 9.919600182740104799e-01
4.072624542735359121e-01 9.902516659280226063e-01
4.009986599736389268e-01 9.892770354319759818e-01
3.970638781979808352e-01 9.886556507752837231e-01
3.953961631452810321e-01 9.883832418867445346e-01
3.922353424755532503e-01 9.878413074759104795e-01
3.874725089376520604e-01 9.870109053549234179e-01
3.825264367375794672e-01 9.861130212252391392e-01
3.790985055779063639e-01 9.854716391085092120e-01
3.785111805550719355e-01 9.853514897411971285e-01
3.775554892316681510e-01 9.851548824578837404e-01
3.752709654323881372e-01 9.846711354012389616e-01
3.704660254583538315e-01 9.836419704921159912e-01
3.688906286117830113e-01 9.832966535463523172e-01
3.673412258709279898e-01 9.829376829468784438e-01
3.627858848657758983e-01 9.818564620050667102e-01
3.594330458234153980e-01 9.810591477569979846e-01
3.575721546980457077e-01 9.806064450455045378e-01
3.570177169898388625e-01 9.804675192064038480e-01
3.523980925998544400e-01 9.792938178828938245e-01
3.508983500912672415e-01 9.789069090464264100e-01
3.492257314164278759e-01 9.784674603852078212e-01
3.457122804119925341e-01 9.775243806632527566e-01
3.445177548376877619e-01 9.771983086907745086e-01
3.419591089784143056e-01 9.764934685229954558e-01
3.395787277540573967e-01 9.758334374063981631e-01
3.358872099906448083e-01 9.748061810121741999e-01
3.215472184711996029e-01 9.707933551512145653e-01
3.191997832356715525e-01 9.701193410245909643e-01
3.153927566611219868e-01 9.689934356536272775e-01
3.138582627970248895e-01 9.685386428090381195e-01
3.119226629950786478e-01 9.679428528195568315e-01
3.103629511917722628e-01 9.674518483806795466e-01
3.081305870814198267e-01 9.667285585489289179e-01
3.051978881660906140e-01 9.657602608292024104e-01
3.022341487857650444e-01 9.647751223649504437e-01
3.011365582577422151e-01 9.644095999054015378e-01
2.959767284026256773e-01 9.626211513620613891e-01
2.911422755953990693e-01 9.609215766999514852e-01
2.871309775313584112e-01 9.595089295440064614e-01
2.849009947606125914e-01 9.587203377629002210e-01
2.825702664902457473e-01 9.578764453585004723e-01
2.774893371579495449e-01 9.559694716439887108e-01
2.760505133114581344e-01 9.554117415890560627e-01
2.751812941196660756e-01 9.550684374679455635e-01
2.692724807805745302e-01 9.526185951642622829e-01
2.670129477215177349e-01 9.516747899358488638e-01
2.557230946029305230e-01 9.467529185482956855e-01
2.521637944258711128e-01 9.451908454690629569e-01
2.446355567984916934e-01 9.418608997301578523e-01
2.373708211438052551e-01 9.385926576384248099e-01
2.332024570087024573e-01 9.365941005834091948e-01
2.315488572642809828e-01 9.357938995801392545e-01
2.283717030896101896e-01 9.341780240248620526e-01
2.224631714941019967e-01 9.311679742142620064e-01
2.171511647212012175e-01 9.284014953416845906e-01
2.144100428914857970e-01 9.268965389722575443e-01
2.086002708578076348e-01 9.236648670100122693e-01
2.069759555451657906e-01 9.227513456116571700e-01
2.040240668573932714e-01 9.210856073580079295e-01
2.032129371918682814e-01 9.206264318016418313e-01
2.014631298569359297e-01 9.196285378097996954e-01
2.008755135316101503e-01 9.192927949675773203e-01
1.978161924056243137e-01 9.175181865521890856e-01
1.939537727704031544e-01 9.152640637913140864e-01
1.906987874450999376e-01 9.133476788725424234e-01
1.904584567867823042e-01 9.132050259384171254e-01
1.894655136712689592e-01 9.125997484588165287e-01
1.871628218255155796e-01 9.111683571861699527e-01
1.864852208934527633e-01 9.107381262056354343e-01
1.847206329787297596e-01 9.096005178725747875e-01
1.819673864212595360e-01 9.078028571507138489e-01
1.796485721354030840e-01 9.062712793135517808e-01
1.772475539713130877e-01 9.046835714214012114e-01
1.746866276484552172e-01 9.029811607991209410e-01
1.716828518243910251e-01 9.009466972189389411e-01
1.707985471808439737e-01 9.003404516266243496e-01
1.680083412593266212e-01 8.983568907895678191e-01
1.662624849888190148e-01 8.970833157999321683e-01
1.645287688290196781e-01 8.957975330885240561e-01
1.636539395606114722e-01 8.951335362475051349e-01
1.604061007022548058e-01 8.926172886608881862e-01
1.590339662180240143e-01 8.915459043421090080e-01
1.558888526780179973e-01 8.890744050993478753e-01
1.534829798750052543e-01 8.871333432958061760e-01
1.508032085791048971e-01 8.849543264230836925e-01
1.486355774453286260e-01 8.831614643540113274e-01
1.461790898775128245e-01 8.810820098034285452e-01
1.425413015884968715e-01 8.779600387799042505e-01
1.383652118766464101e-01 8.743311402864561988e-01
1.368553347083816263e-01 8.729565689843123977e-01
1.352767256088880377e-01 8.715104481767640410e-01
1.343075177800437947e-01 8.706167027692317539e-01
1.321141873123702348e-01 8.685796716325341338e-01
1.290324794629098548e-01 8.657000921577765462e-01
1.227669417654270179e-01 8.597768083344778933e-01
1.214952402261463282e-01 8.585501458849781331e-01
1.193687672086461982e-01 8.564813051931932097e-01
1.180567368897270653e-01 8.552034870524553023e-01
1.151939283204649334e-01 8.523814575506395430e-01
1.142534190974062724e-01 8.514533839096036782e-01
1.127043804130686278e-01 8.499101026254182178e-01
1.110284970965453866e-01 8.482354758992681765e-01
1.083615643939206397e-01 8.455673422525258331e-01
1.080134054609219740e-01 8.452137737112084270e-01
1.014968180472340942e-01 8.381692997443619397e-01
9.800344428318319423e-02 8.343650995284115357e-01
9.702257738180486424e-02 8.332960355249289242e-01
9.468289942675778281e-02 8.307449594195382980e-01
9.304324529155516554e-02 8.289565995360635986e-01
9.055893966829842157e-02 8.262274330999577199e-01
9.028181637389420811e-02 8.259189881068216277e-01
8.685334370646247137e-02 8.220834054804516677e-01
8.560514624677262319e-02 8.206838091885056974e-01
8.317244571215398619e-02 8.178759124121034452e-01
8.085203258308626406e-02 8.151052296568735978e-01
7.947763202718949316e-02 8.134506779230907814e-01
7.932933859421653633e-02 8.132717595594407545e-01
7.696030991391700216e-02 8.103839377232016083e-01
7.679060371897961090e-02 8.101679704248574421e-01
7.595208276977838402e-02 8.090951364984170224e-01
7.360021742675393330e-02 8.060317329642283646e-01
7.310957770116044419e-02 8.053888068444881032e-01
7.012834545446133827e-02 8.014812745793097326e-01
6.890285406912755040e-02 7.998286404746756117e-01
6.698312330958799965e-02 7.972355216319888527e-01
6.556004413370275508e-02 7.952352506207884808e-01
6.414866333721291891e-02 7.932197800473449467e-01
6.251387768447824733e-02 7.908733004763479624e-01
6.119185321764264440e-02 7.889650547714917028e-01
6.023606597304265176e-02 7.875618124904658623e-01
5.976586732285227299e-02 7.868520326921398800e-01
5.825134357091310555e-02 7.845623204205014467e-01
5.647582062328115882e-02 7.818779889029335850e-01
5.601886287685087229e-02 7.811629587503056138e-01
5.529194829584094251e-02 7.798974225819144124e-01
5.415027785536652427e-02 7.778760766301412444e-01
5.286165565131850652e-02 7.755774987242327612e-01
5.180728385585908757e-02 7.736726029046535613e-01
5.077616740514956373e-02 7.718092755304238883e-01
4.841682503529853854e-02 7.674876788185178711e-01
4.782769744595949390e-02 7.664032491912453615e-01
4.732026758540364142e-02 7.654233946909800856e-01
4.476273792043738986e-02 7.603659106087576891e-01
4.448748348763187366e-02 7.598205841334108035e-01
4.307141369531697350e-02 7.569981451808224238e-01
3.994344324565424209e-02 7.503697560758855190e-01
3.962900109962586015e-02 7.496975115781355781e-01
3.712144902506908650e-02 7.442912232468987810e-01
3.665761555915947323e-02 7.432814007070764895e-01
3.558578511556031998e-02 7.408464142514140649e-01
3.481646872769972312e-02 7.389807352484274450e-01
3.290793368813405007e-02 7.341881714860749586e-01
3.122014140958651041e-02 7.297109322713799529e-01
3.028223936930363180e-02 7.271799326343925118e-01
2.867372584538363522e-02 7.228331915571999389e-01
2.833107560173231398e-02 7.218261904625186132e-01
2.728140906246723230e-02 7.186689748318545456e-01
2.583072845618039626e-02 7.142088639453908483e-01
2.548535923215189403e-02 7.131416627102585837e-01
2.490810079257510523e-02 7.113367222690104574e-01
2.464316473601779744e-02 7.104939170464488196e-01
2.276665372915720464e-02 7.045156321722362280e-01
2.238241679730978984e-02 7.032699371472214134e-01
2.171729666656374569e-02 7.010469407019951360e-01
2.126332347619364072e-02 6.995194151084269674e-01
2.057754835692660045e-02 6.971949350986111904e-01
2.024955459401112101e-02 6.960663162505792423e-01
1.934411764257559785e-02 6.926456676069153717e-01
1.892915278063578288e-02 6.910456452299204022e-01
1.725665589107217013e-02 6.845925948088060764e-01
1.706380131445794923e-02 6.838245102459926672e-01
1.684060260613695625e-02 6.829092265946606899e-01
1.624121773372944055e-02 6.803729015028160410e-01
1.531567260340094272e-02 6.764453135741248513e-01
1.524338075495279554e-02 6.761107930889026507e-01
1.492516326576165397e-02 6.746145872530011633e-01
1.470047432629317807e-02 6.735384048379532418e-01
1.440016985628056467e-02 6.720341034246145595e-01
1.397421964367517866e-02 6.698783552931630858e-01
1.360139787202463424e-02 6.679595693572022430e-01
1.336064247186419252e-02 6.666393101742844607e-01
1.188968267797840817e-02 6.585651488242648677e-01
1.056129778844139278e-02 6.511473578909333648e-01
9.871917767567905955e-03 6.472630281830609178e-01
9.640873348944478671e-03 6.457928718579711846e-01
9.392302822494813519e-03 6.441991872038211886e-01
8.927606840207991112e-03 6.411905099514842998e-01
