9.675497271433833868e-01 2.736843329329287089e-01
9.709878585500393289e-01 2.867087656920820349e-01
9.713175262391261500e-01 2.879834151385706198e-01
9.727094884534066566e-01 2.933827884587599799e-01
9.755928408260391427e-01 3.046320490983505103e-01
9.758382754647089152e-01 3.056655428829723187e-01
9.768242283189799702e-01 3.098515522749585305e-01
9.778454816174133590e-01 3.142143377932898884e-01
9.783200232450426359e-01 3.163150857427771134e-01
9.791407783370397189e-01 3.199854054606657838e-01
9.802829318633774491e-01 3.251829059430783042e-01
9.817489504521457189e-01 3.318580268789559362e-01
9.837992406221900410e-01 3.412470621492534884e-01
9.847796172018352667e-01 3.457519093487382289e-01
9.862802420444454210e-01 3.533854666993280214e-01
9.867397009210290282e-01 3.558235640279396872e-01
9.872339816174471316e-01 3.585382966108618952e-01
9.879936404082230172e-01 3.629586810006769637e-01
9.880930650456057895e-01 3.635557434937174426e-01
9.901098807939565649e-01 3.760006590542742666e-01
9.901521476368643215e-01 3.762706907392536770e-01
9.904508129017068896e-01 3.782382806957471644e-01
9.912302595938873306e-01 3.836835006558177996e-01
9.915642722349203853e-01 3.860766128336381442e-01
9.921243485503665749e-01 3.901775234433491057e-01
9.927742487538834260e-01 3.953638648307886694e-01
9.930040720218606953e-01 3.972376913048100144e-01
9.932838198411693131e-01 3.995394315804337015e-01
9.937141252892240928e-01 4.034382622137757668e-01
9.939919769168952257e-01 4.060500394886192854e-01
9.944029083739294173e-01 4.100437441482767120e-01
9.945869391941754012e-01 4.118418026452478342e-01
9.946854069133984622e-01 4.128318804200142855e-01
9.950744143794583163e-01 4.171264722872721764e-01
9.952700493640206370e-01 4.193874361978923160e-01
9.954913024553542211e-01 4.220520711906092792e-01
9.957384304474394821e-01 4.251020776674080404e-01
9.962870787804684047e-01 4.326660702506799350e-01
9.964214396245215655e-01 4.349669440847280244e-01
9.967735172561104084e-01 4.418977334217782937e-01
9.970854429034987643e-01 4.484747772179659142e-01
9.973319513579310680e-01 4.537851560484469360e-01
9.974942099004008300e-01 4.574774955977365387e-01
9.975831948348239386e-01 4.604312676984378960e-01
9.977705164642527436e-01 4.668695180304819337e-01
9.978073481277335288e-01 4.682241142195527894e-01
9.979607914186662265e-01 4.740811803920980116e-01
9.980463009563956822e-01 4.780151164660618734e-01
9.980795779998289374e-01 4.801322599759545451e-01
9.981039223998194876e-01 4.819669656184033535e-01
9.981301590037523486e-01 4.842683032605151761e-01
9.981725690984941668e-01 4.883849184902873120e-01
9.981904828551445563e-01 4.902642447322654862e-01
9.981560807002047842e-01 5.011645309258581094e-01
9.980885173126322618e-01 5.053092082965565668e-01
9.980078112733058449e-01 5.099947989778107482e-01
9.979678445662094610e-01 5.122222400198940262e-01
9.979271741889058633e-01 5.137570720404914804e-01
9.978100933160489738e-01 5.179595855865105625e-01
9.974951828348452842e-01 5.287953316027071970e-01
9.974346920438059705e-01 5.308227462849899325e-01
9.973029442867754613e-01 5.346716706386506202e-01
9.970826676104865838e-01 5.406122396782083728e-01
9.968650520602254650e-01 5.462410039375789061e-01
9.968251567616617237e-01 5.471800162488500430e-01
9.965367496450008300e-01 5.530548018094346707e-01
9.963263840107137170e-01 5.571167601875925968e-01
9.960185807263390867e-01 5.627949076170473131e-01
9.959488365397527465e-01 5.639079162290450142e-01
9.956783620588327555e-01 5.681772221154278713e-01
9.949214954754016516e-01 5.795124370576210104e-01
9.943111920761291689e-01 5.876969371148238475e-01
9.938683142000731552e-01 5.927071610000319568e-01
9.935109556807736331e-01 5.966435532568284961e-01
9.932886992935081594e-01 5.989348219345316249e-01
9.932065380075569827e-01 5.997674928125266147e-01
9.926861404281442924e-01 6.046379230167081564e-01
9.922251184562110859e-01 6.089150135332288549e-01
9.919129272260440722e-01 6.117792533720732839e-01
9.911462299065351145e-01 6.179257595621672206e-01
9.907769680030251713e-01 6.208326714654772704e-01
9.894468470473704036e-01 6.312172650985380384e-01
9.892007961246408465e-01 6.330192604936863976e-01
9.887727880099748123e-01 6.360903242516529055e-01
9.886532795747490221e-01 6.369059960616257898e-01
9.880673155710666400e-01 6.407217952018446905e-01
9.876801530006836805e-01 6.432250980907989746e-01
9.870495420974286782e-01 6.471536310989859375e-01
9.863858258584738969e-01 6.512336199298276451e-01
9.861676497944311670e-01 6.525489016019891952e-01
9.857833490286158629e-01 6.548430961925167937e-01
9.853568072624629970e-01 6.572416423728814072e-01
9.845650948475513919e-01 6.614578506142629877e-01
9.837566283314530535e-01 6.656561243135553640e-01
9.833811377267822618e-01 6.676014991359746631e-01
9.829427906612637766e-01 6.698191896742259344e-01
9.828409693366538802e-01 6.703236399892612551e-01
9.810870673683639298e-01 6.787232799638682756e-01
9.807449084739316980e-01 6.802837236698658918e-01
9.803331866428010022e-01 6.821391113713098919e-01
9.799986511564762193e-01 6.836242664025090621e-01
9.796503268685649024e-01 6.851580068592639794e-01
9.776789294837585631e-01 6.935973425373963552e-01
9.770607292743384020e-01 6.962064115972382838e-01
9.758225284576155234e-01 7.014085551145592401e-01
9.748819728336521884e-01 7.052140035938715412e-01
9.744332731225556765e-01 7.069580087585554118e-01
9.735534113924778632e-01 7.102477265498725600e-01
9.733826854330247524e-01 7.108654721778535635e-01
9.728347304943720797e-01 7.128059391364538477e-01
9.712867409059635637e-01 7.182100896385393840e-01
9.704080197196822688e-01 7.211956626675661841e-01
9.697708646978865366e-01 7.233301675225689564e-01
9.684758831784435751e-01 7.275731826178272188e-01
9.679288467132759477e-01 7.293549261619022284e-01
9.675233929418299850e-01 7.306493987654254507e-01
9.656947634685401072e-01 7.363805793919961928e-01
9.653866883350750161e-01 7.373262074036323055e-01
9.647478709685096687e-01 7.392824698691532470e-01
9.645740634100842259e-01 7.398116973535543428e-01
9.645272484291322890e-01 7.399534102722085116e-01
9.641802619925947671e-01 7.409553339331214072e-01
9.638725855148011501e-01 7.418309054167386840e-01
9.635513484561279984e-01 7.427424523282875057e-01
9.630929199817165332e-01 7.440317182745804780e-01
9.619296982878128288e-01 7.472277673775932216e-01
9.613726199241633408e-01 7.487211529478099425e-01
9.605044343382624916e-01 7.510309475453060823e-01
9.593227538591476700e-01 7.541696486035743829e-01
9.579236779571187466e-01 7.578399302337166521e-01
9.564378182095043535e-01 7.616241846517461944e-01
9.552884508715309142e-01 7.644908641961419837e-01
9.535141873040179350e-01 7.688778104927695978e-01
9.523109959145824588e-01 7.718069135177445528e-01
9.517780898363831232e-01 7.731010584156606802e-01
9.507432032271259104e-01 7.754655396151600710e-01
9.506575309193743273e-01 7.756600859117646074e-01
9.503730371193250814e-01 7.763043383507247652e-01
9.478569388476200119e-01 7.818952648293617802e-01
9.450999817076393139e-01 7.879328527142734906e-01
9.427710145124397201e-01 7.929964832050390156e-01
9.405864790384773633e-01 7.975968470202463578e-01
9.395370433861319759e-01 7.998008322138177029e-01
9.372911732655390127e-01 8.044846135858382263e-01
9.349476987428252395e-01 8.093404793666333363e-01
9.305862603733928706e-01 8.182581587666336587e-01
9.293254615739373614e-01 8.207762090868309102e-01
9.270375723016991421e-01 8.253137320344330341e-01
9.255240231159070907e-01 8.282734472218515887e-01
9.236575372948121476e-01 8.318442369870302500e-01
9.233737733438298623e-01 8.323762007050804490e-01
9.229436465537046441e-01 8.331772903751255566e-01
9.222419919143935996e-01 8.344586674126102110e-01
9.211087892380286357e-01 8.365097521163925576e-01
9.203044939182184470e-01 8.378938708419313430e-01
9.199288663121534260e-01 8.385384886429682050e-01
9.177573893396746563e-01 8.421551706547333316e-01
9.148012803051429609e-01 8.470087059906606930e-01
9.135841039245469197e-01 8.489099297109433673e-01
9.114698529820611794e-01 8.518599933760386822e-01
9.094450659123332059e-01 8.545284484108187639e-01
9.075071861711885290e-01 8.570302771445192924e-01
9.062999616358227151e-01 8.585262663415625939e-01
9.053038497384358063e-01 8.597290512637798532e-01
9.046846056971404870e-01 8.604731679227837216e-01
9.025875439602716321e-01 8.629217945770552012e-01
9.019024801176908079e-01 8.637210315357071178e-01
9.007057914666070086e-01 8.651039148870081075e-01
8.984296926527206573e-01 8.676458229261070354e-01
8.934697141587650826e-01 8.731796536643317008e-01
8.910749402520478091e-01 8.757870485885642653e-01
8.889276918759356771e-01 8.780590672061258095e-01
8.863814625683850146e-01 8.807478340851392362e-01
8.850157959574233013e-01 8.821352905526806953e-01
8.807400386970692940e-01 8.862673874732244217e-01
8.796915829429869937e-01 8.872740166771376780e-01
8.785564453251432093e-01 8.883528363833118613e-01
8.750359040272881472e-01 8.916915797484297190e-01
8.730193365511835779e-01 8.936021193438297150e-01
8.719926302980589572e-01 8.945701616566403835e-01
8.705403200894448190e-01 8.958559901820227767e-01
8.669396918947699371e-01 8.990138488019553398e-01
8.615693301656267566e-01 9.034802114671357520e-01
8.607750060854083562e-01 9.041263864976007980e-01
8.594951533932599919e-01 9.051607584829822750e-01
8.563779838647173070e-01 9.076649216392219666e-01
8.518918211052309841e-01 9.112245847926870868e-01
8.513451281552991690e-01 9.116496229066985979e-01
8.509416836431639153e-01 9.119626692558310266e-01
8.500329528765419029e-01 9.126556878932834405e-01
8.484321012551548913e-01 9.138720655409114935e-01
8.465730390951369255e-01 9.152800900717384947e-01
8.440230311226416537e-01 9.172064729814485284e-01
8.429677842943483768e-01 9.180013990682229785e-01
8.412171751711811085e-01 9.193134965783676948e-01
8.410824501143717713e-01 9.194139973343625760e-01
8.372999271809474786e-01 9.221791700830501703e-01
8.354680896603817741e-01 9.235131397317277724e-01
8.334757018551444130e-01 9.249552261229750938e-01
8.321143253491076752e-01 9.259343258544713295e-01
8.309436774187113350e-01 9.267502990384206552e-01
8.279186128048892090e-01 9.287993364695156240e-01
8.254826650951158085e-01 9.303996612177337644e-01
8.234316218169100976e-01 9.317429856682303280e-01
8.228278181546022640e-01 9.321330592068102217e-01
8.208242846488625899e-01 9.333930392832562317e-01
8.184336737617681212e-01 9.348871380055270297e-01
8.164296014697401960e-01 9.361278971698682172e-01
8.128228549944704895e-01 9.383538591841446008e-01
8.098776685578545909e-01 9.401597781740687054e-01
8.083769241678895323e-01 9.410757665963961349e-01
8.061194730922156548e-01 9.424418324664964874e-01
8.053213376213197439e-01 9.429211484039531355e-01
8.019360390235233949e-01 9.448935932973281382e-01
8.001172782193762822e-01 9.459478063317233731e-01
7.980616475816678657e-01 9.471388955052763015e-01
7.953463704420745684e-01 9.486117632795806331e-01
7.912156409530765044e-01 9.506022694023519293e-01
7.895222561332361222e-01 9.514114308345588134e-01
7.872145191846452450e-01 9.525026259942975804e-01
7.833764609312162674e-01 9.543160564427152215e-01
7.805700664457215776e-01 9.556402735360822742e-01
7.786170899689903724e-01 9.565549184092314583e-01
7.755011844122252640e-01 9.580034661185631295e-01
7.745473659706817449e-01 9.584400998647869541e-01
7.723074977550147269e-01 9.594571743994499968e-01
7.691036822375121318e-01 9.608273494717116670e-01
7.677853800589679034e-01 9.613898921233969830e-01
7.616600405728976009e-01 9.639657134698284002e-01
7.594205712648783857e-01 9.648990204209177968e-01
7.536439106984121894e-01 9.672464391470003697e-01
7.520052970791891722e-01 9.679092178192489904e-01
7.493019625095876934e-01 9.689638131681880262e-01
7.481238003819170590e-01 9.694185421766640109e-01
7.446023045865249879e-01 9.707153191124532343e-01
7.420432699315259173e-01 9.716418426742334802e-01
7.353198242321140610e-01 9.740521490889119116e-01
7.328424169708877001e-01 9.749373569529888872e-01
7.290616093565175371e-01 9.762318194574133301e-01
7.276165443236057850e-01 9.767253938677966651e-01
7.216794898815753756e-01 9.787100978736311685e-01
7.190527693624648720e-01 9.795491500492066184e-01
7.131526005032039484e-01 9.814105520759689449e-01
7.114708063830846863e-01 9.819207590159572119e-01
7.106069591193051593e-01 9.821726208209659026e-01
7.090920603286575696e-01 9.825941634742390018e-01
7.073350752664325780e-01 9.830769246053373545e-01
7.057745688269143614e-01 9.835031148948354396e-01
6.998465080275089178e-01 9.851199195052731117e-01
6.994748532090446780e-01 9.852176306695049623e-01
6.985814420841582884e-01 9.854203198887019344e-01
6.939871366771558359e-01 9.864317802129383139e-01
6.933186670423076015e-01 9.865760951997954997e-01
6.891431038839925804e-01 9.874082740896490407e-01
6.855009228044782743e-01 9.881268372679712364e-01
6.798853259596093768e-01 9.892275195426045720e-01
6.732479317881537861e-01 9.904512175241184657e-01
6.625251611235427607e-01 9.921336908333112659e-01
6.576796597745080408e-01 9.928395642614018524e-01
6.534937639258193709e-01 9.934437134812995618e-01
6.528633663457283909e-01 9.935265371011741120e-01
6.487985441821320087e-01 9.940102188240115266e-01
6.452736557912320814e-01 9.944271946857935474e-01
6.369710427564903021e-01 9.953752815813230459e-01
6.352099425421359191e-01 9.955588059567671566e-01
6.335978043255716674e-01 9.957079439983296254e-01
6.324605160111056446e-01 9.958130238357845165e-01
6.261209754652181658e-01 9.963584896388754109e-01
6.206518368917307571e-01 9.968181018552160211e-01
6.146163157627070328e-01 9.972473590105326302e-01
6.116785230912301641e-01 9.974561312618934750e-01
6.068012269462209618e-01 9.977897141034270945e-01
6.047551997997967499e-01 9.979133799435930818e-01
5.893425783003068963e-01 9.987917463412629981e-01
5.887191795763631053e-01 9.988254246232353140e-01
5.868843714634822684e-01 9.989150726984604711e-01
5.734134429520418852e-01 9.995383823787024058e-01
5.702463144943653583e-01 9.996074727658756931e-01
5.641924261910608029e-01 9.997108824204631317e-01
5.627278140366919201e-01 9.997296219473389423e-01
5.604628713171421195e-01 9.997579579390427629e-01
5.560674290353231353e-01 9.997729486592569215e-01
5.538147489852808247e-01 9.997794518244027540e-01
5.512195550922317500e-01 9.997766995884593832e-01
5.493250520415490223e-01 9.997694247510267029e-01
5.484521340784779264e-01 9.997657815724718677e-01
5.465045629312056397e-01 9.997400640608367084e-01
5.436378043484375588e-01 9.996879753638356902e-01
5.426113786662678518e-01 9.996654026006717153e-01
5.414865100119503616e-01 9.996248345093993182e-01
5.333948319910413183e-01 9.992973678295883344e-01
5.311441628345529020e-01 9.991974794501441437e-01
5.272074056985749380e-01 9.990208309351186200e-01
5.205902710596425065e-01 9.986561628481029906e-01
5.176345180672095037e-01 9.984851132816575658e-01
5.142385430985028094e-01 9.982682673723876077e-01
5.132015529960766154e-01 9.981986044071808895e-01
5.087628124912032535e-01 9.978969115790625732e-01
5.074186389448164247e-01 9.978054597815196880e-01
5.064062317255353385e-01 9.977331180824808854e-01
4.990088523075697502e-01 9.972042349617552537e-01
4.973386865462418038e-01 9.970834200545921622e-01
4.951237934052126199e-01 9.969182497485244987e-01
4.911308377267986636e-01 9.966168150819083582e-01
4.880163515065131241e-01 9.963619337748825799e-01
4.857526910032550216e-01 9.961724540658156712e-01
4.799046122847441254e-01 9.956687345570609526e-01
4.774617956175931655e-01 9.954445497663900744e-01
4.710462121408884872e-01 9.948365269599240834e-01
4.701669624791926516e-01 9.947460547363344840e-01
4.690300876426614085e-01 9.946260317547807039e-01
4.688099126377520687e-01 9.946016990877634134e-01
4.667010788555718825e-01 9.943674205771427799e-01
4.591567634018086652e-01 9.934986244255470389e-01
4.567392365420763767e-01 9.932186645342161446e-01
4.532109137027328094e-01 9.928026545061779951e-01
4.474824532798452603e-01 9.920609514299684184e-01
4.395562999705806551e-01 9.910254883531773862e-01
4.356511549106393266e-01 9.904541242544678825e-01
4.328022286446048250e-01 9.900352647272376849e-01
4.285528210775595426e-01 9.894057839569734281e-01
4.283590153100595987e-01 9.893770112945334816e-01
4.259804621644689426e-01 9.890183799343035265e-01
4.211521938243387719e-01 9.882769588748440137e-01
4.206323688428463825e-01 9.881894005850069274e-01
4.121558542593176666e-01 9.867022297507643813e-01
4.095320626762718463e-01 9.862359620796912196e-01
4.045280222469340714e-01 9.852883055372597676e-01
4.016172207292408869e-01 9.847310052929938440e-01
3.913310453961781343e-01 9.827596919986910651e-01
3.883158227856626787e-01 9.821746226751745246e-01
3.851225145059622434e-01 9.815532504817067183e-01
3.845794110142251032e-01 9.814458374210648373e-01
3.823735673289692105e-01 9.810035556225671360e-01
3.768871010124283938e-01 9.798877211707011092e-01
3.750937590412424250e-01 9.795226361909179502e-01
3.726921926112355399e-01 9.790299166606167836e-01
3.697906004174935646e-01 9.783989565640516251e-01
3.669436748696642825e-01 9.777584625564921250e-01
3.634678943085700720e-01 9.768899102199954942e-01
3.584903481484456034e-01 9.756390043512198629e-01
3.559605855720787693e-01 9.750019418461268739e-01
3.501736782684380378e-01 9.735363013980320446e-01
3.427495409435423745e-01 9.716489588521385334e-01
3.423097750584934706e-01 9.715339669183785665e-01
3.399700602053443710e-01 9.709032195425089107e-01
3.374693943909812255e-01 9.702229969547787602e-01
3.333375008220946789e-01 9.690824573859438962e-01
3.317963273522102075e-01 9.686551920259651727e-01
3.289653830312153637e-01 9.678535584194916108e-01
3.247228385509428605e-01 9.666440123373633009e-01
3.234183264661057988e-01 9.662567027971594724e-01
3.196417174154615459e-01 9.651197244463236569e-01
3.181546979213807358e-01 9.646645833682812032e-01
3.141598614909287823e-01 9.634108801597554006e-01
3.113585529763291948e-01 9.625308928920113249e-01
3.075597001114140916e-01 9.613295571644304705e-01
3.052428215516372889e-01 9.605869495868500918e-01
3.037955883376080024e-01 9.601182562186605374e-01
2.991477801372132150e-01 9.586120745314885561e-01
2.944145469167073204e-01 9.570520588452039457e-01
2.918073567424148695e-01 9.561757154093366573e-01
2.885870021876352221e-01 9.550815636150334909e-01
2.875876261913890009e-01 9.547409113081255505e-01
2.850011316092285751e-01 9.538259578260485094e-01
2.833826552604169491e-01 9.532503288062158520e-01
2.811741129377253179e-01 9.524474976207527588e-01
2.788109194330919971e-01 9.515716498665560685e-01
2.780720620967851442e-01 9.512926263306575869e-01
2.774760728854590575e-01 9.510601036054435742e-01
2.727506106864118207e-01 9.491176985099997188e-01
2.700620109071123487e-01 9.479798384143144352e-01
2.671821058222784151e-01 9.467151131617831394e-01
2.666701117169185675e-01 9.464827986121719938e-01
2.609231070227988614e-01 9.437560843011724154e-01
2.602776082508858613e-01 9.434482336476129882e-01
2.592499012684656989e-01 9.429170039106025136e-01
2.501923537111265805e-01 9.382177149464571153e-01
2.481775460572376302e-01 9.370779448499089170e-01
2.462762594850925746e-01 9.360021446635752307e-01
2.421224787074597318e-01 9.336359417739499289e-01
2.392167339213312482e-01 9.319709519782082285e-01
2.364408436919455125e-01 9.303779960973965757e-01
2.327745979354759465e-01 9.282030458169949760e-01
2.320791627930216539e-01 9.277670696473034884e-01
2.298521446133998669e-01 9.263544162819413730e-01
2.281316672923711097e-01 9.252574427075982433e-01
2.245555738234412679e-01 9.229675892741885379e-01
2.229371564707909315e-01 9.219090986748349481e-01
2.202165816054191261e-01 9.200407087616381263e-01
2.150866101733492908e-01 9.165130782993431424e-01
2.126643847229059414e-01 9.148410991034741091e-01
2.104445917234857300e-01 9.132093745242700900e-01
2.054793250688623507e-01 9.095215131214916537e-01
2.051495769157402060e-01 9.092729137560794372e-01
1.996935306105733776e-01 9.051522783269807526e-01
1.977565384581645436e-01 9.036879208588106671e-01
1.953128188918892283e-01 9.017967018258011835e-01
1.934870776985562202e-01 9.003821964593565763e-01
1.901603059410710284e-01 8.977224040281944761e-01
1.888925984723789364e-01 8.966861610519868409e-01
1.851909832689102586e-01 8.936314237025622109e-01
1.841138516174040118e-01 8.927400729356713693e-01
1.817982575771383003e-01 8.907862727193612828e-01
1.794018139539019785e-01 8.887300075126026710e-01
1.784762119114711165e-01 8.879272617456069883e-01
1.689619864696400020e-01 8.794771827708700584e-01
1.675484835310505627e-01 8.781958623998038505e-01
1.671474990258576820e-01 8.778316852827158234e-01
1.665176318649959075e-01 8.772493520327463434e-01
1.646100229746088051e-01 8.754510106541307790e-01
1.604582573039471383e-01 8.715050669448769494e-01
1.593521981042609337e-01 8.704438001586503049e-01
1.582245785406994898e-01 8.693601209933202734e-01
1.563494543123540303e-01 8.675575526316386954e-01
1.558670498436232066e-01 8.670808147340134386e-01
1.526973715215408367e-01 8.639450647452269205e-01
1.498943411327872122e-01 8.611699865810339416e-01
1.484887515317317996e-01 8.597723064760078859e-01
1.465104206892741123e-01 8.577960995154687573e-01
1.447728815927039614e-01 8.560076907911565725e-01
1.440521798508224149e-01 8.552580412268110388e-01
1.429017617138803597e-01 8.540231393016557426e-01
1.424410987282042074e-01 8.535246975941462866e-01
1.411931497048993789e-01 8.521673724255353077e-01
1.363649276397526089e-01 8.469128630295889026e-01
1.325962900389329180e-01 8.427673958474123372e-01
1.313420445534583259e-01 8.413866854039432353e-01
1.269482534159691589e-01 8.363938151402139365e-01
1.261343342555025782e-01 8.354688031033059570e-01
1.231858143215569523e-01 8.321124972883141568e-01
1.184272222628338644e-01 8.266640439101293758e-01
1.171704815436352964e-01 8.252193592043184367e-01
1.161007215609295429e-01 8.239848178777772203e-01
1.121914819906572047e-01 8.194588743993890256e-01
1.117924334206706893e-01 8.189957809729293547e-01
1.096079170554442594e-01 8.164052015717652155e-01
1.093008522048662945e-01 8.160392684902034732e-01
1.077956465001899122e-01 8.142043348965923855e-01
1.069456286357327590e-01 8.131306529372946956e-01
1.050013218226454326e-01 8.106178629311933115e-01
9.954928469626755927e-02 8.035653951616008595e-01
9.515872382215195824e-02 7.977980404675026893e-01
9.258186629910669652e-02 7.944059916055830062e-01
9.005790668217883432e-02 7.910120015960575568e-01
8.873070785648817793e-02 7.892244585627526954e-01
8.672751227126573870e-02 7.864954896341914692e-01
8.563191429643501884e-02 7.849949033460491554e-01
8.393714057643408832e-02 7.826676765673835634e-01
8.374665476125386920e-02 7.824058014166801467e-01
8.250331368113172914e-02 7.806728484689303693e-01
8.140088982014670460e-02 7.791350815831492582e-01
7.909255777783619212e-02 7.758973889819393843e-01
7.783413955388163163e-02 7.740690326833401524e-01
7.622596436620687754e-02 7.717293721333026157e-01
7.207836555890745345e-02 7.652957185547077934e-01
7.009442082187089529e-02 7.621862443615435856e-01
6.768019358621313319e-02 7.583888478201319394e-01
6.442286076338343825e-02 7.532364709309774531e-01
6.394866011888444834e-02 7.524612884713820504e-01
6.338921890543625093e-02 7.515323879653673655e-01
6.111498834211503972e-02 7.477545069831024183e-01
5.670861687686024055e-02 7.404072699155783699e-01
5.209582348197727697e-02 7.326598830134488649e-01
5.078197576559762005e-02 7.304521007789901432e-01
4.939341549738029968e-02 7.280788126289365891e-01
4.632372570474907469e-02 7.228157602971170270e-01
4.486583944880728758e-02 7.202100807873332844e-01
4.383078918902560961e-02 7.183396404301172211e-01
4.371956080774952458e-02 7.181283509369320583e-01
4.278524573516884200e-02 7.163120430861908972e-01
4.140393278551379730e-02 7.136177245201636987e-01
4.024350836583889812e-02 7.113478117134325318e-01
3.825197565192239857e-02 7.074083795613993475e-01
3.737596879781379666e-02 7.056504751983784240e-01
3.632534770306328209e-02 7.035364645113569848e-01
3.404277596496529945e-02 6.989281906035760272e-01
3.269431076255402413e-02 6.961538143748585705e-01
3.133833106782968336e-02 6.933039222399116630e-01
3.024402204860421328e-02 6.908436727546752865e-01
2.839893728933395867e-02 6.866307179294567353e-01
2.805472739042613739e-02 6.858433605073077644e-01
2.731376102496052560e-02 6.841303936493760007e-01
2.698376213019637593e-02 6.833666620043031825e-01
2.631312802707908016e-02 6.817459813130856139e-01
2.494607072637400336e-02 6.783703962752946071e-01
2.412060065939214404e-02 6.763190766446818269e-01
2.396868484151015721e-02 6.759222782814479080e-01
2.385598497136509621e-02 6.756033189605008538e-01
2.275463314323400432e-02 6.724165928450253071e-01
2.194686575108417692e-02 6.700698788868303390e-01
2.157267312142008286e-02 6.689490373323191408e-01
2.124685956785221652e-02 6.679394348252728486e-01
2.054253635227643038e-02 6.657529307591084633e-01
1.888817305939449742e-02 6.605990167290473059e-01
1.844568289376646852e-02 6.591761850476481888e-01
1.673010679655262400e-02 6.536170468918921506e-01
1.613025217121144550e-02 6.516013486949646660e-01
1.590535580958774009e-02 6.508286640442876303e-01
1.568426357720609232e-02 6.500603829885625018e-01
1.475958816340927626e-02 6.466940100836813254e-01
1.445276770258174803e-02 6.455618479117183339e-01
1.408608917177167630e-02 6.440461774315575649e-01
1.376063810993166658e-02 6.426746987225588903e-01
1.322546155363035769e-02 6.402709006186597662e-01
1.131863246808895163e-02 6.306088855459561771e-01
1.078275347753232527e-02 6.276962368882392784e-01
1.002127343247771751e-02 6.234329305490313722e-01
9.616581670673363114e-03 6.211066371905638039e-01
9.575851259330359078e-03 6.208704908310911375e-01
8.950457387786214802e-03 6.170997425153711413e-01
8.788126359404735410e-03 6.161051024747871141e-01
8.184340132692757841e-03 6.121961005636626929e-01
7.228753083081018715e-03 6.058511081753729099e-01
6.765504593778781661e-03 6.024012713856631285e-01
5.555700153491938131e-03 5.922246686886439848e-01
5.487878676135093947e-03 5.916354692435289442e-01
5.485108635690072454e-03 5.916089625495909443e-01
5.072034386052082233e-03 5.874454798103290187e-01
4.671808273033928316e-03 5.833045820281218541e-01
4.351020208184230853e-03 5.794288741615092331e-01
4.041941701997342484e-03 5.755845597629025701e-01
3.964350210189371282e-03 5.745244244485260277e-01
3.836957256477813161e-03 5.726869918872072862e-01
3.744296851069583987e-03 5.713395907198507429e-01
3.471424323906457943e-03 5.672043026331110571e-01
3.207581939258963288e-03 5.630584761753404388e-01
2.896490850910815595e-03 5.579045093436798552e-01
2.693621413195290692e-03 5.544822091974542788e-01
2.574608973740621920e-03 5.523525933544795041e-01
2.557313070589484205e-03 5.519910883018488423e-01
2.384724286253803172e-03 5.483443588042296035e-01
2.317859253326282065e-03 5.469206030870653601e-01
2.254504963755898928e-03 5.452685975028666032e-01
2.204148035278130635e-03 5.437305026225977000e-01
2.113636226299675513e-03 5.406366085599116911e-01
2.037661950289537671e-03 5.380163127723188721e-01
1.975732883445768806e-03 5.352045073721325430e-01
1.938345008727360153e-03 5.334109989777465755e-01
1.912989651842167405e-03 5.321891214172994600e-01
1.862235651565957717e-03 5.295307943912048732e-01
1.829927516902363216e-03 5.276103346187828169e-01
1.809517144855443682e-03 5.262216749648920278e-01
1.869694507402375194e-03 5.143171600371828633e-01
1.876459634842952973e-03 5.138973734453649023e-01
1.902707296583261432e-03 5.126156948401234814e-01
1.920964761167875956e-03 5.117331700545595385e-01
1.993740635265250916e-03 5.082316878627816115e-01
2.198950587451897754e-03 5.015180003583107338e-01
2.273296267629398848e-03 4.992285665089739588e-01
2.389678641308901064e-03 4.958741315163714969e-01
2.730855951791011371e-03 4.864114390683963451e-01
2.796426447085109679e-03 4.846175690887170040e-01
2.817088866557626581e-03 4.840638799307132034e-01
3.011060694654621450e-03 4.794110963626009303e-01
3.227978770632300431e-03 4.747084378889998568e-01
3.267847034044479848e-03 4.738600667926281540e-01
3.358929026559431819e-03 4.720587604363107870e-01
3.586795020200872486e-03 4.679600923306069804e-01
4.109599742005531908e-03 4.589130658813993513e-01
4.551757283752677630e-03 4.515320224267164173e-01
4.771537854933338707e-03 4.485065504630780797e-01
5.292428961082396022e-03 4.420074942476066582e-01
5.455967961236929398e-03 4.400465112474346574e-01
5.914877460112544227e-03 4.347137819872366471e-01
6.321429489246410682e-03 4.300422254465058325e-01
6.752285490781329003e-03 4.252039457108006681e-01
6.896390528521201269e-03 4.236500995913924372e-01
7.494392259116411381e-03 4.173615573022138037e-01
7.914820669879918391e-03 4.130489399322618826e-01
8.410726661683409766e-03 4.080652796112155256e-01
8.508692176457999246e-03 4.070949248874425885e-01
8.842872916156818697e-03 4.040945974427511134e-01
9.025791183702058795e-03 4.024970698324826790e-01
9.369141550151560693e-03 3.996427403929347921e-01
9.611990958405813856e-03 3.976255613944569278e-01
1.013410159880234751e-02 3.935331946905964440e-01
1.052827347160756322e-02 3.904769447381186698e-01
1.101166744555603927e-02 3.870224056855671169e-01
1.180174198432482058e-02 3.815271295559452547e-01
1.228857534213312341e-02 3.782491003871654156e-01
1.239400379132649110e-02 3.775520442670171617e-01
1.319965220926000438e-02 3.727525971074134858e-01
1.352841493823941921e-02 3.708131094791563553e-01
1.416675300212277833e-02 3.670882025249815328e-01
1.438425043197388842e-02 3.658533674142236958e-01
1.474284661225189197e-02 3.639043773429025963e-01
1.505739608334022428e-02 3.622376942657017374e-01
1.596159060368651517e-02 3.576321165344319430e-01
1.621381880695793587e-02 3.564265912252013724e-01
1.632519874813476157e-02 3.559241588872348316e-01
1.668228355685397180e-02 3.544686859217495156e-01
1.703694744407013850e-02 3.530247072840866362e-01
1.762873725192570795e-02 3.506630679211728552e-01
1.862748178603967908e-02 3.467172968053836568e-01
1.912383378363202713e-02 3.447901630236499537e-01
1.928015143542949339e-02 3.441985113946085528e-01
1.967161806010198077e-02 3.427505555990848496e-01
1.979057425105845702e-02 3.423141675673678774e-01
2.087865302018121483e-02 3.384927818217030593e-01
2.174880168923032375e-02 3.354660975973137171e-01
2.279322996205501717e-02 3.318643055425797295e-01
2.404503581176231641e-02 3.275659419769244574e-01
2.481556929592143579e-02 3.250318914638631318e-01
2.498095759508400793e-02 3.244964509221126558e-01
2.541490734563234266e-02 3.231262736241398148e-01
2.606312455328074762e-02 3.211613110154294404e-01
2.702172900121624366e-02 3.182820415425194893e-01
2.747831401361711112e-02 3.169180622136645864e-01
2.798300734150183100e-02 3.154141654279082330e-01
2.844051992537344198e-02 3.140838805711562154e-01
2.917428194973881173e-02 3.120326304149485530e-01
3.091461970919640034e-02 3.071813892661887646e-01
3.296856826061722590e-02 3.014733292630423778e-01
3.570917877229751181e-02 2.938586311416688801e-01
3.656962378344241760e-02 2.915012575527654581e-01
3.780942646607809987e-02 2.881654255559285005e-01
3.865029761165195143e-02 2.859332514543576620e-01
4.026179795181072940e-02 2.818176272824183259e-01
4.100565036526659934e-02 2.799254109532530732e-01
4.201140400966774102e-02 2.775183151518538782e-01
4.244684240192420077e-02 2.764835455438793277e-01
4.314621483552816272e-02 2.748410221689941979e-01
4.418773025724109793e-02 2.724099001813515830e-01
4.493527719139178700e-02 2.707081630174005271e-01
4.592769649850025893e-02 2.684572520527717110e-01
4.742842676777792033e-02 2.651368518657469808e-01
4.839850674519774465e-02 2.630001525186874689e-01
4.870640111522916982e-02 2.623245300094670940e-01
4.923594627209904040e-02 2.611656487167338669e-01
5.110032794934260547e-02 2.572120465332048411e-01
5.169659619046407251e-02 2.559633684116018326e-01
5.266704138145839043e-02 2.539479842348426608e-01
5.509638201483546549e-02 2.489069008211716172e-01
5.588521266976520518e-02 2.472986709751237022e-01
5.644749477281463257e-02 2.461620874021501759e-01
5.815967030042012986e-02 2.427176292338010244e-01
5.829915574198385464e-02 2.424490201449984728e-01
5.939364758347387419e-02 2.403688639668921656e-01
6.004920345623943057e-02 2.391313280026470256e-01
6.112742025261741485e-02 2.371187411282287272e-01
6.154095041715290648e-02 2.363539168114205946e-01
6.321175848540494524e-02 2.332651050701758377e-01
6.435686974962340212e-02 2.312082212271684423e-01
6.478774757072558454e-02 2.304525082726202045e-01
6.661667489837563849e-02 2.272560735819449951e-01
6.910200470634686454e-02 2.229166341242216909e-01
7.079230468726560588e-02 2.199904746198422245e-01
7.144682367977106541e-02 2.188670232986668074e-01
7.267303970160265969e-02 2.167778728082796480e-01
7.357255936711026845e-02 2.152995307001623893e-01
7.722184021984046520e-02 2.095254910639672286e-01
8.038066048552394705e-02 2.045301585317322868e-01
8.090215070332973379e-02 2.037785671889252859e-01
8.109508176610646935e-02 2.035027589791797986e-01
8.239045544980283520e-02 2.016735723485080234e-01
8.400892354479405633e-02 1.994101213399236405e-01
8.626138948384565186e-02 1.964248395479032405e-01
8.908111102509619350e-02 1.927514753926479196e-01
9.058921041345602276e-02 1.907984669193970584e-01
9.265283116701650279e-02 1.881506087721273035e-01
9.356659652723375853e-02 1.869814857623360860e-01
9.763008282828200546e-02 1.818750279352681076e-01
9.969576952958891791e-02 1.793006881922610818e-01
1.008097727882248940e-01 1.779289197925165711e-01
1.030417270662393747e-01 1.752374010764100598e-01
1.038831538027642498e-01 1.742364309514804477e-01
1.057018226742625355e-01 1.720963245651671025e-01
1.079330773533343502e-01 1.695031759480570832e-01
1.084989979252880543e-01 1.688513852926175618e-01
1.105700628961858722e-01 1.664854735746237324e-01
1.143910913451070543e-01 1.621238847687126450e-01
1.147223522850391308e-01 1.617633519056453917e-01
1.150150251254120626e-01 1.614474256401310370e-01
1.189522510601230820e-01 1.574073067791434966e-01
1.226186364915206051e-01 1.537650991787932186e-01
1.292155267154470044e-01 1.473483910772800387e-01
1.310298983341935397e-01 1.456003532603228345e-01
1.339964953275375459e-01 1.428715365121846492e-01
1.360507952866067960e-01 1.409839312436382830e-01
1.399258348250461692e-01 1.374736990140960069e-01
1.445122993028538083e-01 1.334064552137492754e-01
1.479586775789992759e-01 1.303641828375585732e-01
1.510269836837871971e-01 1.276761751169533943e-01
1.525039152824768651e-01 1.264043566253956197e-01
1.556097032274184055e-01 1.237526834502747919e-01
1.564166325313779415e-01 1.230673064104885750e-01
1.575839350986086851e-01 1.220808184189413614e-01
1.586373140745189758e-01 1.212108068985956466e-01
1.623781578668863634e-01 1.182657158739747194e-01
1.640539838755173951e-01 1.169790300352778756e-01
1.649483778500852038e-01 1.162958045239271820e-01
1.652071299887885036e-01 1.161022257335087016e-01
1.676722521353194439e-01 1.142617772449151525e-01
1.708184527809154529e-01 1.119240483878533032e-01
1.713565736174385012e-01 1.115264145788446015e-01
1.735017264390730229e-01 1.099455398855454513e-01
1.799334841030181265e-01 1.052560485719706840e-01
1.822978212566580547e-01 1.035558796572719764e-01
1.842176937970029238e-01 1.021773652481160477e-01
1.863097550113488321e-01 1.007009911004727032e-01
1.872223015279192992e-01 1.000623101188546915e-01
1.888367781590158945e-01 9.894214144329760430e-02
1.913929919502219690e-01 9.724049788443089870e-02
1.942013295643346682e-01 9.538038090474454389e-02
1.966915784424831948e-01 9.374082412949535925e-02
1.984936657989502251e-01 9.255706929068063804e-02
2.027337310657438829e-01 8.979805798281559337e-02
2.062141323998645248e-01 8.757449933306149514e-02
2.075464431123196229e-01 8.672513658929625890e-02
2.114643903668830260e-01 8.424908672641018281e-02
2.141241378722086308e-01 8.261471202383507961e-02
2.155622007695187081e-01 8.174494224147954569e-02
2.169826757513361182e-01 8.089713356277650202e-02
2.181424713929989156e-01 8.020846861608588174e-02
2.228558354604524006e-01 7.744139775399350167e-02
2.254807331727460840e-01 7.592378643532959881e-02
2.268231825160405002e-01 7.514799529501348108e-02
2.287038917269315075e-01 7.409930263273389883e-02
2.322156958305654495e-01 7.216786179108236610e-02
2.356759050240750941e-01 7.032260404907575424e-02
2.404213394863617959e-01 6.782177600246808158e-02
2.428767133355812513e-01 6.655358727420124243e-02
2.441340902120399114e-01 6.593377027301838833e-02
2.443533392987221609e-01 6.582717849792163456e-02
2.449394125530617305e-01 6.554298888380505339e-02
2.474779048001788384e-01 6.433418694014891859e-02
2.512204319719584245e-01 6.256485035751357948e-02
2.527173565603668681e-01 6.185966565105949222e-02
2.562837974644299743e-01 6.018632954422364900e-02
2.626803188027738711e-01 5.723737471285417211e-02
2.659383422060791480e-01 5.577096607038933840e-02
2.664026491261887175e-01 5.556290965293209094e-02
2.718152638276516431e-01 5.314010787931466862e-02
2.725970019264707389e-01 5.279393847032021192e-02
2.792162115572602854e-01 4.987609787270064210e-02
2.820128011370953702e-01 4.864501162321854810e-02
2.830086672206437726e-01 4.821227824568763420e-02
2.843440448846997759e-01 4.763585936841707724e-02
2.882493697181286452e-01 4.600719788527407594e-02
2.890473114463819604e-01 4.568117689369288748e-02
2.891951687349868516e-01 4.562142990641326890e-02
2.900857379630017441e-01 4.526241505224481987e-02
2.912159963638257798e-01 4.480898056981852395e-02
2.931009807324934657e-01 4.405545793622167583e-02
2.943307325867872137e-01 4.357446991605018471e-02
2.946144389988401002e-01 4.346403353545957859e-02
2.959697932576008661e-01 4.294607399896621658e-02
2.978898162489919121e-01 4.222396664649985532e-02
2.983809679149024285e-01 4.204716541771058580e-02
3.034209457474895677e-01 4.024936766496289842e-02
3.038547280375503146e-01 4.009734266858500096e-02
3.060844145946982620e-01 3.932507369324234059e-02
3.086538334252463267e-01 3.845934489329982942e-02
3.099429990698808757e-01 3.803990181677252558e-02
3.114406900005768364e-01 3.756034992515566717e-02
3.138150806918794666e-01 3.680110882471798739e-02
3.154048313257078462e-01 3.630325821013158372e-02
3.169814965708359633e-01 3.582700745022693312e-02
3.184770128233874731e-01 3.538089840771385663e-02
3.222982391985839135e-01 3.424418050800892566e-02
3.287833046393919822e-01 3.235989083421986212e-02
3.327912943208274354e-01 3.121650551579979727e-02
3.343587804174683598e-01 3.077518590484551453e-02
3.357524741141548752e-01 3.039802026481897013e-02
3.369155793744068594e-01 3.008610166733305391e-02
3.381084841278186870e-01 2.977503572327067083e-02
3.410962383629914108e-01 2.901582348685127766e-02
3.434188826664894556e-01 2.843165426197580281e-02
3.538745933986909842e-01 2.592022161404050618e-02
3.596986237485987337e-01 2.453755664601575681e-02
3.648471800089135852e-01 2.332279339132259377e-02
3.655976210814173566e-01 2.315005774443268383e-02
3.661501826919931757e-01 2.302452516618203049e-02
3.668642418560739138e-01 2.286245237194717284e-02
3.683964694590019517e-01 2.251603935214951946e-02
3.707269898289825560e-01 2.200581248012789537e-02
3.721270987243312511e-01 2.169946174399550731e-02
3.760644379103034174e-01 2.084891517606890510e-02
3.789038191418799828e-01 2.023982860269635253e-02
3.816912858719621049e-01 1.965937965986297442e-02
3.909548640520527085e-01 1.775044851250207056e-02
3.925156525558072262e-01 1.743510929067793036e-02
3.950407628705988605e-01 1.693486427412327355e-02
3.960979280685139603e-01 1.673442014203274653e-02
3.986894565740501939e-01 1.626225292513472365e-02
4.021813826696007954e-01 1.562679639886876970e-02
4.057486959606765309e-01 1.498022784406038976e-02
4.092983975025793475e-01 1.437232621554207501e-02
4.109704502543889415e-01 1.408614403249341951e-02
4.132298339868044623e-01 1.372313464049457199e-02
4.220276499717956487e-01 1.239035789492715089e-02
4.266462222441050889e-01 1.169261166608737135e-02
4.284540521824636850e-01 1.142679765119980484e-02
4.301686445356965871e-01 1.118573668384303943e-02
4.339408950934701137e-01 1.067325143229225226e-02
4.373828127804232357e-01 1.023820321420354507e-02
4.468219636879591228e-01 9.055492077782889560e-03
4.498687061663758646e-01 8.682620879026936578e-03
4.594243653939352745e-01 7.570231081038825138e-03
4.597184300374823618e-01 7.536068368391712902e-03
4.666640445070499021e-01 6.757828035762525332e-03
4.717000717657273690e-01 6.207750604899642255e-03
4.748480257170728525e-01 5.870460459942439257e-03
4.798774404875119082e-01 5.337282974773427391e-03
4.821823983742210551e-01 5.108423372840897869e-03
4.888300572710599923e-01 4.473495831388007993e-03
4.912199501833810489e-01 4.248453190786927181e-03
4.926570924568061116e-01 4.120618443883450333e-03
4.937351294098274446e-01 4.027554326566762377e-03
4.967168355891194986e-01 3.782215349413586836e-03
5.007011768636764337e-01 3.466399573163525538e-03
5.030916954084373449e-01 3.277471313313573553e-03
5.058836327882356709e-01 3.063598211808238325e-03
5.111740429977266187e-01 2.671076703665842267e-03
5.122140672175659049e-01 2.596855162681266371e-03
5.144708602075835913e-01 2.443605776568102961e-03
5.202793922407379368e-01 2.078857257389210567e-03
5.215530775672496677e-01 2.004001049018877545e-03
5.228543571629313824e-01 1.928342745601052677e-03
5.236160891613532709e-01 1.886105334806709166e-03
5.288284721150885437e-01 1.625533076668572718e-03
5.332385689103352755e-01 1.419836347403391485e-03
5.417507265386137805e-01 1.062137832939180626e-03
5.453357139622838634e-01 9.190001357661792269e-04
5.476199152532175152e-01 8.299135322032968887e-04
5.494165160430004580e-01 7.626611649755865585e-04
5.522688090838845376e-01 6.675839253892368319e-04
5.538759066562066735e-01 6.177126276084576872e-04
5.553132892385628239e-01 5.831134371491186741e-04
5.607969558742350591e-01 4.626513185909120196e-04
5.634099701160496521e-01 4.137750367937398366e-04
5.714507486710652673e-01 2.773354839202823996e-04
5.750894787172923239e-01 2.332725193782136941e-04
5.758513422694685469e-01 2.253078425912269367e-04
5.774007425072535948e-01 2.205481755973570657e-04
5.812412969323512701e-01 2.560111094200845372e-04
5.925382109852651569e-01 5.037866638594179491e-04
5.939151183591661054e-01 5.374560120121607554e-04
6.003781834188282041e-01 7.203913843278897389e-04
6.033857308365722094e-01 8.110269087128196830e-04
6.035816569031814405e-01 8.172492245577256398e-04
6.056267628908742484e-01 8.842718382703340652e-04
6.068586343174262598e-01 9.268521135635809927e-04
6.129264430522952667e-01 1.198543684103769991e-03
6.142092518354169695e-01 1.263699034597332016e-03
6.238306895240220973e-01 1.770760542567528795e-03
6.253433574982578680e-01 1.866567901249727157e-03
6.284364505864858952e-01 2.105061960111176411e-03
6.288595670981741437e-01 2.139941166217074198e-03
6.314493949618902313e-01 2.358708030187894877e-03
6.335506727951482064e-01 2.543302623061238776e-03
6.367481706943322051e-01 2.837788348213021727e-03
6.383893450240464285e-01 2.998339820359685604e-03
6.400983612887299889e-01 3.177167645639800142e-03
6.428503870688838662e-01 3.491323569886350953e-03
6.436321777621413220e-01 3.582442181817691029e-03
6.473008748125388401e-01 4.015955451477815075e-03
6.494990017210846567e-01 4.291622780264514603e-03
6.545406307852521532e-01 4.930373486057959553e-03
6.585385867795933157e-01 5.448777655880032711e-03
6.605728682127516294e-01 5.721668490782261252e-03
6.661976603175483458e-01 6.490108841144870411e-03
6.720730937619034950e-01 7.304848234684913066e-03
6.770988780141674601e-01 8.004513633426357799e-03
6.776330293680313810e-01 8.079920910135984791e-03
6.870351428858701981e-01 9.448294433905712886e-03
6.935226951053989897e-01 1.042082197978422275e-02
6.972301269403603508e-01 1.099003905959494709e-02
7.005503513421326156e-01 1.150837372697488536e-02
7.039589823110322664e-01 1.205100016890714443e-02
7.077655961696314169e-01 1.267518886930296684e-02
7.102749562474905964e-01 1.313445289778492064e-02
7.165838685887873094e-01 1.447814085662868511e-02
7.194258992464924729e-01 1.508473512004393502e-02
7.214998243648185206e-01 1.552932930344763651e-02
7.219018394943576000e-01 1.561651574710531953e-02
7.241630975879296273e-01 1.617963969981606187e-02
7.283630402175028662e-01 1.732598991125300358e-02
7.304747927657305739e-01 1.792803669174503067e-02
7.313412569266616314e-01 1.817804930841970812e-02
7.319733613306562692e-01 1.836480951781926940e-02
7.339255268253437325e-01 1.895254349835717722e-02
7.371630990153440477e-01 1.993904315091665769e-02
7.415473811505750579e-01 2.129137121060964422e-02
7.434468710910553391e-01 2.189019057441887739e-02
7.468280025299034453e-01 2.295869257403471142e-02
7.525788244019731010e-01 2.483046241554598410e-02
7.538855828338211218e-01 2.526251017826819378e-02
7.568726070323438249e-01 2.628475725765100357e-02
7.618115292374296743e-01 2.799252866389634331e-02
7.633090713458706711e-01 2.852336157300705555e-02
7.647437624024171487e-01 2.903598705123344725e-02
7.662160289701906990e-01 2.958972776881618749e-02
7.729906998287735531e-01 3.218389269044741319e-02
7.744917208657001728e-01 3.278090771249564384e-02
7.783784771589428164e-01 3.433044068944857141e-02
7.787166570911271402e-01 3.446690332499335874e-02
7.812171268712114758e-01 3.548078012518462998e-02
7.837739317427955266e-01 3.663039095829900837e-02
7.848886525635734301e-01 3.713254136248289594e-02
7.879806235489451582e-01 3.853296554830798470e-02
7.897792687405680301e-01 3.935335808040452132e-02
7.907347631474156424e-01 3.979637535013869076e-02
7.917073262592445593e-01 4.026142222476769561e-02
7.923450262837945512e-01 4.057053922241282695e-02
7.966905871254307270e-01 4.289254096778738479e-02
8.027540308210495690e-01 4.617661157152352924e-02
8.032786771205142617e-01 4.647913391202618261e-02
8.059625536638431731e-01 4.806079913553806815e-02
8.069413025046243693e-01 4.864057252007980559e-02
8.074247368285016879e-01 4.895481174851601391e-02
8.079883438039803245e-01 4.933409897885865369e-02
8.103845031379500741e-01 5.097612255001515713e-02
8.137774492231421020e-01 5.331720621528113213e-02
8.144715261984341037e-01 5.381228851944819258e-02
8.196024110976125598e-01 5.753633584012451951e-02
8.230250814752690935e-01 6.004456381601874781e-02
8.235741559446351223e-01 6.045899944153010352e-02
8.263836196448474114e-01 6.266203960437766174e-02
8.271805376218812622e-01 6.331030583088659291e-02
8.277768620045541370e-01 6.380667646050053321e-02
8.326425075592150948e-01 6.786935404397742566e-02
8.357869767819089413e-01 7.051351124601035192e-02
8.366996748433037645e-01 7.131385494575293027e-02
8.413159925838903375e-01 7.540773568119796266e-02
8.433065109112070079e-01 7.717935177782953016e-02
8.467127206763503944e-01 8.026463066010114389e-02
8.472825673799730950e-01 8.080189976868390467e-02
8.486773444601165561e-01 8.212372134277523550e-02
8.529283268555407638e-01 8.615429047173028820e-02
8.566932737118555519e-01 8.985469861107620027e-02
8.609358703077587549e-01 9.406833378251810984e-02
8.620299480793475189e-01 9.519938855540555078e-02
8.674646539966709424e-01 1.008194343042325691e-01
8.686537334562091095e-01 1.020853690062514252e-01
8.705056092154965786e-01 1.041087406229079804e-01
8.713124218898128381e-01 1.050028066982879871e-01
8.727860629420362004e-01 1.066476298726413141e-01
8.729744567813870759e-01 1.068608808121509490e-01
8.751788842218970466e-01 1.093871972408845261e-01
8.754716480713221616e-01 1.097239140121416545e-01
8.761847753739177014e-01 1.105535881739226900e-01
8.777958905505212073e-01 1.124570962537806418e-01
8.780688205524254109e-01 1.127832503660648467e-01
8.796209950477542616e-01 1.146591658030348126e-01
8.814819753301069705e-01 1.169708790395178610e-01
8.827743823828935188e-01 1.185831287268279688e-01
8.846370052104034487e-01 1.209130445323803871e-01
8.871650327819359250e-01 1.241181497942930312e-01
8.883802113184491311e-01 1.256659872113745635e-01
8.915146565284627345e-01 1.296781810828929737e-01
8.939413005629240905e-01 1.328206516600709541e-01
8.947651642977713093e-01 1.338968100830980612e-01
8.955619700811807693e-01 1.349404689996767104e-01
8.982715594843649898e-01 1.385023255909866302e-01
8.994220841427528201e-01 1.400339388648265126e-01
9.025159794724331164e-01 1.441564208439843897e-01
9.047842035990658616e-01 1.471817015094623038e-01
9.064857939081381044e-01 1.496026156581157229e-01
9.116742687153102098e-01 1.570805817881643085e-01
9.122265423050296418e-01 1.578770875449815314e-01
9.163201346104098421e-01 1.638603976660191197e-01
9.180977061375805715e-01 1.665654305049277806e-01
9.184253247865591385e-01 1.670722010277777558e-01
9.193327507429802647e-01 1.684868626952346071e-01
9.206938134490385561e-01 1.706214048007591577e-01
9.227741724797621226e-01 1.739972654269721364e-01
9.237040896837995785e-01 1.755498177797778503e-01
9.285510851321655545e-01 1.838100498985861808e-01
9.290816009523273911e-01 1.847471481094868917e-01
9.317346072315585426e-01 1.894534334421604793e-01
9.331255205542099418e-01 1.919615831799446060e-01
9.356824784735097156e-01 1.966574668247237367e-01
9.387167146865182943e-01 2.022491123025995652e-01
9.403884296820458344e-01 2.054029492085667208e-01
9.407145458257674120e-01 2.060202988686214987e-01
9.426778977928982339e-01 2.099067400949966578e-01
9.472213823413804246e-01 2.191069701575766304e-01
9.479715411827165372e-01 2.206510794882713400e-01
9.485249250060094894e-01 2.218028508323043324e-01
9.492857960602022471e-01 2.233938027095856427e-01
9.498667481356519726e-01 2.246786661216764180e-01
9.509808285639202996e-01 2.271674401391227116e-01
9.535674425732283410e-01 2.334436743812416948e-01
9.560875129619662571e-01 2.397079019654075882e-01
9.570021064142730793e-01 2.420985150868283364e-01
9.576805821342530001e-01 2.439242080146936109e-01
9.584224855743587179e-01 2.459398535586052592e-01
9.591401517376751951e-01 2.479345958187332277e-01
9.613285573756182867e-01 2.541462412020927264e-01
9.617447896259214701e-01 2.553325266938819560e-01
9.624771054617763388e-01 2.574529331735012638e-01
9.636297352863820720e-01 2.608124816845180938e-01
9.648023343793620255e-01 2.643175267884180224e-01
9.651284723492816742e-01 2.653610636987518978e-01
9.655685737759014398e-01 2.667923476464817423e-01
9.657766110387164815e-01 2.674698788839412478e-01
9.662838778210286472e-01 2.691924123436725269e-01
9.668995134053899321e-01 2.713438492528769119e-01
