1.225154013357987459e-03 4.694366668935971987e-01
1.218980351612386492e-03 4.581017861338467778e-01
1.222415636191853672e-03 4.577375856770919960e-01
1.321845879994509865e-03 4.508615656168287744e-01
1.363857535065515769e-03 4.483280621250553821e-01
1.376536143197659712e-03 4.476159510491093396e-01
1.399022781023662176e-03 4.463665082912083859e-01
1.406658116763992439e-03 4.459836584626490907e-01
1.486637159059833735e-03 4.426123163947212058e-01
1.591989479842514932e-03 4.398432194226865599e-01
1.614774228347659601e-03 4.393752796945857853e-01
1.708817544535667921e-03 4.374823981744349055e-01
2.083602232710091151e-03 4.306433188516999300e-01
2.203198461572242195e-03 4.285654987626921208e-01
2.315109679404070420e-03 4.267100551026884458e-01
2.570360288955964023e-03 4.228838585578512665e-01
2.665309589895969999e-03 4.215179844929681785e-01
3.288408500294104364e-03 4.128145780837455536e-01
3.552191373448865264e-03 4.092542172113433629e-01
4.403380375380572254e-03 3.996114615867065734e-01
4.653652556238285776e-03 3.968377205829918264e-01
4.815295570687827542e-03 3.950494835003121041e-01
5.015386059104010030e-03 3.929174220390773131e-01
5.473551369354678897e-03 3.880456548992997634e-01
5.674190365148490400e-03 3.863516096023821289e-01
6.470543114448501498e-03 3.798759745783338859e-01
7.274722958927837269e-03 3.736743248230388614e-01
7.505668781801033695e-03 3.719990960677048708e-01
7.798981592964215892e-03 3.700868243603244734e-01
8.162519997704564823e-03 3.677611404170707532e-01
8.668659477732543195e-03 3.646196165317371340e-01
8.942318417903383221e-03 3.631292770907005307e-01
9.633618111845598797e-03 3.594144669439793827e-01
1.077585775854372763e-02 3.534523555128823435e-01
1.164929329959374371e-02 3.489389732100875996e-01
1.291979697525269533e-02 3.423775797084684935e-01
1.391962851808314916e-02 3.372761699322017748e-01
1.418273869479069749e-02 3.359993117095497750e-01
1.464453630044570964e-02 3.337695866902096187e-01
1.538471428474208480e-02 3.303214936303671134e-01
1.683735322963086922e-02 3.236041155112557854e-01
1.734593287976338161e-02 3.213188091385841272e-01
1.862524845792257189e-02 3.156068975127134246e-01
1.918967291829598576e-02 3.131207037381738001e-01
1.982933082215510012e-02 3.104203035737216343e-01
2.042932561032484440e-02 3.079262211586591969e-01
2.111139539663509090e-02 3.051548336836232833e-01
2.207083198868353691e-02 3.013955571986908222e-01
2.233513481866511441e-02 3.003811076047286921e-01
2.332771704511249489e-02 2.966581652077430187e-01
2.392313215238428548e-02 2.944538954322645230e-01
2.442992127926679746e-02 2.925967632968203835e-01
2.475047235314775662e-02 2.914333772487645025e-01
2.529057612494234331e-02 2.894800779275935598e-01
2.591586048364991068e-02 2.872730874539596302e-01
2.626034342931338195e-02 2.861282839745770135e-01
2.737082968429649377e-02 2.824721315190158455e-01
2.833064071075341861e-02 2.793180564729302873e-01
3.080393204742692959e-02 2.713683362860254134e-01
3.097105049792914233e-02 2.708471400879124413e-01
3.163553523351136931e-02 2.688338406347514642e-01
3.260828554269545876e-02 2.661023032544803657e-01
3.280497198290488470e-02 2.655637850157188673e-01
3.414304057558181782e-02 2.619884335678051013e-01
3.601794586015560906e-02 2.571512589914630720e-01
3.694558260044122910e-02 2.548108983361806468e-01
3.946280073971131230e-02 2.485126312986021269e-01
4.027430658746267156e-02 2.464851117430763017e-01
4.165227154538975185e-02 2.431228081727231372e-01
4.336287266419747155e-02 2.390545583647611938e-01
4.444394893203906793e-02 2.365301750770215650e-01
4.605884438351670607e-02 2.328483033812568381e-01
4.736866659681970848e-02 2.299017243757184303e-01
4.892314931229480024e-02 2.264171526370588605e-01
4.988600572547785550e-02 2.242732503457540716e-01
5.084975221950405189e-02 2.221309340050180436e-01
5.163125046735861368e-02 2.204118349696323476e-01
5.256805064386382842e-02 2.183700664935102065e-01
5.572127732297604830e-02 2.115303950826278312e-01
5.723883454646661040e-02 2.083511732688978491e-01
5.795992363041191364e-02 2.069021492450537902e-01
5.904220855786490585e-02 2.047361585321434418e-01
6.017262525983368970e-02 2.025189355890469889e-01
6.081583175084837034e-02 2.012847073835116740e-01
6.118927166717669230e-02 2.005804363740302243e-01
6.157010230729642597e-02 1.998723391333852017e-01
6.358617187150006345e-02 1.961746926323443274e-01
6.392604318401062802e-02 1.955641135967247646e-01
6.399844577240965116e-02 1.954348184218603901e-01
6.441394116369392187e-02 1.946931928768007580e-01
6.627369367737478978e-02 1.914424431303251017e-01
6.855877357463135979e-02 1.875002670104287672e-01
7.016534261128382077e-02 1.847688172636269277e-01
7.064153212332546783e-02 1.839644794458793475e-01
7.182707175040414782e-02 1.819788032207244610e-01
7.334209643245059862e-02 1.795921835962925872e-01
7.521417583742728841e-02 1.767977103504813075e-01
7.583162999819370587e-02 1.758817069853972903e-01
7.620988009495077709e-02 1.753216785767378605e-01
7.830711038011295422e-02 1.722630096683721579e-01
8.117508962304276210e-02 1.681389868628827555e-01
8.173723363507712225e-02 1.673536021153931852e-01
8.498961670680671432e-02 1.629464410047579692e-01
8.596020823745875727e-02 1.616829705075829571e-01
8.739249706105522986e-02 1.598547411033487409e-01
8.751339268589708453e-02 1.597013928078818701e-01
8.790628096663566371e-02 1.592046840465195512e-01
8.845451043724172902e-02 1.585694594841025040e-01
9.041764450996458979e-02 1.563002206434388475e-01
9.276214300797491763e-02 1.536046813179375858e-01
9.540147957381417410e-02 1.506169480593444465e-01
9.696690100450933159e-02 1.488500277727947685e-01
9.903860435833500286e-02 1.465174884581637027e-01
1.010326308335324219e-01 1.443118295989580524e-01
1.014592045853019986e-01 1.438589808030520389e-01
1.034450147773103845e-01 1.417538480043589733e-01
1.080692684779843704e-01 1.369729942601832784e-01
1.089901519163731791e-01 1.360486084349944447e-01
1.111324279538287163e-01 1.339096481082092671e-01
1.136914290340425016e-01 1.313698076136232684e-01
1.145612858510381971e-01 1.305074956850388324e-01
1.156692999559220114e-01 1.294210991901393326e-01
1.172242919174137921e-01 1.279084193381226919e-01
1.184682976680944133e-01 1.267543502067415284e-01
1.208214229371185056e-01 1.245832635001590250e-01
1.219425204596189527e-01 1.235602250801405289e-01
1.233717658176238796e-01 1.222697920946059780e-01
1.251965598272032354e-01 1.206500596639421552e-01
1.274550946688753905e-01 1.186529493146194492e-01
1.276413954298930564e-01 1.184935565411765479e-01
1.287534329220014762e-01 1.175800789688259407e-01
1.340196724480591239e-01 1.133185068520848882e-01
1.342980063663877788e-01 1.130973589070458640e-01
1.381608404574562465e-01 1.101344726770140392e-01
1.438946906738911569e-01 1.057514868521587381e-01
1.454261087979316081e-01 1.045991967412792656e-01
1.456976346611532636e-01 1.043963045347146013e-01
1.496844925340902188e-01 1.014223033837343690e-01
1.514511359353664099e-01 1.001140114845120443e-01
1.517897713377079905e-01 9.986325351390767935e-02
1.535506010118473652e-01 9.857122704182186279e-02
1.573567361582807189e-01 9.579300434938664566e-02
1.618393278191297968e-01 9.254345706549360617e-02
1.627788796020955830e-01 9.188748604158769595e-02
1.633555381962777941e-01 9.148872117670503457e-02
1.653274431705179515e-01 9.015434150547207981e-02
1.681689271414262832e-01 8.825070858118611028e-02
1.712674918294108117e-01 8.618192684990200192e-02
1.756754474566730728e-01 8.328839572322677132e-02
1.758228749497853238e-01 8.319257243365096866e-02
1.778407234475404275e-01 8.188388004093682948e-02
1.820983444515310579e-01 7.918398496298195699e-02
1.847443009655250767e-01 7.751827330682647954e-02
1.881951492461279019e-01 7.539075175095721892e-02
1.892430461289004162e-01 7.474715467893466858e-02
1.910467909438033907e-01 7.364905962836210129e-02
1.914104949497876795e-01 7.342818751687285594e-02
1.948663705197428708e-01 7.133139405708865954e-02
1.966067344748128054e-01 7.029881179553809645e-02
2.002561054052022227e-01 6.820306781257590156e-02
2.039193418495547361e-01 6.613076895447056458e-02
2.077333240766982003e-01 6.407694376294403860e-02
2.083544429892819627e-01 6.374397624564231979e-02
2.108937669739425758e-01 6.240547099514359708e-02
2.136459861340259669e-01 6.096898632742087099e-02
2.156723499723510740e-01 5.991152516077113965e-02
2.168573940730619265e-01 5.929605843814511612e-02
2.188871479046030633e-01 5.828617692289250751e-02
2.205381858451177512e-01 5.748316756943805395e-02
2.280625599659078517e-01 5.386777694823985385e-02
2.363403773872139180e-01 4.995466317238062004e-02
2.371957943265189384e-01 4.955224566440563638e-02
2.405959365831451535e-01 4.795432831200674428e-02
2.420778849774053443e-01 4.726213591575090245e-02
2.430321329484520509e-01 4.684062986008730167e-02
2.499193588678488842e-01 4.384991798697313037e-02
2.539854587040957234e-01 4.210751327753314843e-02
2.560747363766636697e-01 4.121739061499041235e-02
2.591225711121932784e-01 4.004870690749717799e-02
2.629185477789999226e-01 3.860452569768191289e-02
2.652252650134991896e-01 3.773172683941383720e-02
2.699313515843863032e-01 3.595931351373005125e-02
2.721228909159544296e-01 3.513557648961951330e-02
2.764836352717862100e-01 3.352857981643697638e-02
2.784412532927044159e-01 3.281847638653756505e-02
2.790922017995332016e-01 3.259221817974766733e-02
2.807785300756505675e-01 3.200713670448940285e-02
2.850919579135658966e-01 3.053668280260513068e-02
2.900837430657728921e-01 2.887350436545954580e-02
2.922092886793590250e-01 2.816775845101016085e-02
2.971164343691360399e-01 2.660140533164923049e-02
2.995933572738287420e-01 2.584032752402964928e-02
3.016128830420464757e-01 2.522099771457642081e-02
3.075131033607597653e-01 2.346991668573661372e-02
3.108250438348740818e-01 2.251492409883348866e-02
3.158950497850955275e-01 2.106226863799709470e-02
3.189186098070988518e-01 2.020613496340650794e-02
3.214340131842789994e-01 1.952742091697023952e-02
3.235598921849500709e-01 1.895700108800457695e-02
3.292351191420125334e-01 1.744013644759112580e-02
3.298126949214817971e-01 1.728663425429433076e-02
3.337918559020516263e-01 1.625983432677080565e-02
3.360317064656184183e-01 1.569009326166392881e-02
3.384718362094893962e-01 1.508249489617108363e-02
3.420377515882205843e-01 1.424864168309181167e-02
3.460008546584110167e-01 1.332524567620951839e-02
3.470881981634612590e-01 1.308565361081126532e-02
3.492166595092019987e-01 1.264911799713064333e-02
3.529193014059316402e-01 1.190074691550402353e-02
3.584966139093307413e-01 1.087262891212681382e-02
3.651644778057523411e-01 9.660196682058086459e-03
3.652402751501282463e-01 9.647173588115176557e-03
3.669214806138998419e-01 9.413359786271446872e-03
3.721641857349483606e-01 8.703118806340781610e-03
3.756486861455603510e-01 8.253985256569729145e-03
3.790913325165641279e-01 7.818223352338615761e-03
3.811720131054829874e-01 7.571293292344516423e-03
3.871509599444977745e-01 6.903480016622887128e-03
3.890129199858128883e-01 6.701346507396288565e-03
3.959563531559461280e-01 5.953827904845110375e-03
4.012194311852612660e-01 5.413073717827510123e-03
4.062442777103697500e-01 4.929893071400348603e-03
4.069891552573690063e-01 4.860560178748030147e-03
4.098960947122904930e-01 4.611156195121424162e-03
4.127034637683375529e-01 4.384905080222267770e-03
4.168552308585401489e-01 4.054467621578461412e-03
4.189470941366888468e-01 3.890651350474061410e-03
4.319311225853187386e-01 3.013862197556615996e-03
4.341594099793428807e-01 2.864078519232204911e-03
4.362906803167659886e-01 2.727108717970216922e-03
4.403289254164818312e-01 2.486048699481657742e-03
4.450279311162576024e-01 2.206242684090753414e-03
4.460199758409945092e-01 2.152376698611457861e-03
4.500629532930954246e-01 1.952092467030763778e-03
4.535407337078953827e-01 1.780392566290811551e-03
4.551725588131279032e-01 1.709278610785958108e-03
4.570050219990342555e-01 1.648198577833381862e-03
4.579583699611862180e-01 1.617940061475420244e-03
4.617101381816367534e-01 1.501616903361369104e-03
4.777660850753051580e-01 1.144072113043792527e-03
4.877783326253893881e-01 9.341075307436330633e-04
4.902234302249095510e-01 9.153662369270065824e-04
4.960870247038848824e-01 8.706364356145801509e-04
4.970227681112051599e-01 8.683646590318394587e-04
5.000358870202991080e-01 8.769381182270885589e-04
5.015728210343682880e-01 9.070160591281295481e-04
5.058491329158106842e-01 1.000572065703697611e-03
5.100086043614080467e-01 1.115304506779213334e-03
5.131247170671671132e-01 1.209464260783832401e-03
5.138531240097201636e-01 1.236783651308415166e-03
5.175892126810122118e-01 1.391207908632785539e-03
5.283429317595976782e-01 1.890444385816647532e-03
5.306981741936882546e-01 2.025999877737105770e-03
5.347507129042720075e-01 2.269477867887337297e-03
5.389233085808594614e-01 2.535658702478293947e-03
5.418788667478492416e-01 2.753255752291239311e-03
5.482236310006863844e-01 3.245944953839563496e-03
5.529451577937936069e-01 3.620871648688850364e-03
5.538549230147973290e-01 3.695834201091763305e-03
5.573962584534111198e-01 3.991964247071599914e-03
5.591174630544600843e-01 4.145759963001149906e-03
5.618803301929760075e-01 4.424248934670194089e-03
5.655892386239416147e-01 4.805335833829027514e-03
5.725469758481798177e-01 5.523578298993525593e-03
5.758010225753169564e-01 5.898205183014537667e-03
5.794979332166912966e-01 6.326316407331611380e-03
5.818112279550354815e-01 6.604071884768858425e-03
5.888387399922810905e-01 7.471524119173067469e-03
5.898020144316549196e-01 7.596737589846358496e-03
5.913705612019760638e-01 7.807438204580408048e-03
5.982922284795597623e-01 8.747279130833840455e-03
6.063433051783629901e-01 9.853197862902840498e-03
6.113897197708285658e-01 1.058880876474255217e-02
6.133927726721788432e-01 1.089750330149852342e-02
6.166892684418913140e-01 1.144006846753198303e-02
6.188689189262258639e-01 1.181401853806185454e-02
6.206889266370416713e-01 1.213536767362832780e-02
6.244080892108202496e-01 1.282486563831897186e-02
6.259647783782422703e-01 1.311371885664625037e-02
6.291134513926031069e-01 1.375732654713601733e-02
6.396665838494935974e-01 1.610518378789005389e-02
6.427988679389187165e-01 1.680651736447158484e-02
6.447426166316775342e-01 1.725327034104007229e-02
6.471650348939391728e-01 1.781445057311237257e-02
6.508142967498673492e-01 1.866101213266946335e-02
6.521389387005780414e-01 1.897801494503548181e-02
6.553316679763093733e-01 1.977584218563310792e-02
6.634650177387595438e-01 2.186771688215194409e-02
6.678145297847727369e-01 2.301255682127989477e-02
6.695961820444559232e-01 2.349493761097742883e-02
6.713466661009622749e-01 2.397141472522301697e-02
6.719706711765764950e-01 2.414140309713530552e-02
6.736459510672290207e-01 2.459979378204124600e-02
6.745243447987008256e-01 2.484289120405369644e-02
6.780224545280753023e-01 2.584008628649814288e-02
6.810270070057758973e-01 2.669951207578924457e-02
6.858637879114563018e-01 2.811251751364829410e-02
6.940900177149275097e-01 3.060607259947234482e-02
6.975223552525999793e-01 3.165916200219531795e-02
7.010393429688045464e-01 3.275370962916945849e-02
7.051280929916223794e-01 3.403172521304009823e-02
7.088127410288663777e-01 3.519171422826572471e-02
7.108344919941774753e-01 3.583103991768255003e-02
7.121120351178590324e-01 3.624780127654114725e-02
7.142974935615991061e-01 3.697281029542964781e-02
7.226522909732030486e-01 3.975938227608355469e-02
7.244765862081994356e-01 4.038001908598298773e-02
7.283084444234337873e-01 4.173867569094369401e-02
7.311161817043169142e-01 4.274380956079337768e-02
7.372353199594968709e-01 4.494967665516647060e-02
7.381104114856870124e-01 4.526970186551382280e-02
7.403498036128113302e-01 4.608941570110636210e-02
7.423494030243014130e-01 4.686093454746775855e-02
7.443366422889350353e-01 4.764543271427146287e-02
7.505988828214891218e-01 5.012427758296422731e-02
7.550220820869049110e-01 5.195507910219843151e-02
7.597580332264074476e-01 5.397208777301565341e-02
7.642731208062744086e-01 5.614582853145722030e-02
7.661266359666210057e-01 5.705319526935026531e-02
7.689313905356658374e-01 5.848888084168302193e-02
7.695062325804397085e-01 5.878926571193199280e-02
7.725377667058233033e-01 6.039236843978190716e-02
7.749386771523344430e-01 6.166576083063990410e-02
7.756896584582444465e-01 6.206536589654620961e-02
7.802150955665256848e-01 6.447439152667300277e-02
7.817567837651138163e-01 6.530449655145997845e-02
7.822856587300296427e-01 6.559357667849352591e-02
7.825529887695906739e-01 6.574207705890611209e-02
7.840409431731704126e-01 6.659309624897280511e-02
7.864143977968286459e-01 6.797214549984675891e-02
7.903040409692665413e-01 7.024383464581229752e-02
7.929739813851837127e-01 7.180401527595225986e-02
7.960747770448145522e-01 7.366063690801927244e-02
7.973960595588295286e-01 7.446763125130684280e-02
8.013316218706488803e-01 7.690644722534001332e-02
8.019355501283154108e-01 7.729274245902240104e-02
8.037614636546659419e-01 7.854049581842070804e-02
8.080497643736320734e-01 8.147126135301918648e-02
8.086505008509206061e-01 8.189445108237547455e-02
8.101163912338851247e-01 8.294018082522980340e-02
8.110077952506408172e-01 8.357810024085032818e-02
8.153195130640669142e-01 8.666539297285014154e-02
8.179424984789505082e-01 8.854421797271216921e-02
8.207705226661397013e-01 9.061323529997988846e-02
8.217942741825636777e-01 9.137367918913485987e-02
8.271412791774435114e-01 9.538839508106289333e-02
8.302268711431580739e-01 9.770932880816407540e-02
8.348488280082920765e-01 1.012478040046312922e-01
8.361684697925276799e-01 1.022625658845673913e-01
8.394276911996140234e-01 1.048145336868382405e-01
8.408630040324783783e-01 1.059408171732799664e-01
8.499700629137848518e-01 1.131422656562225404e-01
8.535890604964372352e-01 1.160148619746705911e-01
8.543908711524403898e-01 1.166645257231132549e-01
8.563476423081231026e-01 1.182523804558631708e-01
8.567930698513730459e-01 1.186147282781203627e-01
8.666617135284767626e-01 1.267613463321352052e-01
8.673075609355016535e-01 1.273014613531737727e-01
8.687581311997858435e-01 1.286460169906160633e-01
8.704889578950985030e-01 1.302556293622971761e-01
8.710159047760275275e-01 1.307535490825728619e-01
8.722757567479590968e-01 1.319465486564954659e-01
8.779853016338760030e-01 1.373890984136555415e-01
8.838380815324526907e-01 1.429807513144779607e-01
8.853831204799879062e-01 1.445029722871030708e-01
8.891685230389523298e-01 1.482512893221870076e-01
8.901305312424779848e-01 1.492399625969833554e-01
8.914089588720798263e-01 1.505764301132508365e-01
8.929065178673769587e-01 1.521514606617916376e-01
8.952085904621862600e-01 1.545759938353202800e-01
8.953716753756179036e-01 1.547492406139756582e-01
8.961281481656021564e-01 1.555637982811153286e-01
8.969400175197523861e-01 1.564562145942466342e-01
9.006710261901618164e-01 1.605686755635653551e-01
9.039760931296867419e-01 1.643195903574754535e-01
9.083197342967891386e-01 1.692593906341894883e-01
9.096992343132839220e-01 1.708691284684799028e-01
9.108046934139313322e-01 1.721992091546340475e-01
9.114576220197320167e-01 1.730100408180614835e-01
9.119408383110348959e-01 1.736118716228614023e-01
9.140367219395015841e-01 1.762558641330478348e-01
9.146106950741645925e-01 1.769877463794130579e-01
9.180620837419798397e-01 1.815604674145735453e-01
9.185049002516190164e-01 1.821518549992861002e-01
9.189426405648121188e-01 1.827397971376041319e-01
9.198818417954822690e-01 1.840814900313855196e-01
9.216280002148827810e-01 1.866558758275298491e-01
9.252054864482803787e-01 1.919625873793098236e-01
9.271481147374319720e-01 1.948978118881030674e-01
9.282324112995465892e-01 1.965557957718389037e-01
9.305496921105242958e-01 2.002615023349700873e-01
9.321294444378628308e-01 2.028901363011049730e-01
9.367394752992659335e-01 2.109519842209444107e-01
9.381424175158574741e-01 2.135183682362371549e-01
9.391470529549826862e-01 2.154211585707628274e-01
9.429451405533978425e-01 2.227150109329718575e-01
9.450622925225764526e-01 2.268039691599719188e-01
9.451863352364442417e-01 2.270448169422636386e-01
9.460932228609256756e-01 2.288447901583747779e-01
9.479857429097813259e-01 2.326334111852642605e-01
9.485578744508106341e-01 2.337841194793319755e-01
9.515197185818202730e-01 2.397644084646912699e-01
9.536003749847776767e-01 2.442010149682464215e-01
9.542233583837909094e-01 2.455794120546279657e-01
9.546103921507729240e-01 2.464655793647361204e-01
9.562661417235561734e-01 2.503333762119891448e-01
9.579673349616441014e-01 2.544019160075039476e-01
9.584403233776610520e-01 2.555396935575784401e-01
9.605097016388530751e-01 2.608206599239607515e-01
9.638750719047607385e-01 2.695179593761465320e-01
9.642542404911219611e-01 2.705120348008140940e-01
9.669870246652499945e-01 2.778901046699390198e-01
9.674726117857667118e-01 2.792519244741249462e-01
9.698751139912462627e-01 2.862186781403568414e-01
9.708020893742974611e-01 2.889319817486154518e-01
9.723129690808768322e-01 2.933702996394156326e-01
9.736680685228255028e-01 2.973664915039214707e-01
9.755005710790839446e-01 3.028576713918222918e-01
9.764914608973478405e-01 3.059387638086240591e-01
9.772154866600880618e-01 3.082683908332888301e-01
9.780618265238198994e-01 3.111843243830718642e-01
9.782197905730548593e-01 3.117650651713752552e-01
9.796432535079668824e-01 3.171298575902277150e-01
9.805419773365348091e-01 3.206236842933742892e-01
9.817256202671859056e-01 3.252531596635168665e-01
9.823091559308958498e-01 3.275934796429345042e-01
9.827208967951686081e-01 3.293608026486668505e-01
9.828166537825634430e-01 3.297726167025869515e-01
9.837362429332253688e-01 3.337824787418532946e-01
9.838342149355695510e-01 3.342233984256172130e-01
9.846978130563848186e-01 3.383855207068878768e-01
9.863874447718303795e-01 3.468104800137494781e-01
9.866094169505923439e-01 3.479726330051164940e-01
9.872310330010612978e-01 3.517820945826896084e-01
9.873560763322188905e-01 3.525573527369794125e-01
9.882996492263207422e-01 3.584964040491193105e-01
9.885854178680821835e-01 3.604662668777438572e-01
9.903336211655644483e-01 3.725367658671084881e-01
9.911386939848565447e-01 3.786327470958975594e-01
9.913263411400495828e-01 3.800592273170048108e-01
9.915611147161234040e-01 3.818758042523462404e-01
9.917263212346547618e-01 3.832912293439434404e-01
9.920981867717476588e-01 3.865566045791398730e-01
9.925225438284041024e-01 3.903616926552447852e-01
9.932187988267963119e-01 3.967888570960814709e-01
9.935121915238543933e-01 3.995063554314844945e-01
9.936554741129000057e-01 4.009340646263048757e-01
9.938083953115727232e-01 4.025433135074504287e-01
9.941021789780741802e-01 4.057123175505931156e-01
9.944448076107273993e-01 4.097518663556255492e-01
9.947674503401556789e-01 4.139237330414313742e-01
9.950567763306028546e-01 4.177707598898511288e-01
9.952613152375621164e-01 4.205107273947040758e-01
9.955221715306369346e-01 4.242124518188278293e-01
9.957123882608169829e-01 4.269938113203504138e-01
9.959000227261547433e-01 4.303405904005995763e-01
9.961334081824541054e-01 4.347081326152670844e-01
9.961635298410143058e-01 4.352790933641031978e-01
9.964173735898183004e-01 4.402317197442814356e-01
9.964509986261761432e-01 4.408911085610666136e-01
9.966159434764924052e-01 4.441453231374565824e-01
9.969761568947691499e-01 4.512892701300805776e-01
9.970210292500114591e-01 4.523263372364165757e-01
9.972623044585464669e-01 4.581660657948442017e-01
9.977574273813261119e-01 4.705106122173199346e-01
9.979214950519530447e-01 4.748512454323188248e-01
9.980635267555892920e-01 4.795152054268461139e-01
9.983543474415119690e-01 4.891906567284386442e-01
9.985817936069358858e-01 4.969166257196341308e-01
9.985828186813821006e-01 4.969553631281414807e-01
9.986307029069905195e-01 4.990025944436669025e-01
9.987039302458600165e-01 5.021476381764445884e-01
9.987578587362996307e-01 5.077206901368165326e-01
9.987762412944674040e-01 5.112046578557916110e-01
9.987810196483876135e-01 5.127467125671795189e-01
9.987790042171357241e-01 5.137115373626967019e-01
9.987560913135032914e-01 5.165513042426159718e-01
9.984967642456155090e-01 5.304858048467129272e-01
9.982720963450063545e-01 5.371918061578260239e-01
9.980818876017081287e-01 5.423197409059319352e-01
9.978612707590301945e-01 5.479769910721209447e-01
9.977551757085691975e-01 5.505263633742208951e-01
9.974298876561629168e-01 5.581911433170875236e-01
9.970794558686472131e-01 5.663192072955597345e-01
9.968584612429924885e-01 5.713285017579079472e-01
9.967683858803700891e-01 5.733373819376997860e-01
9.967354183654184574e-01 5.739434654618447151e-01
9.967232995164910792e-01 5.741606014853645190e-01
9.965866589636863671e-01 5.764689230276497378e-01
9.962049135069050987e-01 5.826354621278846402e-01
9.960033511479866597e-01 5.858417360094608783e-01
9.958322215792724252e-01 5.885580838655962710e-01
9.956888453162225927e-01 5.907562794658424155e-01
9.954811284114644110e-01 5.938485156975005230e-01
9.948707592982691805e-01 6.015997519974062291e-01
9.947043611243069350e-01 6.034076723116439389e-01
9.944833452669000762e-01 6.057832464623564839e-01
9.941704603501233528e-01 6.089344328832828612e-01
9.941449610473751530e-01 6.091765643792114160e-01
9.935387750131993156e-01 6.148875953783513593e-01
9.924430162592091653e-01 6.247317772507116063e-01
9.923713477002955585e-01 6.253669276792807041e-01
9.923157461760854225e-01 6.258386232416597306e-01
9.922436794892407486e-01 6.264405116185467470e-01
9.914491677975628692e-01 6.328410187159763112e-01
9.914293546324675077e-01 6.329985762662213578e-01
9.911112285700233171e-01 6.352843100514966590e-01
9.909165453656558764e-01 6.366370914676087178e-01
9.908327010362921738e-01 6.372109445406699546e-01
9.900936708387869656e-01 6.419954351019532268e-01
9.897621787176464903e-01 6.439373237327895572e-01
9.893873329787122861e-01 6.460127013346653735e-01
9.892609857785444882e-01 6.467045411920676612e-01
9.890676282020084420e-01 6.477111581288995668e-01
9.883794925986323365e-01 6.512925102856735871e-01
9.878887296981209154e-01 6.538427208288036807e-01
9.872595228050673466e-01 6.570573140546196456e-01
9.870160427356222677e-01 6.582684117703371252e-01
9.865949335743784410e-01 6.602417537498758149e-01
9.861280022414051771e-01 6.624068142689554239e-01
9.843248231573075158e-01 6.706444445332795379e-01
9.837278872874969382e-01 6.732588284865332895e-01
9.833818999195428345e-01 6.747224992849663039e-01
9.828344522813639017e-01 6.769589435822099821e-01
9.824751617147527982e-01 6.783777321110547875e-01
9.818977663972259240e-01 6.806232542350891812e-01
9.807898769386430571e-01 6.844302743395146438e-01
9.796422627414466122e-01 6.882765516877583645e-01
9.784240342828828263e-01 6.923371577050945191e-01
9.781465986604795937e-01 6.932594279491065548e-01
9.770904760740819484e-01 6.966894051620657891e-01
9.755539138184643466e-01 7.016671828215014228e-01
9.755187539564148524e-01 7.017795152034925765e-01
9.751460807535780040e-01 7.028823125747604150e-01
9.747260243103624822e-01 7.041226882570890133e-01
9.722949736381768515e-01 7.112782482355614055e-01
9.719809330842853479e-01 7.121320275637060826e-01
9.710550431619844325e-01 7.146316306046648359e-01
9.692725041457046498e-01 7.194431277657673540e-01
9.679656461483571173e-01 7.229519410254207079e-01
9.660729729736754479e-01 7.279338280710286879e-01
9.647872773293529880e-01 7.311912176760925197e-01
9.643425751257576062e-01 7.323168267965980416e-01
9.634667293795010634e-01 7.345236632319105397e-01
9.613371052784576154e-01 7.397864335532929880e-01
9.598043366430147882e-01 7.435463949896943259e-01
9.585078197853842408e-01 7.465642439963523502e-01
9.579542084839695049e-01 7.478143895801028229e-01
9.575514944077986312e-01 7.487072988169041210e-01
9.573268861288851683e-01 7.492048081975304363e-01
9.568975716007610544e-01 7.501197317089255412e-01
9.559628189055461300e-01 7.520425576962994629e-01
9.532705709385804749e-01 7.574971942608131892e-01
9.527957508431703637e-01 7.584500458034479919e-01
9.521269800651910309e-01 7.597783968897784401e-01
9.503181048132131048e-01 7.633230394053609480e-01
9.491726572690084573e-01 7.654751770242146369e-01
9.471844407493593687e-01 7.691705941183856199e-01
9.461469479267670124e-01 7.710860194280115820e-01
9.439424507344901238e-01 7.751555737670469126e-01
9.425936771625540445e-01 7.776148605385894141e-01
9.407333323146404025e-01 7.809536281597636576e-01
9.404272096229233657e-01 7.814947705546904100e-01
9.390933593669210655e-01 7.838182079619495646e-01
9.386363653607530111e-01 7.845878683408555876e-01
9.379087028168826556e-01 7.857820729751227029e-01
9.377035466843498535e-01 7.861128298844469731e-01
9.366190362570949723e-01 7.878172761273419811e-01
9.339750523965697493e-01 7.919680877588609613e-01
9.332727033125171046e-01 7.930655863507735104e-01
9.315100276824621606e-01 7.958095345994017356e-01
9.282352459828736579e-01 8.008817379054986585e-01
9.268775921579051058e-01 8.029550740983292245e-01
9.261321514658999998e-01 8.040625551755806733e-01
9.247707508045652780e-01 8.060655753805131551e-01
9.227342335073139834e-01 8.090068310896900705e-01
9.223302879768512375e-01 8.095834217116198994e-01
9.205895634405797390e-01 8.120289272457442697e-01
9.203555618116031622e-01 8.123522664438519447e-01
9.180899700440340316e-01 8.154716887446964435e-01
9.179417818635882131e-01 8.156751252526033280e-01
9.152602288300285549e-01 8.193524813811546847e-01
9.145682746218629644e-01 8.202901656160193067e-01
9.089834865072536907e-01 8.278317788264963895e-01
9.066353104868550838e-01 8.309844744974737019e-01
9.059058183062229652e-01 8.319292114880207922e-01
9.031910659484138071e-01 8.354131607897594680e-01
9.013016556595997431e-01 8.377908869780221757e-01
8.989608225756656745e-01 8.406854377299888270e-01
8.971929018648777676e-01 8.428068138542919030e-01
8.955931428408699935e-01 8.447142887510105114e-01
8.946738850538680232e-01 8.457994676754119201e-01
8.945770854508584558e-01 8.459134833128009179e-01
8.920751971257251389e-01 8.488303960899686862e-01
8.883940633496831829e-01 8.530802771358335646e-01
8.848977608738691769e-01 8.570242791429757423e-01
8.833452652147252282e-01 8.587581384278490937e-01
8.803541444506439717e-01 8.618229727506970805e-01
8.776455774509980268e-01 8.645743708487620971e-01
8.765106438308278847e-01 8.657213488023841608e-01
8.751202845106598183e-01 8.671253950039392588e-01
8.743953266357393783e-01 8.678460450995943987e-01
8.740687122827004440e-01 8.681586674632947309e-01
8.722597705187791206e-01 8.698900334662725831e-01
8.714158325645934289e-01 8.706967302541616105e-01
8.666734639610883528e-01 8.751679412299260274e-01
8.654362234544517030e-01 8.763079750776113785e-01
8.636867441828279812e-01 8.779151907634188401e-01
8.566877881714286547e-01 8.842734904118337846e-01
8.546748276902329522e-01 8.860453690589955578e-01
8.517732547883029026e-01 8.885589113727563326e-01
8.508092354438433480e-01 8.893781414459185353e-01
8.504245566558117364e-01 8.897035607041781091e-01
8.491975856498359398e-01 8.907047536787375819e-01
8.464691651479070433e-01 8.928410172688409085e-01
8.453148921639104252e-01 8.937005758157492430e-01
8.444626444185011627e-01 8.943319208283943000e-01
8.402884356598129267e-01 8.974167654530246230e-01
8.392608910981532722e-01 8.981458581668482211e-01
8.356434430545358616e-01 9.007088248149610621e-01
8.301358997872917422e-01 9.045965400849517168e-01
8.274574140696915325e-01 9.064486327639670327e-01
8.211865494445278468e-01 9.107802228081166573e-01
8.176383400290624381e-01 9.131755231512161952e-01
8.166915284764543204e-01 9.138120437405059526e-01
8.139580037234408483e-01 9.155829833328777978e-01
8.121099058567826656e-01 9.167646408176811645e-01
8.095128603475397755e-01 9.184022535548743704e-01
8.083515379810513046e-01 9.191293869399331795e-01
8.067736148447530731e-01 9.201154515398417555e-01
8.028785929254128595e-01 9.225387141513298195e-01
8.013326485172131974e-01 9.234883579502809470e-01
8.009623202845634893e-01 9.237134236860421455e-01
7.982390965940774352e-01 9.253651424363502631e-01
7.963158154422036450e-01 9.265291414953716886e-01
7.912086616508150483e-01 9.295578576476077881e-01
7.871068836214842879e-01 9.319852110599831096e-01
7.839117124747598808e-01 9.338433042264071560e-01
7.832013464533088554e-01 9.342496951484290379e-01
7.821276621190382805e-01 9.348626337159769983e-01
7.767746036566599566e-01 9.379010618624433748e-01
7.755723957161533288e-01 9.385813347548566110e-01
7.733904912659013142e-01 9.397997385329495135e-01
7.708128419796110853e-01 9.411990714708045047e-01
7.689374870341120216e-01 9.422153315050907363e-01
7.656619722473561040e-01 9.439891238592341693e-01
7.641521369304657973e-01 9.448033011969186878e-01
7.609387370846122378e-01 9.465207904926158378e-01
7.596183714287728650e-01 9.472030365893255865e-01
7.594158460319719861e-01 9.473039486902127271e-01
7.569968314417478972e-01 9.484976671798828196e-01
7.507274079097079333e-01 9.515889018479886108e-01
7.471162389154440975e-01 9.533471934811018622e-01
7.448126320451669002e-01 9.544380637306829618e-01
7.437552234865709710e-01 9.549163671278300125e-01
7.432031769149048950e-01 9.551524920200733515e-01
7.414267912842523733e-01 9.559055499793530641e-01
7.371018951100538619e-01 9.577313809719795179e-01
7.351981694336714446e-01 9.585227681487252793e-01
7.336202670726488240e-01 9.591631371640444437e-01
7.308017953582559567e-01 9.603053557508439697e-01
7.243067163586485169e-01 9.629246558512561949e-01
7.218817218599303809e-01 9.638870476880559979e-01
7.203376474876890256e-01 9.644872439514131646e-01
7.137694917075075862e-01 9.670250593690657981e-01
7.113456517789645828e-01 9.679615445930658257e-01
7.081859955709496335e-01 9.691754506394650859e-01
7.078447679563428796e-01 9.693051202223249563e-01
7.030744942213926763e-01 9.710710772628684539e-01
7.003722707468905684e-01 9.720494182778629533e-01
6.970045228113563862e-01 9.732385054451159201e-01
6.944779437175737646e-01 9.741275333631361777e-01
6.927906301269747269e-01 9.747197221699759329e-01
6.882137114026234403e-01 9.763020330307419226e-01
6.845945137940945280e-01 9.775220085781057833e-01
6.827016987714914498e-01 9.781456531944651145e-01
6.772178192560109888e-01 9.799101052009419055e-01
6.757171504459220657e-01 9.803825603535929467e-01
6.749017904239654753e-01 9.806363539865627921e-01
6.717338307987187340e-01 9.815573492215063922e-01
6.712287822926681358e-01 9.816894520276390201e-01
6.669940752552826480e-01 9.827848789263086138e-01
6.652497877495211487e-01 9.832160321617184895e-01
6.642805897567389817e-01 9.834491161363689837e-01
6.586938610992425502e-01 9.846864117901066304e-01
6.551136504609129663e-01 9.854761913337031221e-01
6.506852299024491471e-01 9.864517419618765715e-01
6.481921912684003306e-01 9.869868072668900316e-01
6.462809647111470435e-01 9.873321539860651086e-01
6.461715778364633955e-01 9.873516842698165652e-01
6.439148996456038887e-01 9.877463389720956277e-01
6.410258202909913106e-01 9.882480837160834142e-01
6.362067534475516206e-01 9.890654005823917849e-01
6.335022311658474736e-01 9.895036030428880913e-01
6.291157272307380532e-01 9.902124857941883018e-01
6.237749027706848137e-01 9.910576828106146818e-01
6.224553122213242196e-01 9.912645731992678622e-01
6.210652654934750716e-01 9.914798809207937547e-01
6.191695306859518189e-01 9.917686229279598642e-01
6.150518130990941801e-01 9.923730703731363789e-01
6.130153128892443792e-01 9.926584016390432863e-01
6.091843084484332982e-01 9.931885435148228858e-01
6.060554652298562051e-01 9.935883662143063511e-01
6.020065463836671293e-01 9.941029571724983027e-01
6.018207143088671884e-01 9.941254598338246096e-01
6.002675244615208738e-01 9.943066318965941841e-01
5.996353301965644533e-01 9.943796699982395682e-01
5.918276873187948706e-01 9.952632457072697614e-01
5.914479015696646469e-01 9.953052017566130782e-01
5.892877389631726581e-01 9.955361033606389132e-01
5.891163951137493582e-01 9.955535035555100887e-01
5.863455246956760236e-01 9.958252476955166133e-01
5.805486059523760067e-01 9.963595411996154505e-01
5.780411074919790115e-01 9.965739129896026283e-01
5.773958296287564629e-01 9.966244908373845801e-01
5.728416445877546614e-01 9.969616467392824477e-01
5.711613708151705993e-01 9.970857546785411030e-01
5.685655764967622039e-01 9.972759916388472812e-01
5.682001763657340554e-01 9.973005190770216633e-01
5.634612704131519711e-01 9.976024063877133585e-01
5.574658550914440847e-01 9.979615406632824648e-01
5.544453239094419006e-01 9.981270991075305021e-01
5.529371009285163341e-01 9.982084897359981834e-01
5.494610551220074912e-01 9.983915883937219959e-01
5.464924113162098473e-01 9.985463676327239746e-01
5.433498887868727367e-01 9.987077207670420620e-01
5.416018803475018961e-01 9.987949798136674939e-01
5.399925989885262512e-01 9.988721196956756865e-01
5.384259606855635871e-01 9.989389384329948607e-01
5.358303736490154234e-01 9.990394462384836194e-01
5.345813610126738391e-01 9.990792839222500943e-01
5.329680119516629899e-01 9.991028215337525165e-01
5.315289946376164920e-01 9.991200192778275646e-01
5.296206464038687445e-01 9.991263956880567232e-01
5.255435938436719967e-01 9.991316353409680495e-01
5.217219468135123606e-01 9.991283439136003919e-01
5.195226005946744774e-01 9.991198789397944813e-01
5.165812065120725105e-01 9.991046653694339863e-01
5.147871021222978349e-01 9.990865969411466541e-01
5.121489558130704056e-01 9.990427254252455258e-01
5.058941943364730909e-01 9.989361233405738005e-01
5.037047939556836829e-01 9.988984414675223800e-01
5.005052221830271764e-01 9.988276820295377556e-01
4.983039447138710720e-01 9.987632209148274987e-01
4.949046614250733889e-01 9.986544506718328940e-01
4.926381229535838902e-01 9.985712874952242801e-01
4.852008958777749292e-01 9.982526784945179310e-01
4.846527274188990875e-01 9.982257919381603006e-01
4.776257992769119554e-01 9.978431732221433315e-01
4.753060651314581220e-01 9.977162061309561292e-01
4.745192989244876314e-01 9.976682705241499693e-01
4.701731421557108215e-01 9.973970844884051390e-01
4.692286209303748734e-01 9.973379409592992850e-01
4.650684175681103483e-01 9.970296318539028091e-01
4.592035658122236574e-01 9.965924362590116159e-01
4.584745091496078562e-01 9.965370072618002784e-01
4.518662853817243530e-01 9.960215494706199379e-01
4.492545281508002475e-01 9.958174797788608146e-01
4.466028702470398182e-01 9.956071210618271383e-01
4.418448135400077081e-01 9.952264023943853122e-01
4.302984365461705041e-01 9.943022648174945077e-01
4.278031791791075955e-01 9.940856531715305255e-01
4.240739681322347465e-01 9.937381229291022411e-01
4.224517836936008131e-01 9.935844154480369950e-01
4.213989275563115866e-01 9.934830575532446195e-01
4.194744845607982775e-01 9.932889072754823578e-01
4.176450245414325968e-01 9.931019377625727174e-01
4.176079243427400778e-01 9.930979593271933581e-01
4.163022686242998649e-01 9.929563093976383481e-01
4.100975428347565233e-01 9.922488831700845280e-01
4.063291248411385892e-01 9.918122832020308532e-01
4.029530172172921532e-01 9.914149522723534336e-01
3.980114450885419153e-01 9.908185270608191875e-01
3.915352381114326485e-01 9.900158610512803659e-01
3.898214484099856714e-01 9.897968064215094675e-01
3.881037163953617863e-01 9.895696746818022360e-01
3.854913008518844331e-01 9.892174533940075731e-01
3.830092141204728406e-01 9.888412157703150296e-01
3.811286525728119212e-01 9.885494239088288282e-01
3.788720620737328071e-01 9.881968215011932566e-01
3.761178974481727000e-01 9.877315544755197463e-01
3.735623977857814859e-01 9.872871499924150696e-01
3.687570070460302052e-01 9.863504050552664992e-01
3.673867391854518383e-01 9.860736636062050753e-01
3.643071135791678961e-01 9.854371908803384317e-01
3.620774823266939002e-01 9.849759324798881277e-01
3.576507043984058498e-01 9.840578066330943896e-01
3.550555168716387211e-01 9.834996614723636732e-01
3.515852505587768739e-01 9.827386998921860961e-01
3.493508155954091476e-01 9.822297571208573608e-01
3.463599354118270801e-01 9.815359734974788974e-01
3.443646654542275032e-01 9.810689389754055911e-01
3.415499442453315826e-01 9.803516493154069700e-01
3.398210885669686876e-01 9.799079407662060204e-01
3.360368434715578223e-01 9.789351477920051892e-01
3.339336042521051651e-01 9.783926616230845807e-01
3.319201390007445740e-01 9.778616187342408228e-01
3.293081795293933967e-01 9.771348580899273939e-01
3.276702316643287372e-01 9.766657049275432323e-01
3.218310038268819007e-01 9.749749877685277566e-01
3.196160590244252475e-01 9.743244385945433184e-01
3.162311617079350823e-01 9.732783549657491040e-01
3.138560696528045479e-01 9.725304374772107963e-01
3.128844103265945309e-01 9.722027191268021173e-01
3.112582865515703956e-01 9.716156911362134885e-01
3.102800414060402634e-01 9.712589679558903955e-01
3.072586385374322937e-01 9.701428129737902362e-01
3.061404172841987181e-01 9.697220618298659778e-01
3.020856432667397007e-01 9.681852387463302234e-01
3.002788879776669972e-01 9.674989715617745567e-01
2.966204023971155124e-01 9.660911372834505295e-01
2.912247135014012223e-01 9.639701409396624898e-01
2.873345434779913665e-01 9.624043101839288017e-01
2.857272820190936979e-01 9.617505620404118716e-01
2.816117075151522986e-01 9.600275501288459967e-01
2.805898143893226226e-01 9.595896479072340002e-01
2.772155450477490346e-01 9.581388637293224431e-01
2.767800103208427620e-01 9.579492015364868829e-01
2.766705787288935570e-01 9.579012332333881607e-01
2.711474596742465826e-01 9.554762408533036266e-01
2.699279142569481760e-01 9.549276003634715737e-01
2.689942906008053747e-01 9.544988518124504218e-01
2.677957856630555078e-01 9.539057445793914791e-01
2.669381022769096168e-01 9.534785203392347475e-01
2.626172154277188753e-01 9.513233089802666242e-01
2.593277494560769503e-01 9.496636604913094581e-01
2.582729259263396582e-01 9.491288641039640206e-01
2.533081130080723220e-01 9.465954756369088230e-01
2.502494455207847635e-01 9.450006981645469040e-01
2.495704248885096677e-01 9.446377827828670304e-01
2.477922480093013302e-01 9.436852531150569101e-01
2.465285365136496987e-01 9.430029355568692040e-01
2.438219303630463353e-01 9.415404396800242104e-01
2.424483814840088236e-01 9.407851970886123016e-01
2.402799548654165340e-01 9.395547318693699967e-01
2.364780120669690566e-01 9.373947154793077496e-01
2.329484596228945659e-01 9.353882017315860997e-01
2.315616008083053456e-01 9.345752312538643247e-01
2.256553489531983869e-01 9.310318884479792390e-01
2.231022475039294850e-01 9.294956633188941053e-01
2.223343392384031780e-01 9.290318579757816941e-01
2.204677566663489907e-01 9.278884716496804685e-01
2.182535756247759862e-01 9.265212515280412120e-01
2.180351147573237336e-01 9.263858148385105684e-01
2.129643931380359456e-01 9.232009814307535756e-01
2.126500810567789612e-01 9.229977300511075233e-01
2.112455452581953885e-01 9.220712088289360064e-01
2.092676699917445093e-01 9.207628084595669282e-01
2.059136192213368854e-01 9.185388935216605155e-01
2.053697986601437098e-01 9.181712222630927789e-01
2.015936076533328958e-01 9.155086628571784679e-01
1.993373165592794427e-01 9.139106577495546002e-01
1.975357462736235803e-01 9.126250540365937747e-01
1.953943570902307858e-01 9.110719046126557474e-01
1.945435426482901020e-01 9.104465806084165447e-01
1.906500348912923970e-01 9.075618912564141771e-01
1.901657015344507817e-01 9.072005393639125392e-01
1.874331782845546357e-01 9.051555385510062779e-01
1.830634275827235369e-01 9.018425646464035550e-01
1.824112479721157198e-01 9.013473451591709207e-01
1.807696515499220835e-01 9.001004315062912653e-01
1.790696609079719392e-01 8.987991871590212956e-01
1.769437955898691683e-01 8.971590658155251807e-01
1.721016073972394533e-01 8.932550808068263626e-01
1.674666432004021654e-01 8.895005279584318192e-01
1.665165525550237335e-01 8.887205391673704824e-01
1.607313605134758072e-01 8.838226159671391802e-01
1.593668225913427161e-01 8.826274703398175880e-01
1.574754343671381784e-01 8.809659014473677496e-01
1.536183340051575641e-01 8.774635649257578329e-01
1.517685551496166241e-01 8.757325220661363874e-01
1.500790785134854533e-01 8.741416249125461002e-01
1.477827010911917371e-01 8.719783517468341349e-01
1.463353687027253436e-01 8.706006429212536091e-01
1.442194547955154560e-01 8.685344067953307823e-01
1.431716173576174089e-01 8.675095789937564694e-01
1.411285616132804677e-01 8.654688499738336649e-01
1.377743358937233431e-01 8.621166055663663785e-01
1.362292997048840659e-01 8.605690094413415148e-01
1.326729387067546728e-01 8.567967657120613145e-01
1.298972800216914303e-01 8.538469387796427945e-01
1.282462815883792517e-01 8.520759824860894005e-01
1.277339252402174274e-01 8.515200123095156837e-01
1.244025308909508798e-01 8.478436273170825155e-01
1.234178844208037029e-01 8.467235760817835022e-01
1.228219498481040173e-01 8.460453535967888961e-01
1.195009404120022101e-01 8.422360909193836731e-01
1.177898318906521746e-01 8.401522089889310596e-01
1.150162892292099226e-01 8.367087153553740553e-01
1.139217274122614754e-01 8.353490653166180113e-01
1.109839478380847400e-01 8.314815518189225818e-01
1.097262781715592217e-01 8.298139677464957398e-01
1.066185460397042206e-01 8.255603704668988962e-01
1.048477533238674209e-01 8.230964738562622784e-01
1.029039985428382709e-01 8.203458394542982868e-01
1.022217270724437022e-01 8.193789437865068859e-01
1.001552485011779625e-01 8.164459244030803919e-01
9.782020517007206095e-02 8.130316500166812066e-01
9.724082002110534528e-02 8.121660408271387244e-01
9.128051704058248728e-02 8.029985875572880349e-01
8.746161296801679974e-02 7.970488322184536845e-01
8.671698268559246969e-02 7.958731690059125397e-01
8.625506284151818193e-02 7.951429676182779627e-01
8.504077751455985101e-02 7.932168559084592507e-01
8.369019831278801114e-02 7.910264186359591276e-01
8.314533823396286216e-02 7.901238350601853533e-01
8.156817046981956754e-02 7.874876084232232953e-01
7.915790994792371027e-02 7.834315816853842929e-01
7.747899499978827542e-02 7.806050281691586656e-01
7.574618784770614788e-02 7.776097450539360967e-01
7.537808815623481262e-02 7.769639921588176179e-01
7.400712517020469061e-02 7.745508467506411199e-01
7.291478638999837614e-02 7.726124596450961723e-01
7.242539127745550864e-02 7.717393903384934806e-01
7.014143368273251244e-02 7.676587179229404923e-01
6.807576874964416103e-02 7.639618653424857797e-01
6.786097193186502174e-02 7.635711182428149835e-01
6.461885061887362447e-02 7.576366154486968707e-01
6.311854890236212601e-02 7.548534011421500489e-01
6.017408742346008754e-02 7.492300737230368490e-01
5.932947875699223772e-02 7.475794001351224738e-01
5.873105999442274072e-02 7.464055245604229727e-01
5.577034467352670610e-02 7.405081724223805395e-01
5.512409631753001360e-02 7.391941855862603772e-01
5.401376257793610858e-02 7.369205341581160917e-01
5.284510095509131755e-02 7.344428471554694804e-01
4.933243355357475046e-02 7.269463761060654949e-01
4.473843531858034961e-02 7.169453633788214209e-01
4.329725946024065575e-02 7.134685841263312955e-01
4.258265802063099237e-02 7.117320668738985612e-01
4.163385293458721215e-02 7.094087790828389473e-01
3.941865424948198804e-02 7.038541220110633434e-01
3.812584166035104527e-02 7.005301150499091412e-01
3.734573042837752155e-02 6.985158497200789629e-01
3.642090348128046440e-02 6.960366563445958832e-01
3.627338554614967236e-02 6.956262353067079740e-01
3.435407553609126641e-02 6.902272112693731421e-01
3.213703097102182937e-02 6.839795167356350625e-01
3.013098652685053391e-02 6.783106784707882975e-01
2.964635727102216123e-02 6.769358950012697163e-01
2.876377740156255136e-02 6.743699320538533160e-01
2.818438857551586185e-02 6.726573951469163593e-01
2.660515159511944727e-02 6.679644526066560450e-01
2.497103190746674528e-02 6.629664305840199390e-01
2.453195567351418305e-02 6.616094790030685457e-01
2.379234045585820745e-02 6.593227381789489305e-01
2.358351329510743888e-02 6.586682733054599614e-01
2.310167914321370475e-02 6.570462943404481448e-01
2.251651980708813117e-02 6.550600451965765680e-01
2.141061421897483275e-02 6.512541404545435508e-01
2.044532910888041677e-02 6.476870520551416543e-01
1.956743977047437077e-02 6.442149538281358723e-01
1.873679610079070912e-02 6.408962370163633349e-01
1.848850302294813286e-02 6.398579023702429813e-01
1.839546641620903866e-02 6.394623495609793595e-01
1.764166771043251813e-02 6.362546248706366647e-01
1.666836687542705420e-02 6.321125133585275835e-01
1.622819263544572621e-02 6.301725682624379488e-01
1.555490475696363895e-02 6.272027565792891446e-01
1.504499552238192095e-02 6.249115356222083584e-01
1.425893160442059937e-02 6.213411765044639656e-01
1.326529878700832832e-02 6.167861449752020109e-01
1.293788932950623582e-02 6.152439773481765961e-01
1.223321354938033956e-02 6.117187661571008572e-01
1.186128482200043965e-02 6.096680715291720176e-01
1.126750877864191036e-02 6.063826864088197599e-01
1.090663303193328826e-02 6.043213030963604515e-01
1.022421856742738999e-02 6.004171274127383384e-01
9.495897686588206099e-03 5.961586608579563240e-01
8.759639787785378218e-03 5.916137096000911866e-01
8.229629706305918724e-03 5.882700607728474917e-01
7.595497171024145899e-03 5.838378057065090054e-01
7.140743053693499043e-03 5.804176458092837887e-01
6.732142370705185286e-03 5.771649233273299373e-01
6.673356267686836318e-03 5.766929221993233323e-01
6.402408887889787792e-03 5.744731154704165732e-01
6.349740938115577826e-03 5.740133008683397930e-01
6.097622553641213194e-03 5.716599951478940067e-01
5.915974352177943985e-03 5.699116733255119582e-01
5.153156138531289621e-03 5.617866683315698717e-01
4.607542122079588687e-03 5.553548945582710283e-01
4.294154358338908573e-03 5.515782897576168020e-01
4.187415479257383666e-03 5.502488184352812839e-01
3.954179449888184372e-03 5.470174972087895604e-01
3.558350573202417877e-03 5.413924270864113319e-01
3.352418297529413671e-03 5.383194585823412037e-01
3.025690429837357698e-03 5.326263491322648091e-01
2.389018625547634223e-03 5.210492333526176578e-01
2.356229072513316147e-03 5.204208824444532810e-01
2.229336582021512747e-03 5.177013613774054113e-01
2.086538057647024935e-03 5.145153731116508533e-01
2.061322212048133373e-03 5.138674849117752519e-01
1.967078962958446198e-03 5.113852548014901078e-01
1.843488146347493917e-03 5.069768716754352589e-01
1.758023795744634299e-03 5.037805155021741754e-01
1.723947701215644557e-03 5.024641690458968579e-01
1.675575408865981331e-03 5.002970799374595323e-01
1.612965419844347714e-03 4.970277158687398389e-01
1.531210688201722903e-03 4.926022391082653940e-01
1.348555059300426961e-03 4.814347228926879607e-01
