1.084042744839113781e-01 1.359235971820071942e-01
3.770695021819723824e-01 9.945278822720466927e-01
7.670366521885296773e-03 4.161453114628375083e-01
5.744196301459553178e-02 8.014973730768482074e-01
9.428566759409044984e-01 2.160541637045914065e-01
9.297458820313070360e-02 1.585237234727634448e-01
9.113162592642458648e-01 8.032159356529917638e-01
6.512900408409358910e-01 9.746158795544991316e-01
6.944295732809724342e-01 9.614274310160342285e-01
1.315743744816826877e-01 8.946458164320920670e-01
6.383924423640792156e-01 9.779322540789057161e-01
7.787093121596506684e-01 5.620477669295742551e-02
7.858516981303860227e-01 5.978232546377948431e-02
7.539463511465598344e-01 9.366995382400387093e-01
3.420881990388270899e-01 9.896006329233670851e-01
5.255094469258629886e-01 3.889683870998084103e-03
8.272544599343227834e-01 8.943428145796460393e-01
9.991853406513939717e-01 5.024565514570971114e-01
9.756302189191319307e-01 2.982428021198929580e-01
9.655350865216307810e-01 6.907061755130422531e-01
9.641843892062065269e-01 6.948885550360512919e-01
2.460283562482126762e-01 3.849328059548906555e-02
7.934421292425100081e-01 6.393632773389645862e-02
2.593329361372836983e-02 7.137296080380881591e-01
9.850376558528359805e-01 6.141902824367525549e-01
3.408562015676575019e-03 4.535703497367441495e-01
6.795933118919700311e-02 2.026317282373882867e-01
1.041506515665063803e-02 3.991957452736752954e-01
4.491895619266725315e-01 9.980106395347710935e-01
6.793606462409083058e-01 9.665098386891619597e-01
9.984190140815401016e-01 4.336001204049384494e-01
5.580884952192470827e-01 9.932892210437817004e-01
5.068598954824077296e-01 9.973403143906424129e-01
1.557548193567481198e-01 9.139439925310334223e-01
9.910917622265333904e-01 3.675428493242733907e-01
4.478572958394507197e-01 9.979928774182786899e-01
1.499559870938249606e-03 5.536157721446942626e-01
1.700110334899281317e-01 9.243227058637868421e-01
1.238358379500106854e-01 8.879259802213714803e-01
1.682352608781162995e-01 9.230519901807604510e-01
7.432826280620350445e-01 4.122496182692891864e-02
1.759588949815534265e-01 9.284588554943126182e-01
2.895829248508879905e-02 7.243398791824218197e-01
7.332472930492039964e-01 9.460975616101523489e-01
5.078727851009301464e-01 9.973027896839102846e-01
9.585035412468656535e-01 7.104904856396322410e-01
2.855857231104160232e-01 9.772800365643734555e-01
5.198402179524901356e-01 3.503568275857404934e-03
9.516369823592034649e-01 7.277618193224140164e-01
1.951062171005097379e-01 9.398041087961761519e-01
6.618150722148361531e-01 1.901745917065322811e-02
1.386881019689911176e-01 9.005183365055577926e-01
1.476701503141316096e-01 9.259666272386324337e-02
9.699049485333690601e-01 6.762812337935759643e-01
5.973568512956661802e-03 6.104661805033595456e-01
8.111451885121543359e-01 7.442610994220599796e-02
2.311208832685880954e-01 4.415674309562400701e-02
5.818043792217791887e-02 8.031296031365510180e-01
6.004199438381757625e-02 8.072011069511029202e-01
9.953330369418784684e-01 3.986754570054924507e-01
2.358829468959916520e-02 7.048761581681000088e-01
3.951986561447455304e-01 9.961554641154882761e-01
5.008601482872949706e-01 2.521425665641285896e-03
6.251443797795658286e-02 8.122184981734591469e-01
2.214137508101636231e-01 9.531021441388946025e-01
3.916653297137813738e-01 9.958823147462353420e-01
6.960398154881985988e-01 9.608417933003925437e-01
7.369107251528617120e-04 4.999175910223251362e-01
4.118628847897864431e-01 3.909678681225381425e-03
1.106732756582234911e-02 6.441071861165069690e-01
5.523553793417275148e-01 9.939631607395940094e-01
9.725619900018178665e-01 6.668813868113639964e-01
9.522832676488406367e-01 2.360104776073724819e-01
3.681487145064238908e-01 8.985145510228886856e-03
8.549903207122904192e-01 8.717698221182488272e-01
4.333693088058924725e-01 2.447978860087185460e-03
9.935654117133634333e-01 5.672983228374275377e-01
8.566677389731941483e-02 8.488344486231492736e-01
9.434836882210462239e-01 2.172540267313272100e-01
8.370107709641487759e-01 8.868872215322144426e-01
5.787593785482830766e-02 2.245213065145227338e-01
2.163671428888519488e-02 6.970582000758769325e-01
9.131033456802764015e-01 8.002021488221061629e-01
7.192482713376251446e-01 3.328280444574305275e-02
9.573912571270408733e-01 7.134668060636206732e-01
9.989861815116050092e-01 4.449184807242723139e-01
3.509661784208201740e-01 1.178655776690173962e-02
9.986689878618013605e-01 5.120168175408348343e-01
8.196227499008161832e-01 8.027796519256102936e-02
1.567296867909384050e-01 8.549529388906640381e-02
8.413869602624832744e-01 8.833294422341262386e-01
5.299168590454776950e-01 9.960126496794339257e-01
2.735715425614066443e-01 9.733277358695812120e-01
9.417640611711250997e-01 2.140229753963232007e-01
7.670751574309451204e-01 5.077527800563241822e-02
9.986919361886261726e-01 4.389590749818692572e-01
8.846266310942290101e-01 1.362145222370197972e-01
8.307776397511930089e-01 8.827909348044937765e-02
2.452872712422332624e-02 3.305526506754494775e-01
1.281615943948216652e-02 3.861537049762878704e-01
9.956966733187693208e-01 5.480243841506363678e-01
9.199546770377322602e-01 1.785636003876309719e-01
6.274451876160542785e-01 1.377311065955300062e-02
4.504067585431769660e-01 2.042090086061265630e-03
5.622194523602130900e-01 9.927412468971619219e-01
1.088581975998981211e-03 5.451975004305392725e-01
2.108056116671142011e-03 4.725306644632576436e-01
1.307942055153205607e-01 1.086007652917471145e-01
8.717785611356121400e-01 8.550928105927949607e-01
1.818314191464778795e-01 9.321294017898842377e-01
7.029919589863520279e-01 9.582300771864636912e-01
6.118508267916822341e-01 9.840662556010189022e-01
2.359883365422282830e-02 3.345878458900224395e-01
4.027395696064611785e-02 2.730295827849892332e-01
6.701162077181579413e-01 9.693746676306722598e-01
7.557731030682852680e-01 4.602282168356841563e-02
8.126227651225825799e-01 7.543329846869928357e-02
9.255534625729771037e-01 1.868396535023422178e-01
1.781853813318801105e-03 5.590208164406282876e-01
4.142521222201322462e-01 9.971699877182568228e-01
7.640407558997817095e-01 4.944878260605323206e-02
3.171987968676058256e-01 1.878852053062030070e-02
3.808713537346580247e-01 9.949404990207646460e-01
2.451491008341016853e-02 7.084179399357580786e-01
7.296387491532581038e-01 3.655612767288707321e-02
9.980778543904404998e-01 4.276883356106652156e-01
9.877005544592667441e-01 6.011355631298637148e-01
4.820724809204953165e-01 1.862508113982475066e-03
9.829136432848661897e-01 3.260068410220440249e-01
4.672836430277216291e-03 4.404471591536854858e-01
6.067019669720747910e-01 1.109348056561976215e-02
9.527177550131034067e-01 2.369956225433573760e-01
7.919696901287591739e-01 9.167834354205438574e-01
4.316476324432875766e-01 2.503779960160046336e-03
2.576336544040867538e-01 9.675579689822576546e-01
8.727705404060009942e-02 1.675990652868019071e-01
9.545603700616309695e-01 7.208912896544175108e-01
3.849750261253909178e-02 7.543074135195620977e-01
2.152742445952815498e-03 5.654254102280423799e-01
2.105287712571905501e-01 9.481230806770685193e-01
8.920668915002918364e-01 8.320071667718613728e-01
7.472613179532188177e-01 4.269602901169577969e-02
2.350473073633451704e-01 9.588452464988316271e-01
5.892997913776258923e-01 9.085387643200437680e-03
8.816971404070366169e-01 8.442110776219819979e-01
8.941363515490652336e-01 8.291658048708134832e-01
2.687290267748998485e-03 5.738887516047206372e-01
9.113971745366484800e-01 1.669715863835489200e-01
6.570001331393776622e-02 2.070518316365188571e-01
9.074789287166000751e-01 1.619812543813505812e-01
2.731050798055373319e-02 3.190413332810224656e-01
7.840652336251647814e-01 9.212596953972737035e-01
6.318959849928990069e-02 8.135362554620398923e-01
3.254863648478212301e-03 5.818760708925695413e-01
7.459825255896499474e-01 9.403938037808008410e-01
2.187151760052153393e-01 9.518959220380527331e-01
3.668052950421210601e-01 9.182366518101447994e-03
4.288510498529545800e-01 2.673127655203999531e-03
8.410256191240439438e-01 9.588314348513782281e-02
6.338735631999320441e-02 2.118844374301377398e-01
9.541434195070646052e-01 7.219395914306594442e-01
5.049729847295081342e-01 9.974012630834396820e-01
9.939370054407252741e-01 5.644287595378711941e-01
6.176318794374979770e-01 9.828637957101782341e-01
9.982669135256696524e-01 5.179363319174681290e-01
9.914742960746445455e-01 3.698834918673058469e-01
9.399691931249232191e-01 7.524302687158497260e-01
6.834961108665091878e-01 2.358480544155772129e-02
8.632471703503989957e-01 1.146502340379592644e-01
7.247741035711166013e-01 9.496466867343723584e-01
2.779936500275932976e-01 9.748551373956003685e-01
9.401534184538020700e-01 7.520791377469495664e-01
9.653591142504234224e-01 2.677825131667326275e-01
9.991626276047296251e-01 4.489870393958944605e-01
9.772030276276173488e-01 6.484881035214641321e-01
1.922003530410915095e-02 3.545272845935847350e-01
8.910857498651174602e-01 8.332560905864747625e-01
2.561392631888610993e-01 3.518460795606836999e-02
9.851138225942290827e-01 3.355016399556020046e-01
4.307063988006020749e-01 9.976855419292314231e-01
1.079906865230839119e-01 8.734098465005041279e-01
6.031590820626351324e-01 9.858307837918430794e-01
3.541964800985470396e-01 1.119575284344820343e-02
5.124353218327843962e-01 3.075418058396728327e-03
7.130661783358399619e-02 8.283084161226177411e-01
4.441280945411115177e-01 9.979418722090397376e-01
1.212427533729154017e-01 1.190401097032832700e-01
5.480853487732697538e-01 9.944283467737615734e-01
8.072762518831040346e-01 7.185023578517091281e-02
6.838171050566499432e-01 9.650489246406567245e-01
7.679244255727996071e-02 8.369779606349071477e-01
9.854541296645493720e-01 6.122101851814133466e-01
8.566640916274006479e-01 8.702329010095105621e-01
6.472079530908875222e-02 8.164238609243220646e-01
8.721475307278165889e-01 8.547017975853447025e-01
3.195296659887601476e-01 9.856427609620252994e-01
3.255302028930758262e-01 9.867719198491351484e-01
1.828491488255090669e-03 4.777580460944420571e-01
7.046082430702577115e-02 1.978031532215803745e-01
8.887200505279748697e-01 1.405517787130829976e-01
9.812150123191301088e-01 3.189619792851879909e-01
7.017589703015025826e-04 5.008246994251730477e-01
8.767202480550331245e-01 8.497235967902030396e-01
1.516572267081112702e-01 9.108603537402055750e-01
4.063488166985841921e-01 4.374921592656177971e-03
4.789943140494434259e-01 1.816551808533017898e-03
4.618736028499680901e-01 1.863748583770252765e-03
6.063983885375954230e-01 9.851941577249968551e-01
8.232699436987283015e-01 8.970747840699540010e-01
3.572732592105835603e-01 9.919116802825460599e-01
9.780442320313020854e-01 6.449635486777789417e-01
9.854660950948803677e-01 3.370756223841621102e-01
5.627864160360454004e-01 9.926635861151978935e-01
3.310646574630094485e-01 1.584505972632432869e-02
2.698372864440574115e-01 9.719832413269645643e-01
9.971433640996645309e-01 4.157986443207881688e-01
1.076414456435969558e-01 1.369959230316804000e-01
4.891389460452477689e-03 4.385362002447260599e-01
7.316089151622957587e-01 9.468119622671421487e-01
8.809260868737669448e-01 8.450687488574387674e-01
3.497988320574983434e-01 1.201134473781217959e-02
7.064930221597696125e-01 9.568863940445856420e-01
6.327934568451167863e-01 9.793140376366785693e-01
4.781399369148830458e-01 1.818425263505285550e-03
4.822829760846858438e-03 6.004202399614124719e-01
9.989829603593014529e-01 5.069226757258691318e-01
8.926051822707812278e-01 8.312766425940399939e-01
6.478282317034094184e-01 1.673297156575159761e-02
3.874383908835149493e-02 2.779770621253715435e-01
6.856291462914068102e-01 9.644362832031100341e-01
4.884070672118029366e-02 2.477837567174724365e-01
6.535604602206979141e-03 4.246129859353690028e-01
3.019102588284041100e-01 2.221873352324532647e-02
2.241918920190283937e-01 4.698956440818946589e-02
4.912246967925512631e-01 9.978436567849259253e-01
2.076886975800387725e-01 9.466693101447277714e-01
7.140372748409462567e-01 3.171937220221887621e-02
6.394527028401464364e-01 1.548570620455147484e-02
9.799709190217784638e-01 3.139697450341450979e-01
2.233533144151040317e-01 9.539525800743541284e-01
8.434036458811033921e-01 8.816572692723709803e-01
8.224565785352329073e-01 8.228966048409436240e-02
3.437795064704399217e-01 1.320646143996662136e-02
8.973577256806717362e-01 8.246021508364574926e-01
2.796709866324798011e-03 4.616993602100651906e-01
6.439997922632461069e-01 1.614602930269282144e-02
7.946168137485271066e-02 1.809714210691686365e-01
8.052312678509931931e-01 7.062885478741742773e-02
9.874040565168515915e-01 3.465694226329596450e-01
9.995341993996738061e-01 4.902472333421712403e-01
1.214454369205406059e-01 8.858449027368897610e-01
8.865795307092156907e-01 8.386689860016759424e-01
7.401920743057260887e-02 8.328761453886402988e-01
1.216108041118463823e-01 1.186152736982900580e-01
3.199108214899991087e-01 1.820551436436912418e-02
4.264391512488979741e-02 7.656258371889750336e-01
1.636778225535792664e-01 8.030858969981380380e-02
4.707799900969572571e-02 2.527546114253129694e-01
9.252160895388790163e-01 7.792626274988897483e-01
7.394872485914030236e-01 9.433566980789860335e-01
9.341376976100319585e-01 2.009449075087486047e-01
9.894798651517680010e-01 3.580400593266044318e-01
5.903689080754975782e-02 2.217771774095307347e-01
4.069944930098766123e-01 9.968745137632915032e-01
9.348578152355579984e-01 7.618771676114266533e-01
1.360342011285736175e-01 1.032730857410587566e-01
9.991822564811347895e-01 5.025463760158017656e-01
4.283890588226885732e-01 9.976231916314306503e-01
7.270995781262107327e-02 8.307286910860337548e-01
3.353551583096129884e-01 9.885028949016059219e-01
5.340374884132415012e-01 9.956913596181362625e-01
5.186659214217506086e-01 3.430538626890577980e-03
2.442022428883501850e-01 3.914691809542292233e-02
5.741545222081552158e-01 9.910717962313151386e-01
2.829934822708865538e-01 2.712997677169648458e-02
4.535898107995792183e-01 9.980584491905036826e-01
7.608297483166921449e-01 9.334160627159403534e-01
5.441105876430113453e-02 7.946131716896247532e-01
9.772129438752663599e-01 3.036188227069166468e-01
1.871271303576166334e-02 6.839110229948014430e-01
7.404405349747498200e-01 4.020448664299614006e-02
6.268375760064609503e-02 2.133888240803186731e-01
6.483886583888338606e-01 9.753738873302362222e-01
2.695774849319781952e-02 7.173870551345815638e-01
1.508861632143783660e-01 9.001183128954515222e-02
9.045279568328751241e-02 1.625170185165986103e-01
5.883870152418663180e-02 2.222399575011787531e-01
1.830407929212504725e-01 9.328650555529657273e-01
1.189271855493617136e-01 1.218980083818684834e-01
3.230070685228706995e-01 9.863056028764836114e-01
9.425481483785234094e-01 7.473086269840879536e-01
1.444730798305277064e-02 3.777577494229491517e-01
1.679338566857196957e-02 3.661223667743874755e-01
9.783470150360857875e-01 3.076696581062524638e-01
8.646379688468233127e-01 8.625123597482333704e-01
9.192172929180403296e-02 8.566024553959621368e-01
1.470389590792506307e-01 9.072195148809887311e-01
7.303127209769402217e-01 3.677939558885912064e-02
9.231028365664106783e-01 1.831750636416720202e-01
2.257069086464041363e-01 4.634817115745415439e-02
7.485934507847571417e-01 4.320725841912675946e-02
8.842076505490727989e-01 8.413855630807339780e-01
9.568795843247597244e-01 2.467195009113041237e-01
9.797496096988778103e-01 6.377809186756137061e-01
8.303250139209636949e-01 8.920956883223832845e-01
1.175537938025444373e-01 8.824063269115836050e-01
9.632427308344206907e-01 6.975930560407654912e-01
5.969848648019631110e-01 9.869933426153676415e-01
7.889379856902607457e-01 9.185473044928025299e-01
9.604994267061015556e-01 7.050909887655506525e-01
9.837727907040343389e-01 3.296971937968813382e-01
4.201783092259508412e-01 9.973737247795161354e-01
6.872594640964064805e-01 2.448911087767413619e-02
9.320564996727371820e-01 7.669891814051450485e-01
7.872448519240167197e-01 6.051451569017030074e-02
4.407370118530429259e-04 5.081969058019247809e-01
6.647853259131046855e-01 9.709118467288679888e-01
2.991953326034352267e-02 7.275449363500302580e-01
7.403382113654752850e-01 9.429824025135447041e-01
6.411363013083934970e-01 9.772385593772726642e-01
3.192336775177107566e-01 1.835068917955995360e-02
6.864755953804273503e-01 2.429938722524593864e-02
6.262254634076314108e-03 6.124875198713058966e-01
4.370650925105505347e-01 9.978246720766453803e-01
9.685257230467749778e-01 6.809690380549181521e-01
3.675801062426470867e-01 9.068415297698195765e-03
9.146400422017253451e-01 7.975995584158674934e-01
7.603239735189728510e-01 4.786050295165455992e-02
8.899377016825447129e-01 8.346712255577443118e-01
2.502739099934064848e-02 7.103496184963988824e-01
2.599707411596506312e-01 3.397644734840099545e-02
7.520183721174624747e-01 9.375988916158876085e-01
7.754369264467224632e-01 9.259098704823348625e-01
9.152758189841309067e-02 1.608060348765406600e-01
2.428580228530746732e-02 3.315887019073746611e-01
9.977578181771562527e-01 4.229777892644432935e-01
8.317802469564838930e-01 8.910051842603118333e-01
6.288068456773303616e-01 1.395882550119509347e-02
1.876925105032908880e-01 6.462008370558458559e-02
7.120442551976626788e-01 3.114594991144437053e-02
3.294388255775069774e-01 9.874812229699643229e-01
9.927263581995020569e-01 5.734704785758102386e-01
3.162990396703816987e-01 9.849863205897537721e-01
3.628205166162033479e-01 9.798838208343041423e-03
6.363634069916563885e-01 9.784376649510168056e-01
1.735102976524988683e-01 9.267947864428343063e-01
1.094805955289140931e-02 6.434370947999662471e-01
6.505215416648633120e-01 9.748169227207886811e-01
3.276371547031309284e-04 5.241093775835461432e-01
3.835738426463405903e-01 9.952123743064623662e-01
1.738293130647380891e-01 7.309209100629254774e-02
5.525819663765336731e-01 5.911287686732991098e-03
1.989030367243356801e-01 5.884022230712349089e-02
9.017368971682966361e-01 8.181935787961447382e-01
4.892970314570033175e-04 5.306511965122475694e-01
2.098081778487520532e-02 6.941786318402176637e-01
4.978485679098579308e-01 2.400036264432636735e-03
4.772142035989289099e-01 9.981103375225275354e-01
9.922895877571822343e-01 5.761493746322701170e-01
5.479018815451230928e-01 5.544876062765657920e-03
8.609250574213775931e-01 8.662232293291513008e-01
1.822019138105209213e-01 6.771960992046222039e-02
7.585277140098163340e-01 4.711545317341470085e-02
5.678202936546221657e-01 9.919728355847365897e-01
3.226601846584853384e-04 5.126043732055282076e-01
7.426760075339193801e-01 9.419160547085606572e-01
9.959616870142982137e-01 5.453598648801061266e-01
9.928398522298381712e-02 8.647623035769925748e-01
9.945243062717381566e-01 5.593299551600694475e-01
8.255207843110461408e-01 8.955460560054281371e-01
9.479770149682764657e-01 7.357961659857664705e-01
1.792944877671284742e-01 6.950096444464404222e-02
9.993061320234077893e-01 4.533329600212143706e-01
8.402854826826511303e-01 9.531962304784213913e-02
6.303109174217740307e-01 1.416697460330451630e-02
3.356238334063837980e-02 2.956858717209756016e-01
1.225305263337954087e-01 1.175536585682750435e-01
9.967944237978736410e-01 4.121755637950493822e-01
8.984054091241955309e-01 8.230715045771538341e-01
7.869229089455360704e-01 9.196771244851551508e-01
1.528358861320761597e-01 8.849864927285644445e-02
7.262032670489282360e-01 9.490742622499886982e-01
1.797362639283200392e-01 6.922411867108557715e-02
9.538471417871956515e-01 2.396208535721037203e-01
6.296814811966049419e-01 9.800648723997287259e-01
9.453414274601066314e-01 2.209294109466688472e-01
9.972474032779214959e-01 5.313676353480347725e-01
1.396782824685452451e-01 9.977759574027367240e-02
1.349815116500743817e-01 1.042872141165348543e-01
9.823177341905635629e-01 3.234597697906437253e-01
5.173722319989937368e-01 3.356766924876075642e-03
9.220626335139190388e-01 1.816358867560043944e-01
1.058521527209747570e-01 8.713469324440757946e-01
1.479778182762181427e-03 4.844077995447111373e-01
9.958575309148629540e-01 4.033881491855153545e-01
1.949991699577230397e-02 6.876073073315362993e-01
9.789956307201990171e-01 3.101831367358122149e-01
3.077099129263784483e-01 9.830558177033067446e-01
2.133671765032768564e-02 3.447690173709503370e-01
6.523191149516160969e-01 1.744779185653033693e-02
8.319812198972470485e-02 8.456246082833164257e-01
4.237954046661693286e-01 2.985259191060629647e-03
8.280640005555788274e-01 8.937799018352154956e-01
5.103133917549296239e-03 6.035542537312430511e-01
5.390774232390478371e-01 9.952667962681437386e-01
6.619347659658475491e-02 8.191523752504745737e-01
9.733116514842836686e-01 2.906127040955535090e-01
3.817247418699271644e-01 7.071624548900423690e-03
9.947325020810027230e-01 5.573686095658564321e-01
1.948192292260536029e-01 9.396444898169077353e-01
9.496876363815980326e-01 2.301565256269294535e-01
6.191267711556525111e-01 9.825474343187154957e-01
5.245846082691953960e-01 9.963938660020621452e-01
7.741850648852985906e-01 9.265591242808821626e-01
1.724321530072025488e-01 9.260416230663198744e-01
5.179705750930685415e-03 6.042724104207294333e-01
9.727767135003810850e-01 2.888632711337659753e-01
9.669302473826999478e-01 2.718885026030330998e-01
1.861788979101859920e-01 6.546891279759770033e-02
8.192647816718763298e-01 8.997513547273985335e-01
4.729319157927930339e-02 2.521457109710560918e-01
6.921400662490957423e-01 2.570765197600466401e-02
9.937521152866268803e-01 5.658767798756234590e-01
9.636508836737553985e-01 6.964294173316204484e-01
5.878306855795769614e-01 8.943686727224009481e-03
1.662894050855972528e-01 9.216506332930073375e-01
8.927990088878536845e-01 1.449067236931428360e-01
9.613351502944786908e-01 2.575078609067087410e-01
7.401302501886947161e-02 1.910322936597645960e-01
9.462809121900800369e-02 8.597751379903973978e-01
4.329138900322632710e-01 9.977400376372301816e-01
4.112628336617790703e-02 7.616527745444126030e-01
4.440033236399292815e-01 2.161199635468125102e-03
7.318116586449791017e-02 8.315373705836268670e-01
4.612120744191111621e-02 7.746202591087903988e-01
1.017953732554636725e-01 1.453437047487751155e-01
5.215430162849374884e-01 3.615666181958410164e-03
2.918701416426830453e-01 2.472641267740893767e-02
6.352477454839460247e-01 9.787124639320389230e-01
1.169860957017440639e-01 8.819045448104094742e-01
6.752965815270604022e-01 9.678330350574232410e-01
4.922424784771922690e-02 7.823904453968059114e-01
9.873146696974355319e-01 6.031530810482910177e-01
4.170640569489786342e-02 2.685002451793350176e-01
8.004467258808680707e-01 9.117686723004936322e-01
8.802413980988321729e-01 8.458277545906693895e-01
1.249366635730715935e-01 1.149361138661282311e-01
9.488693428426351328e-01 2.283408348788292797e-01
5.853192320516359404e-02 2.229636554225613576e-01
1.479489383527788360e-01 9.079436632523499862e-01
7.769761995035335822e-01 5.534990573137466008e-02
9.169395590331890222e-01 1.742941774852999615e-01
8.616657248865837726e-01 8.654919066460610155e-01
1.996134993740611430e-02 3.510271723282388789e-01
3.576443317298727553e-03 5.859117906416539956e-01
9.714220522692453841e-01 2.844870794840160810e-01
6.089987244072001538e-01 1.138060450130007339e-02
6.590417618597808058e-01 9.725498267446456291e-01
1.571614449208360020e-01 9.149769511903452779e-01
9.339012419885464045e-01 7.636432913954025459e-01
9.459078182817168834e-01 2.220910941966198759e-01
7.894529776355069250e-02 1.819112187008076198e-01
9.042517493040482801e-01 1.579173542315258638e-01
9.985025503928199875e-01 5.144943978903560033e-01
8.459943839473600402e-01 9.974145211884655193e-02
6.627461084498409427e-01 9.714996461801691519e-01
9.724799647706955374e-02 8.626371704345058289e-01
8.062932779401046357e-01 7.126251691343343797e-02
8.044737720987876761e-02 1.792091654447361959e-01
5.842070834036081628e-01 8.596012899905858262e-03
9.039808616264122243e-01 8.148811013962374838e-01
8.703569265040517200e-02 8.505802013225796099e-01
6.739041611340683691e-01 9.682602364097955272e-01
8.509409317207585755e-01 1.038438343621110871e-01
8.156602589831749572e-01 9.021262374533344230e-01
5.415695406868903383e-01 5.074757351851033604e-03
2.700498642178445485e-01 3.087210336590762161e-02
9.627924956772675458e-01 2.611417173093218969e-01
6.093544182458471292e-02 8.090703665576165493e-01
9.550974114005456039e-02 8.607921414479136057e-01
9.082364777505036457e-01 1.629457899460409198e-01
1.004621756695189827e-03 4.938840089264278088e-01
9.287501216958606864e-01 1.919787973813411597e-01
5.562073800124207601e-01 6.209318902319460598e-03
7.235563159359483798e-01 3.461426866220673748e-02
6.567964415009688306e-01 9.731655480410249526e-01
8.960213737916515875e-01 8.264985711496523058e-01
3.873511908571085072e-01 6.330721512864401213e-03
3.203806747206942585e-01 1.810577970537019521e-02
3.596846255127623126e-01 1.030663323283143029e-02
9.988481031230502794e-01 5.092625734784937963e-01
2.595183680452746722e-01 9.682428943892192885e-01
8.469744080994451307e-02 1.718544692449328615e-01
1.489169713808336515e-01 9.157134907805863921e-02
3.022541518447200981e-01 9.817725305696026750e-01
6.437129278762507845e-01 9.765804382197099676e-01
4.492306226379855216e-02 2.589582665925813654e-01
2.871279129883019254e-01 9.777464392422914319e-01
9.492004634620465620e-01 2.290742294331519213e-01
7.861384223689003026e-01 9.201127473936488999e-01
1.343673357477251362e-01 1.048972013930815628e-01
9.749455124620880486e-01 2.959685884723299854e-01
9.831620396613722779e-01 6.229909331056985300e-01
4.887104484656184522e-01 9.979195631329456084e-01
9.678427940690199627e-01 2.743615926943349104e-01
4.679772291392782502e-01 9.981826571222357503e-01
1.140210255339274559e-02 6.459442780002306872e-01
1.756906948759861531e-01 7.182068627853555043e-02
9.837479152736452459e-01 3.295898747522242322e-01
9.301976978053621004e-01 1.943846063604696139e-01
3.145968991528584335e-01 1.935623686365361973e-02
2.541766762094571086e-01 3.581656275572853154e-02
9.995872369353167031e-01 4.657579835439862315e-01
9.439618511100804632e-01 7.443538076017418570e-01
1.906207440489898763e-02 6.855972982116562697e-01
2.180437893347365041e-01 4.980235681505118528e-02
9.689770957468277768e-01 6.794568077874214573e-01
7.811450953575937994e-04 4.988657928448695378e-01
6.641804951068992491e-01 1.945379835814142755e-02
5.364610275438288500e-01 9.954912219186264899e-01
8.379804669244456106e-02 1.733711180184103196e-01
5.952123596624514512e-01 9.873243965694070701e-01
9.819767542702619867e-01 6.281874520654892047e-01
1.336957485044693028e-02 6.565973760068140042e-01
1.036437878351156860e-01 1.426996362869151769e-01
6.830398638075656503e-01 2.347955924653355453e-02
4.090005621370298994e-01 4.148379888614717181e-03
1.785937782828445064e-02 3.609676586063290671e-01
4.013424338343293818e-01 9.965900967680253464e-01
4.377633043671443347e-01 2.311644294133774480e-03
8.950964348978968088e-02 1.640220798300867644e-01
2.821142114142833335e-01 9.761971591783286106e-01
9.902153129684720945e-01 5.878358342960674499e-01
2.146531250724931783e-01 9.500547516403291537e-01
7.283165642053130995e-01 9.481972230264935630e-01
2.196321842382033540e-01 9.523114808478664317e-01
5.110425487223153596e-01 9.971824990194604332e-01
3.753253686111400200e-01 9.943290793506794900e-01
2.856798078192929191e-02 7.230143979783304475e-01
2.109544474758494048e-01 9.483357434201408198e-01
6.526968638693257940e-01 9.742455716981858194e-01
3.081173605545166061e-01 9.831507363749849571e-01
9.375155684305915837e-01 2.065784743008097779e-01
5.453063598159020309e-01 9.946930037574114314e-01
9.911319600503885052e-01 3.677886834328020216e-01
1.789959371829465407e-01 6.969157918406343466e-02
9.996844823954220693e-01 4.833879973830470522e-01
1.259421749787668632e-01 1.138464417361235714e-01
5.779407664257687482e-01 9.904707721947806354e-01
1.119191464153451165e-01 8.771961570345091497e-01
8.707611082160371385e-01 1.218781551276777453e-01
8.670363484809153753e-01 8.600607349449446160e-01
6.971877597617373024e-01 2.698353333820280309e-02
7.039189378312735723e-01 2.881281902425814057e-02
8.201391103918913572e-01 8.991674947839102261e-01
3.946453827499490918e-02 7.571050380954865711e-01
3.697126606427292295e-04 5.264814269351039133e-01
6.703139243592171059e-03 4.231994246520337510e-01
4.497555942487879155e-01 2.054029648729138735e-03
7.431572913628892163e-03 4.178133382041995247e-01
6.574286103248636604e-01 1.826516447395953868e-02
2.827278799475602122e-02 3.152716433521320916e-01
8.444271993760830153e-01 9.851660453000543605e-02
4.178447910614765948e-01 9.972953717144603658e-01
7.409504430840394562e-01 9.427046027240711945e-01
1.565884872114370330e-02 3.717054334559043438e-01
8.253258499821447547e-03 4.122718150341445620e-01
9.875826265339615606e-03 4.021915775169893070e-01
3.397870385759635403e-01 9.892284069538633817e-01
5.591965606610810324e-02 7.980660410515272307e-01
4.896974301409427466e-01 2.092067286321608321e-03
1.134415802641072779e-01 1.291088564498238389e-01
8.809259512052736163e-01 1.323227770553939697e-01
2.250800845880077117e-01 9.547044440118953590e-01
3.169078736024952270e-01 9.851134217249589708e-01
8.137299055779338985e-01 7.619227499961711558e-02
8.876037977395758727e-01 8.374819121183577630e-01
9.003711035597250500e-01 1.532269774773512561e-01
3.615142223289510848e-01 9.925356324055302215e-01
6.365559195718112351e-02 8.144299014364212441e-01
8.034636214591412973e-01 9.099275444946779423e-01
4.701237566259214296e-02 2.529405357915909258e-01
5.942270640283571215e-01 9.641275071154975507e-03
9.736979203546125561e-01 6.624438659960235620e-01
1.164872051580040369e-02 6.472836571491588087e-01
5.337973549190749845e-02 2.358728755037928781e-01
3.325862502122764464e-01 1.552319695387915921e-02
9.770665931633490953e-01 3.031054006701001668e-01
7.051149091355268794e-01 9.574201693405232083e-01
3.635192698273084777e-01 9.928207916855460446e-01
9.886578155897318698e-01 3.534779602692111888e-01
5.652989990447959689e-02 7.994455943854931190e-01
9.781457316319950301e-01 3.069128810231366300e-01
8.689012299395315608e-01 1.200536318660401225e-01
6.903089321635469400e-03 4.216268004641313683e-01
2.977318014544194091e-01 9.806457568978208528e-01
1.142117533017468767e-01 1.280929145723953555e-01
2.136782520052991630e-01 9.496101805943099050e-01
2.173033829117049232e-02 3.429916774336474461e-01
3.192122238398487077e-04 5.226648965330082941e-01
4.925873075487257613e-01 2.188228916725210027e-03
8.129090346934486622e-03 6.253463227275098957e-01
9.688340989026317240e-02 8.622559166306354994e-01
9.952683576705199098e-01 5.522970850588642122e-01
8.244321356055122063e-01 8.962960883828731129e-01
8.545514214212268644e-01 8.721617698611728864e-01
3.138570229301131387e-01 9.844569597989556442e-01
5.813499664368422248e-01 9.898717702808415009e-01
9.122603477582389431e-01 1.680812103238560340e-01
3.890082888020039431e-01 6.128808918159145414e-03
9.279583076027492217e-02 8.576520031785865861e-01
1.966377405093686082e-01 5.994607761404691093e-02
3.081135552610146378e-01 2.079523413512074370e-02
4.627605031480883091e-01 9.981421503435431442e-01
5.790319427724825996e-01 9.902834181180228956e-01
3.719997601796304343e-02 2.830169476968457110e-01
1.126729480596072586e-02 3.944817882179827429e-01
3.238822842581146055e-04 5.234830698459121967e-01
8.461967847066640402e-01 8.793407790460350260e-01
5.008485771122450636e-04 5.064106275775437371e-01
6.916368968645418835e-01 9.623996161447231357e-01
8.992169283423241399e-01 1.518972982647465164e-01
1.911041303157643978e-01 6.277620632955516200e-02
9.774027916796124149e-01 3.042848771721448076e-01
3.232282050401478757e-01 9.863469053730762326e-01
3.378497753396274006e-01 1.442993026079042451e-02
6.845732285170863518e-02 8.232798604301577727e-01
1.655277937190756110e-01 7.894272440943450597e-02
3.982094356303922944e-01 5.078949948692845773e-03
6.697913371097019564e-01 2.055576418703863872e-02
1.301969141843606348e-03 5.497212397937063511e-01
9.902301189771138823e-01 3.624146195030775175e-01
1.374039346373828741e-02 3.813509681761515502e-01
2.986427442722983105e-03 5.782470122549738800e-01
9.226735190138151133e-01 7.837139165015968301e-01
5.608971475936179729e-01 6.595465310254677860e-03
8.225768682928213948e-01 8.975388436520302937e-01
3.709693139932921935e-01 8.579902165739450304e-03
9.983600742991256549e-01 4.325614579946266414e-01
2.377086772269581538e-01 9.599240495687851871e-01
7.666261479416098812e-01 9.304684885761514979e-01
2.950077828736398788e-01 9.799111235330515424e-01
9.996356228393634691e-01 4.689056917254853518e-01
5.095106733580525571e-01 2.914569395445876232e-03
6.454381663459868301e-02 2.094436051841660484e-01
9.925101847790760434e-01 5.748257937900259629e-01
6.605453417365443336e-01 9.721249165872468678e-01
1.180839759906182063e-01 1.229924635302075409e-01
1.611472443025196433e-01 8.219015533159312881e-02
9.249189075108144031e-01 1.858786280384253642e-01
7.333879502061382283e-01 3.781138759018609630e-02
9.967281094156643650e-01 5.371942626616716954e-01
6.214823878972599580e-01 1.298441246806536498e-02
8.383197830509117043e-01 9.386270861720114045e-02
9.936635201905583692e-01 3.855119959422764753e-01
2.238932998839143762e-02 7.001106472431317673e-01
9.856963937903318040e-01 6.110426735300186207e-01
9.910103155983362999e-01 3.670499762290055923e-01
3.866754575251667991e-01 6.413417005370236623e-03
8.061400121331177004e-01 9.082628504262787450e-01
3.606878466481916456e-02 2.868165657653669598e-01
4.074413267563137264e-03 5.919818574152981849e-01
8.581988285737924826e-01 8.688117452400099250e-01
9.570940307390891633e-01 2.472285543219674420e-01
9.417034620443434090e-01 7.490394957739975323e-01
7.976093739641396674e-01 6.627102500547410457e-02
8.752430182872545927e-01 1.263985473528220771e-01
5.020699563818958877e-02 2.441605265288108173e-01
2.675804222614965311e-01 9.711666230341932105e-01
9.109378135105794527e-01 8.038494181532807037e-01
1.566801962031677542e-02 6.686126157889349386e-01
3.721594249925741504e-03 4.498440479098946287e-01
3.338929769038373463e-02 7.386096699126202259e-01
9.665997773122370074e-01 6.873032910837353349e-01
8.965863392420607703e-01 1.489603763480019660e-01
9.576454658463406933e-03 6.347095800587029268e-01
7.690885139067854537e-02 1.856472198823481135e-01
5.427011724385653046e-01 9.949332855617140092e-01
9.718907727898495885e-01 2.859753417832180400e-01
7.076110300553999366e-01 9.564532999843756711e-01
1.951392918381435471e-01 6.070799690280237471e-02
7.295783059249159042e-01 9.476710970859675287e-01
2.022334927758450696e-01 5.722143263137124958e-02
9.703067447300646187e-01 2.811213876592973948e-01
3.612942018377790498e-02 7.472590800153580126e-01
8.739643103198655449e-01 1.250756000672231805e-01
8.326486313475436329e-01 8.903428369934778264e-01
7.395592641472168438e-01 3.989560720379370373e-02
5.632050421727960998e-01 6.788337280713041544e-03
9.996579195918178229e-01 4.851605913190653041e-01
3.031352997307920627e-01 2.193551768558987813e-02
3.504860388028165352e-01 9.908841715105183301e-01
2.465787525086307608e-01 9.634140955751604452e-01
8.685352305975788667e-01 8.585052631891980646e-01
9.553265961884001012e-01 2.430804129206226571e-01
5.285287310199708877e-01 4.110373015635770955e-03
2.280377046733552127e-01 4.537312175442209661e-02
2.337572006069166819e-01 9.583134992074029412e-01
6.978119548285353080e-01 9.601841038543100781e-01
7.544891751256008749e-01 4.551361348906568516e-02
8.104204548255138363e-01 9.055529229247073486e-01
7.065912996320589112e-03 4.204330290330900999e-01
3.122354133443855373e-02 3.042690611067021544e-01
7.925433183693151307e-01 6.343615979669892102e-02
7.735317322920505223e-01 5.368967558573467524e-02
5.270196343013677787e-03 6.050729113739372611e-01
9.031388823818591316e-01 1.565340890208887226e-01
7.310786907555150149e-02 1.927379434431069072e-01
9.895402146385730013e-01 5.914110289746269400e-01
3.353587574002614424e-04 5.247501180422093903e-01
3.656748389495230733e-01 9.931134182366136987e-01
6.888173602420806230e-01 2.487273413981982984e-02
5.685413125246197019e-01 9.918721156416258067e-01
8.360217846481166060e-03 6.268926406527672857e-01
2.885172862671835925e-01 9.781400403294251422e-01
6.721774175224775050e-01 2.105872482873538676e-02
1.526490847167216725e-03 4.834866870204376221e-01
2.949232307042534695e-01 2.395395594585814081e-02
3.950210475451558234e-01 5.437787493722701093e-03
5.634139576682278827e-02 2.283699726767485227e-01
8.552746462709248654e-01 1.074857005448206504e-01
6.385420653703194338e-02 2.108959799453381523e-01
6.993507185888108157e-01 2.754075979821613007e-02
9.621402861522116989e-01 2.595149654428311470e-01
3.046785042031215363e-01 9.823452551414995071e-01
6.687685945006092147e-01 2.034573508632619987e-02
2.671032050494159260e-01 3.176785553889849290e-02
2.749093203610179503e-01 9.737988890630520089e-01
3.102274310613521435e-01 9.836406488592717157e-01
8.593945243026781533e-01 1.110926054445289246e-01
6.013400397821575538e-01 1.045824403908368616e-02
8.431841279206904183e-01 9.754509832114610646e-02
5.137348117519964230e-01 9.970733181333153450e-01
6.839635764021578801e-04 5.356799480350399323e-01
2.921819814621690048e-02 3.116649338891195331e-01
2.365194852545998705e-02 3.343537614148985870e-01
9.720069754591673661e-01 6.688519526199123710e-01
9.253585034520732666e-01 1.865440342105909588e-01
9.361198844996037050e-01 2.042459151011596363e-01
8.483503678359585187e-01 1.016773554006615843e-01
7.963563173077568003e-01 6.556767261468943175e-02
9.211466599177016157e-01 1.802924555774291226e-01
8.727302432317636249e-01 1.238397329641024447e-01
3.283658607901046023e-01 9.872954290807532951e-01
5.448787432494157645e-01 5.319961832479513930e-03
9.437822671093127891e-01 2.178332098537939521e-01
7.466517606740591395e-02 8.338725255113832446e-01
4.515306598671733895e-01 9.980366349153755312e-01
7.618735770849913713e-01 9.329170650544016397e-01
7.718275918693497939e-01 5.288916181339675671e-02
5.268098636327428475e-02 2.376854361415033923e-01
2.399189727277463713e-01 9.608076023124078047e-01
1.206510015771929401e-01 1.197429333731537815e-01
2.472979733830192317e-01 9.636885749481735042e-01
5.305367770123743387e-01 9.959648440134890590e-01
2.878378232504564260e-01 2.575584336199743252e-02
8.934836130979123547e-02 8.534908244636169039e-01
4.540493434023964991e-01 1.976411993148685653e-03
9.280305389952370199e-01 7.742231520040764314e-01
9.980209745175128155e-01 4.267683448811675495e-01
8.032709188758062613e-01 9.100453103727710324e-01
5.791451604948594234e-03 4.308956057699979691e-01
7.114683942068655842e-03 6.184017835240557259e-01
7.157014049868948291e-01 9.532599574934341735e-01
9.520051053978026978e-01 7.269137851621952917e-01
4.412588438305518612e-01 2.214179741740873730e-03
5.543613089614549683e-01 9.937293414073187225e-01
9.917714872846763452e-01 3.719577455566791535e-01
3.615830207633341509e-04 5.108945122244777926e-01
2.047629190906087859e-01 9.451288533532948843e-01
9.147989302991224037e-01 1.713832441930528416e-01
7.286696389113271888e-01 3.623734863979399812e-02
5.033906944330035493e-04 5.310915401109277401e-01
7.463505107510609582e-02 1.898602946458624041e-01
1.801160248287125287e-01 9.310751199338362927e-01
9.996168777709282249e-01 4.674228085848319836e-01
3.041165542476215178e-02 7.291795364398768742e-01
1.421344644452139927e-01 9.747266057250703053e-02
5.000369260876919020e-02 7.843216988806263057e-01
8.092516369661610920e-01 7.315444463306786105e-02
2.113364860828263470e-01 9.485233340477052799e-01
7.818465166405130784e-01 9.224828552577934992e-01
1.394502463591348884e-01 9.999438495134005400e-02
1.020668808278459294e-01 8.676668720858280448e-01
3.620924106011484400e-01 9.926195263754216125e-01
9.993991903762016182e-01 4.573220359432362825e-01
8.050780126006074067e-01 9.089262727134124198e-01
9.180030968013415116e-01 7.918297662707093343e-01
8.276157600985025731e-01 8.597196335979839787e-02
8.513506106770141191e-01 8.749791741683761170e-01
4.218371344744459295e-02 2.670579715016609956e-01
8.774743071141324346e-01 1.287109115952007610e-01
2.801387506875213651e-02 7.210808540460873495e-01
5.499382155875316425e-01 5.699780138524568329e-03
9.919506857166715541e-01 5.781751720799330752e-01
9.975250850453527551e-01 5.279268913883136127e-01
9.870090844556154153e-01 3.445864305609336320e-01
9.826652529375752287e-01 6.251705344088230865e-01
9.892681994045529059e-01 3.568623258438329282e-01
9.835674057769643319e-01 6.211134641004280033e-01
6.222589491860068822e-01 9.818142480447887843e-01
9.905264841027039413e-01 3.641554009589627050e-01
9.946957162048033485e-01 3.935065846467522555e-01
1.022131520420843098e-01 8.678189545454494391e-01
1.995184327149274184e-02 6.896492096995006094e-01
9.954173430531494393e-01 5.508170156166763975e-01
9.996315188183282352e-01 4.684143556499654748e-01
1.378721633444461303e-01 1.015045804961803855e-01
8.406554747264214367e-01 8.839271919542865952e-01
5.875703154430629294e-01 9.887410425355543930e-01
9.287673610598151663e-02 1.586745796013406817e-01
4.442075940138995316e-02 2.604374148393545640e-01
3.970662685509614431e-01 9.962953364722401117e-01
6.944799776784218448e-01 2.629590941555404182e-02
3.461728946002878837e-02 2.919450491174233608e-01
1.630351320410727833e-03 4.814937875164012615e-01
7.493121028660165717e-01 9.388583752672594596e-01
1.287341467597865052e-01 1.108213995812449282e-01
3.159432076982937598e-03 4.566434952524704993e-01
1.919190473134832486e-01 6.235085510597471181e-02
7.980310881367952414e-02 8.410533014490922943e-01
1.707650469813553618e-01 7.522153843445011923e-02
9.012834293481921666e-01 1.542971688642406081e-01
2.485336090888071170e-01 3.765807838262824614e-02
9.000156033084503182e-01 1.528132369245368549e-01
5.153679788345852941e-01 9.970021324757444292e-01
5.504048932458144305e-02 2.316626445388344502e-01
8.301911618278284832e-02 8.453861256425927451e-01
2.903183639625470103e-01 9.786373740485424522e-01
8.027357052384280767e-01 6.918272073673958911e-02
9.637907145693702660e-01 6.960274607053108520e-01
6.576960944633585271e-01 9.729252794832145002e-01
9.628389476848259187e-02 8.616175946719484280e-01
2.785784946035471665e-01 2.839156510273910250e-02
2.134835692168382537e-01 5.192896331236873664e-02
9.878546708790075792e-02 1.497017869303064463e-01
4.001082616986179619e-01 9.965167364957230323e-01
9.950986645557533539e-01 3.966347341789075998e-01
8.784917327474826010e-01 1.297676052707515959e-01
9.056893924756119763e-01 8.122490224374869783e-01
9.479050887300621842e-01 2.262665827124283879e-01
1.828048407893784200e-02 6.818081682639001162e-01
9.701471142864788177e-01 6.754453297453332228e-01
5.568838927165777886e-01 9.934328111207602063e-01
3.620583098985680204e-02 7.474947075842023336e-01
4.700432335062047495e-01 9.981813563003076872e-01
1.331680135713024238e-01 8.960184837581103290e-01
2.453142948234395271e-01 9.629270381494824393e-01
1.852637153294190431e-01 9.342112272686530217e-01
7.620126503503545923e-01 4.856405525989804239e-02
2.436558603234939557e-03 4.668020456592212319e-01
1.417082053160063082e-01 9.786447839157697004e-02
8.601746801531477971e-01 8.669626093182806192e-01
9.930714169240610900e-01 5.709544362012552998e-01
6.015735964006192482e-01 9.861317139590116687e-01
8.729465191563667847e-01 8.538452516752705890e-01
7.390653572468477428e-01 3.972486466153457574e-02
7.902430260892707725e-01 6.215901488699249189e-02
6.076198240217295377e-02 8.087077317170444646e-01
9.398110802533781172e-01 2.104747035160775548e-01
9.870359785958822130e-01 6.045190266093686260e-01
2.031708117258172464e-01 5.677046479547165347e-02
3.108078589076412879e-03 5.799331062768280365e-01
9.467379827656681179e-01 2.237946696931376600e-01
2.999220061855344954e-01 9.812111214122352099e-01
1.466713747249176469e-02 6.634110771697889763e-01
7.005798026381293564e-03 4.208730016733477353e-01
3.032088911133085096e-02 3.075935933435277603e-01
7.412385380189903117e-01 4.049075073477770292e-02
6.521401840925916682e-02 8.173394625672147917e-01
8.206324394324276961e-02 1.763384792566921044e-01
9.594433795021248823e-01 7.079588497001663150e-01
2.833615365662159324e-01 9.765864285928395061e-01
3.847069614070823262e-01 6.671865453916403510e-03
2.209609370881138735e-01 4.845495541767808056e-02
6.115463512218294317e-02 2.168559717526687969e-01
9.745691006300523096e-01 6.589903736769665565e-01
8.528656639707536957e-01 8.736529938695818398e-01
4.704088098023163078e-01 1.838796133520337328e-03
8.505633783419934701e-01 8.756657331289463553e-01
1.353661193767372040e-01 8.978379720204094916e-01
2.250101874887478481e-01 4.664205269572063717e-02
7.515792104031449039e-01 4.436885048556216127e-02
9.968625245986979522e-01 5.357501877230249621e-01
5.798889038715651090e-01 8.222418071012649321e-03
8.378783375740830319e-01 8.861846118867486854e-01
1.771702909487349875e-01 9.292416437243353755e-01
2.973862989799624934e-04 5.177450387625540662e-01
9.865437865464361522e-01 3.422593244592976314e-01
2.162697475513830070e-01 5.062843947252482213e-02
4.418688410666786193e-01 9.979078111808764584e-01
1.689994500014761480e-01 9.235997384129907006e-01
5.900453791316309093e-01 9.166885755636844380e-03
5.229368602617328055e-01 9.965059324757222781e-01
9.153720331498771401e-01 1.721365749836775150e-01
1.593109343037764636e-01 8.355665730324035589e-02
1.985304270809618021e-03 4.748141654606615747e-01
8.201509362352621402e-01 8.064677434251577015e-02
8.607699924575511474e-01 1.123497976999732195e-01
9.977293821121082651e-01 5.252377479922540893e-01
7.726881682841117982e-01 5.329326703345504956e-02
9.163634834820346686e-01 7.946525453948111162e-01
2.724220597238527497e-01 9.729181098755017576e-01
4.035038924218423140e-01 9.967032189884887927e-01
6.715756752807928720e-01 9.689456735519855757e-01
3.741379937516536858e-02 7.511020288180254578e-01
4.117314381459577510e-01 9.970709204400154402e-01
1.013427409676065372e-02 4.007502255568152760e-01
3.481072058105216804e-04 5.114833205575634034e-01
4.580917081426288950e-02 2.563805156589954448e-01
3.707178959973114751e-01 9.937641779943956477e-01
2.354323745190131656e-01 4.247934087150528892e-02
3.107595980681748804e-02 7.312852955908163421e-01
8.885027408593408893e-01 8.364302971919893581e-01
9.095591330356287418e-01 8.061419991517166928e-01
4.689365474565577174e-01 9.981834481914668711e-01
4.548050415736534791e-01 1.963760458301155865e-03
6.630503414162689513e-01 1.924385193095279334e-02
1.205992312743259243e-02 3.901646814482626624e-01
6.307777198360509097e-04 5.027284150344307756e-01
3.797607202409616911e-01 7.339486307041509505e-03
2.787339087376199953e-01 9.751031137267185400e-01
1.000424433278009340e-01 1.478572321293294412e-01
7.843427670864682177e-01 5.898974006042012608e-02
6.264224223403866976e-01 1.363696396382962917e-02
8.343168123851973927e-01 8.890256131878896406e-01
7.966984987772578464e-01 9.140285791141332661e-01
9.259840634527100045e-02 1.591072165079565615e-01
3.833374405920884631e-01 6.855249297112897544e-03
5.290486130073972504e-01 9.960759113083514915e-01
7.561951586897291966e-02 8.352765415176324204e-01
4.634350599908071411e-02 7.751851061387052821e-01
1.312750001913781106e-01 1.080917580288489610e-01
1.089086855028489897e-01 1.352192980283652979e-01
3.473903592074555902e-01 1.248518436189260949e-02
1.203170212382384530e-01 1.201596055387897932e-01
5.760080691373009598e-02 2.252111532910399117e-01
5.506131430735630161e-01 5.752524968265837479e-03
2.520843672491707710e-01 9.654853362837177988e-01
2.783629480296898051e-01 2.845329215667058431e-02
5.989066681039623141e-01 1.017737207793889542e-02
3.530138215803191870e-01 1.141100204382428096e-02
2.335086274409004514e-01 4.322649656205745927e-02
4.874924236977977166e-01 2.023917071613978713e-03
8.332426507622231471e-02 1.741774710956230932e-01
4.436822683693780744e-02 7.701266617921765922e-01
2.757739973669562361e-01 2.919922641151995180e-02
5.036715574695824760e-01 2.646757900798824004e-03
5.731668174581910913e-02 8.012187888950031978e-01
9.992206042882514350e-01 4.503843952516179971e-01
3.137422458227932531e-01 1.954341841540863101e-02
9.997001889169363498e-01 4.814369333021132347e-01
4.133605428506855195e-01 9.971361519890928893e-01
4.197790992627459250e-03 4.446097555949451996e-01
9.997026137010200930e-01 4.794384000124810585e-01
9.657966579866644752e-02 1.529846093976939825e-01
9.928384140406196767e-01 3.794528597009916293e-01
5.055641833425678078e-02 2.432443857845481006e-01
2.770221173803180670e-01 9.745268786915048942e-01
9.297931733487330153e-01 7.710656342587477452e-01
9.478763233151263901e-01 7.360130699986595637e-01
6.172714459243964225e-01 1.243761282245559041e-02
9.994142315422893663e-01 4.944547999913475600e-01
9.975004328011414234e-01 4.197181376633075667e-01
3.207953436871842645e-01 9.858894224975942588e-01
3.726621036717994717e-01 9.940063909364410533e-01
1.903337888385086552e-01 9.371029159451688129e-01
9.533624656055821323e-01 7.237679135719734536e-01
8.507198922602265956e-03 6.278731293698569527e-01
9.588956834783910477e-01 2.515523241697689150e-01
5.072173755948622409e-02 7.860201790766982999e-01
9.913225564718710636e-01 5.819186878325484091e-01
8.701380483437946012e-01 1.212664574055069000e-01
4.195211223104473031e-01 3.295609790596287780e-03
7.612679286453774008e-01 4.825238579997270794e-02
9.611818463286931902e-01 7.032366626733962400e-01
9.530325187560126921e-01 7.245357815672237578e-01
9.897634191035209472e-01 3.596850685699496397e-01
1.090307128997874964e-02 6.431716166017699132e-01
9.288639203483299855e-01 1.921641820495300079e-01
5.657245963037131897e-01 7.000446570517793177e-03
2.299624337022097564e-01 9.567435307106709752e-01
2.935680612848617921e-02 3.111502395236019902e-01
9.960440600518121190e-01 4.050717961227214836e-01
8.499923432328287953e-02 1.713502030737840132e-01
9.507551772767832698e-01 7.297429021043507769e-01
9.396928020014294614e-03 4.050203711549368313e-01
9.811711756741776647e-01 6.316749488249863154e-01
8.785252134236698485e-03 4.088320652213960349e-01
9.104524009099368431e-01 8.046607398703267133e-01
6.788486946082592510e-01 2.251552997109385057e-02
2.547138717423119703e-02 3.265621072006177350e-01
2.428679800961549007e-01 3.964627414700661046e-02
6.916115406144157651e-02 8.245570943304522116e-01
1.757400673546065106e-01 9.283150179311879802e-01
7.694102206625574869e-01 5.180346271436198080e-02
1.502398510404578391e-01 9.097570210883588748e-01
8.033390363541559331e-04 5.386990402871415506e-01
2.051248536359858154e-01 5.584667815330335294e-02
7.497578702605844914e-01 4.365706918906286926e-02
