5.208143710198357423e-01 2.717662841528745155e-03
4.908766805589289683e-01 1.608284932186676564e-03
8.120162408233140283e-01 9.711536438784729164e-02
9.946364747174660792e-01 5.912865148750837685e-01
3.914910953231333091e-01 6.317924198749436115e-03
3.332017762629424507e-01 1.527584810476179111e-02
4.859826217308036433e-01 1.539445134717931651e-03
7.639611115216310422e-01 9.510178782491535143e-01
9.084046462893559104e-01 8.380548981861080104e-01
9.382352536735483195e-01 7.883433327003596114e-01
5.636935845765493891e-01 7.116549121216286800e-03
9.196080326047118003e-01 2.131520680740361939e-01
1.021702390570637942e-01 8.338723523786261138e-01
4.155615680773430132e-01 4.153827459958958634e-03
8.537677674496716440e-01 8.953779447567128402e-01
9.810202887288578255e-01 6.714198252422904911e-01
2.988201010224034171e-02 2.645655178952991404e-01
2.483683312440024826e-01 3.852492634500148672e-02
3.258595678320093114e-01 1.684666418759728224e-02
9.846231722985574475e-01 3.755168324679756253e-01
2.255382570419053323e-01 9.427531265819146800e-01
9.202601684021674000e-01 8.198781608926727360e-01
4.506418329335786233e-01 1.813893564898472199e-03
1.333226624498986546e-01 8.710971047154538738e-01
4.725618818539684129e-01 1.489705993783396742e-03
8.998654546695801226e-01 8.501203109033709238e-01
4.210241721946816895e-02 7.143517545367317201e-01
9.953185848187530160e-01 4.483480863607366418e-01
3.360118328803114451e-01 9.844090534854916807e-01
5.744526378928072052e-01 9.950993392682926375e-01
7.740986617431002692e-01 9.464510617674138926e-01
9.183686832299764458e-01 8.228922295983392976e-01
6.933675566320629535e-03 5.562817434480904488e-01
9.084879115571362629e-01 1.967424891133523479e-01
8.174225802649619510e-01 9.214314135100519776e-01
1.949943241332835475e-01 5.925119897707586958e-02
5.294149486688307649e-01 3.342507465961763735e-03
9.113018137672987962e-01 8.338025120998606710e-01
3.504127588852079533e-02 2.494659396254674810e-01
3.739647153161129722e-02 7.007116469949109527e-01
3.293591434612612723e-01 1.609507890793215878e-02
4.158666563961099794e-02 2.320662002874118723e-01
6.017929805007352639e-01 9.920180854286676508e-01
8.137657214362647995e-02 8.028001552500307891e-01
3.111807726449367095e-03 5.185851306375579561e-01
9.984880994566092127e-01 5.421110676893051705e-01
3.335310248128594557e-01 9.839196510697599818e-01
6.574053539489418396e-01 2.661838724584653093e-02
9.374752913217365702e-01 2.431716494130068407e-01
2.997927731761218517e-03 4.061415032099239264e-01
9.853376752192580801e-01 3.789307955626738389e-01
2.189815970682356117e-01 9.388394243075018908e-01
8.386019189975439936e-01 1.168066812810146793e-01
1.254786040616405751e-01 8.626251047150064188e-01
9.256788581992769771e-01 2.226596551365402910e-01
8.109089940271896335e-01 9.257338948420769098e-01
8.989644281966416850e-01 8.512491461092981382e-01
1.504649831752019606e-01 8.874310950818786736e-01
1.647606687545332127e-01 8.999584093801094031e-01
9.820145323338720367e-01 3.634232308843650117e-01
9.452013572888023907e-01 7.744984741447623611e-01
9.719601215600180977e-01 3.241622231803742427e-01
5.221549840859370795e-01 2.805501391294762392e-03
5.193193949036098989e-01 2.633918084271602567e-03
9.730291150033557601e-01 3.273808009243381889e-01
1.768329001025987779e-01 6.810587705421478066e-02
9.266489348192554765e-01 2.242364322217945682e-01
6.353794745036440705e-01 9.872224288107980250e-01
3.535743244041943401e-01 1.147952539223839885e-02
5.947760129795743866e-01 1.194687849389042267e-02
9.541591975609169385e-01 7.548967286215700900e-01
1.370124877166478683e-03 4.307410961920261627e-01
6.275313055871458712e-01 1.879128098911642120e-02
8.696578490376932757e-01 1.469666260483063480e-01
4.286235690300687073e-01 3.110772787944804385e-03
2.782346770589612106e-01 9.674616305468168864e-01
7.476905654043897176e-02 7.905155011892531780e-01
1.906553609926642245e-03 4.219917996929291037e-01
6.358121119368117524e-01 9.871565224199795319e-01
9.786390669942478526e-01 3.486634440060373263e-01
2.597348333155069522e-02 6.615152596847400090e-01
9.969671914922217937e-01 5.677824419299748460e-01
7.396463471964118686e-01 9.604618299538835169e-01
9.330571507961148425e-01 2.351920290264856161e-01
7.947207330891661314e-01 8.586962174543000259e-02
8.533850881634162944e-01 8.956791353571679215e-01
7.734526351006772993e-01 7.378355760237076399e-02
3.557599130065500770e-01 1.111709985112951937e-02
9.558865177383863987e-01 7.510058510505188689e-01
7.612507639086275590e-01 9.521673899376437156e-01
9.055616426693446908e-02 1.416649264919187523e-01
1.974383218231864356e-01 9.245922899857115240e-01
5.424694028937260271e-01 9.974261522661893586e-01
6.563778790618025605e-01 2.634216323307692065e-02
9.238895064084862163e-01 2.198011840530259553e-01
7.881772647723100933e-01 9.392134522879108660e-01
5.794568539612610092e-02 7.560926824961258230e-01
9.877765433927900851e-01 3.912168396604471798e-01
6.637246793872484396e-01 2.837592928864551833e-02
9.746759795726656073e-01 6.956509833435168266e-01
6.034503245520628223e-01 1.361816996222298126e-02
2.074038354434216691e-01 9.313684516249080003e-01
1.288401626551864965e-01 1.010493789379812712e-01
7.076354014123552583e-01 4.271632310230055740e-02
9.544696388769209339e-01 2.793323366977090716e-01
3.254652772365951297e-02 6.849968557211335574e-01
8.803461710326692113e-01 1.594574539877309238e-01
2.537267448556979055e-02 2.797018493957549312e-01
6.259163623254394571e-01 1.841620989473702341e-02
3.708549174917276092e-01 8.889164252693482204e-03
9.322012022525199004e-01 2.336647089019171508e-01
3.873365720000423451e-01 6.742335268408838900e-03
9.900821910063566378e-01 4.049021079810271040e-01
1.672104126925600953e-01 9.019822350312545201e-01
2.987499810888472052e-02 6.759225500975775125e-01
5.325781795140094310e-03 5.418313231892716297e-01
2.050629272216312193e-01 5.499974631813608905e-02
9.412727484188472271e-01 7.826541725669808880e-01
9.031457676729938155e-01 1.890200155106155355e-01
8.580038584809719371e-01 1.347048716498896459e-01
6.171829677705688022e-01 9.899753467784742078e-01
9.989147924259056399e-01 5.323103788821180737e-01
2.156395324230624411e-01 5.058835957758545110e-02
1.905459866839590566e-01 6.121492650768445287e-02
1.779229766675904933e-01 6.747394541560880477e-02
9.750889564041822499e-01 3.342072142799406009e-01
8.298139240002557759e-01 1.097269227594287466e-01
6.900847907964128281e-01 3.653552182552277650e-02
6.607446213297291093e-01 9.826257480231147534e-01
6.760190361588527264e-01 3.200017071954242009e-02
7.286478642424710772e-01 5.141683523984341697e-02
6.810847665704288234e-01 9.782719698674773312e-01
8.571171089499851625e-02 8.097625562657224663e-01
9.834930373464105813e-01 6.607662133176360753e-01
6.222494817505752618e-02 7.656948769277971412e-01
5.523889236270299596e-01 5.638661776525388802e-03
1.176520877818318933e-01 1.109996154161330129e-01
3.439187838981867529e-01 1.318580226989063409e-02
9.121747187854146732e-01 2.021275782941444055e-01
9.842475271874663312e-01 6.570807222765926436e-01
3.992789005388786006e-01 9.942168215243207818e-01
7.073972998043531746e-02 7.827310223235020015e-01
1.251751198464878811e-03 4.335133936642971975e-01
2.797317858289801729e-01 9.680219671819682015e-01
9.694122210599281919e-01 3.168694155370169740e-01
3.057459617992160927e-01 9.770612450906041024e-01
1.694783462642202032e-02 3.128500171236742178e-01
9.164847013070342996e-01 2.085030272589230016e-01
8.513144221882600338e-01 1.282916998700809330e-01
1.343539522745501591e-01 8.721344834953386194e-01
8.874782278717225914e-01 8.644526443888235212e-01
2.221847280979183381e-03 4.170517644696745130e-01
9.976974088590525591e-01 4.783662352575811516e-01
4.297241844514392284e-01 3.031782575156571902e-03
2.648032960269974811e-01 9.621487371145827083e-01
3.269101855515305077e-01 1.661925669359676228e-02
1.702039758483120391e-01 7.201997644344615424e-02
2.386882586514793569e-02 6.531302413934065854e-01
2.101958856671996001e-01 5.285161699776885769e-02
1.131628041550661878e-01 8.479923202813683947e-01
8.245555355409895926e-01 9.165967270254155030e-01
9.988949416199515152e-01 4.964731263749695422e-01
1.525507369160772342e-02 6.142643738552796551e-01
3.011404216436747161e-01 2.272958329463270477e-02
8.962217804011428646e-01 8.545282665490514518e-01
6.093823655034824593e-02 1.882689361655540683e-01
1.773962363069899739e-01 9.101241935903092717e-01
6.475068377954751320e-03 3.731203104142628568e-01
2.525006790170980508e-03 5.100013250908840279e-01
2.375911385677896837e-01 9.494227861054385098e-01
9.167325161078162532e-01 2.088698069677039637e-01
9.952259802613604434e-01 4.473482589498206652e-01
9.969287012156420325e-01 5.682378369844178767e-01
8.682292389361057072e-01 8.834125742612977117e-01
6.242989923583034395e-01 9.889068923638516528e-01
3.831930379081016635e-01 9.923171194946398543e-01
1.473952618830531858e-02 3.233333767738219011e-01
9.687140769325264245e-02 1.332753914889054370e-01
3.818937025438562394e-03 3.968532960541639731e-01
1.097549818184779813e-01 1.188163393798550294e-01
7.477969348970298080e-01 9.574279550261760585e-01
6.220942020523806404e-01 1.757543310259324087e-02
3.599333278528777935e-01 9.888027241239687459e-01
3.957570326168002861e-02 2.372774898595602089e-01
7.354446811240329396e-01 5.455298595202828782e-02
4.463825427477742247e-01 9.972448337820212227e-01
3.753259208222288201e-01 8.291790317174085878e-03
1.224556866064577809e-01 1.064794857155875185e-01
7.315932973452381471e-01 9.633443071336434960e-01
3.965665857590341403e-01 9.939356947006992016e-01
2.704109016702221924e-01 9.644379729380079258e-01
7.531583748090954211e-01 6.303381586644019041e-02
3.092855949025763440e-02 6.795323057267341760e-01
3.998628200553411283e-01 5.500935723251054732e-03
7.855000114995009941e-01 8.053343242839117178e-02
8.518423778487493880e-02 8.089635400254483466e-01
3.181702047667456235e-01 1.852930556769749604e-02
9.598909241331101683e-01 7.413303232302187462e-01
3.174905249453224831e-01 1.868026053626425931e-02
9.872193402482700719e-01 6.418234704361545084e-01
5.105472041247046677e-01 9.983689238457089665e-01
5.418644484309342868e-02 2.021551667107446271e-01
9.073887264238473804e-01 1.951387727855133924e-01
9.092465642971991890e-01 8.368308805105246773e-01
1.155989771595776761e-01 8.510224612538466182e-01
9.426959829282837156e-01 2.532444490920073843e-01
5.200490009068425845e-02 2.070781008329010131e-01
8.541989758483858886e-03 3.578808675184592669e-01
5.692966641882701850e-02 1.961598457800214357e-01
7.756085426099867952e-01 9.457509020852068460e-01
3.119409402268042975e-01 2.003165198070833153e-02
9.890808940093243073e-01 3.988325627775253235e-01
3.236678077132826292e-01 1.732204026837014244e-02
1.254233168215579397e-01 1.038542885640443281e-01
1.460985112889863213e-01 8.793076843407054977e-02
2.297174210043358977e-01 4.511326415657801459e-02
5.579669183998576809e-01 9.965636586116980444e-01
9.945965457160934609e-01 4.413091854873435471e-01
5.528065498833459879e-01 9.968638711338879688e-01
2.935758845449387699e-02 6.741478138959630106e-01
9.693936972950825126e-01 7.136635811605114288e-01
9.467395845825592460e-01 2.616681190210931041e-01
1.657866365746398785e-01 9.008118537289213634e-01
8.349005894854462095e-01 1.137185942790555071e-01
1.811728558603720174e-02 3.077439671819237610e-01
2.167439215076938375e-02 6.441610858565702813e-01
4.713153170478601162e-03 5.361431859144073497e-01
8.464083562888821133e-01 9.010537486537506524e-01
1.914303155643327647e-01 9.204231340351753943e-01
9.362203450766255486e-01 2.408637519947218752e-01
8.806918752467018940e-02 1.450457169027923321e-01
8.230819452509363643e-04 4.600943274911202252e-01
7.733554166381917394e-02 1.606238738881332617e-01
2.311004647197534290e-02 6.500696233158568260e-01
9.590551820332572364e-01 2.899104939071406317e-01
6.084912706523204484e-01 9.911566099253983353e-01
2.231527261767647374e-01 9.413512858367723002e-01
6.844667406074456117e-02 1.752204696920128812e-01
7.192838726961593432e-01 4.733699044283212753e-02
1.928884027015750346e-01 6.017370004635291814e-02
9.668028361253281355e-01 7.221556560213321374e-01
1.524999636568022954e-01 8.336306308779173335e-02
2.487547498572776350e-01 9.550145216909373680e-01
9.797593069756992401e-01 6.764603699982950635e-01
9.921255100527174298e-01 6.116459720356488550e-01
6.979464928228095166e-01 9.739835432763433998e-01
7.814017116852803868e-01 9.429102981745641765e-01
9.022377966769036250e-01 8.469569261683832506e-01
4.532367820069560516e-02 7.233020875027499352e-01
7.413382202582087244e-01 9.598440574612971954e-01
7.976154219767882525e-01 8.764299201428471520e-02
2.767254126659790536e-03 5.137766026475669712e-01
1.158560095590188688e-02 3.397916704767801610e-01
4.630440140026508278e-01 9.978006506822817423e-01
1.889752719180792795e-03 4.990208289324573609e-01
9.850511503158854154e-04 4.457389846150869861e-01
1.245715416767997352e-01 8.616273943097724208e-01
7.851139181842492487e-02 1.587583890278508880e-01
9.964291705877699190e-01 5.740876879618279638e-01
9.218661312685638709e-01 8.173036014296194418e-01
9.463570779231670338e-01 7.720110072201504803e-01
8.950390725474584031e-01 1.779294364662874495e-01
9.061601044671530047e-02 8.171289460703641261e-01
6.737810666905219570e-02 7.760772051720660203e-01
7.830375107224172293e-01 9.420626381873601352e-01
2.729579482801618440e-01 9.654476036776276082e-01
9.976267258606125177e-01 5.585785996470836734e-01
5.692853674415426779e-01 9.956326320298319876e-01
1.210116933047837851e-01 8.575009510453741601e-01
9.820030404858668405e-01 6.672105845334779239e-01
9.901344647632560614e-01 4.052379172344267033e-01
8.930408795407422939e-01 1.753087342274486371e-01
9.807092335106223357e-01 6.727349714482785403e-01
2.432820451416795038e-03 5.085133804424420978e-01
1.257533646445471165e-01 1.035780661611935827e-01
9.604651446303846818e-01 2.933354989460559281e-01
9.358982392009551621e-02 8.215155899388631999e-01
8.722483119921125017e-01 1.498636539078059826e-01
9.592929835511728731e-01 2.904703878498796632e-01
7.937748785092378911e-01 8.529404952400088114e-02
3.237775824200816999e-03 5.202521872263421443e-01
5.234756265653910390e-01 9.981428819071244130e-01
5.521878773312993705e-02 1.998611838635099280e-01
9.675432735232558645e-02 8.261293322089068303e-01
5.706083000041718423e-01 8.100070989611740657e-03
7.307655377569666211e-02 1.674685377758379223e-01
1.508311170145826274e-02 6.133285426056178657e-01
2.313902560387369745e-01 4.448013831548092156e-02
5.990226410776933186e-01 9.923622810287939799e-01
9.679317663763371549e-01 3.126572538161191961e-01
2.791683329403416014e-02 6.689885877862326025e-01
5.881219222633788934e-01 1.081034806271274906e-02
7.974270309599884587e-02 7.998851070464232382e-01
7.754455008759935097e-01 9.458277016053789898e-01
1.858199441782037997e-02 6.310623663886664181e-01
7.590541999250941529e-01 9.530649756394572458e-01
2.672896072659441957e-01 9.631879838737368305e-01
5.789019470441871817e-01 9.946210504742845071e-01
3.065342736083176423e-01 9.772816291415058476e-01
7.566908714064620733e-01 6.482128452991409162e-02
4.401607170914842992e-01 2.308324352832902271e-03
7.930517293712279203e-01 9.364222845282107466e-01
3.856224314413668752e-01 6.943731063789204683e-03
8.555489859278342379e-03 5.695610053617475854e-01
6.906822898751041606e-02 1.741728118415343252e-01
3.933218284697284073e-01 9.935473709470199477e-01
9.403064297126141335e-01 7.844695821620325527e-01
9.912807836447071752e-01 6.178617033909350464e-01
7.835119677036538333e-01 9.418157095062207329e-01
6.776652030336445254e-01 9.790595444010599113e-01
9.981755634295497170e-01 5.486899469389668882e-01
7.047961635646419198e-01 9.719897500278686930e-01
5.814492066278489357e-01 9.743764022177803241e-03
2.626914885451812065e-01 9.612602401468519631e-01
2.263414510204286856e-02 2.899349096579101337e-01
9.481428072535899032e-01 2.648151187620527702e-01
7.543682589536256922e-01 6.363361958590474377e-02
1.026938981723566346e-01 1.264025050218381407e-01
8.653090415189794715e-01 8.860348576451039238e-01
9.989792634417296036e-01 4.993692494596587705e-01
3.721895102039971537e-01 9.907713395693225067e-01
2.879520614039662307e-01 2.631562505699469590e-02
9.944557492502724694e-01 4.400123032963118019e-01
6.941681583685773704e-01 9.750435670018772205e-01
5.843672696276258627e-02 7.572550509462659951e-01
9.822307326410137929e-01 3.644199451051620686e-01
1.024581608838392999e-02 3.472473101405766371e-01
3.280790217351503557e-03 5.208201067857068933e-01
6.091783118577540623e-01 1.481476207301746228e-02
1.155854836290215459e-03 4.370304751586756575e-01
9.809413483400643008e-01 3.586395286945328609e-01
7.885475282848963818e-02 1.582260681595157870e-01
9.502084461683457661e-02 8.236087079368877850e-01
8.363940752589554828e-01 1.149210797171256182e-01
9.291610287152751724e-03 3.529414682972611406e-01
5.628487757753460885e-01 9.962150534721979644e-01
9.547689401976717782e-01 7.535314525016412190e-01
9.445966933684608602e-01 2.570637618687595660e-01
9.571016702316015312e-01 7.482082280377545525e-01
9.489786270877588192e-01 2.667320048254980813e-01
7.154149423816428266e-01 4.569809038257977019e-02
1.054661368434304247e-01 8.382878037122586390e-01
5.148964995129627908e-01 2.391582086427090914e-03
8.309005252576781020e-01 1.105367107493336887e-01
3.253773330698428445e-03 4.031911202190830990e-01
3.154264000258449885e-01 9.797506689384855028e-01
1.200928810546786352e-03 4.835219572935535171e-01
9.861774078922005415e-01 3.830118151386252556e-01
6.619378644587303739e-01 2.787433797000049562e-02
1.913839532349868033e-01 6.084154664148455627e-02
7.139417542115402693e-01 4.509179776988958555e-02
7.465585712018263376e-01 5.979674077989882708e-02
2.112337319488649667e-01 9.339014772909232098e-01
3.894098265474945642e-01 9.930771093973355113e-01
7.939164879007701847e-01 8.537964733549330276e-02
8.150403157203534033e-02 1.542832354574033005e-01
9.230279734202394559e-01 2.184529427630121923e-01
7.639074377371879443e-03 3.643073873971960364e-01
1.317328568323671290e-01 8.694371649800903823e-01
9.258305575181591252e-04 4.734286919651201631e-01
5.756376355956326352e-01 8.859460644083161363e-03
9.991018353793050810e-01 5.068618207628347028e-01
5.062818561145244756e-01 9.984178044931986129e-01
5.363141117689090853e-01 3.937493040415129819e-03
9.388131326111677222e-01 2.456598520816677400e-01
8.540417748725825930e-04 4.548973870702621713e-01
1.658814754330294461e-01 7.462746546280263349e-02
3.938274804996988454e-02 7.065344566971191176e-01
9.450963877265561308e-01 2.581126000498348283e-01
2.172708337957985902e-01 9.377753612937809180e-01
1.019331613842933137e-03 4.777666529676429796e-01
1.743507104239527816e-02 6.257445130942916878e-01
3.342980660355587830e-02 2.538388902771288036e-01
2.269974944857210408e-01 9.435899510379863742e-01
5.324065528143647752e-01 3.576027486504984587e-03
9.965743504190672786e-01 5.723995153627321475e-01
9.387574382027057407e-01 7.873702703035615480e-01
3.460635250130361662e-02 6.918606458774433365e-01
7.332386287785941370e-01 9.627696920985142626e-01
1.014710561852671944e-01 1.277685495436653440e-01
8.736153447316422627e-01 1.514385552729496931e-01
1.694612125643368827e-03 4.952759185558698318e-01
9.586915026213634894e-01 2.890711917988637580e-01
6.432841936355173651e-01 9.859319745553346559e-01
2.956178240014928349e-03 5.164186495079911010e-01
2.575852753009366669e-01 9.590469867627957612e-01
5.413815236617046667e-01 4.437816561375096391e-03
9.684818319363904804e-01 7.166917489616368986e-01
8.496087311736799652e-02 8.086228079544388603e-01
3.537199067378926642e-02 6.943370797770354041e-01
5.945431692727566331e-01 9.928894837008517271e-01
4.523735499978546182e-01 9.974604972518954504e-01
3.352188074758707392e-01 1.485128756304254782e-02
3.696165231880321755e-03 5.260995608562446524e-01
7.217943545363108004e-01 4.841487812472544672e-02
5.918828803797497873e-01 1.144593562197293579e-02
9.893888496550298228e-01 6.295318318221451159e-01
8.038938689030252771e-01 9.300132531195208774e-01
1.013460190439811059e-01 8.327312246878416646e-01
4.023330041581683059e-01 9.945046243993912460e-01
2.383001844605795450e-01 4.186499718582170626e-02
9.709432054125756162e-01 7.084089608737891286e-01
2.201972930693157915e-01 9.395808415946149683e-01
6.272313394966481104e-01 1.871708460836596366e-02
9.891199364051881382e-01 6.311438805497374682e-01
7.063854597499270582e-01 9.715229064236967638e-01
2.402097657040643819e-01 9.507482067951881222e-01
2.265776882124774794e-01 4.632072095075279172e-02
1.251397320611835617e-02 3.349098663823780742e-01
8.254193387969843698e-04 4.592641727756425762e-01
6.369088754175411538e-03 3.739398429297760007e-01
8.666985707297898411e-01 8.848057799136433976e-01
3.578413599601604211e-02 6.956445933650186042e-01
3.315501926513475528e-02 6.870250439613525550e-01
1.384143517719738092e-02 6.056388740675449078e-01
5.090339100236895842e-01 2.088252790418132498e-03
2.788067376655646301e-01 9.676771204871218446e-01
2.943668130910966907e-01 9.733664829443714472e-01
9.979419707875598622e-01 5.531566422206679601e-01
1.370356304156935545e-01 9.470017169420497094e-02
2.548303816353769680e-02 2.793134914489908693e-01
4.101748389507215986e-01 4.591514904565552335e-03
3.539633733502830504e-01 9.877738369239471572e-01
9.014011717240668631e-01 8.480803003684861396e-01
1.839545880164216163e-01 6.439420620685898378e-02
9.618812461741487185e-01 7.360197536490792336e-01
9.528248807004631171e-01 7.578831452356917797e-01
1.317806239620125108e-01 9.871903511152946287e-02
5.257920043724383374e-01 9.980636129075741714e-01
9.987034053134404843e-01 4.929893175181092602e-01
2.181836103050338593e-03 5.042420990395278801e-01
8.640582061173548434e-01 1.409321341576152964e-01
3.446830027880569691e-01 9.860615504915224427e-01
7.417170835591246902e-01 5.747791389286105446e-02
8.607088831859518452e-01 8.898576739302200833e-01
1.737668955598588028e-01 9.072880460319688867e-01
8.744775070891994684e-01 1.524489616086943666e-01
3.222629868393843688e-01 1.762948582211387727e-02
3.096310000954149988e-02 6.796502507804245141e-01
5.439258758643310543e-01 4.702370952415102501e-03
6.447089714899887358e-01 2.326209237279064368e-02
9.145468516230992329e-01 8.288327066414884481e-01
9.615582173521951548e-01 2.960269222260487609e-01
9.441110279263136285e-01 2.560783360785058305e-01
5.066773742375936251e-01 1.969778273201105989e-03
9.888917507397554374e-01 6.324990801306319410e-01
2.299406608962448750e-01 9.452644029119912084e-01
9.903098938003480622e-01 6.239932933285234906e-01
8.963269613313840090e-03 3.550704073593705656e-01
1.387655060396667528e-01 9.338903881386251271e-02
8.034762972990385776e-01 9.125439988520922530e-02
1.311546859633632156e-01 9.921341598947985840e-02
1.861749857291357113e-01 9.166546441428635728e-01
6.789936793507010959e-01 9.787549040627191443e-01
2.165266174800603016e-01 5.022729498557054750e-02
1.479635342462648495e-03 4.902587228795886043e-01
6.095417503955916638e-01 9.910152418378174177e-01
1.574545532378800461e-01 8.004120567204731085e-02
1.109664355609375486e-01 1.175786992751021165e-01
1.066155355119668968e-03 4.410886334013971455e-01
8.828684150171132172e-01 8.693504535856987347e-01
8.130311681167791127e-01 9.243560423149188576e-01
2.349790520523986626e-02 6.516347413967835678e-01
9.991582342581571963e-01 5.232866898507885223e-01
1.288086061070159438e-02 5.995487053505910158e-01
9.752625667828130895e-01 3.348300834416209071e-01
7.414248878235685236e-02 1.657323571717242983e-01
6.485865943144294432e-01 9.849554045387269863e-01
5.244529154542569849e-01 2.964615257201264065e-03
9.499626268033041221e-01 7.642055098908652200e-01
9.732811984849825127e-01 3.281733857257359555e-01
9.653371860239188251e-01 7.265326438648561647e-01
7.226163957598590315e-01 4.876988152156191969e-02
8.718626947307963615e-01 8.800352319229326481e-01
4.975671190542130251e-02 2.122054707399275708e-01
7.862805502530687551e-01 9.402793802015587676e-01
1.069424691629481394e-01 1.217166388049164549e-01
8.944542071430431340e-01 8.566001992664584730e-01
3.033818994091229682e-01 9.763674795358068259e-01
7.312062653938478096e-02 7.873686028122574010e-01
8.234867852812965960e-01 1.051316632734107248e-01
3.220848061087200342e-02 2.573142789816391662e-01
2.779779085744538136e-01 2.918301761692310148e-02
9.565159563674278109e-01 7.495610052313252947e-01
2.997422774159288483e-01 9.752494439903409695e-01
4.068656473360399151e-01 9.948765714603745591e-01
1.095661905951861304e-02 5.865761724250445619e-01
9.354244073401796200e-04 4.741361991394396069e-01
2.531082293862563226e-01 3.699862901610417865e-02
3.008450288011053075e-01 9.755949149828879730e-01
9.884008001263472343e-01 6.354032552309718529e-01
8.621972399148268851e-01 8.886218346338827789e-01
2.437475551333267987e-02 6.551560029953239495e-01
1.441812868675784731e-02 6.092832021164166223e-01
2.584614594042002889e-01 9.594322907717259818e-01
8.738258126130682424e-01 8.781800828962169625e-01
5.509253619468523766e-02 7.490612089135524343e-01
9.304649628802008632e-01 8.023558221516715605e-01
3.117816016293813997e-01 9.787455330698981992e-01
1.592800259841039567e-01 8.953190312768714021e-01
1.834476427509112995e-02 3.067968019027694782e-01
8.595142878464080427e-01 1.362329014237408931e-01
1.100369096827480409e-02 3.429792665630995163e-01
8.037644610211911456e-01 9.144966571981305581e-02
8.149768188519596057e-01 9.230676382660798485e-01
6.916482064869409196e-01 3.705209138913612144e-02
8.102984992413199139e-01 9.261084617381791784e-01
3.175325027674846812e-01 9.803091750698534890e-01
1.243399742805121333e-01 8.613657449592337922e-01
2.045304402628947971e-01 9.294205391841086072e-01
6.673869476481008034e-01 2.940890005432905685e-02
1.217792826119651339e-01 1.070979951977152345e-01
9.990208721454619800e-01 5.296144315690477500e-01
3.488265628184845646e-01 9.868361183788763036e-01
7.399814350950619790e-01 5.665998222500057135e-02
7.774152616799795412e-01 9.448932724707513886e-01
1.036613480189352288e-03 4.424633804813922211e-01
1.895469061498923358e-01 6.168168743578061886e-02
8.207942026394560164e-01 1.032143754547579784e-01
6.698680741092368773e-01 9.807953744495164772e-01
4.985547858076821992e-02 7.356918572178615667e-01
9.599188865333059262e-01 2.919988713584587003e-01
5.375890300449323034e-01 9.976478130527648425e-01
2.627308627562524590e-01 3.393897804402135066e-02
3.717214317519590416e-03 3.979576100798331018e-01
6.042241261222502935e-02 7.619473567566183991e-01
5.737483315571086928e-01 9.951740844189080892e-01
9.985945410790124654e-01 5.397929310888638366e-01
8.937085373543562916e-02 1.432589304683677955e-01
8.024206180277881906e-01 9.309029381697967453e-01
1.642544700909466249e-01 7.565694240091891398e-02
3.688065177311916631e-02 6.990975193511846930e-01
8.383075842547194068e-02 1.509842345368432870e-01
2.800504842335999056e-01 2.856684439168422074e-02
2.533304299702384688e-01 9.571606438010736850e-01
3.197187825915910331e-01 9.808712334587794679e-01
9.904294294511707397e-01 6.232563109918703992e-01
1.191576005275415406e-01 8.553094847277753487e-01
7.553854531815907825e-01 9.545244225806104321e-01
9.349183709888060356e-01 2.385168269346286118e-01
2.657415001370736496e-01 9.625416698949440519e-01
9.249761855553805256e-01 2.215208033017138645e-01
4.501599489928342912e-03 3.896336775250363038e-01
5.256392506390643593e-01 3.053579224764346733e-03
2.925284249937587511e-02 6.737869892244175984e-01
1.466635916583975963e-01 8.751718174415490381e-02
8.893562466913019771e-01 1.705888560566796164e-01
8.748041363562109041e-04 4.691755529636236766e-01
5.590731704819151826e-01 9.964963549127398013e-01
8.937141005202344779e-01 8.574663305248293454e-01
9.961995293039258570e-01 5.764832234403068911e-01
8.981491689286721369e-01 8.522491428988061557e-01
9.453341997930728713e-01 7.742145429938305234e-01
5.656905652784336436e-01 9.959863625901076434e-01
9.253509969473694419e-01 8.113208375619500590e-01
6.174700745258443479e-02 1.868306227580530665e-01
9.880704100595106842e-01 3.928501794979460948e-01
7.317384464568708058e-01 5.283939618538968652e-02
3.775677088243134527e-02 7.017869842107775646e-01
6.379800295772011243e-01 2.149070223809634861e-02
8.406403850978192427e-01 9.053554249214811334e-01
8.277583154599588156e-03 5.674793993787130564e-01
8.525984205820636985e-01 1.294976416662054763e-01
1.245209782131523335e-01 1.046410274529407936e-01
9.761209930731031825e-01 3.381942025735330537e-01
1.240484776362427155e-02 5.964049273566772724e-01
1.378602326610472995e-01 9.407141089852610882e-02
7.959541720872542747e-03 5.650096539599565038e-01
6.477720183509483309e-02 1.814709488742697330e-01
1.084663170134817500e-01 8.420896438781649840e-01
9.949422657739489528e-01 5.884845147821201605e-01
9.963337498375758328e-01 5.750947880790354683e-01
1.513064307784665052e-01 8.882004768003870510e-01
9.774713425157857127e-01 6.851957010798287451e-01
2.751996832776326674e-02 2.723665022898029697e-01
2.603372034435067484e-01 9.602554250499034660e-01
4.446321793877068274e-01 9.971614385416132098e-01
6.631277725051905048e-01 2.820803436946461851e-02
9.268355436915984846e-01 8.087561348417779961e-01
9.162546753734731597e-01 8.261952503840861439e-01
6.651455760883725477e-01 2.877668171839942168e-02
3.355596303598273877e-02 2.534876070060091413e-01
9.987694900525143638e-01 5.359654450260471492e-01
6.684227927752688370e-01 2.970420907986814907e-02
2.324409693394670073e-01 9.466496777675984520e-01
1.287934938567633081e-01 8.662534474759675529e-01
7.574696823240164578e-01 6.522474191040628089e-02
2.869808488913585531e-01 9.707129671631207213e-01
6.953078297036315858e-01 3.828616627024639119e-02
3.755486666026208731e-03 5.268304110872523705e-01
5.574036559007788938e-03 3.801711355375638757e-01
7.819980747060112369e-01 7.856255750084251144e-02
2.751423412779571143e-01 3.003868750739469018e-02
1.785526185692812851e-01 6.710985382744449890e-02
9.836697804493144126e-02 1.313555206203090853e-01
3.265076446902468454e-01 9.824542897359795912e-01
8.567540676638577546e-01 8.930049938209051463e-01
3.633744759085929532e-01 9.893938134629128855e-01
3.482668417077326994e-01 9.867328473536365330e-01
1.745607742930285200e-01 6.944543058840180194e-02
2.089374279870093165e-02 6.409368763134148939e-01
7.535215029966906286e-01 9.552536361490975292e-01
9.586839289145874243e-01 7.445098302960009296e-01
2.983635504212648337e-01 9.747675334402773339e-01
7.707428049652439439e-01 9.480023404987389934e-01
8.902647046712117707e-01 1.717500450564806158e-01
2.913074679483499407e-01 2.538926938070940054e-02
8.661418789192968370e-01 1.431639692868025282e-01
3.301738718587852173e-01 9.832389225573986424e-01
1.062935561766176207e-03 4.793334602635225261e-01
9.637749847862480124e-01 7.308916230294240091e-01
5.996561181912100080e-01 1.288248041985595727e-02
7.778865278665106908e-01 9.446620376397609764e-01
1.431963587765872070e-03 4.295627394091936502e-01
3.682503326044861414e-01 9.901609650096070414e-01
3.025441057084982122e-01 9.761208567201588027e-01
5.576557438529228250e-01 6.294541534916597847e-03
9.803338515372139739e-02 1.317638083179509811e-01
5.960559598355807953e-02 1.906964865249783925e-01
9.669505002282052786e-01 7.216808593461779830e-01
2.390304078808977994e-01 4.160041402525049836e-02
9.333846008590243049e-01 7.971331957744083319e-01
2.859602377807424212e-01 9.703389964488949859e-01
1.032997838235965027e-01 8.354081809257251079e-01
3.419792341961365167e-01 9.855495436025460965e-01
9.701285400178161211e-02 8.265020966204617014e-01
5.474943398357164925e-01 9.971645359933244412e-01
9.939772747298245559e-01 5.969503147265247112e-01
7.110171249095162960e-01 9.700711398221616433e-01
1.498655712056728984e-02 3.220710246891600459e-01
8.801214801539068988e-01 8.720619871587282912e-01
9.722400084031437295e-01 3.249684260679265302e-01
8.891244826743083252e-04 4.520381663623967983e-01
6.808939369131850050e-03 3.705392838790758647e-01
8.883736295123656479e-02 8.144836206913644849e-01
9.991533703322992288e-01 5.107609439066720380e-01
5.289523405262563926e-02 7.435977710321307610e-01
9.003177583447696808e-01 1.851210710268381687e-01
9.368494684700330311e-01 2.420207354387147181e-01
7.086439541541978970e-01 9.708274724372284448e-01
7.003536693051930495e-01 9.732850730025430774e-01
2.898564316519192108e-02 6.728347135036906179e-01
5.816082847137352685e-01 9.943250322088821314e-01
9.651318553770061870e-01 3.052472654466892310e-01
4.394270661652007748e-01 9.968792458844062399e-01
4.023564050561881933e-01 5.274168030885983960e-03
9.935466535951712475e-01 6.005816388494261693e-01
7.098641005573813612e-01 4.355263038403356379e-02
4.316456042679051031e-03 3.915684028066198641e-01
9.753162508790681473e-01 6.932815545841473082e-01
6.135801475987373577e-01 1.575308181588952472e-02
5.908993860949370847e-01 1.127760221717588607e-02
9.736828312164437227e-01 6.990570951033127090e-01
9.741574427118141477e-01 3.310456492895281766e-01
7.629746020115855121e-01 6.810399779861120440e-02
4.203310697502793403e-03 5.313197516589619473e-01
8.935330401604713035e-01 1.759416351795682898e-01
2.238345098565759361e-01 9.417584706631306757e-01
8.468379407808868109e-04 4.556784567572542688e-01
7.337519075961757009e-01 5.377021571220930163e-02
2.006855723791256541e-02 2.999812731249126285e-01
8.393027058905055959e-02 8.070434743128795940e-01
9.960182406991112680e-01 4.561807260835923916e-01
6.375312563882309380e-01 9.868926207507656700e-01
9.743528248759681931e-01 6.967616384644002014e-01
2.465570975196944570e-01 3.911612341117076674e-02
1.837542264047331564e-01 9.148706878822514543e-01
7.717707188615214875e-01 7.286153691303598467e-02
3.413849163915738671e-01 9.854366433956939231e-01
9.226355708931756050e-01 2.178401562068872366e-01
5.280491884883183884e-01 9.979855242556414652e-01
4.717083516764488671e-01 1.494484050409083942e-03
1.932608439724103899e-02 6.343200080695219345e-01
8.858299420300982385e-01 8.662654360275345855e-01
8.220518364842055448e-04 4.608484659432410258e-01
9.990089574316544097e-01 5.007805490154373373e-01
1.244881969972522207e-03 4.847482564713215814e-01
9.903665838729389659e-01 4.068919557173776846e-01
9.935141843133266093e-03 5.795258184320226658e-01
9.551753041185712112e-01 7.526161127820251151e-01
9.974156485937210048e-01 5.620435709027528093e-01
3.483676200435373849e-01 1.234604116124204953e-02
9.748611156001155686e-01 6.949846035520473864e-01
2.844083898440641356e-02 2.693109322869025046e-01
1.282506253965481902e-01 8.656650651691036868e-01
4.553296893702872827e-01 1.657037793849291951e-03
1.181785986358279139e-01 8.541409573736071792e-01
6.979724254522193805e-01 3.920429151460813610e-02
9.851610332159228545e-01 3.780839059278374714e-01
9.958394000185214479e-01 5.801165998669025603e-01
9.700527979025486136e-01 7.114353261006832740e-01
8.812109486733162855e-01 1.605038160601788277e-01
9.906397485940107162e-01 4.089054956273194819e-01
4.194436101937926153e-03 3.928626182505821074e-01
7.163032618439136856e-01 9.683762800559906347e-01
3.041803615779226089e-02 2.628180961678630023e-01
6.760193818031079438e-02 1.766443619172192170e-01
9.579880731549014206e-01 7.461403686083120101e-01
4.262312084393560241e-01 9.961539948579659631e-01
5.648459338253863926e-02 1.970982101954872334e-01
8.313711966025172373e-02 8.057928787560821871e-01
4.053794637865748562e-01 5.008716017372405460e-03
7.590935357594599253e-01 6.606598237147343067e-02
9.670272669418743527e-01 3.101870174857466189e-01
9.739263395527795186e-01 3.302858077761515743e-01
9.990455883976832041e-01 5.027407629698346092e-01
3.417425995869471933e-03 4.013161695737371693e-01
2.487572450215203013e-02 2.814981110926889629e-01
1.572735398047908628e-02 3.183611421568400823e-01
4.830960255284042493e-01 1.514889799759222555e-03
2.739314877777423440e-01 9.658284070809374233e-01
8.706431011541851950e-01 1.480400270433470666e-01
4.745371206290092125e-01 9.981388356177105514e-01
1.660990866224387741e-02 6.215232894596878221e-01
1.663078301562125327e-01 9.012450723781914030e-01
7.035239985624287540e-01 4.121824896944137340e-02
6.905493914588167748e-01 9.760220959182150935e-01
4.103437843338214597e-01 9.951616291190150676e-01
9.675880594870404083e-01 3.117160593952158498e-01
7.978145903111419912e-01 9.336338874008635047e-01
9.991779481635157945e-01 5.140956255631577987e-01
8.864547520136992764e-01 1.669127204293372468e-01
4.116636354512492879e-02 2.331517868889431133e-01
1.517111520446562389e-01 8.390834535301538999e-02
4.416087033095849046e-01 2.215597871147112485e-03
4.581721439266842610e-01 1.609039718191151991e-03
9.390784884999293647e-01 2.461748060335988697e-01
2.679665676123352824e-01 9.634611413777602884e-01
1.279147892923956364e-01 8.653003481263977781e-01
6.186497828415515876e-03 3.753533984615359254e-01
5.586349487373759581e-01 9.965236288665688669e-01
3.747314776060335362e-01 9.911428421405750200e-01
2.115693380817484925e-02 2.956935682067128868e-01
4.947344501171355713e-01 9.985196763005753651e-01
5.763306128399037220e-03 5.458664171356107930e-01
4.493679748192480616e-02 2.234303577877138069e-01
6.695881699490603411e-01 3.004920264304866695e-02
7.679658881996417330e-01 9.492758337346262065e-01
9.799794652513452720e-01 6.755997271657785408e-01
5.202268047310331101e-01 9.982210945366498667e-01
3.785360943149241875e-01 7.865135298913972228e-03
8.457597289100297067e-01 9.015504657194182148e-01
4.694927959405039708e-01 1.511131162751366830e-03
7.927631858364256878e-01 8.468336893279437838e-02
9.586294193758333471e-01 7.446425809983706623e-01
8.967457731513579500e-01 1.802089933527805110e-01
9.755084114510954585e-01 3.357241645419904996e-01
5.671192826702868839e-01 7.593484920954796102e-03
4.637750518227390373e-02 2.200135848985816933e-01
4.528595182172175937e-01 1.738265644248837560e-03
1.193138383081796539e-01 1.094130733220580742e-01
8.332389599962285454e-01 9.106570029452059067e-01
1.194987076989728614e-02 3.378707631681738821e-01
2.690164595206194775e-01 9.638827026446276092e-01
9.853469130776465468e-01 6.515717611291513833e-01
5.304297297767462949e-01 3.420763632816625766e-03
4.801753538325259640e-01 9.982691577388168591e-01
1.438495135299349137e-01 8.958213315396323928e-02
5.371392632494087493e-02 2.032111158992626621e-01
2.009223136008887467e-01 9.269665905078737778e-01
5.867095184404385044e-01 1.058430059963899605e-02
4.245841842628024221e-01 9.960572705274949312e-01
5.018014656787750383e-03 3.846404857061608284e-01
1.748632589209100363e-01 9.081598733181385219e-01
1.045792546250307042e-01 1.243016386095536774e-01
1.406851652313072520e-01 8.783015268889351468e-01
7.773609103940142262e-01 7.596089116243986972e-02
9.379015200627126569e-01 7.889526538983062665e-01
9.540956763658396955e-01 2.784727941275922936e-01
5.373426608886000544e-01 4.035539756474637585e-03
1.431100877567546004e-01 9.012666329135299303e-02
4.619012364561771999e-01 1.573214432461611523e-03
4.529772810918186732e-02 2.225510300018045395e-01
8.137506454706461279e-01 9.238800508483925311e-01
8.458018707715608819e-02 1.499248888790584155e-01
6.585192620152467979e-01 2.692224969960299585e-02
5.974910219361678765e-01 9.925452394916343124e-01
6.837693755606325530e-01 9.776429712935709171e-01
9.638672106553322072e-01 3.019556658430193608e-01
8.173835632391728279e-01 1.008370620857362843e-01
4.303719685975027076e-02 7.169729481412931982e-01
1.905082522103909159e-01 9.197650602071769654e-01
6.766158444447090137e-01 9.792962057335269366e-01
9.367683404995377217e-01 7.910094912847969173e-01
6.395960575513037760e-02 7.691964043262746742e-01
2.819460830251085959e-03 4.082596436846527288e-01
4.546133591279178932e-01 1.679680722117771197e-03
9.980286176307758828e-01 5.515802627324162266e-01
9.236339302269021001e-01 8.142776861468564720e-01
8.217590402520605908e-01 1.038958899767480348e-01
8.836002997579112117e-01 8.686168201711486070e-01
9.844616417529884478e-01 3.747531538612024482e-01
1.550329103106249384e-01 8.915464315280661189e-01
7.708693349110473658e-02 7.949403820501922402e-01
1.051073984324559785e-01 8.378217703795467486e-01
9.101068505092240191e-01 8.355788124147126572e-01
8.097375324790823115e-02 8.021109570295528179e-01
6.294191873648031788e-01 1.927359278931894959e-02
5.335197823343851287e-02 2.040245637713681282e-01
1.578702742205785325e-01 8.940858046320769859e-01
5.823808649496109435e-02 1.934334347478244842e-01
9.970263723539379841e-01 4.691402189940184764e-01
2.012723831865341761e-01 5.659060968876905573e-02
9.934837792100057463e-01 4.312423013087747226e-01
3.400476899740300096e-01 1.391865402256919904e-02
3.982593457026031292e-01 5.647406426733225793e-03
1.815153380202596534e-01 6.558209256399938347e-02
9.690219114103948428e-03 3.505214533343021799e-01
3.882530818541563011e-02 7.049185573020885220e-01
7.346423316435081174e-01 9.622697634860101212e-01
6.648681740966533305e-02 1.785354129208840401e-01
4.961990799893448711e-01 9.985198690147005784e-01
6.452091429520563359e-01 9.855847070191992021e-01
8.878834023655426400e-01 1.687101743624167538e-01
7.870432251379787525e-01 8.140596327663784937e-02
7.545404111345495046e-01 9.548568256059015713e-01
3.851430504454803616e-01 9.925561778602238761e-01
7.631712806851156383e-01 9.513532932706892931e-01
3.861313719423630220e-01 6.883774670834563736e-03
8.010599874614799942e-01 8.975755084897918401e-02
3.828404816589857651e-01 7.293229655546684675e-03
3.917322220943320055e-03 5.284942444419749030e-01
1.320375901257608842e-02 3.313031441892348994e-01
6.178086100986279749e-01 9.898820472242592095e-01
1.380241090203078169e-01 8.757632446902058332e-01
5.485078643079599470e-02 7.484650172627540510e-01
5.539486839711639243e-01 5.814685218997528438e-03
1.865399902710889180e-01 9.169187268682181813e-01
4.010173525182690879e-01 9.943825771367189592e-01
6.710829409939897960e-01 3.049678319292314921e-02
9.577050002519293948e-03 5.769654987592592876e-01
8.762430170202976099e-01 1.545353410043855957e-01
1.005874020851296180e-01 1.287841851936439852e-01
7.200780318098010113e-03 3.675441465293125543e-01
1.169855290599246533e-01 8.527035341645692323e-01
1.456267749259725353e-01 8.829739878425020283e-01
2.997044942158240133e-01 2.310071896391896473e-02
8.418855020618040141e-01 1.197339465548812321e-01
9.656594800050458671e-01 7.255957418792298164e-01
9.523735540852951154e-01 7.588838284860931482e-01
5.176539554901072870e-01 9.982624088300156018e-01
8.884285986557860504e-01 1.694046269987562470e-01
2.144616803265715355e-01 5.107372077689820156e-02
7.900851814992645439e-01 9.381233293029970222e-01
9.708777783941798800e-01 3.210583202867661745e-01
3.345980812594181453e-01 1.497969835265267058e-02
3.154681110249302201e-02 2.592759422562724847e-01
9.798111453749781541e-01 3.536708710180948012e-01
4.668338027356777609e-02 7.270590276324235823e-01
2.000147307103458116e-01 5.712185417949011690e-02
9.351454207737061042e-01 7.939503993021154171e-01
4.441745507854738539e-01 2.074315736036891344e-03
9.644929770131428493e-01 7.289060155828956944e-01
8.973053396648608127e-01 1.809773954791815687e-01
1.073868497446106574e-02 5.850833935472123937e-01
2.778736894892941400e-03 4.087802194287543101e-01
9.779517332877384339e-01 6.833787755557189092e-01
1.546918971206179272e-03 4.276544841407148301e-01
4.131712600016004266e-01 9.953868615673795439e-01
6.725044604737097087e-01 3.092843227830244235e-02
9.274202488453875404e-01 2.254993537223860534e-01
8.370378111242636754e-01 1.154515036143434203e-01
7.769012318156077734e-01 9.451395857108166876e-01
3.255392486357674420e-01 9.822377434669865570e-01
3.144132515963939944e-01 1.942562745634091037e-02
9.928415531574299457e-01 4.258469108857049212e-01
5.401301258495136981e-01 9.975417992922760435e-01
6.995225301358701797e-01 3.976044547748880387e-02
2.059043812991223632e-02 6.396754687499019987e-01
6.881725870994637173e-02 7.789390200061994118e-01
6.349298379059364894e-02 1.837327704742823808e-01
1.589662294738133363e-01 7.903628602462553498e-02
9.955331832524864089e-01 5.830265460832623203e-01
7.165410079527887444e-01 4.616586285256096822e-02
2.701000942768975177e-01 3.159776503123390423e-02
3.111741244246557514e-02 2.605693841910332598e-01
9.683013711703828408e-01 3.137084826235939650e-01
4.562989385644788953e-02 2.217677666371017375e-01
5.610364347685194986e-01 6.753606971376613366e-03
2.728639054407344666e-02 6.666717975269690344e-01
9.991468684846926962e-01 5.251052885194262831e-01
1.467588349688262461e-01 8.840333697133271329e-01
1.566620583266273847e-01 8.930060598476116107e-01
9.396843232193801132e-01 2.473526985532412681e-01
6.862951866414905844e-01 9.770411413172701565e-01
1.138520801072259170e-01 1.146469339459224024e-01
9.991762067494683874e-01 5.136747401744986563e-01
3.939867834259447310e-02 2.377399720872446220e-01
7.881150998493634541e-01 8.201537814631909562e-02
6.076131741299169997e-01 9.912718583196513666e-01
6.416664444037254444e-01 9.862229106368466391e-01
8.938870474427708102e-01 1.764076540429466711e-01
9.281085985603607647e-01 8.065210710322578969e-01
9.299392631382153995e-01 2.297123258520853417e-01
1.475626020785303361e-02 6.113639912485835382e-01
9.983132853394733885e-01 4.871850150161743942e-01
8.274853794019453312e-01 9.145947627230875954e-01
9.041304299293709823e-01 1.904259059519696207e-01
8.872525122786318885e-01 8.647026285810086588e-01
8.428143117404924833e-01 9.037815909770047229e-01
1.070864621704570308e-02 3.445992156422158503e-01
1.270871519370642133e-01 1.024804372774892336e-01
6.440955153756267038e-02 1.821080133439459958e-01
8.983198842461589395e-01 8.520405458995764514e-01
1.727070830233293774e-01 9.064383563041882308e-01
3.156703966991614152e-02 6.816898882918397407e-01
8.067645964761270827e-01 9.349975538318511248e-02
5.003814927754526298e-01 1.787087244018881194e-03
7.228768301754915360e-01 9.662606785829602751e-01
9.498240159992554776e-02 1.357719219851289960e-01
3.353665295868593077e-01 1.482232194441523987e-02
7.482087533094560206e-01 6.060201264709785818e-02
1.675101766292560468e-01 7.362608572743489788e-02
7.668199236614100522e-01 9.497925064886394431e-01
4.301971527819676844e-01 9.963769189871195531e-01
1.494598260483788188e-01 8.549195745973525717e-02
1.199181005459296623e-01 1.088414032863463943e-01
9.937917078271742977e-01 4.340134665708764716e-01
6.941700550676834780e-01 3.789741911197308522e-02
1.952244291556523015e-01 9.230606286912135250e-01
5.328974175721299389e-01 3.616939121945494939e-03
8.506347968296867901e-01 1.276595943572689240e-01
6.104243518838192717e-02 7.632811964404727645e-01
9.056719714816465761e-01 8.420156608946136600e-01
9.920509100270987757e-01 4.196006361451183331e-01
1.642019774116776354e-02 6.205092854401632607e-01
9.881827882955530606e-01 3.934978978960411711e-01
4.914103799622629998e-01 9.985188022861849477e-01
7.182649726364898068e-02 7.848528315941463163e-01
5.038485231346730986e-01 1.875655956171340399e-03
8.031816258222645999e-02 1.560144668601589624e-01
9.419132896059192461e-01 2.516997857550254958e-01
8.558616616158408741e-01 1.325885306317287071e-01
2.045029334285297651e-03 5.018617093200472556e-01
9.726206131454612214e-01 3.260980083141451491e-01
8.676670757991280514e-01 8.839308257792751755e-01
9.429007266966863421e-01 7.794127791306232345e-01
3.367597662666987901e-02 2.531602902107253916e-01
5.390783098920040040e-01 9.975895109834242991e-01
4.071468755640228476e-02 7.103743941727039823e-01
2.645524667127440166e-01 9.620432503619669173e-01
8.813802407162082408e-01 1.607103193774629402e-01
7.252223206894206076e-01 9.655023171742189714e-01
9.036371470256320260e-01 8.449439812898308366e-01
3.218773026639339951e-01 9.813995257829020158e-01
7.495364343610488866e-02 1.644308882539614602e-01
8.921910172303502140e-01 1.742172576388741900e-01
5.374057729847325771e-02 7.457259624079068949e-01
3.274617142359019795e-01 9.826626740416746220e-01
3.515546297379545937e-02 6.936371183714262756e-01
7.916946873654628902e-03 3.622693841104629442e-01
7.263727145340250768e-01 5.040132542413111594e-02
9.407016499203346704e-01 7.837287525925457077e-01
6.948802601718531147e-01 3.814003224464823649e-02
1.958961346346290711e-01 5.886450223068107057e-02
3.131935687510619681e-01 9.791365888025846953e-01
6.924009657216810831e-01 9.755378892533674851e-01
1.880848796143963497e-02 3.049609145236125141e-01
7.381986306549814802e-01 9.609885967290635600e-01
7.844866222154093238e-01 9.412803769312610980e-01
9.962214680950105539e-01 4.586026694585159103e-01
7.593713464872543506e-01 9.529370936500323186e-01
6.324984761446761361e-01 2.006340854481469815e-02
9.982847373683347847e-01 4.867662203776265128e-01
3.094229026603108057e-01 2.064975766472665342e-02
6.534526569317490319e-01 9.840447520379786983e-01
7.917880285254877970e-01 8.410812164336856078e-02
8.710759338403988306e-01 8.807730639009601070e-01
8.776968706746292037e-01 8.744439247320910935e-01
8.502036554511497313e-01 8.981388771887778288e-01
8.890755823561058424e-02 1.438946366916774577e-01
1.651542222904156532e-02 3.147705837725882638e-01
9.928204891971424972e-01 6.062935409461563951e-01
5.050782382265084358e-03 5.392824065227368457e-01
1.682938697559335228e-01 7.315382620945964920e-02
5.997753651148149956e-01 9.922720563323159659e-01
3.597782033244629751e-01 1.052376530127796528e-02
2.562773919211835949e-01 3.598953115618219734e-02
7.486157223400458083e-01 6.080118759665908978e-02
1.978525474076309187e-02 6.362825087224974752e-01
2.282712645638369509e-01 4.566586520714066566e-02
3.808434097391748541e-01 9.920136230868237259e-01
6.046896198329957395e-01 1.387301393313522535e-02
9.874427428099041837e-01 3.894817498390457100e-01
9.639880085704710666e-03 3.508217850356649681e-01
3.978201750969644346e-01 9.940678120507020488e-01
9.989204675845129167e-01 4.971679399756356865e-01
7.460204831074430665e-01 5.953763773657827496e-02
1.482411304288983045e-01 8.853975347137073015e-01
1.201220805361714605e-01 8.564534699259990225e-01
2.131334308569948766e-01 9.351396498211849151e-01
2.843894067423721195e-01 2.732566921286316841e-02
8.787449766741484147e-02 8.130301305629502595e-01
1.762137327777413276e-02 3.098595280026007481e-01
4.781974690188577348e-01 1.480130985299310531e-03
9.950836024871043684e-01 4.459069428280394431e-01
9.916719104393856288e-01 6.150773192001797174e-01
1.786603749689927856e-01 6.705207389772149806e-02
5.902751492938729250e-03 5.471407288908698430e-01
5.546027098254395771e-01 5.899233067211739900e-03
