5.508137303913573923e-02 2.542744946222509350e-01
3.004909472681058791e-01 4.533340212853909090e-02
9.880180339177031534e-01 3.691510637224841851e-01
5.048329187616478197e-01 9.991604199812814668e-01
2.782541139205074732e-02 3.211521031105376567e-01
5.401927696978631177e-01 8.931662272716467399e-04
8.998309210611006304e-01 1.153929614479947130e-01
9.139622159058458095e-01 1.349357263506936189e-01
9.118642139053357853e-01 1.315175794823200128e-01
6.875892316851180963e-01 9.808576090333290809e-01
7.449597584131500971e-01 9.630378152093099775e-01
8.279184068703826505e-02 2.041849057570769288e-01
9.916053575428582789e-01 3.933094339381775217e-01
8.451859144175527527e-01 6.594809290811787239e-02
9.979021504911045337e-02 1.790255185506578472e-01
9.992665671978071540e-01 5.482269341272785201e-01
9.866192852633720589e-01 3.605388554029403947e-01
8.120428514410699128e-01 9.342697460187076031e-01
4.377472456286690683e-02 7.411826965060310801e-01
9.699744562035714779e-01 7.423744365796934863e-01
6.584987334267505821e-01 8.143236428960531903e-03
9.900693126010815526e-01 6.622815697516398759e-01
8.507062926121031765e-01 9.098205654035822487e-01
9.515223410714033214e-01 2.132092527895886880e-01
5.062111893955234532e-01 9.991564410009721175e-01
7.925717405537709981e-01 9.436904935281213991e-01
1.857261567117547418e-01 1.032358784272802144e-01
5.136060990691938555e-01 9.991144065084248682e-01
3.357145959679396219e-01 9.834206085552105181e-01
1.230859027363906399e-02 6.270045206931261772e-01
9.958352188540906536e-01 4.381825235346812342e-01
9.114603353574615152e-01 1.308662864403528081e-01
7.088567765295020751e-01 9.751052397559472062e-01
9.942087561897310355e-01 4.188259075741698201e-01
8.703477689173160226e-01 8.531055767119755107e-02
6.145921059582504231e-02 7.847957451355180858e-01
9.995802933365867116e-01 5.337243089194251278e-01
8.102063367926640725e-01 9.352092597948162833e-01
9.944105866632975133e-01 6.256669382823839554e-01
6.681861049041936118e-01 9.385588756948948230e-03
6.078855664121847191e-01 3.466906643954992262e-03
6.757973425134429224e-01 9.836908954049398135e-01
2.660955310908508231e-02 3.247925348504194787e-01
9.993246092032082029e-01 5.097476216803630278e-01
4.718084817510813656e-01 9.987171975864457263e-01
1.827372621282710163e-01 9.154868212052130749e-01
3.449753392718390987e-02 7.126023863591162133e-01
5.297526009725816998e-02 2.588405237058695185e-01
5.426971517407178647e-01 9.984937929980650662e-01
6.105846557337780700e-01 9.940108278078098047e-01
9.988740503608819488e-01 5.585414994878070694e-01
8.899173446765162865e-01 1.044268992082805214e-01
9.812727339389042402e-01 7.039645798077512895e-01
1.990039203671407630e-01 9.260951015860210411e-01
2.711021253921297447e-02 3.232656049422696354e-01
5.181945473925314571e-01 8.440563544764856374e-04
3.728032808578152224e-02 7.217721968866702698e-01
9.690323387298194202e-02 1.830387066798215834e-01
1.587578291820113119e-02 3.634683684774773216e-01
4.407700477077709511e-01 9.975981984057186169e-01
1.229024939040931352e-01 1.530749093375403103e-01
4.227906811334307680e-01 9.966842181882570317e-01
4.860572626720153222e-01 1.686958092435353329e-03
9.484709385139903359e-01 2.050020358067837778e-01
4.158403984763623384e-01 9.961048687679915359e-01
2.562274272651635654e-01 6.421010416153738465e-02
3.623228681480556990e-01 2.458477007929560365e-02
1.271078753661147864e-02 6.289190458720567145e-01
1.154482065342292696e-01 1.603266083715493284e-01
1.764219596288227887e-01 9.109847959946294482e-01
8.713773315794413055e-01 8.620259982837452650e-02
3.249001512417017956e-01 9.803962403048382956e-01
1.179717014281311815e-02 6.245413841374571895e-01
3.434242710630974749e-03 4.405231377139123827e-01
9.995140903918441344e-01 5.251483338880307272e-01
9.838322401696691921e-01 6.932748391947515243e-01
1.375895593720977139e-03 5.452612475027107664e-01
6.700608310035049975e-01 9.849727631908262726e-01
9.962036642952725174e-01 4.427783024643594523e-01
3.993634195049489133e-02 7.301845136718640994e-01
6.327832885104114347e-01 9.913500954735835480e-01
5.003633463905700074e-01 1.135584211081175354e-03
3.456835670266974470e-01 2.937335226432957747e-02
3.302785818038848076e-01 9.819129943985316356e-01
1.811161032397998749e-01 9.143540783619689138e-01
1.097879833975735631e-01 1.665512737576233526e-01
7.228913049389995571e-03 4.069006920230880953e-01
1.674689268113382923e-02 3.597048088752085038e-01
2.515387433670641659e-01 9.535720647549755791e-01
6.976378834473706547e-02 8.010978663032723990e-01
3.387100542594390085e-03 5.705935534098161011e-01
8.783002391019247845e-01 9.261008582307073134e-02
4.230917537323408695e-04 4.981277800057687388e-01
6.110452882013488463e-01 9.939598920144447902e-01
9.920505123670475545e-02 8.398715069903498476e-01
8.690103495800113320e-01 8.415385027522093164e-02
8.392075628541136867e-01 6.238245422491028869e-02
5.198978784657026786e-02 2.610316327811796899e-01
6.377302875199746257e-01 5.898279164728514878e-03
3.318973881156140893e-01 3.364648970924855043e-02
9.976106415578795961e-01 4.645862282903544527e-01
1.999916381467243820e-01 9.266954057218519392e-01
9.302178322327224747e-01 1.640962320802787922e-01
9.818599241088453722e-01 3.341026952227880154e-01
9.631831380586962643e-01 2.514663508868576480e-01
1.785620668643589370e-01 1.079525692139713389e-01
6.710663696122478594e-01 9.767206621892898788e-03
4.642363695385208766e-01 3.466801090756588266e-03
9.993467220360023884e-01 5.109662770625055250e-01
9.782377222113477488e-01 7.155429396673756992e-01
9.283085913026160041e-01 8.309227095310907085e-01
7.990985601841469332e-01 4.371529948967189938e-02
2.364127954796013675e-03 5.601839493502225320e-01
2.354954699921246730e-01 9.464693863309319166e-01
7.956685227035555918e-01 4.231944242326535210e-02
3.709079972316021712e-01 2.216918891709329653e-02
9.556624841239723667e-01 7.808271136953441882e-01
8.748514663954776172e-01 8.935967389674359662e-02
4.692468925666898327e-01 2.991931320930230065e-03
1.881869752112386163e-02 3.510733221218615974e-01
4.504823465525398252e-02 7.446587059190534763e-01
2.144668442426311827e-01 9.352667914007624095e-01
9.250810472198391921e-01 1.541607987977849925e-01
7.135851077687049848e-02 2.230697907489136433e-01
5.941304730099390419e-01 2.708335031818442928e-03
1.447842465541904211e-02 3.698845967917262501e-01
9.924261579728271832e-01 4.000346102124973102e-01
3.489737015532224929e-01 2.841989609535655603e-02
6.847196850014967140e-01 1.175224763445958942e-02
8.221854589046007078e-03 4.012141476542522289e-01
7.049119748239831562e-01 1.540737094589472722e-02
9.898902129649610471e-01 6.635215331374990644e-01
3.950438972888650202e-01 1.577895983872024122e-02
6.296370972018938694e-02 7.880357872579689671e-01
6.895255923086496264e-01 1.250158193431938347e-02
9.368832001671859588e-01 8.165563179115312709e-01
8.695625917167382202e-01 8.954758675189103956e-01
9.044025149575392053e-01 8.619512977650880536e-01
8.010904558148090882e-01 9.397597056788409287e-01
6.069801822825883209e-01 3.406855185477120074e-03
9.833549068830851336e-01 3.419744639957758015e-01
5.695060964269532677e-01 9.974783235048518826e-01
9.864231281693125464e-02 1.806144519770538359e-01
4.264641203895586097e-01 8.621918798454752952e-03
9.980494056588188334e-01 5.775392751238476174e-01
7.512607211139776808e-04 4.795794782714027926e-01
1.549133640729066785e-01 8.943053887849881090e-01
1.033899103473069347e-01 1.743545892715874235e-01
5.648955054923653352e-01 9.977071682134747155e-01
5.361580698038169723e-01 9.986454513155839097e-01
7.438246228766393076e-01 2.478652094741340406e-02
3.332911220410308406e-01 9.827499372811645539e-01
6.405098343371662395e-04 5.276244511863517062e-01
7.953597570754655788e-01 9.424115103897796608e-01
5.193002232003116614e-01 9.990192886017063012e-01
9.956863685637984407e-01 6.121040227430974978e-01
3.422484605844821060e-01 9.850536009243164859e-01
8.082878310972424485e-01 4.747238818769516921e-02
7.876057147881745379e-01 3.924629466626261554e-02
9.457119074897546440e-02 1.863494226132639264e-01
8.197209054616505508e-02 8.188535846095155168e-01
6.485655470652508248e-01 7.047911476310342316e-03
1.542856180091752849e-01 1.254451387482594660e-01
8.949695654302316505e-01 1.098587056129924910e-01
1.096915565321070485e-01 8.516264967347674242e-01
9.657376089451337187e-01 7.550891422647302287e-01
1.512953178217757433e-02 3.668290217366305672e-01
8.514643321828196942e-02 8.231842851757397161e-01
2.447619716282967151e-02 6.784936439713660228e-01
9.396981233085889285e-01 1.840666265153708681e-01
9.818059611676971388e-01 7.017774402268295297e-01
9.583446531570167792e-01 7.748457161294868278e-01
2.658687282578930944e-02 6.858542024812467330e-01
3.030024828368083067e-02 6.986040559727236809e-01
6.802048615950443411e-01 9.827038845630363673e-01
6.349194250982223009e-01 5.626705433666945311e-03
5.881541667820524566e-01 9.962509484363365475e-01
9.017204212812675035e-01 8.647791450228543564e-01
5.810013244158532819e-01 2.086828764802928227e-03
6.620407264492005339e-01 8.581228662018713926e-03
1.333754000097719938e-03 4.678145810684674055e-01
6.010290095228326690e-01 9.950017441194330958e-01
7.757687884913894161e-01 3.493328903581904843e-02
9.951147529352021293e-01 4.294058933699477221e-01
6.470863812493513612e-01 9.893722173703050071e-01
1.884630335501510379e-01 9.194198405045209688e-01
8.805347781848251731e-01 9.480518703855000950e-02
2.618458539311491196e-01 9.578236687856996889e-01
9.575700164265193992e-01 2.313684299334418659e-01
4.996629723879434382e-01 9.991486577358980048e-01
1.050704087353526717e-02 6.181637248337015222e-01
9.913212209926315355e-01 6.530956493792380302e-01
4.820866196533556414e-01 1.919570291967098719e-03
9.163387083159836299e-01 8.479200014867132040e-01
4.430448427033923942e-01 9.977026707094185376e-01
4.623138904828556495e-01 3.649962903020775862e-03
3.931132288810949005e-01 9.936208705137677955e-01
2.726523922917767351e-02 6.882084416725405829e-01
4.233776065255034915e-02 7.372475406826480837e-01
1.074601832870564211e-01 1.692952570483955421e-01
4.647295617915225829e-02 7.485119437073529669e-01
3.627672115149843668e-01 9.892392252983246426e-01
2.745095719733059436e-01 9.630162592044917425e-01
3.447597567329587775e-01 9.856340184772905966e-01
7.509995505555188133e-01 2.680105534198407025e-02
8.132546116500187772e-01 4.966649149882929049e-02
4.231985751817395336e-01 9.250268004306172465e-03
3.211657251312571848e-02 3.090539342395507427e-01
1.572965967569395218e-03 5.483223614164610682e-01
8.744966539544144490e-01 8.910908534676306170e-01
2.273116894945472755e-01 7.864229175826753515e-02
8.868824114746693965e-01 1.012860082551391150e-01
8.850092438010809248e-01 8.813904152689886473e-01
6.799495430207375124e-01 1.100963753601325035e-02
4.650288736024466019e-04 4.897604962965463882e-01
9.744126097814717058e-01 2.990643515309201472e-01
4.165978333399289468e-02 2.846635731907708466e-01
4.387071460857583372e-02 2.794202281767488305e-01
8.932591909903337957e-01 8.733474510790986134e-01
2.271672512846060199e-01 9.421957765987416522e-01
3.159680553573431805e-01 3.932465606316282170e-02
8.656473881236004253e-01 8.131008467677602880e-02
2.772759715511917689e-01 9.641015805665058558e-01
4.024703551361086262e-03 4.344466972388272286e-01
9.670588816735563586e-01 7.511532092007099370e-01
8.655718878828181362e-01 8.987167894809239277e-01
3.102313492312606114e-01 9.760886452001952263e-01
7.181572161139468946e-01 9.724159017475201283e-01
9.576424474445544011e-02 8.359395924739990713e-01
9.531025544405161698e-01 2.175851158927981643e-01
2.172707056238809553e-02 3.402512781218982596e-01
9.994834902716535074e-01 5.424363882206141296e-01
5.320606725458532082e-04 5.205346381500500774e-01
7.768017718968428520e-01 3.529709997739338689e-02
9.627172259631961992e-01 7.635505812892442457e-01
5.334408082720296651e-01 8.541891868215634176e-04
9.135622933989365757e-01 8.514442898596554787e-01
3.238793714888077435e-01 3.634856312906631359e-02
9.896436802662361698e-01 6.648711084556125916e-01
4.498439473927128285e-01 9.979781385445701813e-01
8.982672212592532901e-01 8.683019774854244810e-01
9.905063025476313898e-01 3.854597751246064963e-01
4.255889622524892113e-01 8.788050612836384445e-03
8.196547564338120262e-01 9.302958562187196856e-01
9.410801408465371276e-01 8.091081335137016994e-01
8.527830869500333533e-01 9.083040990071700183e-01
5.720578793843573706e-01 9.973356444567497148e-01
2.892911694724009664e-02 6.939420255486208333e-01
6.590060869484332118e-01 9.873380476865898370e-01
9.236589314002879858e-01 8.379013339881913325e-01
5.733469040224490332e-01 1.747533482958085749e-03
9.993651500944789046e-01 5.120259120642903783e-01
4.504107718915544289e-01 4.963005971509337755e-03
2.920341593970365857e-03 4.459094331971712455e-01
1.052306506864504332e-01 1.720619991264642490e-01
9.781925036350479497e-01 7.157082038911356525e-01
1.127174829915211784e-01 1.631754391557040940e-01
1.828919865797451472e-01 1.050725607740268241e-01
7.559569831158685638e-03 4.049972468084794830e-01
9.854377003456762374e-01 3.535917161410150333e-01
1.725606597968865064e-01 1.120013294057787823e-01
2.047254805344139728e-01 9.135275712089174771e-02
1.040012407092143487e-01 8.453175141488106226e-01
9.926352111135199330e-01 4.019536098673502922e-01
2.225248572757287935e-02 6.701174255180869510e-01
2.337130158595716045e-01 9.455776699364957238e-01
1.918952285553885417e-01 9.926581593176464491e-02
9.971825084111385351e-01 5.933404469247692825e-01
9.864912913102792391e-01 6.813807427986305898e-01
6.938977893685568388e-01 1.320543200423929253e-02
5.587420113743024608e-03 4.190173326708171997e-01
8.986765889108427885e-01 1.139863606417477193e-01
9.906266403941007548e-01 6.582570834907092161e-01
7.657292646672742009e-02 8.112672834841875291e-01
9.232831803760706002e-01 8.384362308264452501e-01
9.707489005579233998e-01 7.399649390763018975e-01
9.893223461259359475e-01 3.774248412356865368e-01
2.384428840547914152e-02 6.762033823630985152e-01
5.482063540472702501e-01 1.012052378362882088e-03
8.185299175593104826e-01 5.203063341290770083e-02
3.804684362617988258e-01 1.955138610282503020e-02
3.405164878589581612e-01 9.846507417539671625e-01
7.877582211168276949e-02 8.143888207105056676e-01
1.046941316194471838e-02 3.892713768969843224e-01
6.253959461585248958e-01 9.922898978612784138e-01
8.593531191081025256e-01 9.034412957707964598e-01
5.039278961336326468e-01 9.991621776328730720e-01
8.789103666708059093e-01 9.319175250661504428e-02
7.539104397008394853e-01 2.764219390744060423e-02
8.912916278157875238e-01 8.752835692291984770e-01
3.652562278882514057e-01 9.896488312977531621e-01
1.965311238571354480e-03 5.544162872136784159e-01
4.549809326345188865e-04 4.913855664467715600e-01
2.135586055398863703e-02 3.414904425042103453e-01
8.733564167078602392e-01 8.921233558631601612e-01
1.409535897627531842e-01 8.823168844524836851e-01
9.577477545514246904e-01 7.762267794815842503e-01
9.320925817998573226e-01 1.678617020637621637e-01
5.437233570720478859e-02 7.685928089202964664e-01
9.536064540399727951e-01 7.851516376929305041e-01
2.081852938514849871e-02 6.643318261026275318e-01
1.663772529138586309e-01 1.162651317866673084e-01
2.429577425880455888e-01 7.054380737533538781e-02
9.938253403999743885e-01 6.317722333663372547e-01
8.957591439228584917e-03 3.971291968285163287e-01
2.549072100557218112e-01 6.482851847123871636e-02
9.995715906608363399e-01 5.364576182073300670e-01
2.383062776799615978e-02 3.332908234002779357e-01
7.577508354072264307e-01 2.880782241170820601e-02
2.440130109857213681e-01 7.002294308845102844e-02
8.912563728395764828e-01 1.058331427043029960e-01
9.888406213580858140e-01 3.742589375084758307e-01
9.981761892650881096e-01 4.764163282981133118e-01
9.957372876794621241e-01 6.115388014121516669e-01
2.825219197432939922e-01 5.269133420593030692e-02
7.770898912878976272e-01 3.539892305892522462e-02
3.647701161742735732e-01 9.895732079570069839e-01
8.032538544175649164e-01 4.540888364328976579e-02
8.616422782547172865e-01 7.810930125696013970e-02
3.616878363932007900e-02 2.983891489697491073e-01
1.139076437868292713e-01 8.561379867318261727e-01
4.423797384228647100e-01 9.976725720902602790e-01
2.701517629753357186e-01 5.797912453960085699e-02
8.430830036145934292e-01 6.466713520888200950e-02
3.884733722842634851e-01 9.929751665102927172e-01
1.081909643762501982e-01 1.684277950622917741e-01
2.660783676575373402e-01 5.977298941553732536e-02
7.059372096861826762e-02 2.243783769063671940e-01
9.117053177549601095e-01 8.536761213223110767e-01
9.259680259241523936e-01 1.558453805937369818e-01
9.269982732047787888e-01 8.329332604608170598e-01
7.459044899252831318e-02 8.084153180871408440e-01
6.805304366887687806e-02 2.287311629678101532e-01
3.338170813409797599e-01 3.303513842512972865e-02
4.936718095384983185e-01 1.382645232157697635e-03
1.870684500986240506e-01 9.184882534671583443e-01
1.721859912696810380e-02 6.491199801605670450e-01
1.094673789199307468e-02 6.203650874781695412e-01
5.895789715440380441e-02 7.793061321906360472e-01
9.763789569129662782e-01 3.079017120660534346e-01
9.862052406923831338e-01 3.580467553278418036e-01
9.018254556759950358e-01 1.178391580748252565e-01
2.141055500193977945e-02 6.667400423238059037e-01
4.885703176674260906e-01 9.990647341074335719e-01
1.395484632814281145e-02 6.346201143553386048e-01
1.323821570613098464e-01 1.442157367023150227e-01
8.104080567442606409e-04 4.780791324991433555e-01
9.983598903456266660e-01 4.808518335460701953e-01
7.644768020089702798e-01 9.558545985095758812e-01
9.023277929988271495e-01 8.641503451935872437e-01
6.800063877404394219e-03 5.978345303623868734e-01
7.718813841289551281e-01 9.529326946839888901e-01
1.120562402074665176e-02 3.855578254865518195e-01
2.276593209535249240e-02 6.721405823542681013e-01
9.407765351758093919e-01 1.865492413738671917e-01
8.472755865707987111e-01 6.728681666560465402e-02
2.157172532860185399e-03 5.572503413663233429e-01
3.580987940464464003e-02 2.993117389633372927e-01
4.232675978203630507e-01 9.967163112718172568e-01
9.597614165376818773e-01 7.714932283701129156e-01
3.722598843052207229e-01 2.179134252678949224e-02
1.246032030340251673e-01 8.668519849521489906e-01
7.122452131393509633e-01 9.741384928598934012e-01
6.968665340195204783e-01 1.372558393154865719e-02
9.637877708295703449e-01 7.606062693074703285e-01
5.856417397850144368e-03 4.166423957631530950e-01
4.294261756783355199e-01 8.075172859885682008e-03
6.577868790207701544e-01 9.875659154582805410e-01
3.399462091248837137e-01 9.845098588441020260e-01
2.262526367845922870e-01 9.417022792003100218e-01
2.057816332378807900e-01 9.301735244752956655e-01
1.961646340922373888e-02 6.593770326496852796e-01
7.197547465837076386e-01 1.874131061205053239e-02
6.402017996833531122e-02 2.361453752248864335e-01
2.988619453696597095e-01 9.722659145339792586e-01
7.444296210831142790e-01 2.495007970089602178e-02
9.808930031043279207e-01 3.293914327860784086e-01
9.980931040527230014e-01 5.765631304665438384e-01
9.125971616177274148e-01 8.526052016369183306e-01
8.356362821487860471e-01 6.033723093962528594e-02
9.107761427188447723e-01 1.298259000947992181e-01
5.662502861417421096e-01 1.467462719234813306e-03
9.540167376536410337e-01 2.202039936207629278e-01
3.546243149069572276e-01 2.679396060925531842e-02
5.371049538364724985e-01 8.689078645942593937e-04
2.478859364651975206e-03 4.505404189606784238e-01
1.342543301844789649e-02 3.748775285896223108e-01
8.228533241104512008e-01 9.284762358500917578e-01
9.853664204307126528e-01 3.531825518448441503e-01
4.402008402866451897e-01 6.291148116417732972e-03
6.480263794835180446e-01 9.892237814482109926e-01
4.015655543369721636e-01 9.946600846399982210e-01
8.231390508319966770e-01 9.283069500936673712e-01
9.973761395740251556e-01 4.601951400745178944e-01
2.911494352755634729e-01 9.694378405779658925e-01
9.698172745076619750e-01 7.428620948849921080e-01
6.544837385109075756e-01 7.691246895041747855e-03
9.609004413068790162e-01 2.425931174189177586e-01
1.791693594311427606e-02 6.521643090553953526e-01
9.605485357723752005e-01 2.412688921653823870e-01
4.857175584712103422e-03 5.832525706990080439e-01
3.818635693542105081e-02 2.932720657396319375e-01
4.342946623829835318e-04 5.118689809583201189e-01
9.970980779387312865e-01 4.551173150397079814e-01
4.104466110943253421e-01 9.955959255536516173e-01
9.614268189997776659e-03 6.136607603739285821e-01
6.965887998513198287e-01 1.367364746515042917e-02
9.493904236099771632e-01 2.074330113086829686e-01
8.447913852336219609e-02 8.223141411397241196e-01
3.392669109013503048e-01 3.133135536421172151e-02
8.661613142965460810e-01 8.982447367054986476e-01
9.932851988519987296e-01 6.372826240209774618e-01
6.528019734627008575e-01 9.884500805295257653e-01
4.022589412053122482e-01 1.397379668490184024e-02
3.677446486532153225e-01 9.900218198769028533e-01
9.066464805582651332e-01 8.594886762862954388e-01
5.359444028712045949e-02 2.574919855307368222e-01
9.992131925238659784e-01 5.055493675101132567e-01
3.281573956317663798e-01 9.813172571931529919e-01
8.655329166520586703e-02 1.983938958825969268e-01
5.505544710643315298e-01 1.049770314753173395e-03
8.828065145233473521e-01 8.834869440347656866e-01
8.592318489930239611e-02 8.241916181524507889e-01
8.205234255763087514e-01 9.298057975274293119e-01
9.346249172424042628e-01 1.730662558293719622e-01
9.741450808413433249e-01 7.292708920024926211e-01
3.378978125601784788e-01 9.839974848412804675e-01
2.114029958236749440e-01 8.737581091235158137e-02
2.868832782519126212e-02 3.186098164130398702e-01
9.288676905209213297e-01 8.300563725444243257e-01
9.321304630829592153e-01 8.247408203401848104e-01
4.617932907414024069e-02 2.741448719345253027e-01
4.768726615264364810e-01 2.298846853731051354e-03
9.675137888313850576e-01 7.497867862796434579e-01
5.014018682062715282e-01 9.991560538176355033e-01
9.171521614440378833e-01 8.468232461606134409e-01
3.048103504558880017e-01 9.743219299693374191e-01
6.216599697322561235e-01 4.465341672481804025e-03
9.979704909632192145e-01 5.792706400769207509e-01
4.008438460636329914e-01 9.945806428485719497e-01
9.860321723444828157e-01 3.570104424591463710e-01
9.093829616622196577e-01 8.564467871877097238e-01
9.548631442827222315e-01 7.825343404073525910e-01
1.444911079287994893e-01 1.335483883692003548e-01
1.904653379309845240e-01 1.001823987226881929e-01
6.693421102463237293e-02 2.307070137888711514e-01
5.791581342570202295e-01 2.003968143024392745e-03
6.477977028570447438e-02 7.917635247004704002e-01
8.992730091884669763e-01 8.672802322834223254e-01
9.343071382105216927e-04 4.752269618766187254e-01
5.037522116613093459e-01 1.043926382740423264e-03
9.837242948929655340e-01 3.439208598066109124e-01
2.398202647074687555e-03 4.514933441622726029e-01
9.802352875678538302e-01 3.262073512602124969e-01
9.546956214585520240e-01 2.222994636985343719e-01
4.880819074307019001e-02 7.547310513347642580e-01
1.807306074871356527e-01 9.140798607808706677e-01
3.608768015791252726e-02 7.178967471212192031e-01
6.199464342494364066e-01 9.929442486486073083e-01
3.465569061429122355e-01 9.860368401626460333e-01
5.823591215897594431e-03 5.906571513761100789e-01
2.847711175694594976e-01 9.670237560795196252e-01
7.548538024599947827e-01 9.594341060061263304e-01
7.110141008488175540e-01 9.744924409869059057e-01
2.482798597380531103e-02 6.797256873837408397e-01
1.517472382157254440e-01 1.274962133305750367e-01
9.543904169967533102e-01 7.835309733454011161e-01
5.882501549500744886e-01 2.426279957225330186e-03
9.972643918550762043e-01 4.581300355866981810e-01
8.891829907516181075e-01 8.773564642933309177e-01
7.539110782554733214e-01 9.597798982795381351e-01
6.434944863749225696e-02 7.909095811865193282e-01
1.226953247964781557e-01 1.532732441125628231e-01
9.765780278349300847e-01 3.088300969015548292e-01
7.166732145435882328e-01 1.803333881036883746e-02
5.542050529833491002e-01 9.981282482782123378e-01
3.885875964736552612e-01 1.742209017203544263e-02
4.394292964498132115e-01 9.975335404162973818e-01
1.070062019199135017e-01 8.487072093790603011e-01
8.334091718446812180e-02 8.207632062552884245e-01
8.936754968882415495e-01 1.084403555031273614e-01
8.924521338083025723e-01 1.071096139959695215e-01
9.443302667268530515e-01 8.030845655659204496e-01
9.596326363644572810e-01 2.380729187699262006e-01
9.152808698393691822e-01 8.493307561019610707e-01
4.991108051950434721e-01 1.177921120734781724e-03
5.286153471443355567e-02 7.649507909336231704e-01
5.642256446489335442e-01 1.392184730239387491e-03
1.654310425423370923e-01 1.169208463657011032e-01
5.949002523405677589e-02 7.804993996533561296e-01
9.051765895939428708e-01 1.220429358062743441e-01
6.253152909146011407e-01 4.756220797212384888e-03
5.098546036838901285e-01 9.991367343546776469e-01
9.154610197536373617e-01 8.491031621709242971e-01
2.594193750432708390e-01 6.275538658863000219e-02
8.296998151961234580e-01 5.722315649989939690e-02
2.097834068477324454e-01 8.831481596239454390e-02
8.405334053683796158e-01 6.314791538268549331e-02
2.854314262129974411e-01 9.672787612832454140e-01
9.592225305865474949e-01 2.367153332747085059e-01
4.197066634132884388e-04 5.062077604471376668e-01
7.264603522346891884e-01 2.033517511447202608e-02
9.962389785628271710e-01 4.432465774785528945e-01
1.759799684666163433e-01 1.096796844358549627e-01
2.749569332016741363e-01 5.589359891998380014e-02
9.931662884994132412e-01 4.071763085502437818e-01
9.565336133223523163e-03 3.938598236894911286e-01
7.307545347632892208e-01 2.139303420701754721e-02
7.595751708664141288e-01 2.936694493784786086e-02
7.146527187002305048e-02 8.037447190104090033e-01
1.490244300901619745e-01 8.894066195989098755e-01
6.603701037612552671e-01 8.364801176144354145e-03
3.944046078816232370e-02 7.286817354120712631e-01
1.473650268201831537e-02 3.686656473979588178e-01
9.282620844061306720e-01 1.602595940248615625e-01
2.311086729265090511e-01 9.442350998874741164e-01
8.336117399493693236e-01 5.918066484125550364e-02
5.180460019819199680e-03 4.229858022712822407e-01
3.266088567536794551e-01 3.538410785624979127e-02
5.520086259089833636e-01 9.982052429180977571e-01
4.437310518753289079e-01 5.787782183174106088e-03
2.196883974192169742e-01 8.274569936861519981e-02
4.285330536040810046e-01 8.233689555434242635e-03
9.497789341571049038e-01 7.926966109811727224e-01
1.024599307568315743e-01 1.755337433706322114e-01
2.552481716162201542e-01 9.551072677664345090e-01
9.595596432216921823e-01 7.720103462978719078e-01
6.585063156473813795e-02 2.326354437333951752e-01
7.651293709499774609e-01 3.121396626422656695e-02
1.617424397372990708e-02 6.444974610554121686e-01
1.389884417480498069e-01 1.383560568421098314e-01
8.556142200932375097e-01 9.062259114654847014e-01
9.645066905835667503e-01 7.586016084505644574e-01
2.115681030463600898e-01 9.336147063532522772e-01
9.014976873394131562e-02 8.294452343656252280e-01
1.624504759400275944e-01 9.003434228407383166e-01
7.486450621616562717e-01 2.613233766031830552e-02
4.090265011234117676e-02 7.330949426773866184e-01
5.705830184588989162e-01 1.629495356874621770e-03
1.185163097424514200e-01 8.609154692993762348e-01
1.607299014766832013e-01 8.989925207333564483e-01
3.093263737239726474e-03 5.677873105963330280e-01
9.307647294496691481e-01 8.269847941425381155e-01
8.607281185754868114e-01 9.024018025094046047e-01
4.102154013924885767e-03 5.769871404494634204e-01
9.817545633945545802e-01 7.019908407112153137e-01
5.751296993818433290e-01 9.971571915521412199e-01
2.235171104098598871e-01 9.402252243861743963e-01
9.756618869247272174e-01 3.046520450513844347e-01
5.021774224841790701e-02 7.584025927593759375e-01
8.176796057671639195e-01 9.313454471429843951e-01
2.875672046974372398e-01 9.680956861877367814e-01
8.786998264240285517e-01 8.872618352838870237e-01
5.118005132703284943e-02 2.628391350795977743e-01
5.200914709154881299e-01 8.378223671269280359e-04
6.311852118599858841e-03 4.128000187440021840e-01
5.929416001782383816e-02 2.454777294628781581e-01
9.582990544149510015e-01 2.337064011088954008e-01
1.467539574928478086e-01 8.874147090594323162e-01
9.379701561867436199e-01 1.802503268242863221e-01
4.839645141177467691e-01 1.784328236519638899e-03
3.089849235015230677e-01 9.756935359073630742e-01
8.028545748045955444e-01 4.524582664180754055e-02
1.105371642015561262e-01 1.656740440266923908e-01
5.528035204100102407e-01 1.089607605195941353e-03
3.662346346417714171e-01 2.347823840273044471e-02
9.777101258487636004e-01 7.174139577258942246e-01
1.770469937299545826e-01 9.114482243647170634e-01
5.768052417380797880e-02 2.486972529026478806e-01
6.779171073288869920e-02 7.974850874446951510e-01
6.041813909680597838e-01 9.946840798558840291e-01
6.816765549495414911e-01 9.823494949055502357e-01
7.700059614260446050e-02 2.135268096383412528e-01
9.641745097572894663e-01 7.595393865968410596e-01
2.800972809412216602e-02 6.907785262981130936e-01
7.402508577737665352e-02 2.185303140541483558e-01
9.448379444225215584e-01 1.960853104933866220e-01
8.839706437312561116e-01 8.823821012648718209e-01
9.078164168491559272e-01 1.255692670799742894e-01
8.254688857839345140e-01 5.517281430077480842e-02
8.180813331434955149e-02 2.057115230885507851e-01
7.426689135735407010e-01 2.447580171791152726e-02
4.027712988203664413e-01 9.947914505953173725e-01
9.476977070245908852e-01 7.967154187831824164e-01
4.976963895198091015e-01 9.991399919820135311e-01
1.451277667261852145e-02 6.371397447190267904e-01
9.133310736870658975e-01 1.338995460087133438e-01
6.453352440764978937e-01 9.896397063009886308e-01
8.154658471780562579e-01 5.065588007794519232e-02
4.053232620594361402e-01 1.322261096416821324e-02
3.213070080593528610e-01 3.730681423622117521e-02
7.011087828591080484e-01 9.772155669211575191e-01
9.089737512070864556e-01 1.271499775672568777e-01
6.787847629985099829e-01 1.083275391122839881e-02
1.702224608850211318e-01 1.136046291978723977e-01
5.156313960191661883e-01 8.597919950589227867e-04
8.338953121209824459e-02 2.032618990751403620e-01
1.334906470341179485e-03 5.445976270959003163e-01
6.782592778788222310e-01 1.075549931836816686e-02
1.386392950032363514e-01 8.802173437855868032e-01
7.162116619508210880e-01 9.729907464801956785e-01
8.437889124560173926e-01 9.147987111697233331e-01
7.301113986211190676e-01 2.123458895101970612e-02
1.695892837540458054e-03 4.619149401509213826e-01
9.197425620868106000e-01 1.445843537073371321e-01
9.229432049691523865e-01 1.501630994288977172e-01
8.165886059596960678e-02 2.059460621793989255e-01
9.813182677896241657e-01 7.037849332684326109e-01
1.749823433050137211e-01 9.099005404732490865e-01
4.120370434114817293e-02 7.339885002290323923e-01
9.664698541754734862e-01 2.648421460085484958e-01
9.974896335453770080e-01 5.885054008311602081e-01
5.596640595799207141e-01 9.979318678780572105e-01
1.372663048868379976e-01 1.398740431806684281e-01
5.964909520061213444e-01 2.833347996829660431e-03
8.883684237163556041e-01 8.781445294625618292e-01
3.303833793513748507e-01 3.413396724390327375e-02
3.018132928079053645e-02 6.982049851214059411e-01
9.089743249307549178e-01 8.569097217501845387e-01
7.918190342640099022e-01 4.082899074190704525e-02
9.227098235922992497e-01 8.392347583007794265e-01
6.865984336022648016e-01 9.811208280467096365e-01
9.792581446616313023e-01 3.215481816890766176e-01
2.927922208282118799e-02 3.169224499157524688e-01
4.520310081337242103e-03 5.805240670360233279e-01
5.692319835727788213e-02 7.746581815978307306e-01
5.430165569159983718e-03 4.205338975542226576e-01
2.204173537834452912e-01 9.385505008167253083e-01
3.868922288083709304e-02 7.263102429174346231e-01
6.646853461694487430e-01 9.861600404345122195e-01
5.183661759078361797e-04 4.865259936008714536e-01
9.327188115079280140e-01 1.691472291974063236e-01
9.213731715771455999e-01 1.473754945888050560e-01
9.433865605389669673e-01 8.048378999270024980e-01
9.177242794198389175e-01 1.411682478335923863e-01
1.842961182255387076e-02 3.526395571067011403e-01
4.085290419131984985e-01 9.954067164480796537e-01
8.170585484229553330e-04 5.332497342293064380e-01
9.683125419173768123e-01 2.724883335716878907e-01
7.144343099979256762e-01 9.735072016469993317e-01
2.484964248002470288e-01 6.784425762414914018e-02
9.519996348714443446e-01 7.883758142342417452e-01
9.935717317045245078e-01 4.115940804272755216e-01
8.906227416613990977e-01 1.051574043416486637e-01
9.294195994839666852e-01 8.291841544370037731e-01
3.527847966073133223e-01 9.873929783531835147e-01
8.273575985612592332e-01 9.257766477424076434e-01
9.966881227197672555e-01 6.007365101943079599e-01
6.501036980289309763e-02 2.342148888203960944e-01
2.739526634716683562e-01 9.627901237694052039e-01
1.126545760308106381e-02 6.219569266275510877e-01
1.646635251926324983e-01 9.020633872147558741e-01
1.256386708126751017e-01 8.678493818730983467e-01
1.213902755505135156e-01 1.545410766837285177e-01
6.004649548106977264e-04 4.837307683992497775e-01
7.980020216776084752e-02 2.088988248580844198e-01
2.296302608783620247e-01 7.740916271302100693e-02
9.459277293881621640e-01 1.986922136224507085e-01
9.919569885208845417e-01 6.482663532724103339e-01
3.603549482432845119e-01 9.888047283992683623e-01
2.382678392740766871e-01 7.291554480406281513e-02
6.426424569893144367e-01 6.411083190802413512e-03
3.498959660348698320e-01 2.815266508739500129e-02
3.478748405313910608e-01 9.863251202385223682e-01
9.623485759924780281e-01 2.480821729029730749e-01
7.866133136692090577e-01 9.463805192852394743e-01
7.227795112349112427e-01 1.945159872951096602e-02
4.506548410901223267e-02 2.766848371372215842e-01
9.995579972102215383e-01 5.396196655686728016e-01
3.427756935968722107e-01 3.024946145477014348e-02
5.107396714805759741e-01 8.963158142083482716e-04
6.296166280521933167e-01 9.917611358326398063e-01
9.522823693201913908e-01 2.152888253722243794e-01
7.690493653694058240e-01 9.541033556962645878e-01
2.980169665878552587e-01 9.719690152563972285e-01
2.015462925650508552e-01 9.276294227239126888e-01
7.083032622099083575e-03 4.078015818261169212e-01
6.153609203014465123e-01 3.990555955428409796e-03
7.350469661714862379e-01 9.666040194708145350e-01
4.472569522723818247e-01 5.335582979821951177e-03
9.256939382225631840e-01 8.348946281921258983e-01
7.896451649919858928e-01 3.999966444433400437e-02
1.291249594160422953e-01 8.712015195002950074e-01
5.771271362618012324e-01 9.970396520854245548e-01
5.799503186515565512e-01 9.968522377056692196e-01
3.337655663718774868e-02 3.056088141461031915e-01
1.397667677544177645e-01 8.812647719341811792e-01
1.264826379969332670e-01 1.496563946051145955e-01
4.173257812076437423e-01 9.962335065933769496e-01
8.628981490037260782e-01 7.911124902755117816e-02
9.900829734530445236e-01 3.824876465269362313e-01
7.671109748509374882e-04 4.791720697800919693e-01
2.770565734220298282e-03 5.645755790593320889e-01
2.213848667127126246e-01 8.183099580241459670e-02
9.341640446499259731e-01 8.212969890179940835e-01
1.631859828553130498e-01 9.009192393295731849e-01
1.011211030701811842e-01 1.772640170960888550e-01
9.841345503329169686e-01 3.461558123975080337e-01
8.662731752026664456e-01 8.182677065373678005e-02
7.254533565312064614e-01 9.699495004055145309e-01
2.309169342122191493e-01 7.673064206553548150e-02
5.540706362520997352e-02 2.535754673453922692e-01
9.963701428581326347e-01 4.450350888348267864e-01
8.623551192008409583e-01 9.011683822634674046e-01
8.760915035795793226e-01 8.896386172512014134e-01
1.017049992018570492e-03 4.733423961641719524e-01
1.472438102357574996e-01 1.311747314600869574e-01
8.261654232264071807e-01 5.550706563106166946e-02
8.998712894755711567e-02 1.931885869875298312e-01
1.291730940120805471e-02 3.773157743827292299e-01
8.022759829842007750e-02 2.082168125247845225e-01
9.918926808236325776e-01 6.487821848281905002e-01
9.761833041106280362e-01 3.069933319027662311e-01
7.304293773886527674e-04 5.307723766768572826e-01
7.081344256664580117e-01 9.753057920609804476e-01
8.596849917407611841e-03 6.083369183095542754e-01
9.869288434385019571e-01 6.792056439270423018e-01
7.669255254788096554e-01 9.549394058995259726e-01
2.134011179108703526e-01 8.623761673447483123e-02
8.186471351665283169e-01 9.308389946585450270e-01
8.417813488769280150e-01 6.388021884606198686e-02
9.470741995651859035e-01 7.978950039422310070e-01
5.576203624548522475e-01 1.203148498431061419e-03
4.442094660229272129e-01 5.721730784766787536e-03
2.421258602434409601e-01 7.095802070624568358e-02
6.619156583606011779e-04 5.285953336074631359e-01
7.886789558272297995e-01 9.454491461426383081e-01
1.556894638579731094e-02 3.648262567617621688e-01
2.328293208002718551e-02 3.350904302189366968e-01
9.140422061857310654e-01 8.508560988691695748e-01
9.314204525870179996e-01 1.664859582264027749e-01
2.725315722821568531e-01 5.693638482701368631e-02
3.793261688452642666e-01 9.916772906376748464e-01
9.258621338880235196e-01 8.346459536913702904e-01
4.222407615951384585e-04 5.076816705027985543e-01
2.817732204635756688e-01 9.658654456125627119e-01
2.031356653575533411e-02 3.453137659092794243e-01
4.298392755084368133e-04 5.107458575001952994e-01
2.938410340388458719e-01 4.800408426220714730e-02
9.330627227641710153e-01 8.231636797879058332e-01
6.792260999878352301e-02 2.289573072124462261e-01
2.861215678557835762e-01 5.118606736474418106e-02
9.772503971361634623e-02 1.818917675207053497e-01
5.960236865160389863e-01 9.954922323827236630e-01
3.631538826456888192e-01 9.893073636157221351e-01
2.062600485940313533e-03 4.562017384650216556e-01
8.219348805812498604e-01 9.290017573441183840e-01
8.560589708861137126e-01 7.370231737781907100e-02
7.709408073571174524e-01 3.323901914681015590e-02
1.925391496334740715e-01 9.221051386822053386e-01
9.994698516802958954e-01 5.202505068489458040e-01
1.417451382383707603e-01 8.830142001510984384e-01
1.216228453040862911e-01 8.639614341553897292e-01
4.580064960552450160e-01 9.982575635856649754e-01
8.747566505680345328e-01 8.908549025589427295e-01
1.331120623867743102e-02 3.754241984362379769e-01
6.406370592042742729e-03 4.121357727009371530e-01
9.758962274800693226e-01 7.235792894554888832e-01
3.924077326803898647e-01 9.935257717110167475e-01
8.306358929388537593e-01 9.237838045149303623e-01
2.485648986355398771e-01 9.523063596258611874e-01
4.110733769216737832e-01 9.956557871264472004e-01
7.166321975363820762e-03 4.072787022882324859e-01
8.321075895922902532e-04 5.336300922401535640e-01
6.544710934983166695e-01 9.881610638769378063e-01
7.030419360654430738e-01 1.499507975668290527e-02
9.989958612637599433e-01 4.980731521604780943e-01
8.513784104829776878e-01 7.012033938811279565e-02
6.274168134915074635e-01 4.927911795322925670e-03
3.790017344085572226e-03 4.368565329906792805e-01
9.772781871561665445e-01 3.121439939562866694e-01
7.329896328228535651e-02 8.065496348120062553e-01
9.990198295513553761e-01 4.988820612019111422e-01
3.503193657595404797e-01 9.868584908066840855e-01
9.177399215248042141e-01 8.460296540127493214e-01
4.269108917127961700e-02 2.821751812630234335e-01
2.444783575212716720e-03 5.611192760655738798e-01
5.977970936539622748e-03 5.918032282413604461e-01
1.310115133715711311e-01 1.454499297426503635e-01
2.093273940876849704e-02 3.429526234422261011e-01
1.605885427370523644e-02 3.626588605717135927e-01
9.873466666993978569e-01 3.650110290470918173e-01
6.211850990745054757e-01 9.928004370602530049e-01
1.931050841459824863e-02 3.491470437130068660e-01
5.296203496074533001e-01 8.432488434081397699e-04
9.482694026001461385e-01 2.044915595080842863e-01
1.261155452534823418e-02 6.284495510905774296e-01
1.515612573905685823e-01 8.915216890068197175e-01
2.468369872561025913e-01 9.515670259755639737e-01
7.661511261758346958e-01 3.156358006314385900e-02
2.077245639158783463e-01 8.953972810547539130e-02
1.594905328997020533e-01 1.213279398979838497e-01
9.488718619946215904e-01 2.060512280872888180e-01
1.349263267687966783e-01 1.419540292927471414e-01
5.707816087728586618e-01 9.974082615111627970e-01
7.407722068979597507e-01 9.645445996058105154e-01
6.088701624423453751e-02 2.423208230588734802e-01
2.470752379005812793e-01 6.852111349376066585e-02
4.966483132316390492e-02 7.569900390515084121e-01
2.756649235730823655e-01 5.558973910078213176e-02
4.071312062919919539e-01 9.952575194201936926e-01
1.980082808420147167e-02 3.472706056095831162e-01
9.792366345523509930e-01 7.117376020633384703e-01
9.968938917261788157e-01 5.977042731996374814e-01
8.966061978106226737e-01 1.116723511484034592e-01
1.163795173389511328e-01 1.594112534295908379e-01
3.071521955764237033e-01 9.750979402556088083e-01
8.399859704646722713e-01 9.174735720994328103e-01
6.137448504711348063e-01 9.936540792619724671e-01
9.975585901096147845e-01 5.872487993863364508e-01
6.451312387767583756e-01 6.676590454249509143e-03
8.572404835527416278e-01 7.461124760860504690e-02
2.940949663415524107e-01 9.705283213623286942e-01
6.757026429807613255e-01 1.039177378429645415e-02
8.361583862134450706e-01 9.201041262773651530e-01
1.979783055064088249e-02 6.601277274104097037e-01
4.164242227537846563e-01 1.067816660579756771e-02
7.348366160958241800e-03 4.062107476487838431e-01
9.167511323924871780e-01 1.395250546672095471e-01
1.973105013109017758e-01 9.250550434510855791e-01
8.984990400403687349e-01 1.137813825427538283e-01
9.616691450712142597e-01 7.664142858518366852e-01
5.786736332752279166e-01 9.969417681583168100e-01
4.581428223312896675e-01 4.078390032506651330e-03
2.136154248497195152e-01 8.611853553032622344e-02
7.814300116538253071e-02 2.116153948048939970e-01
3.633270523157949849e-02 7.186988411900759877e-01
9.599601587941535286e-01 7.709803863488857711e-01
8.138766868472036009e-03 6.058446198200041488e-01
4.826997883337349471e-01 9.989598449027975446e-01
3.188124587122604936e-01 9.786423295867108241e-01
8.505699240355146795e-02 2.006908954206810813e-01
3.758190557684171207e-02 2.947961913260347400e-01
3.143194392989007158e-01 3.994995643688470377e-02
8.639747231085904700e-01 8.999359302798061178e-01
3.692282571466326546e-01 2.263928780408452912e-02
8.697902091172869943e-01 8.952819956308646354e-01
5.092835001701009334e-01 9.207075205397430295e-04
5.046958691748093528e-02 7.590276437738988635e-01
4.198813638266957193e-01 9.906906142552518446e-03
2.837356482440478445e-02 3.195354283876626900e-01
6.039258255283200816e-01 3.227891149390815784e-03
9.218990260074513277e-01 1.482952499195414608e-01
1.618333386951924524e-01 1.194978203445190568e-01
9.902938838228327878e-01 3.839574331575121846e-01
1.558799284112615258e-01 1.241619745007911391e-01
2.570355348929487249e-01 6.383598495234465986e-02
7.742239875005330063e-03 6.035740734880770120e-01
8.059096785207929825e-01 9.373781074314280204e-01
8.457933699290942631e-01 9.133575977307534233e-01
9.995434082436434053e-01 5.286700240085592251e-01
1.167786639956645001e-01 8.591143648082153472e-01
4.421892288502858870e-01 6.007381939266642767e-03
5.298433603152741256e-03 5.866874084033444348e-01
4.086176872034251728e-01 1.244594221068873185e-02
2.435434190729768300e-01 9.501106091153161959e-01
7.529842759538691865e-01 2.737425471724075354e-02
8.349371936632887792e-01 5.993705301478446934e-02
9.976740669681066764e-01 4.658372162946519124e-01
4.488335267659460115e-04 5.136361602518524361e-01
7.557646612963420107e-01 2.820041896866454234e-02
5.542369115565858317e-01 1.122293039637956014e-03
9.350075809195654841e-01 8.198580431277022740e-01
1.479414909311735915e-01 1.306025496767038163e-01
9.236969914900529099e-01 1.515486258214190363e-01
6.555715539155977378e-01 9.879636052286154824e-01
7.747658454205436085e-01 9.516571985505042353e-01
8.324106777692037440e-01 9.226627439582513190e-01
9.863391638597563960e-01 6.821344159447820799e-01
4.698162087323209946e-04 5.159828759255795649e-01
4.957836423473428455e-01 9.991258649680188064e-01
3.447853876521844718e-01 2.963854486727557358e-02
6.092022406215592545e-01 9.941611704616843959e-01
1.719633213054383436e-02 3.577891348999195920e-01
1.039105007547780346e-03 5.385689108382916146e-01
1.047021634628577669e-01 1.727192344643121436e-01
6.388768373782732768e-01 9.905587868356975356e-01
1.189174965304792275e-01 8.613206210088873993e-01
8.646291840307445131e-01 8.049432014934543300e-02
1.575125266767281040e-01 8.964233785034653179e-01
5.417755010230183021e-01 9.114816102204770232e-04
7.709566582583590177e-01 9.533173836429705839e-01
7.066534192369768874e-01 9.757129299726764460e-01
9.842021359465105146e-01 6.916566538960549071e-01
9.296160953665891791e-01 1.629044430822575995e-01
6.632685098810475743e-02 7.947100731955054620e-01
7.196337469851611379e-01 9.719547672317442322e-01
9.397513693183677796e-01 8.114691999341465678e-01
1.009083610424962307e-01 1.775399653664315736e-01
3.249394860407582852e-01 3.596286172244644863e-02
8.508529062736455151e-01 6.972851602722995867e-02
9.690618546633350538e-01 2.756250336156468306e-01
4.665634996743825980e-01 9.985448288886819013e-01
4.474267894993011474e-01 5.314413911434612281e-03
1.897607169502020241e-01 9.202862741043935646e-01
1.000981700901126814e-03 5.377766110475115102e-01
9.881628456145673534e-01 6.728437912323492753e-01
5.445020916484980544e-01 9.984396660331945617e-01
7.151051783023264496e-01 1.768099156404490113e-02
8.238324917281497628e-01 5.442936059691039219e-02
3.965729797620725083e-01 9.940650350830078086e-01
9.993913497292240544e-01 5.140506497423761312e-01
5.558881690136097120e-02 7.715227515266557257e-01
3.540794203479797897e-01 9.876668393515511957e-01
4.344621492191729217e-01 7.205451392963357904e-03
2.410927309979372657e-01 7.148165463580902212e-02
9.978641877146224859e-01 5.813338114078459018e-01
9.989191671026096397e-01 4.955471846102592615e-01
9.898162781243162733e-01 3.806852551415628172e-01
4.721304555275807058e-02 7.505004335917810909e-01
1.691968197164855914e-01 9.055324955561460110e-01
3.131987513634657549e-01 9.770172059941283349e-01
9.718366012941291876e-01 2.876284562808686385e-01
8.411252231988093353e-01 6.349464580630348465e-02
7.364668631392771170e-01 2.282534056439533554e-02
3.847123470834110659e-01 1.842851020614999502e-02
6.105605463476316830e-01 3.652830167062415256e-03
9.930001455758309392e-01 4.054916650957200996e-01
9.359672392398129537e-01 1.759045760965086691e-01
9.958424701113479660e-01 6.103662116143966365e-01
1.994627493101502891e-01 9.457139344449483342e-02
9.991373788495546693e-01 5.028920921470587668e-01
9.035040861041114812e-01 1.199303657386090460e-01
7.944744722133245673e-03 4.027872972858391742e-01
9.968774781097575755e-01 4.520110940926789223e-01
4.838562279969305102e-02 2.691489303609090333e-01
2.666805083191505776e-01 5.950631443307707880e-02
9.934084757163700319e-01 6.360706275643416285e-01
5.669958157531462817e-03 4.182572761695013686e-01
5.384878332672136114e-01 8.758380311533198181e-04
1.798875559178503281e-02 3.544802926064738458e-01
9.704313543227350847e-01 2.815057002118351859e-01
9.337008291277958394e-01 8.220830526499628421e-01
9.928394381726773910e-01 6.410760817067928663e-01
4.442519653370059496e-01 9.977531257925400521e-01
9.362718820149018573e-02 1.877345288029312886e-01
4.385041003441100260e-01 6.559085475479009553e-03
4.067611578877228240e-02 2.870707233315514806e-01
9.452108224975276363e-01 1.969621031171312486e-01
2.186107457429146139e-01 9.375668589427393895e-01
2.707748018002886781e-01 9.614967605305365650e-01
1.326172131493085216e-01 8.745365106464945137e-01
9.055377402544454446e-01 1.225188257617967347e-01
6.601772545427858629e-01 9.870956855651656925e-01
9.901646903523044774e-01 6.615967253151022742e-01
4.221123610638688461e-02 7.368984632717057170e-01
9.965036873638963844e-01 6.029554526094671463e-01
5.644903633087006156e-02 7.735636126384022315e-01
3.632640422062419772e-01 2.431571374757302006e-02
9.948434440066633577e-01 4.261733768282477408e-01
9.094634156496186339e-01 1.278350533498006092e-01
8.320345902433408103e-01 9.229024060802860641e-01
9.931548677441819351e-01 6.384464342207215592e-01
8.841828216022262765e-02 8.273870068316762083e-01
1.121629505217979217e-01 8.542873196797864388e-01
8.872278072101349444e-01 1.016422374760208580e-01
5.541070109209456085e-03 5.885383026312148713e-01
8.287242441034937679e-01 5.673547919127863715e-02
9.570409165832929332e-01 7.778099849454852555e-01
9.086458600902990179e-01 1.266974720010780597e-01
4.730805021669226562e-03 5.822545861445881377e-01
1.898246618696375343e-02 6.566952680094135797e-01
5.262797250361175294e-01 9.988664162415624714e-01
3.446126827922234570e-01 2.969078024928084591e-02
4.136530582524056143e-02 7.344594507166799513e-01
9.924980176350024497e-01 6.439042080552946912e-01
1.946089122590906051e-01 9.757914557996272276e-02
6.795391581449927720e-02 7.977875002923852099e-01
1.599228919745189215e-01 8.983513370190145952e-01
9.669983649172712026e-01 2.670238197222888354e-01
4.549123015367979583e-01 4.442504524399870647e-03
5.993159781007701969e-01 9.951701782049124922e-01
2.380024816960766287e-01 9.476526722413066706e-01
1.916773275715266678e-03 4.583504556744929515e-01
8.820299004580748337e-01 8.842190073419243790e-01
9.238772242635029386e-02 8.320430203711342010e-01
9.760995364086176851e-01 7.229006214324892321e-01
9.833689456968267573e-01 6.952432783732358512e-01
6.316524820502605886e-01 5.313002082881657095e-03
4.275397234932930557e-01 8.419283402342214728e-03
8.840206188631434259e-01 9.835650581432020534e-02
3.180350665530089493e-01 9.784173510640278293e-01
2.179570372442243276e-01 9.372043878168998532e-01
8.730629801772155085e-01 8.771602861190186395e-02
6.064937888996313475e-02 7.830510358228350842e-01
4.043724748424959436e-01 1.345075031961462386e-02
9.987357764460480514e-01 5.617636765703301061e-01
3.050509093180869824e-01 4.351591753797867668e-02
9.875067020770728066e-01 6.762940135071113801e-01
9.726624808389258137e-01 7.340022892793978126e-01
3.089265249788383239e-01 4.200368189427716725e-02
2.889288214168307389e-01 5.002702590524177317e-02
3.056297397861551524e-02 3.133153627512617057e-01
9.468698940945775577e-01 2.010083726452147612e-01
3.944199068963516464e-02 2.901268268289572960e-01
9.847509146529787039e-01 6.892420549524413964e-01
9.030227600462312765e-01 8.634262056493295923e-01
1.645899913572863582e-01 1.175073092874169278e-01
1.704003188475865516e-01 9.064432870954222121e-01
8.963954555339759267e-01 8.702016666952759882e-01
