1.122692398381147649e-02 6.636545324720386496e-01
1.239363251573361024e-02 4.266232434216840064e-01
4.277886366002997542e-02 2.940720843027340159e-01
5.902552071007022283e-02 2.511407756338304154e-01
6.689218430727100762e-02 2.378847452718537703e-01
1.521876383647701725e-01 1.412023040698126009e-01
2.658791667882203780e-01 6.187483358638279363e-02
3.023766730795079405e-01 4.273563743184094488e-02
3.603987273336653474e-01 1.843929100313945746e-02
4.161638709278214221e-01 9.363216509058136516e-03
5.253552648594939090e-01 3.656651478568972991e-03
5.668219312857778469e-01 6.013633651585470474e-03
6.731214859646572624e-01 1.687676407338412066e-02
6.820556952218437274e-01 1.973453735978547563e-02
7.610380044372444530e-01 6.142201096422694739e-02
8.238181291785384719e-01 1.267711657399422931e-01
8.325519414129347595e-01 1.361666345144365575e-01
8.759053050447096478e-01 1.837127600312835618e-01
9.074845330439753610e-01 2.219230862094885293e-01
9.443858151286308455e-01 2.923000776609299134e-01
9.609109771563522084e-01 3.411616447417168407e-01
9.683807729720292912e-01 3.752993933066429699e-01
9.779087231334957497e-01 4.383817613703838711e-01
9.856045692722865681e-01 4.954238490426250419e-01
9.887730760161885790e-01 5.767503687918829058e-01
9.887534040166392479e-01 6.162742087282161441e-01
9.868696421285292342e-01 6.599256999562519432e-01
9.805448161060557055e-01 7.045312971732805574e-01
9.715988891691238472e-01 7.431409900473079366e-01
9.626880934457628936e-01 7.779275904131304209e-01
9.565089869509326714e-01 8.014215528807298039e-01
9.537531363819662378e-01 8.073380826734843918e-01
9.033827872180368868e-01 8.655649758469918797e-01
8.721229618670205408e-01 8.878987645841159848e-01
8.205122629392807010e-01 9.236473323851738249e-01
7.599637799585150510e-01 9.640449111890875278e-01
7.489703707356398787e-01 9.713336170049966523e-01
6.530405526724556431e-01 9.819512143220975320e-01
5.477479540431429150e-01 9.899597189015372223e-01
4.421113392045313284e-01 9.963433485214310270e-01
3.833826665185536275e-01 9.893069147125883589e-01
3.296265047447167196e-01 9.816432543900236452e-01
2.958957644945439669e-01 9.750746767108905422e-01
1.689876499372227614e-01 9.385803617636175877e-01
1.373128033849945751e-01 9.058731493278792124e-01
7.548641304938691343e-02 8.404907928838903919e-01
4.379425282815746501e-02 8.001189495073490754e-01
3.024429410531065399e-02 7.563284544905378715e-01
1.841193410210190118e-02 7.141714277807910127e-01
1.602374454705007834e-02 7.021285574927459416e-01
