5.224153831408390181e-01 9.972153795306211155e-01
2.229627715987543279e-01 9.427898577655156043e-01
5.649746425048174370e-02 7.206709547998093601e-01
2.894417623506073678e-02 6.355515522269903350e-01
2.409091708712396418e-02 4.965573511243492888e-01
5.330615346852274339e-02 3.648264330734368732e-01
9.088716648448780244e-02 2.853002741907177953e-01
1.862636811067689413e-01 1.498418704594307593e-01
2.354911253747726807e-01 1.085110738913778183e-01
4.401433383725935622e-01 1.115936989659604972e-02
5.073290840821516046e-01 2.784620469378773500e-03
7.565966449592578247e-01 1.082727663370658400e-01
7.966090198550968005e-01 1.437978061051140566e-01
9.379455443063279274e-01 3.609405116703142680e-01
9.759090829128760358e-01 4.548831449781529646e-01
9.544452876715455725e-01 6.708184836496245973e-01
8.980068112913873746e-01 7.641728731667917218e-01
8.317295544477945057e-01 8.298694106182098462e-01
7.958558444052342695e-01 8.557649897811894224e-01
5.989501377679238292e-01 9.909759859088693723e-01
