2.603013935886080432e-01 8.779709461536681081e-01
5.368147086092489584e-02 4.901875843833202184e-01
5.561723840340115910e-02 4.401704423352948981e-01
1.468930947005625542e-01 2.523502755184514612e-01
2.005515573947753705e-01 1.725998143525104833e-01
2.904781444202253482e-01 1.272014873036404481e-01
3.626151864670833502e-01 1.021944604722618832e-01
4.566445589523999704e-01 7.678299959524537144e-02
5.196933255543499941e-01 6.005770851753244877e-02
6.387665065944250209e-01 8.544484642848748646e-02
7.282119807097539033e-01 1.310851486817761202e-01
8.605668649780827684e-01 4.043109156748840860e-01
9.284539651113693504e-01 5.690527134923322183e-01
9.458186706036888491e-01 6.344734943606331612e-01
9.463185291390751042e-01 7.289474690750539221e-01
9.377709661780790906e-01 7.959898314651489004e-01
8.287752497481727376e-01 9.043759063363512318e-01
6.020651876258326096e-01 9.399422914824675512e-01
3.643681025497906845e-01 9.192543758198459258e-01
3.109152223975546470e-01 8.986981649076474232e-01
