5.999404000945366411e-01 9.494487960907379565e-01
3.987294400552524598e-01 8.596024248566785930e-01
2.598780534073010795e-01 7.734883437324526767e-01
4.289227746513957218e-02 6.380570641256759767e-01
7.487851812072054969e-02 3.995431826846085333e-01
1.216235921320675262e-01 2.052824802083751399e-01
1.803786780191904970e-01 9.025214788234636742e-02
3.118528627475692927e-01 5.551965945658265955e-02
3.505687470864969901e-01 5.139461165525194275e-02
3.597234177920402010e-01 5.055120390926204355e-02
6.181812719449562010e-01 8.512032531551882997e-02
6.682100224640035169e-01 9.890662883011180906e-02
7.807469417903319941e-01 1.860992534605577786e-01
8.207166038739163172e-01 2.177257722881278390e-01
9.014840211617086707e-01 4.306299433495670570e-01
9.571077225348604278e-01 6.885056751772412609e-01
9.304973160123196640e-01 8.059288160927517985e-01
8.976140774057117522e-01 8.648743340216308306e-01
7.515102069112689076e-01 9.357991033203129083e-01
7.340541303816539020e-01 9.430332079842720372e-01
