7.805803505426717193e-01 8.850359029271877009e-01
6.798415655656757650e-01 9.891799844639458383e-01
6.017120531924949889e-01 9.877015056298316109e-01
1.777109348515117926e-01 9.426929374527616146e-01
1.261738645007074444e-01 8.299325857232686676e-01
4.314393619994705276e-02 6.052615978796856977e-01
4.024338301795093997e-02 4.460045932032314919e-01
4.497918765768338378e-02 3.437839042615608021e-01
1.114246564369372194e-01 1.984184848855928829e-01
2.033661286264071277e-01 6.640187174825984417e-02
3.410191507190976079e-01 1.368583302001102897e-02
5.194135825836746490e-01 1.082001553605416166e-02
6.503776085787154049e-01 2.198204066143416568e-02
8.191400385155943598e-01 4.685591799390065315e-02
8.890596988463841388e-01 6.648719585617746120e-02
9.355395383386012620e-01 1.046612183506101523e-01
9.597566169820489490e-01 2.139198449478028063e-01
9.524964076419181191e-01 2.882041104863487524e-01
9.228904955930868903e-01 4.582431229733504585e-01
8.987179723408291743e-01 5.562921620854411886e-01
