2.648132249318430054e-01 8.909999584251662164e-01
2.340786085050520215e-01 8.822926063993982160e-01
1.234201172746562936e-01 6.959962014466619662e-01
1.062671396241400279e-01 6.592313893691861271e-01
1.228747380744342754e-01 3.520829657606981966e-01
1.237868598828613109e-01 3.393857947400983344e-01
1.900582048314489736e-01 1.863838902073828852e-01
2.894858097896136906e-01 1.369712423731108686e-01
4.113891169199972442e-01 1.061163692380695522e-01
4.964737094450205612e-01 1.361761952628617323e-01
6.199412737659018013e-01 1.917414943622919310e-01
6.478006311075157342e-01 2.097803109384954734e-01
6.671315306345666496e-01 2.246554459926460856e-01
7.124522677631115464e-01 2.651254080893330478e-01
7.709682943847069314e-01 3.313275398372509395e-01
8.743976368267066812e-01 4.726897206121930539e-01
8.937328603758599721e-01 7.305119337021325210e-01
8.409428404683108038e-01 8.211074967048413997e-01
7.350970369320215525e-01 8.889975151875579851e-01
5.512205136167304120e-01 8.938836307619304478e-01
