1.653938758632073069e-01 7.302996690323945161e-01
1.189905611312147560e-02 5.433356248565207602e-01
3.527742183755167016e-02 2.596251476560568205e-01
1.345225503311796578e-01 7.116154347662773105e-02
2.830846930827647379e-01 1.920484165764413387e-02
5.443432342692710035e-01 4.107915572973375173e-02
6.128154051127787660e-01 5.441235353314943790e-02
7.513474329408974528e-01 9.287537595924433287e-02
9.457993816627234818e-01 2.429322694906450586e-01
9.649554984716232076e-01 2.632202620475188048e-01
9.881009438868785244e-01 3.225576419835991526e-01
9.707556782998383316e-01 4.091548452366783328e-01
9.478862508914908114e-01 4.732765547510440207e-01
8.859312510734997925e-01 6.095047901225675302e-01
7.598600927175969133e-01 7.901731866314128938e-01
7.094437165443328031e-01 8.457115911539033748e-01
6.923719451585076401e-01 8.586769268191312143e-01
4.779888390551535471e-01 9.807951583423557551e-01
3.969543616881199277e-01 9.288341231913610496e-01
2.841234873515627868e-01 8.365591988182468075e-01
