7.533442262784283416e-01 1.070570490639399797e-02
9.126049619713889616e-01 9.926889090704149599e-02
9.412446842802344449e-01 2.635802001170849396e-01
9.645593347857287503e-01 4.275357663632817218e-01
8.951813594557929132e-01 7.759005867524705335e-01
8.891043966839136115e-01 8.054681182828608010e-01
8.819574987625196094e-01 8.189907367892726997e-01
8.001151214549357960e-01 9.260863494766478077e-01
7.503043541623937163e-01 9.598151138093659052e-01
5.242020837325757077e-01 9.892942950936058910e-01
3.779430961048544368e-01 9.398891924303250933e-01
1.538370927608686545e-01 8.619170076615707554e-01
6.593099784511413652e-02 8.049512364579592960e-01
3.873929823209765200e-02 7.812717948939950086e-01
3.544066521427124972e-02 7.691822651321422732e-01
1.305011987695144926e-01 4.231577487143537430e-01
1.696329906692262135e-01 2.909919258946827014e-01
2.834184349486544852e-01 1.876802573239815253e-01
4.076145308046908999e-01 8.303785717093470353e-02
5.467058739990494631e-01 3.167442957817989679e-02
