6.866280368383257393e-01 5.665535094518715509e-01
5.198084000940141891e-01 1.335242405423418544e-01
1.569378122068946224e-01 3.030949076213170779e-01
1.024199819467992434e-01 3.964217450825396893e-01
6.093843252489123952e-01 8.498549918801119318e-01
9.706047040114557101e-01 4.066539048782292776e-01
1.158903738473298778e-01 5.970852590441257934e-01
2.894241067234369358e-01 2.809262104427816542e-01
6.916813995645687552e-02 8.986256943236773376e-01
4.935080749973375092e-02 5.343155088140014719e-01
6.532084340260266853e-01 5.807098878846126411e-01
9.279288265889681364e-01 2.769521951447113661e-01
5.430750718657779696e-01 2.385911249669686041e-01
7.739620401589473175e-01 6.921464673584454275e-02
7.190653352299325451e-02 8.988891477473611724e-01
1.794736153596427353e-01 3.091652750805181649e-01
3.174402846843347170e-01 1.741406611390939885e-01
5.583280583211713832e-01 9.307853532641554573e-01
2.864005343351656574e-01 1.944775281452367777e-01
8.690764668318152752e-01 9.893236162802554468e-02
7.674481405188895433e-01 3.330008339697468900e-01
4.679479952731999126e-01 8.337505323100784516e-01
7.204459118360821979e-01 7.576105589017299025e-01
8.597045639579302678e-01 8.337175231982544288e-01
1.802658290737138014e-01 2.788039039104854844e-01
7.625039592397888644e-01 1.143243186551825552e-01
1.666165111630946438e-01 8.517469992160981995e-01
2.939529598854440096e-02 8.295753226611739528e-01
2.088989306530041334e-01 9.114327886090504149e-01
9.283956772895719523e-01 4.819681208017830842e-01
2.846935925482232399e-01 4.501407314215599698e-01
8.532068614089607927e-02 7.501152117556182386e-01
8.951590094192284353e-01 6.962155680174988426e-01
6.919506550562587455e-01 9.048447238295260764e-01
7.638999534877913833e-01 4.905269858289787455e-01
4.489715227638657047e-01 1.771797017361883830e-01
9.552021028971422467e-01 5.782840488568242732e-01
9.645111145657868645e-01 5.229330422025252334e-01
4.901511608173357848e-01 4.240257500067227125e-01
6.614466895324706552e-01 8.133344150710342113e-02
