1.237868598828613109e-01 3.393857947400983344e-01
1.895503666641534246e-01 4.496240802964121541e-01
2.221945055791849089e-01 2.101609615066417636e-01
2.225168347133916757e-01 1.888482914117115274e-01
2.648132249318430054e-01 8.909999584251662164e-01
7.124522677631115464e-01 2.651254080893330478e-01
2.522464241538715513e-01 7.450568813726315964e-01
8.193432152354719333e-01 6.135827843333652165e-01
4.535658402051456206e-01 3.505757814248673387e-01
1.228747380744342754e-01 3.520829657606981966e-01
4.690530608125891843e-01 3.214017777579964430e-01
6.478006311075157342e-01 2.097803109384954734e-01
6.874650616251816171e-01 6.740241218083137253e-01
6.671315306345666496e-01 2.246554459926460856e-01
4.338152490052148424e-01 7.612201628863561886e-01
8.937328603758599721e-01 7.305119337021325210e-01
1.476455021258362699e-01 3.528858775204996023e-01
2.885057800718051624e-01 3.110165103681886700e-01
4.989849411851599026e-01 1.663798028458781109e-01
1.062671396241400279e-01 6.592313893691861271e-01
4.964737094450205612e-01 1.361761952628617323e-01
2.340786085050520215e-01 8.822926063993982160e-01
3.308547288398256958e-01 5.678667866287613331e-01
7.835609751734695649e-01 4.227965754571957335e-01
5.356456434308325409e-01 7.735842584425076662e-01
1.900582048314489736e-01 1.863838902073828852e-01
7.945661096063598716e-01 4.331279386372813844e-01
5.305237824858265450e-01 5.387246054324918987e-01
2.149891780920896167e-01 2.137379952350587919e-01
6.199412737659018013e-01 1.917414943622919310e-01
1.234201172746562936e-01 6.959962014466619662e-01
7.350970369320215525e-01 8.889975151875579851e-01
8.352545239801338894e-01 5.527547677652002722e-01
8.409428404683108038e-01 8.211074967048413997e-01
5.512205136167304120e-01 8.938836307619304478e-01
8.743976368267066812e-01 4.726897206121930539e-01
1.321848965079001625e-01 6.833884047898277636e-01
7.709682943847069314e-01 3.313275398372509395e-01
4.113891169199972442e-01 1.061163692380695522e-01
2.894858097896136906e-01 1.369712423731108686e-01
