1.345225503311796578e-01 7.116154347662773105e-02
3.969543616881199277e-01 9.288341231913610496e-01
2.688089697598635697e-01 3.472131211540127049e-01
3.439338814381286413e-01 2.800730977811382028e-01
1.653938758632073069e-01 7.302996690323945161e-01
6.923719451585076401e-01 8.586769268191312143e-01
2.711080608055391750e-01 3.445006848289459134e-01
7.513474329408974528e-01 9.287537595924433287e-02
1.674027581238420603e-01 6.664308067001666336e-01
9.649554984716232076e-01 2.632202620475188048e-01
1.189905611312147560e-02 5.433356248565207602e-01
6.555404315313010377e-01 9.671298341255260556e-02
2.830846930827647379e-01 1.920484165764413387e-02
6.085076126425194021e-01 7.788073911700262864e-01
2.841234873515627868e-01 8.365591988182468075e-01
8.248180639024987881e-01 3.469715151221920979e-01
8.900271486887073591e-01 3.590907455131840398e-01
6.514023253876565223e-01 5.789942153481391074e-01
9.478862508914908114e-01 4.732765547510440207e-01
4.779888390551535471e-01 9.807951583423557551e-01
8.425073507095359737e-01 2.196744278967984743e-01
3.046224321543871127e-01 1.996799156620078508e-01
3.527742183755167016e-02 2.596251476560568205e-01
6.711339988196820538e-01 3.613690398400768444e-01
9.457993816627234818e-01 2.429322694906450586e-01
9.881009438868785244e-01 3.225576419835991526e-01
5.764853862689627295e-01 2.977076809201506524e-01
8.859312510734997925e-01 6.095047901225675302e-01
3.345442907529495580e-01 1.600822352761112899e-01
6.892738729404547238e-01 2.307933762358366780e-01
2.843639674289287766e-01 4.113771277959485384e-02
2.224694663747454060e-01 4.246822362567773124e-01
5.443432342692710035e-01 4.107915572973375173e-02
8.726431391137268179e-01 4.981069134546653454e-01
7.368844312680253861e-01 2.504273707922776149e-01
6.832934206617544692e-01 2.343571143907772769e-01
9.707556782998383316e-01 4.091548452366783328e-01
7.094437165443328031e-01 8.457115911539033748e-01
6.128154051127787660e-01 5.441235353314943790e-02
7.598600927175969133e-01 7.901731866314128938e-01
