2.676755991118059397e-01 5.822029665316336144e-01
4.371217718193671220e-01 3.062899737764738228e-01
1.803786780191904970e-01 9.025214788234636742e-02
9.197332365983663660e-01 7.138746194424746561e-01
7.340541303816539020e-01 9.430332079842720372e-01
3.218678479115910651e-01 1.796170754704116690e-01
6.682100224640035169e-01 9.890662883011180906e-02
8.976140774057117522e-01 8.648743340216308306e-01
8.207166038739163172e-01 2.177257722881278390e-01
1.691517081671513045e-01 5.886874713138938731e-01
4.289116399815131597e-01 1.052505772472210610e-01
3.843125124486103106e-01 3.113214544474134371e-01
6.353315541790687249e-01 6.266173737907790864e-01
9.571077225348604278e-01 6.885056751772412609e-01
2.598780534073010795e-01 7.734883437324526767e-01
1.216235921320675262e-01 2.052824802083751399e-01
7.515102069112689076e-01 9.357991033203129083e-01
6.181812719449562010e-01 8.512032531551882997e-02
8.324907335147986309e-01 5.883304673154101661e-01
7.987303319524792222e-01 7.658291474591358838e-01
4.613602499859403849e-01 1.578626311429853213e-01
7.807469417903319941e-01 1.860992534605577786e-01
4.008759269727329988e-01 6.576136474241580654e-01
9.014840211617086707e-01 4.306299433495670570e-01
1.629399177672516408e-01 5.432302346834066986e-01
6.949871772276146054e-01 5.551031199319829135e-01
5.797792089486840661e-01 2.827968506781214919e-01
9.304973160123196640e-01 8.059288160927517985e-01
5.999404000945366411e-01 9.494487960907379565e-01
3.597234177920402010e-01 5.055120390926204355e-02
3.505687470864969901e-01 5.139461165525194275e-02
3.118528627475692927e-01 5.551965945658265955e-02
6.015631025894153661e-01 8.642188054101920258e-01
6.788414478723026058e-01 7.161061057164195276e-01
4.289227746513957218e-02 6.380570641256759767e-01
6.184215409288184029e-01 6.322098397789389645e-01
6.509506306300484324e-01 7.923958460788499414e-01
3.987294400552524598e-01 8.596024248566785930e-01
7.487851812072054969e-02 3.995431826846085333e-01
3.513048804445086937e-01 3.792109365031103296e-01
