1.166954961357575815e-01 1.400031290426988484e-01
8.997747272402513152e-01 7.203312149849997459e-01
6.656072839140930730e-01 8.605967334837838489e-01
5.761465475990035223e-01 8.103771430294681721e-02
7.008288154135726700e-01 6.319231027378663379e-01
3.931597690027114345e-01 7.642292124555348787e-01
8.509757891743645608e-01 6.113905770673488949e-02
6.218069864748920761e-01 6.774218041386560474e-01
9.764372815078836698e-02 1.472052895848484644e-01
5.779029647334764652e-01 3.707776379899090924e-01
3.329202639550100651e-01 8.930073838540687481e-01
9.771552593335445236e-01 4.860103875580478183e-01
3.349995906661311640e-01 5.174952541493289537e-01
1.104884418581786598e-01 1.542675983938008311e-01
9.871519765748829611e-01 3.158675968947667334e-01
1.822880575057483910e-02 3.549166246409531933e-01
4.434484156274213218e-01 9.271781786026619399e-01
3.998195454680106842e-01 9.141270632863524037e-01
1.149791683251293328e-01 7.196977022749625474e-01
6.768700336963148212e-01 6.341483492165292946e-01
7.090377586790780340e-01 8.681685414661878264e-01
1.426844995874149979e-01 2.909199957708611950e-01
1.284802342511714990e-02 2.067890123200268881e-01
1.444257244895392756e-01 7.725032010977390673e-01
5.694815978295046932e-01 9.388609422932651105e-01
2.140518732334550367e-01 2.645187191775044688e-01
3.205128427952890213e-01 2.455511419800968376e-01
4.530053576553095818e-01 5.008362752717271382e-01
9.643269380555556936e-01 5.432426464934962951e-01
5.778893540797566120e-01 7.792552776347682064e-01
2.662080109087807678e-01 3.818188503043273840e-01
1.083671771342106932e-01 5.487053845292525489e-01
3.965677284221410526e-01 9.734490161581210721e-02
2.286212834948249673e-01 3.461877702129850798e-01
4.176052580514053592e-01 7.984825644196188454e-01
1.361499777560553348e-01 3.462258833333964336e-01
9.337796136055255269e-01 2.429964340171905934e-01
6.579062641447213089e-01 9.038023018030285627e-01
9.397418725312458587e-01 1.901594292719054335e-01
2.201066900276196781e-01 3.605806098901961354e-01
