2.229627715987543279e-01 9.427898577655156043e-01
7.966090198550968005e-01 1.437978061051140566e-01
9.088716648448780244e-02 2.853002741907177953e-01
7.727580768398930600e-01 2.632405466153341367e-01
2.894417623506073678e-02 6.355515522269903350e-01
5.330615346852274339e-02 3.648264330734368732e-01
5.989501377679238292e-01 9.909759859088693723e-01
8.451736448275914970e-01 7.028932591191396906e-01
4.146353523517754547e-01 8.303613796543656278e-01
5.201070855240181867e-01 1.722310709048955821e-02
3.103756310485286107e-01 4.381526890453214529e-01
6.888622401766152370e-01 2.642600720225340982e-01
2.354911253747726807e-01 1.085110738913778183e-01
7.118165597048149440e-01 8.773770786110955955e-01
7.634198906195701628e-01 4.320635458763439907e-01
5.391740887276500471e-01 3.827641304497791941e-01
4.062757823457158191e-01 3.874619837734766814e-01
7.958558444052342695e-01 8.557649897811894224e-01
7.565966449592578247e-01 1.082727663370658400e-01
8.980068112913873746e-01 7.641728731667917218e-01
6.866774585991656243e-01 6.000108985797537597e-01
5.823846480712997487e-01 9.773193058915941034e-01
3.252337806873096815e-01 9.149242761594736928e-01
4.401433383725935622e-01 1.115936989659604972e-02
5.649746425048174370e-02 7.206709547998093601e-01
5.073290840821516046e-01 2.784620469378773500e-03
9.759090829128760358e-01 4.548831449781529646e-01
4.552326653451756466e-01 1.291101404939828945e-01
5.224153831408390181e-01 9.972153795306211155e-01
2.409091708712396418e-02 4.965573511243492888e-01
2.820086285581187568e-01 4.210288255244136746e-01
4.113409488082040433e-01 9.360825580512177613e-01
8.317295544477945057e-01 8.298694106182098462e-01
7.111093555904336450e-01 5.920165872770806192e-01
1.388812989697230382e-01 2.623249008125225767e-01
8.363735308305593197e-01 3.842283324818585033e-01
9.379455443063279274e-01 3.609405116703142680e-01
6.021266721849366510e-01 3.597552993027979817e-01
9.544452876715455725e-01 6.708184836496245973e-01
1.862636811067689413e-01 1.498418704594307593e-01
