3.060352578021132697e-01 9.313817301358888745e-01
6.102207323210071532e-01 3.856958504754676720e-01
8.838197174118317401e-01 4.018472503933326889e-01
6.396876872897849786e-01 5.520891466915756052e-02
1.459669246554474720e-01 8.117539571103086216e-01
6.657285245191935097e-01 3.187910896339227751e-01
7.484393127773143473e-01 1.378555693033731711e-01
7.654115682759317085e-01 1.264486263332226523e-01
5.318439702790703771e-01 4.226810129627611712e-02
2.448707854283117547e-01 9.710932432506347300e-02
6.501676643178448955e-01 5.874481230911332563e-02
8.846168275710158957e-01 4.333256790206014841e-01
5.876209122237908700e-01 9.021735633930818565e-01
8.625008869412675860e-01 1.491070281493908078e-01
5.126524696467029685e-01 9.577318987037237719e-01
4.967909566903004892e-01 4.438402219849224561e-01
1.650118824810444806e-01 3.165421450652378121e-01
3.676914423812224775e-01 6.659943776568674201e-01
4.430930014537751704e-01 5.864053488250077217e-01
2.793450893641324928e-01 7.251593819597013102e-02
3.333904101965150524e-01 4.685038833620769338e-02
7.090382436252820053e-01 5.085865154646008746e-01
3.393433416316317119e-01 8.493250274125838661e-01
3.817276844562823013e-01 2.631414317731158858e-01
7.730027066820331916e-01 5.352283405462686661e-01
6.843490461282520920e-01 1.020563555183709031e-01
5.707616143131752917e-01 2.368287451510554531e-01
8.014932278722940451e-01 1.214790188954856243e-01
4.592153826301564878e-01 2.102428513947007249e-01
7.616883679245936012e-01 4.991781879357548579e-01
7.338182910988872987e-01 7.137518064668977313e-01
4.378892550338180922e-01 7.603582268367802266e-01
2.071599589298379340e-01 4.347329501435340804e-01
7.388701091606840743e-01 9.470952661723819332e-02
4.464578444682454350e-01 4.865352851111586774e-01
1.779658768209761988e-01 8.623012906536828837e-01
1.153831724289839933e-01 6.809989157547944316e-01
4.120186932398267610e-01 2.092107433099080760e-01
4.898955654474835275e-01 4.600614182412832154e-01
8.805556198783449640e-01 2.985167961983300478e-01
