2.035781037497139678e-01 2.705367456880412025e-01
8.957472263653832867e-01 6.414420642182812049e-01
1.000000000000000000e+00 1.000000000000000000e+00
7.479617292326258271e-01 9.207311934706301493e-01
2.814553522211893366e-01 8.902679383979605898e-01
8.453886918373361148e-01 9.513512816111657777e-01
1.000000000000000000e+00 -1.000000000000000000e+00
1.758429476162112204e-01 5.174639064011810063e-01
8.712753563026338632e-01 9.187240683338873115e-01
1.000000000000000056e-01 1.000000000000000000e+00
4.818548454148802174e-01 6.777379569630950229e-01
6.609438912224916418e-01 3.538213955082245565e-01
8.461276701140846290e-01 -4.997100031791523733e-02
7.825955944162661382e-01 -5.248011083140553534e-01
3.944398416345560321e-01 3.938519177244892422e-01
2.870845804874724294e-01 -9.673472565268417256e-01
4.253541235321460778e-01 3.998531551160244835e-01
1.061981745914960529e-01 -4.269100124979963162e-01
4.000000000000000222e-01 1.000000000000000000e+00
4.443394302305263555e-01 8.506342540650213557e-01
2.314459413827352208e-01 8.523746358534727285e-01
2.229003239632812994e-01 -7.230357485893450509e-01
2.633370578324437661e-01 -8.083816826338643402e-01
2.702427663192619178e-05 -6.756894258522705421e-01
9.000000000000000222e-01 -1.000000000000000000e+00
3.815967179133361586e-01 5.104791036005236204e-01
5.455126673938143211e-01 -2.420483702844999918e-02
4.726552456302217653e-01 3.291341072232303322e-01
4.148366958530602666e-01 -2.995038932084497230e-01
1.394765503624753045e-01 7.372109572508598330e-01
8.198352222403298972e-01 -2.366211969130667114e-01
8.963010860486066989e-01 1.513940953691286229e-01
2.670369760723656505e-02 9.331334394064991766e-01
9.545487841567008580e-01 -8.971132922467186521e-01
8.215425213626995626e-01 -4.279292002764589764e-01
7.730883084752736556e-01 6.805343304196718179e-01
0.000000000000000000e+00 -1.000000000000000000e+00
7.270874863930536502e-01 1.992051548209163858e-01
2.713077602922806530e-01 5.640566415968706337e-02
9.045266790577296545e-01 -1.159857163880919639e-01
8.673715379569870709e-01 -6.137880955421437523e-01
8.011253361409640394e-01 7.623393963892679537e-01
1.000000000000000056e-01 -1.000000000000000000e+00
2.231917888884873413e-01 -7.851983941080411533e-01
3.266788859029889913e-02 8.810173628347524044e-01
9.135501056979478118e-02 -3.252636649734808039e-02
1.983206496888493264e-01 -9.521157317616275595e-01
9.198067680204058405e-02 4.582061730484292550e-01
1.094302276835040777e-01 -9.169968821880241094e-01
7.071032622970823134e-01 3.637648401947584098e-01
2.413297910614359276e-01 2.820874271734259420e-01
2.937093474892886746e-01 -1.698856987653636352e-01
8.000000000000000444e-01 -1.000000000000000000e+00
9.592839185478893027e-01 5.230235767393953683e-01
9.000000000000000222e-01 1.000000000000000000e+00
1.559079711574244964e-01 3.576906308237355336e-01
2.706315039681548296e-01 -3.217907224205458494e-01
5.999999999999999778e-01 -1.000000000000000000e+00
9.561970153389892646e-01 -6.559941874816426211e-01
4.816273344570034531e-01 8.368378233948658984e-01
7.676774955362439812e-01 -8.740128612937787533e-01
9.429979568773402265e-01 5.466971885988880508e-02
9.141728195745388863e-01 8.476772036988740044e-01
4.152676402613206808e-01 6.764026708898762674e-01
3.252266522247089231e-01 1.098829293815315467e-01
5.999999999999999778e-01 1.000000000000000000e+00
5.053041560833713142e-01 -8.464426791338877099e-01
2.000000000000000111e-01 -1.000000000000000000e+00
1.545151706565871530e-01 -2.483272684959536569e-02
4.869659646573857303e-01 -3.400011079473341802e-02
2.999999999999999889e-01 1.000000000000000000e+00
6.265327110760176010e-01 6.107802813027931599e-01
5.720410083491662689e-01 1.583572623349223107e-01
9.088575924926411975e-02 -6.362495536603740565e-01
1.401289845225280883e-01 -7.090342180373050418e-01
5.000000000000000000e-01 -1.000000000000000000e+00
3.217931668316604821e-01 -9.414436201074385391e-01
3.519832399007584156e-01 5.011298568109456841e-01
1.070352252233616186e-01 2.101763052726741687e-01
1.707084801518188311e-02 -6.565120963231498852e-01
4.000000000000000222e-01 -1.000000000000000000e+00
3.356767067286190454e-01 9.560858049140885662e-01
6.999999999999999556e-01 -1.000000000000000000e+00
6.644103886933852010e-01 -6.484000734516164322e-01
5.987452406655967563e-01 2.637769774349245644e-01
4.224543869547050523e-01 -6.848707581466315641e-01
7.261944092461081190e-01 4.082839340863688715e-01
7.950664196582098997e-01 8.463800687475873108e-01
2.043816809186376204e-01 5.253394638003383577e-02
4.652687236254737790e-01 5.697551639747382435e-01
6.999999999999999556e-01 1.000000000000000000e+00
0.000000000000000000e+00 1.000000000000000000e+00
4.353221213503412068e-01 -4.539358416401735319e-01
9.774597570396106327e-01 5.618942060741785038e-01
8.663789783009685497e-01 -5.315904344677717663e-01
3.146088526347553538e-01 -2.775980430672377874e-01
7.188470876018848710e-02 -1.105038353394964812e-01
3.762776292614458118e-01 8.554847597202508425e-01
2.769223191166891862e-02 5.818366328334385607e-01
2.127802857521916557e-01 -5.673030917613408608e-01
2.999999999999999889e-01 -1.000000000000000000e+00
5.917040708989029785e-01 -7.284602101242487748e-02
4.261870469267925454e-02 -5.662361428093372062e-01
7.406288042931401527e-01 -1.717797478354647911e-01
6.065740204135741109e-01 -2.024023375869437036e-01
3.802154611808257201e-01 7.830076147331321845e-01
4.212365918618650173e-01 6.924918007295697286e-01
2.680366054560001654e-02 -2.519450461850645251e-01
2.000000000000000111e-01 1.000000000000000000e+00
8.198684724972028492e-01 8.039462292361965190e-01
2.070981889869307757e-01 -2.213024469537010486e-01
8.848234977067003237e-01 -1.031739246510547936e-01
6.834387065514272441e-01 6.916695404696693306e-01
6.779212780242783731e-01 7.944343049234459109e-01
5.313399619040751753e-01 -4.535416288530464968e-01
6.542249589109067065e-01 -6.924070232344055054e-01
4.032336466233235051e-01 -9.057083405333206105e-01
8.000000000000000444e-01 1.000000000000000000e+00
2.148938523802297329e-01 -4.540314380209489187e-01
6.267317838873898150e-02 1.724996275498358322e-01
5.000000000000000000e-01 1.000000000000000000e+00
1.618996313395218989e-01 -1.156845738825302838e-01
