8.864277793630633839e-01 8.798053083552390685e-01
2.554042878297066999e-01 6.518993931541724463e-01
1.555028872673513973e-01 5.565988773573220527e-01
1.135722206369366161e-01 3.885996848456780839e-01
1.548308495754562308e-01 3.098685547385676697e-01
2.875568834314821132e-01 2.318251323377080730e-01
5.117416452145833183e-01 1.227828957966063950e-01
5.532581702036352134e-01 1.201946916447608205e-01
7.299448603053212414e-01 4.104283713906649034e-01
8.531629900317997395e-01 7.768089541476103088e-01
