9.259542188476151958e-01 3.001580554775252763e-01
9.453349851349754918e-01 7.012544058120840917e-01
4.237585731665396427e-01 9.369663672446089109e-01
8.941051405365318949e-02 8.403522875829823047e-01
5.466501486502450824e-02 7.536489357765813191e-01
5.784215163964001594e-02 2.872934326866943833e-01
6.185835556072127872e-02 1.983505579445209444e-01
2.947012033695100008e-01 6.303363275539120014e-02
4.437035020770603300e-01 7.552336028386252842e-02
7.844110058297505406e-01 2.206351446517066384e-01
