8.571386657489414862e-01 5.857280100209276696e-01
7.314953623078843670e-01 9.056028362605600401e-01
7.081964119894046394e-01 9.093972068130107278e-01
1.428613342510586248e-01 8.929009971610164520e-01
3.896905387751889993e-01 1.481713513543776450e-01
4.153290717853495018e-01 9.060279318698938322e-02
4.394332477540285886e-01 1.032485429177392167e-01
5.312289594290975359e-01 1.652665118458603866e-01
8.027408537056760496e-01 3.662068213607382328e-01
8.458118163682404322e-01 4.677840838395754819e-01
