3.513917453864369156e-01 9.199198591325432606e-01
1.099197616521222498e-01 7.217256649376695421e-01
2.981852248005151251e-01 1.883765104198803497e-01
3.433616453560650594e-01 1.233800051258711061e-01
4.643495705126043926e-01 3.898334688002480508e-02
5.172921400804112446e-01 5.373521799262659382e-02
8.315685338496210388e-01 4.577423124657320486e-01
8.835424703437788629e-01 6.158134892581292874e-01
8.900802383478778612e-01 8.442644678503512523e-01
8.746294925990441005e-01 9.610166531199751949e-01
