7.335368112688271935e-01 8.690446204190025448e-01
2.933276788629515242e-01 6.263160764487276655e-01
1.418758662236865309e-01 2.701266876867515210e-01
9.394893486560274010e-02 1.309553795809973442e-01
2.178632591589363399e-01 1.424741919162824111e-01
5.536845265551652018e-01 2.794265624610668963e-01
6.795417607565866769e-01 4.369593511502055661e-01
9.015391449451876094e-01 7.527662829366468245e-01
9.060510651343972599e-01 8.013707614275792368e-01
8.676098003176830886e-01 8.507687375787204020e-01
