6.827486451968867165e-01 3.810898637072057671e-02
9.627379138546185988e-01 7.921296286034311684e-01
9.342570032490831178e-01 9.265634024496108845e-01
9.083538013600769290e-01 9.413545621333693214e-01
4.787677137593623899e-01 9.618910136292793123e-01
6.107293031729316146e-02 5.810131737679201658e-01
3.726208614538145669e-02 4.052996801317393372e-01
7.898189465431354472e-02 2.827613818939616053e-01
1.549413070283767735e-01 2.089721877323228449e-01
2.641074941872129656e-01 1.132672935912286682e-01
