1.563279172923365268e-02 8.200249925176781307e-01
1.533447547090666108e-02 6.099195959577513593e-01
7.380059050705795043e-02 3.978145335082564626e-01
8.408084366272677856e-02 3.842223860453327644e-01
2.370981645179181529e-01 2.682031688167942907e-01
4.252651264403219389e-01 1.397423303207806500e-01
5.948777861374840992e-01 9.735467099886552234e-02
7.305830690001051675e-01 9.078667939473195059e-02
8.418479707488006891e-01 1.142122456773898564e-01
9.277080205141139402e-01 1.340078426679646162e-01
9.735839538939445870e-01 2.725696411748320669e-01
9.846655245290933944e-01 4.821907182229560052e-01
9.835819062619137743e-01 5.059779189091815343e-01
9.495222574341415367e-01 5.387063935653961799e-01
8.623014231424630527e-01 5.964007082617321931e-01
7.572123938737136406e-01 6.521538353420848200e-01
4.662964159114339480e-01 7.696374995980356237e-01
3.307931997462504881e-01 8.173644200230754109e-01
1.828439343744386325e-01 8.623463687392132204e-01
2.728695315627455154e-02 9.092133206052681604e-01
