7.648842825581343430e-01 9.575027796999577845e-01
4.455412299755707184e-01 9.852680178859392068e-01
3.846809530484588957e-01 9.733885169246407898e-01
2.520584305423432814e-01 9.418874118998920020e-01
8.993532144706600784e-02 7.979347058718613273e-01
5.024194156798927891e-02 6.848702251094019866e-01
1.952546799456050808e-02 4.278715701673260208e-01
1.804125354530144998e-02 3.909522022071424407e-01
2.906767918568015086e-02 3.657146520757598163e-01
1.678058239041644861e-01 1.479403894700102029e-01
1.957373257865942517e-01 1.076908745244956611e-01
2.625391475112182627e-01 7.621991264629546237e-02
4.209890197901275388e-01 2.482178054093442388e-02
6.025504603019069538e-01 1.473198211406090419e-02
7.270778123154721939e-01 6.938706183554133045e-02
8.621374179827152595e-01 1.428796258667753838e-01
9.819587464546986055e-01 4.881631802596395620e-01
9.597022925969682650e-01 6.434535200865514337e-01
9.220299135825236192e-01 7.746988436454047555e-01
8.079546501788787971e-01 9.169411701818518390e-01
