9.492533550368403850e-01 8.782115845661563336e-01
9.436717178982421128e-01 8.999467891195124247e-01
7.733880425080050802e-01 9.814249000650782095e-01
6.268758276744024194e-01 9.712157948276352037e-01
4.747847548185395450e-01 9.489954580885817670e-01
4.280440434949053241e-01 9.280229333307367101e-01
3.431582722722452683e-01 8.813175072792244213e-01
1.828969552784920349e-01 7.467126473144862775e-01
1.547795124040594050e-01 7.021863519444172530e-01
1.122457876850347924e-01 5.926880841758787044e-01
1.045885570872612247e-01 5.690185994895374799e-01
5.665580419734861373e-02 3.238755286750510942e-01
5.074664496315972606e-02 6.023457146404476159e-02
6.771846750548504712e-02 3.761937463421827221e-02
1.369260990867872119e-01 1.857509993492179046e-02
4.890312747828782225e-01 3.309495177097288021e-02
8.095270601855392156e-01 2.289746611210020655e-01
9.005764956569694002e-01 3.203752312312481143e-01
9.159971009046598001e-01 4.041572296859624602e-01
9.276999456383991927e-01 5.557509281490222719e-01
