9.322020963546238104e-01 3.091300464310123841e-01
9.903881189712901989e-01 5.397863675939533756e-01
9.763934296089207265e-01 8.562011241180977894e-01
8.936868178520955830e-01 9.074347495982708622e-01
6.729582593270895252e-01 9.173062380062808607e-01
3.585556678561186428e-01 9.204126026631349600e-01
6.670824775404921025e-02 8.776788981765565323e-01
4.640045902446970905e-02 8.634833419300435020e-01
1.194863133896256757e-02 8.378913533657971202e-01
9.611881028709856611e-03 7.087265875548138805e-01
4.598918455590778054e-02 5.940016179781881789e-01
7.969194757656256067e-02 5.150373741527447535e-01
2.296973498743945519e-01 3.290485213955477439e-01
3.057488253575212922e-01 2.608044370885982399e-01
3.783756593483911801e-01 2.038497668875014490e-01
4.465590726876948469e-01 1.638377243695872121e-01
5.894586089058426737e-01 1.029830043402778506e-01
6.842153481828545658e-01 8.153970268117261000e-02
7.409869039164098670e-01 7.958739733686492901e-02
7.629989914212815805e-01 8.442582856132097024e-02
