9.055918135343959952e-01 1.400907319994694200e-01
9.681467593202330857e-01 3.300948137536106053e-01
9.393898640102058550e-01 6.199343105001127174e-01
9.263483488208715810e-01 6.740943748188423790e-01
9.016564114845543321e-01 7.702994310263217015e-01
8.152640755391217242e-01 9.152109553470053616e-01
7.499128536374948251e-01 9.297822735057598154e-01
4.489224866467235175e-01 9.549110249061173450e-01
3.941342494363990756e-01 9.557816520366261281e-01
1.743161230750430724e-01 9.448091132531608594e-01
1.246954349823657937e-01 9.267594089531340229e-01
3.759347652857414346e-02 8.670210117157625129e-01
3.344685517665002550e-02 8.603475949808976342e-01
3.185324067976691431e-02 7.638042194110136185e-01
3.534299249569827772e-02 7.410245808364345210e-01
1.339890259821250318e-01 2.541963184946335330e-01
2.077451307821724935e-01 2.036289953425869381e-01
3.254616421121717673e-01 1.323228017658103495e-01
4.629074791957368262e-01 6.729190715592936467e-02
6.629595349575907459e-01 4.421834796337387186e-02
