1.940525142266296132e-01 4.703138206386193731e-01
7.977669746069816492e-01 9.287642756327851856e-02
2.974240553854036739e-01 7.066779769751345697e-01
9.317660362362010229e-01 7.243424703456575742e-01
1.990879779345638978e-01 6.311281484471985559e-01
6.523773001895283308e-01 2.348107770163042618e-01
3.353197991555241231e-01 4.561701147962454184e-01
4.530565661919138676e-01 5.596258910770608441e-01
2.412913413686584296e-01 2.577278342151127499e-01
2.344648115900421215e-01 3.027945167221878231e-01
1.493278536508993726e-01 5.210618804464458576e-01
4.403209691751466814e-01 2.377563663847806763e-01
5.106501832216475689e-01 9.494879924312349395e-01
6.384305280024960005e-01 3.981542434816027765e-01
3.834004439578296286e-01 1.838128145068856911e-01
6.952727149535412599e-01 3.563499809955525399e-01
9.246401583756842513e-01 7.264508511977045835e-01
2.343328372135118354e-01 8.422044274689369781e-01
8.364538900679332478e-01 5.282899668343102872e-01
7.340808721254327152e-01 7.615223155597376781e-02
9.117908007193137321e-01 3.917658670194531512e-01
9.489248633414711920e-01 7.075531301561541753e-01
2.883041988331590533e-01 2.337638512824058712e-01
2.773438667104166644e-02 6.108225513820241259e-01
8.720729995940419421e-01 7.465944369521155810e-01
5.037242100700562997e-01 9.511203898304930737e-01
5.056003561392967693e-01 2.745861802352567715e-01
8.476349003492998913e-01 6.673624633860195110e-02
2.608800905297690709e-01 6.867765711080439095e-01
2.633426096437467279e-01 7.862664226558342406e-01
1.929292964421985834e-01 4.412800834966621455e-01
3.205468275350965568e-01 5.622628492156490632e-01
9.439083146389186663e-01 7.561617496569931207e-01
4.843507394307166591e-01 6.970461394086360229e-01
5.324142568990440916e-01 1.722001456956543386e-01
3.973167857272094650e-01 6.769942774206130220e-01
7.877050520055178806e-01 6.267345670686835790e-01
4.292999194172635868e-01 5.743368663712099531e-01
8.409716885542399822e-01 1.806523588994680130e-01
8.576729838295045205e-01 7.438599148197795330e-01
2.583607175024303926e-01 1.997522868038318911e-01
1.376495733070538796e-01 7.465637561846468762e-01
4.129752051804801427e-01 5.633302162910035493e-01
2.321337712012166432e-01 3.115774815263591124e-01
5.380178367637078463e-02 7.061186004706804242e-01
6.822974580684044721e-01 2.359061519211415603e-01
7.957237745320994149e-01 9.540967957326935700e-01
6.006337373480902242e-01 3.138176418337866314e-01
3.841643056891603236e-01 9.224604815940847802e-01
7.836916942982076195e-01 1.100675550121459484e-01
2.489359834096291912e-01 4.644008493994583597e-01
3.317563972305579423e-01 7.895274362517317179e-01
4.271275421778599202e-01 6.445779381494211036e-01
7.667959383911404636e-01 3.291721317561986937e-01
7.064578218015308275e-01 1.432930530665743052e-01
2.257707238939228311e-01 8.864132646975996233e-01
4.924047891331928550e-01 4.297583002040599176e-01
8.934349507237215882e-01 7.392974393660143306e-01
4.015702072983823312e-01 3.366200111520901705e-01
7.993239941028371653e-01 6.777884925625117518e-02
7.364021924001358244e-01 5.281125082761871647e-01
5.674059756238650776e-01 3.712511484516100579e-01
3.770889800044033846e-01 5.557377940629919522e-01
2.085157591367081675e-01 1.916956522023073317e-01
4.452177954687100980e-01 6.130256330649034302e-01
8.907630896465920101e-01 6.423480405425576745e-01
4.578992985204325405e-01 6.606892516999570697e-01
8.509712698413198773e-01 4.665138576856160957e-01
4.474268166916063327e-01 7.301890645317760109e-01
6.326398550334624282e-01 7.787427768069596912e-01
9.117685067526369869e-01 8.625295894665633289e-01
9.607548782862983527e-01 5.923812887316780573e-01
3.795634844330665336e-01 3.970695955634838681e-01
2.659637366790940649e-01 6.129828479261122398e-01
7.024289632493165847e-01 5.773730975091224682e-01
7.408574340163517347e-01 8.368037759135824594e-01
8.757208559925904190e-01 1.430145266815064098e-01
1.469135756704850193e-01 6.330370567186323072e-01
6.957300008001063851e-01 1.576846416053115374e-01
6.369926990180101445e-01 3.466450848960276887e-01
8.810364684719754758e-01 4.027384722141047479e-02
4.171445473568712314e-01 4.737886749808319919e-01
4.286076751983487476e-01 6.404880109987344250e-01
1.313510639389019186e-01 5.663084015090628087e-01
3.867859928571694694e-01 7.546884842954264538e-01
5.355554841021048507e-01 7.269360660234247540e-01
4.546580671693794540e-01 6.831915728601868354e-01
4.645333808220793448e-01 5.430552866187914329e-01
5.808928247368131403e-01 5.705166627861800732e-01
5.862081036195868622e-01 2.257440185584067283e-01
4.631093159350506694e-01 3.216499719765276710e-01
4.761422696945403210e-01 1.186450279401912861e-01
8.228559424413192103e-01 6.153020264133434170e-01
9.212841570612056996e-01 3.779359116424553799e-01
8.406154265405658688e-01 1.347048739831074038e-01
1.925341553012002993e-01 7.542348874094488842e-01
3.086310354746990003e-01 4.709189808450782722e-01
5.428227275737389501e-01 2.470631529981029417e-01
7.060696380816624540e-01 6.798559258600808120e-01
2.876203169696006645e-01 5.862135220600493968e-01
6.301698118906757795e-01 7.979950620080995538e-01
8.955484316333632844e-01 4.278215817561821788e-01
7.711128820920829519e-01 2.140822971121779661e-01
4.421252758844540498e-01 4.005948620476751931e-01
4.066683215537905127e-01 5.781012220259977852e-01
5.589693332542615689e-01 5.758770785694847794e-01
8.007902722876141244e-01 6.765510198852385526e-02
5.931483390845504466e-01 1.022313174090814791e-01
5.046613801075690020e-01 7.726052463535465487e-01
5.555704209821187289e-01 8.039203739122288139e-01
7.139412923854132620e-01 4.804496163641227557e-01
8.557033030567419429e-02 6.359760843341539793e-01
6.684725423701913805e-01 1.006139295920959187e-01
5.288924541117441258e-01 9.395911321792067561e-01
5.191498754519938696e-01 8.724114338293832427e-01
1.060896179036715237e-01 3.294461386793849367e-01
8.740371597683257998e-02 5.088451077423513658e-01
8.437433454151519463e-01 8.228507349852693942e-01
1.681922364820255811e-01 8.093027155267893402e-01
2.207331894951886087e-01 2.318446271346344401e-01
8.803710470767708296e-01 2.005394948212423922e-01
3.971025384048447737e-01 3.747426061226138416e-01
9.134352163901620081e-01 7.028019042938364880e-01
1.692206086125229436e-01 4.101738241896799031e-01
8.580690821013949865e-01 1.885198206300912616e-01
5.706097754006631551e-01 6.245697004316956846e-01
7.553018823804215076e-01 6.215423739934955449e-01
6.612836154961113655e-01 5.525783260993542001e-01
8.972156850832974095e-01 3.271195774996307204e-01
1.506415561490491994e-01 5.387429044605008821e-01
4.075102369321239038e-01 6.866058091683582276e-01
2.645042134116705190e-01 2.718843839696769016e-01
8.350344204030992756e-01 2.185721131432394326e-01
7.057596424135106350e-01 8.091021636301670705e-01
2.902462643591608993e-01 3.908022129383411647e-01
6.612574704201766851e-01 9.224223515559244468e-01
4.468733903062958035e-01 8.090301793688305931e-01
3.919617642379207845e-01 5.809339454373768641e-01
4.952605025218103640e-01 2.065729682474063411e-01
7.022485284896061719e-01 4.850780407364385094e-01
6.585665882999246490e-01 3.724825732242553755e-01
9.722656133289583336e-01 7.181918304830462452e-01
5.820294234798388811e-01 4.729425580837829379e-01
7.196693190601131107e-01 5.744103828839913772e-01
4.396651932141945052e-01 3.101848308704086565e-01
3.205446964420782252e-01 7.535849154248290827e-01
7.877325934638378380e-01 1.482823894018157895e-01
7.242621180708579409e-01 3.717952121429551893e-01
7.877902756722318101e-01 3.081246987752319644e-01
1.899567207872699670e-01 5.449591130624121815e-01
8.817135917518157395e-01 7.034987448130934906e-01
6.345992905980106791e-01 3.954587915445632040e-01
9.465462787161258440e-01 5.450978371327742655e-01
6.623742563143812934e-01 1.223496303190551304e-01
5.183643908122563815e-01 2.328273186009289786e-01
3.110354437281914741e-02 5.079220752327140431e-01
1.046308402614010147e-01 6.276386933879836150e-01
8.612996669492346546e-01 9.597261527785895252e-01
2.619658105736681897e-01 4.176834793114069244e-01
7.963159697676613913e-02 3.676701948337743886e-01
7.782747212457132857e-01 6.829559696195820484e-01
8.869320229233541575e-01 1.418986593075444169e-01
5.079794940736402920e-01 4.250922180283802643e-01
2.478225443267955685e-01 5.187217414719857977e-01
6.736779341732952453e-01 1.009306252730292203e-01
6.351893923048199664e-01 1.839408300674519881e-01
9.192566872708864967e-01 7.823598896055985463e-01
5.020965341768818258e-01 1.669982232404049194e-01
5.061706169190953730e-01 6.939829378107731372e-01
4.851492349421049899e-01 3.343224891965909107e-01
7.338378814750260437e-01 5.764298082443317650e-01
8.827880842633928360e-02 4.730246826551276484e-01
2.248976939287989918e-01 8.284642080362971672e-01
6.190242610958024416e-01 4.657295483569769412e-01
1.648238865825664146e-01 2.218971759755063999e-01
6.418258025275325185e-01 4.459150951632668836e-01
4.742810877604912712e-01 4.454393256069682505e-01
1.823612570231153418e-01 7.537654267247396733e-01
5.091604214935145922e-01 3.723646700957068956e-01
6.337846882511903868e-01 7.234935458980013001e-01
2.127404357723987893e-01 8.719744564501507034e-01
8.717547566686667526e-01 3.833542219489641245e-01
4.988051645326342376e-01 6.972618535102520498e-01
1.583867491435598240e-01 2.437771447514418821e-01
6.350800884324535600e-01 3.593150492039972055e-01
3.693812294298486343e-01 9.084930966946331843e-01
6.956650585884304183e-01 4.657542828536020973e-01
5.565974211130545468e-01 3.420617218927887171e-01
8.389381828337243441e-01 5.315539202779713257e-01
3.026629424159262283e-01 9.109874943191359487e-01
3.224709789236845925e-02 6.524809855745301590e-01
1.808021140847257402e-01 5.696798362186340503e-01
3.193168125061940366e-01 4.578542865916912508e-01
2.990251729436996797e-01 8.131994296348906692e-01
8.048746834575351006e-01 5.025746242044132339e-01
3.811712489279344696e-01 8.361459772880379671e-01
9.063108007283383616e-01 6.073796612174764409e-01
7.508140040576938290e-01 1.062821980902977775e-01
1.694701296626334452e-01 3.062195592440741243e-01
3.174733886029981189e-01 5.226972455652074689e-01
8.934536315035309650e-01 4.800251675232423132e-01
8.986741994533081757e-02 5.699719282059703129e-01
4.627008636984351053e-01 2.218295314722957823e-01
5.837354008302039210e-01 8.633233309263123045e-01
5.196463113258635858e-01 6.724316576021764913e-01
8.609509761581795040e-01 3.806510517935674520e-01
6.289662765203588579e-01 3.847157017784482158e-01
1.022781822052570427e-01 5.806797914075273459e-01
1.164637217247454226e-01 7.377518382087139281e-01
1.662292505919972241e-01 7.369368635444557558e-01
4.526309974160155347e-01 8.658738939309614802e-01
7.996444866209474756e-02 7.395496426741977603e-01
2.494834916643928480e-01 8.590049453664548862e-01
3.895106442226972110e-01 7.017354368682022780e-01
5.229111055873215674e-01 1.761346872719684042e-01
5.112128898752857920e-01 4.987914219880335009e-01
2.131754401029083423e-01 3.015790138653123287e-01
2.546514063639789827e-01 4.289544789456717355e-01
2.553727270657358273e-01 5.485289366445389447e-01
4.743563018936700626e-01 2.717297104034994693e-01
4.120006737518690926e-02 6.246292435922118358e-01
3.533004441743569091e-01 3.300276064894231975e-01
5.161473932813407384e-01 3.813194754687093124e-01
5.317405093142073547e-01 6.491467401426295192e-01
5.276464650285958013e-01 9.451694426867569554e-01
7.215857511715623174e-01 3.391480849795815988e-01
4.473773705696484360e-01 8.422247443647657983e-01
2.871161443526921153e-01 5.472230307715749698e-01
6.038354485772837732e-01 2.645497734191302186e-01
4.158427929360917208e-01 3.260207817796386687e-01
7.803727073567030548e-01 4.292971266624001081e-01
2.933319595378925948e-01 8.058915704723830231e-01
6.761561022246376229e-01 8.215561804314839289e-01
7.805740530099812835e-01 7.113647320666426355e-01
4.439334543533854371e-01 6.128406937225406859e-01
6.662685361647766591e-01 2.279893741169024546e-01
6.935173566701533510e-01 2.040357075159680567e-01
2.593279015054067993e-01 8.008793662138947722e-01
1.605372178419471330e-01 5.447099725803795645e-01
2.433293047858661184e-01 1.838960113298602761e-01
3.202611767144629695e-01 3.675309529605325642e-01
5.112801056006696099e-01 7.991636164100800466e-01
1.362275074006128461e-01 8.216144104992317843e-01
8.463731601848554220e-01 7.894676942973311018e-01
3.860524202261373938e-01 4.606965973767932487e-01
8.223064661210522930e-01 1.546732674089503490e-01
8.338659517291143741e-01 5.948792914589547953e-01
1.568126121255499772e-01 2.341875743841295154e-01
2.844118237859975529e-01 2.285114242583324851e-01
8.844832231588326543e-01 4.310708975362279594e-01
4.869107563108120984e-01 3.350522856613419309e-01
3.042087282744148080e-01 4.789576892414132425e-01
5.048196202237307251e-01 6.076511100010824062e-01
9.297804994594343064e-01 5.791724759197119932e-01
2.962830862628832440e-01 3.641200615158911025e-01
3.660012624891867961e-01 9.324150364831935711e-01
4.706424902802088805e-01 5.928675248175795387e-01
9.099726324600491134e-01 8.183664212872462373e-01
4.443137298614262543e-01 9.308996138875262893e-01
4.911638179383595593e-01 9.331499567858438926e-01
6.342601620713560484e-01 4.437906329026079510e-01
7.610318039315582261e-01 4.616825652097445998e-01
9.255338373147654618e-01 3.560833627212723340e-01
2.364255663678225816e-01 4.371740251646963338e-01
3.549229277680272104e-02 5.388371288525583003e-01
6.559416858873088341e-01 2.058894754824440732e-01
1.821639431705313894e-01 5.619740883934274400e-01
7.782621894425154618e-01 5.504999473686689182e-01
6.586083886598966819e-01 8.687301842816348429e-01
3.504328072907022529e-01 2.575012814001785832e-01
6.355902962496435826e-01 6.230346797695356376e-01
7.614251038768901081e-01 2.506709798520350696e-01
3.872281585219472522e-01 3.994950033563834935e-01
4.467355021592314124e-01 8.357472790612323621e-01
7.910501917842437392e-01 1.491435616877324621e-01
3.234314078061781284e-01 2.928688077037612247e-01
3.283792148695154345e-01 4.298004016103930125e-01
6.385967519593617192e-01 7.458673493003323829e-01
5.755423488252463526e-01 2.326897034274497678e-01
4.644430285007352666e-01 3.290060239315082402e-01
2.973286448442092333e-01 2.945807437245387406e-01
7.793303002294886817e-01 8.388012162577330733e-01
8.995103785701172860e-01 6.396446905712126485e-01
8.830434006387728463e-01 5.664337018838643267e-01
7.573228498686999099e-01 8.149407501314316349e-01
7.348411230086724366e-01 6.852814823776630371e-02
2.774172097036020079e-01 5.954445106518783115e-01
2.480659518321464696e-01 5.950684326384529932e-01
2.012984186394772557e-01 4.853955286457126705e-01
6.753821896566841732e-01 5.186818103196749741e-01
6.209152718845962760e-01 3.905574101333337267e-01
4.280310779390147924e-01 7.138216767737547430e-01
3.371108537679289308e-01 2.883985249183474986e-01
3.279612573530856223e-01 2.729160420251985908e-01
4.330245612127965327e-01 1.416962065112020996e-01
2.639491218536686445e-01 8.503349587148867350e-01
2.948062509605893777e-01 3.743344627440263750e-01
5.675397417511975906e-01 6.492922249851321714e-01
3.645940861868373073e-01 9.368229586961390742e-01
7.827641365529205419e-01 5.666466263375810053e-01
9.153254604963351193e-02 4.553555424701313248e-01
6.382031390900484435e-01 1.819686465277158549e-01
1.449033461723536198e-01 4.278385533739103019e-01
7.571076426558643879e-01 4.241880302150355386e-01
4.057617090492483536e-01 3.471576231903909515e-01
8.000824413067564311e-01 7.383369562622460469e-01
1.146534711321801348e-01 3.658153722018493426e-01
8.379296825271428384e-01 9.027972482706125845e-01
6.021090889667953805e-01 5.855047235418916474e-01
2.635368824666735055e-01 7.842374825496848390e-01
9.004704338609719194e-01 5.756058476408164593e-01
8.201846253278544108e-01 2.166237405813315475e-01
2.564921549148441726e-01 7.497693526902404759e-01
2.030517918045634529e-01 6.766034127954517752e-01
6.773381101279452032e-01 1.475832957364917042e-01
5.080814712541437128e-01 9.412478893746077935e-01
6.347509617094182488e-01 3.010023562449188339e-01
7.193379147936468376e-01 4.491315398449474694e-01
4.238400108308913450e-01 7.153944126116709157e-01
7.157245676433851012e-01 3.148147642180517125e-01
6.459715592383774574e-01 9.054690457755573130e-01
8.122808815931854554e-01 8.909862073614950306e-01
4.222317117313331702e-01 7.801163048223197505e-01
5.554284044551009991e-01 9.451130266349246078e-02
6.925505310754259680e-01 2.892192471273955512e-01
1.402807767533796046e-01 8.149642856733552154e-01
8.997717167810395100e-01 5.058727500739449434e-01
8.993784008494053461e-01 7.136393748549572091e-01
7.211628084075991652e-01 8.606166196017537295e-01
5.851068834401514929e-01 8.637338929714128977e-01
7.145655321964738960e-01 7.008308504285073459e-01
5.136139653643438940e-01 7.377187690825368627e-01
6.751360362319477337e-01 8.957110096339515604e-01
7.912261774881836907e-01 1.480723513712852157e-01
2.862850159494709779e-01 7.964964559353437945e-01
5.761619859117113052e-01 2.423523754988251011e-01
7.911767334292431342e-02 4.806471972704177698e-01
9.404872632250911302e-01 5.254507416816317500e-01
7.239257675599661823e-01 8.366137893624850941e-01
3.567908029583020668e-01 6.258495555776826258e-01
9.007379346167991852e-01 2.097429963152170340e-01
5.424104773809964586e-01 2.181228226786086077e-01
6.710014193184465903e-01 5.620349924704302058e-01
2.063332998403100971e-01 1.965415983717733184e-01
3.882213266165736587e-01 6.523556200215939738e-01
7.035502706571405973e-01 3.260363865868496913e-01
8.056406948766702270e-01 8.799367813881664446e-01
3.503303575732368280e-01 6.803463942342831139e-01
7.711066316028915013e-01 2.123027473785647490e-01
3.938126488156938887e-01 5.387362120267390475e-01
5.409596437456688500e-01 5.137570280415182378e-01
3.695488198820348069e-01 3.808359812339980333e-01
3.988737530738494796e-01 4.131585264801285740e-01
8.876812635601664947e-02 5.218675458824999502e-01
4.325216701920855944e-01 8.875326586060168221e-01
2.217054618351715078e-01 2.445705900043516900e-01
3.995090575769307817e-01 5.563831055342575160e-01
8.957583125977471861e-01 3.794945757813011356e-01
3.673957622115399113e-01 1.416150369829792810e-01
2.982539960156121994e-01 2.494931663827174850e-01
6.703448437550374450e-01 4.935220596025557960e-02
1.002324747294498219e-01 6.982403524448093091e-01
6.320805184546585131e-01 6.203197952031295204e-01
5.248518694488348846e-01 5.289790127966367272e-01
5.778204308526462274e-01 1.150045785249670938e-01
3.526828120170022451e-01 1.754726742694363295e-01
2.298155579247557756e-01 2.269692679921142542e-01
6.583605535746461790e-01 7.978855335934045279e-01
4.741778228790436422e-01 8.557128266117001170e-01
5.868293074278313481e-01 4.127889144726666903e-01
5.122372816351754565e-01 9.014834567968871282e-01
2.939347633708968566e-01 5.823891239973367773e-01
6.601685840731669197e-01 5.170087982624083089e-02
5.010846565540553188e-01 9.279709560282501934e-01
7.673688436427167359e-01 4.643110191911857254e-01
9.299056128207695560e-01 7.285706493046196774e-01
7.397317600961346162e-01 2.962071993724342822e-01
4.686055628806348183e-01 7.344641668884518415e-01
4.295648950985737624e-01 2.246270794934450421e-01
8.897791772103897934e-01 3.105566226822926157e-01
8.301252981840681611e-02 5.334071550476986445e-01
8.210028189907498941e-01 8.922773809448245608e-01
5.095447172028055860e-01 7.980624478731879190e-01
7.384855913733311406e-01 7.097151009910150909e-01
2.184677447543050266e-01 3.211905289083478166e-01
4.237356714691516979e-01 6.139333021184567585e-01
4.359710097996322836e-02 4.822136987462077307e-01
4.754880883315955042e-01 3.182153508060443503e-01
4.055226319020467374e-01 3.106565637366791588e-01
5.981705268506142259e-01 5.239398190089040730e-01
6.266368132168784744e-01 5.557559383201413628e-01
1.157580203035617483e-01 5.977169187968696118e-01
5.534325089412909238e-01 3.346493914148862547e-01
4.213979153018596047e-01 1.889522309467850103e-01
6.544094093810564061e-01 5.979495996727604012e-01
4.353227073191170970e-01 9.192087588326940395e-01
8.290461251313501201e-01 6.655105794695193033e-01
1.813684044375956927e-01 6.280915681826758634e-01
2.507839966386374853e-01 3.758505157467980640e-01
1.886475724326427683e-01 6.325087254951422544e-01
