6.135215541248364435e-01 1.053630031427498087e-01
2.202764340466206172e-01 4.768405788633071074e-01
1.429155008679258154e-01 4.912775147753457028e-01
8.617897286679039315e-01 5.835419886046241400e-01
4.441493261732485376e-01 8.192672290565219395e-01
8.317491654349036256e-01 2.324266787742279849e-01
4.374831026349635943e-01 6.437631564133141637e-01
7.005462254333592043e-01 1.508169047906224025e-01
9.165886541284121725e-01 3.911511457406294801e-01
1.339305947257656837e-01 5.878643665043947752e-01
3.093813945305495805e-01 6.320749729431636155e-01
3.888383263211325214e-01 6.693548613822705717e-02
6.838757408713006525e-01 4.140627492115476760e-01
5.969455957389262490e-01 3.081633165760900850e-01
2.069052017367362661e-01 5.767036289759689405e-01
1.351001180368512911e-01 6.064505331155254364e-01
5.611893607311970733e-01 4.035072632897447886e-01
4.227539032579701872e-01 2.373994341368988459e-01
6.373214348399329765e-01 1.466552081704001753e-01
1.250210917169660707e-01 7.379475369317025635e-01
2.793867000128138489e-01 5.086549506959976430e-01
6.777182543222362021e-01 8.197169421991417071e-01
6.653909706452740824e-01 5.422730660630461497e-01
1.073520865357400211e-01 6.814999310551889122e-01
6.236315926249343944e-01 1.946388863706929873e-01
1.766527016458009358e-01 7.560566583802394991e-01
2.075068320445605519e-01 2.027771229659315055e-01
4.418373689923932868e-01 8.781588758172353959e-01
2.913846196961644153e-01 2.824969919701340038e-01
6.190626529374533282e-01 8.542509959223933969e-01
4.536774879976826491e-01 6.598530836378861952e-01
1.548897858002366013e-01 7.086977163826176929e-01
7.713922827355629286e-01 4.863776876110372793e-01
6.063436588889941081e-01 3.283037438271811936e-01
3.428179511421337589e-01 2.351987911880812632e-01
5.783316792423006669e-01 2.204656017993219808e-01
2.310928361665438024e-01 3.469246850483730937e-01
3.848094703041878839e-01 5.535254870255172932e-01
2.515942471464179819e-01 3.865044120005346473e-01
1.570159938527642129e-01 3.973184115842873232e-01
2.678552687450868053e-01 5.070042393532069314e-01
4.346020897853256626e-01 6.070905253758626663e-02
3.596868962582301377e-01 2.226691605100930837e-01
3.477848929574617332e-01 6.269284941281558776e-01
9.133424506766290030e-01 2.975928752780699904e-01
4.495314263193525006e-01 1.880902199163608790e-01
2.679651691977433803e-01 9.080213171532282024e-01
9.151971453426385184e-01 2.114143041312102067e-01
1.034854314902097505e-01 3.044991828223432284e-01
1.362491426697529651e-01 7.683990722300729770e-01
8.923110017533492089e-01 4.172307064045153169e-01
5.179631955603430926e-01 3.858097595010315795e-01
2.225362951557126878e-01 1.211935073325994955e-01
4.802445982443651618e-01 4.895962648565959086e-01
9.785035551644422069e-02 4.402345177532912546e-01
2.929537528286485504e-01 5.798900280810248553e-02
8.008772066968201653e-01 2.321642300237687362e-01
6.440741841405860368e-01 2.346946251556150942e-01
8.628813007007720692e-01 6.439455705563306154e-01
9.144940512860301185e-01 5.554868258477638765e-01
2.207533158878647317e-01 9.274530772436111459e-01
5.272401096813317256e-01 8.437879866709379062e-01
4.725399500046055801e-01 8.077082654175684606e-01
6.245627548952757957e-01 5.097417060885760520e-01
5.036687363909992943e-01 2.018211472183760180e-01
6.041825017997689562e-01 7.812732825435850792e-01
2.286878890460138924e-01 7.137498183692491116e-01
5.232639567453363227e-01 3.373840984557177625e-01
3.097422750992781526e-01 5.674798210301248425e-01
1.601069619898197738e-01 8.221055146370376265e-01
7.460480429412280623e-01 1.005730693107361740e-01
3.532610287329596699e-01 1.799928191642111153e-01
3.952108887161236983e-01 1.983960525254330476e-01
5.162734505136056251e-01 1.670854713967485361e-01
4.275122522544309023e-01 6.981369362707788850e-01
8.071756525379830682e-01 7.412223222786828991e-01
3.212540154755536004e-01 8.411073645920055242e-01
4.189150765345622252e-01 2.803710471264267978e-01
7.054430754438538731e-01 1.776290641749725396e-01
1.363441472721126924e-01 8.231279573552316986e-01
1.433397797347453206e-01 1.673503759870698104e-01
6.548057863327675365e-01 1.349263308537994865e-01
5.890422462650035662e-02 8.069753790672751226e-01
4.636029111757577481e-01 8.472961995591964390e-01
4.458029012596087526e-01 5.906212545510596268e-01
5.152616982071621665e-01 5.648055931426712029e-01
8.193013519736862538e-01 2.837464863025099815e-01
7.630325387047817154e-01 6.110857514518674982e-01
6.305816635911820622e-02 5.190444271414654809e-01
7.082004173841416339e-01 4.088589995180131886e-01
1.758029588918761377e-01 7.708327623239825677e-01
3.184085666384344204e-01 6.974000306165023533e-01
1.836552744142031512e-01 5.615239480885926282e-01
8.589883422976093419e-01 6.271044489671840916e-01
7.780995349812218631e-01 7.119201458056612086e-01
1.811532884138374877e-01 5.429860471245738784e-01
6.064135182783455535e-01 6.971160357963155363e-01
5.661291123844309769e-01 3.824883815304929158e-01
2.209029207124627303e-01 6.291047884312851446e-01
5.522388991672145808e-01 5.480101751985247960e-01
6.991356155320997967e-01 6.277688934421369327e-01
2.182775859428237875e-01 9.197776128417034514e-01
5.880418943319210001e-01 6.316560998140003935e-01
7.997926736160186900e-01 1.467915806681459046e-01
1.428168265848046570e-01 3.471501686282159604e-01
5.720030744432381686e-01 9.537569504877898563e-01
4.965848216638920620e-01 3.357567111599313314e-02
2.199244991325348397e-01 4.293039302566824533e-01
7.114174373133791418e-01 3.087244093677098400e-01
8.335921793665657109e-01 2.809194500403495720e-01
4.775797818324245547e-01 6.297621012849216049e-01
7.973209513531670511e-01 1.901773273170855316e-01
4.690595515277073968e-01 1.758722723076711070e-01
4.335748926820094384e-01 5.276669168315453184e-01
2.684608539460202614e-01 7.106218133731780906e-01
7.327282321843888724e-01 5.605734166830591558e-01
7.745638951671488526e-01 6.314325669423366261e-01
5.999740301645115625e-01 8.006241564352689632e-01
9.057591631911922070e-01 3.789898906954686231e-01
6.002159377939243479e-01 4.112233488392486036e-01
1.508971020044034550e-01 8.001578747033950556e-01
8.076067139587067567e-01 7.592728980368378400e-01
7.894923979181727169e-01 6.707970914761121062e-01
1.716973075669750437e-01 4.581482322719587774e-01
2.896798950596851663e-01 2.696348211670115957e-01
6.240604866584151811e-01 2.510138893519201497e-01
4.339329528624651933e-01 3.929865783520262168e-01
4.046190376147022483e-01 9.028588199646634394e-01
9.094320086550463644e-01 4.253393264608871793e-01
2.951822471669977022e-01 3.941583240208715866e-01
3.930639260994076012e-01 7.518507285335924717e-01
6.972043091365474066e-01 3.195720015461722130e-01
5.969036474792439595e-01 1.897508845156197499e-01
6.643523660449602852e-01 5.634416660129237808e-01
6.446756902294361602e-01 2.520398895131741868e-01
9.108627748042472660e-01 2.726808754371205512e-01
7.110435957581664468e-01 3.257274400561843697e-01
5.234231458337439413e-01 1.576312514815212396e-01
3.071670055482393358e-01 6.820021089757832833e-02
7.067408794751106615e-02 3.220179849479427592e-01
6.532608628510911952e-01 2.258389901979772352e-01
8.076843164456870561e-01 7.084525157320341604e-01
3.269728295610516144e-01 5.884092462746625118e-01
3.250275344856400905e-01 1.991877247767842585e-01
4.488760370806514355e-01 3.883051647468526157e-01
6.602093705545887259e-01 9.041415481177554891e-01
4.621369818639302629e-01 3.528250110711879106e-01
8.565700126597295405e-01 4.230296192914847486e-01
4.097693529781964994e-01 8.829413983684281098e-01
2.526852388322092247e-01 6.887179873066896496e-01
8.488017233382058047e-01 2.680215041360441974e-01
8.818257554054843572e-01 3.119209239679144874e-01
1.998103259039898938e-01 1.211565521488516817e-01
1.477452551188727647e-01 5.556233979025230196e-01
4.556554438118073924e-01 5.069487604990369212e-01
3.039597336817528861e-01 1.417169083992879386e-01
5.494235934674743804e-01 5.461736913076560285e-01
2.546712234376080630e-01 6.527666856600622403e-02
6.413672841216422338e-01 2.131588727928463711e-01
6.467837506552139848e-01 3.064275850052035621e-01
9.213736645955081794e-01 4.511697891307189789e-01
3.305605339897686457e-01 6.451040922984019321e-01
9.304007121224611154e-01 3.496243269457549596e-01
1.760700819786811255e-01 4.693447788064725734e-01
3.489824564610092272e-01 2.415955469310676063e-01
3.489496353084111102e-01 7.347217610129914700e-01
5.997372277856194422e-01 6.326032109317409891e-01
7.334825608828040577e-01 4.996826631069151148e-01
8.803021851986877477e-01 6.356130928505148159e-01
8.322768530605597626e-01 7.060883683055247939e-01
6.232994325489228382e-01 3.227824017339201434e-01
5.462472274807329553e-01 6.849178171246136926e-02
3.967561301701017507e-01 2.995385150484154435e-01
5.108668949663803804e-01 5.098864474435357841e-02
2.455164772917207971e-01 1.954949005655174654e-01
1.632362544225056389e-01 6.868632597521528993e-01
9.023340355623017672e-02 2.929577410184744934e-01
2.201098037425083254e-01 5.375257496143583946e-01
7.695716312582234764e-01 2.017348193626645747e-01
3.076872828681370131e-01 3.983029535360790296e-01
7.509507584991478302e-01 8.294376509092877825e-01
5.575233432038471104e-01 3.662528532267255721e-01
1.335524888112770425e-01 4.257552207384959764e-01
3.327904019244016798e-01 8.317110851543971783e-01
1.693648705115505526e-01 8.412565157826124018e-01
7.272260236353169649e-01 9.794614473422068313e-02
6.464780982753536298e-01 4.647403246089277240e-01
4.560054896382927936e-01 2.265332189442706423e-01
6.592583084784022773e-01 3.213239002238914011e-01
3.169056823685059698e-01 2.651369771591988722e-01
2.876876583991473391e-01 4.994496348444130707e-01
7.064401327347977766e-01 3.226760535274616482e-01
1.431680893438834479e-01 2.229044645171067707e-01
1.400753789280041184e-01 4.101025732719363881e-01
4.281682526738682659e-01 5.030917109597285997e-01
2.872881156654800150e-01 6.856091865320491641e-01
4.017572176452098853e-01 3.770061944733166248e-01
6.022812714235936671e-01 8.303137805532867510e-01
4.320673965190653387e-01 2.632820443135395760e-01
5.118391421705301703e-01 5.289558339342412818e-01
9.598306337851713055e-01 2.677012745530850113e-01
4.229465011748757552e-01 4.482181725037095443e-01
6.127935105634881863e-01 4.552389838857754945e-01
9.294001833807155610e-02 7.889765723086029636e-01
1.182302320325102907e-01 8.147818740538523841e-01
7.017924317659843814e-01 8.048025203390607452e-01
5.650233413310075115e-01 4.093294976138039942e-02
5.267696929470417899e-01 2.214411876519334632e-01
7.123389925792423805e-01 5.594310478498485395e-01
3.978042297008183570e-01 9.547548065248752380e-02
7.868150191490910217e-01 5.041143001414097879e-01
4.068326445123084945e-01 4.052738566867505332e-01
2.363738159844558373e-01 5.304507295345328721e-01
5.486013672799525676e-01 1.445639786060374521e-01
8.300951566373415691e-01 6.291322177966097717e-01
3.233156611979124961e-01 9.225771230261953226e-02
6.086440778036671384e-01 6.452379987117644600e-01
8.532394889768147861e-01 1.505546515627967930e-01
5.082394533874490250e-01 3.893146156223405985e-01
8.848930114745170439e-01 2.586815161398656748e-01
2.798383140366700328e-01 4.969800421896432008e-01
5.261207241512977362e-01 5.960753720345763895e-01
4.837005702407484176e-01 7.846596965780912036e-01
1.199555603560038819e-01 5.852574508500362205e-01
6.246948554646067908e-01 8.255931692018611545e-02
4.461518533274833054e-02 6.766802431976431942e-01
8.095998978217707753e-01 6.053852765771279287e-01
3.847949712123201471e-01 7.276868398134576088e-01
3.725265352193145030e-01 3.787036695785300222e-01
1.302477038782192675e-01 3.708782326311544919e-01
2.437787891136118379e-01 4.302085949852171298e-01
5.451118026391670313e-01 2.963229128129736822e-01
3.732024792615816766e-01 7.209993436801691580e-01
2.577657420171786118e-01 5.849420896243850976e-01
4.078128128546186781e-01 8.776611670554067546e-01
6.788340599261144526e-02 5.084581965851809882e-01
3.226802202858768398e-01 3.856492963794398987e-01
5.151235128623654624e-01 5.406739968057124868e-01
3.155441115222140658e-01 8.764441776248041993e-01
4.207231601572965496e-01 2.561017527508508973e-01
5.363235845403415691e-01 8.594683463284537028e-01
7.682036797017177676e-01 6.979854000449478013e-01
2.851325328193030084e-01 5.975185579391460999e-01
5.147530484278673990e-01 6.491256888199010699e-01
5.762959077317948431e-01 8.808896893177635690e-01
4.461523508859305265e-01 6.271817496663686375e-01
3.401737399635449410e-01 8.277089246284442814e-02
1.793089623229766338e-01 7.344587109233299271e-01
8.605530310066666910e-01 3.426524456698549770e-01
6.756096273744293113e-01 4.476102349747299036e-01
6.382295744932987569e-01 9.071506653578463863e-01
4.918347085751891834e-01 2.708067463790478913e-01
4.059787854657628259e-01 5.892576775115224708e-01
9.128917052329413862e-01 3.170237850532849344e-01
3.794899351247285613e-01 6.662378970319910998e-01
4.657576052120420695e-01 9.447211174810032919e-01
6.019857805835773235e-01 9.246683143550386008e-01
4.377769661630355746e-01 5.832000509062842397e-01
3.121430989075825724e-01 6.275439556304391875e-01
3.249853195790373683e-01 1.582755459080475713e-01
6.991884544654929090e-02 5.025313296971737342e-01
2.448689259670032703e-01 9.064781275363396063e-01
6.363218526841561973e-01 9.422650187841558056e-02
4.367452864470581786e-01 1.344646987659462722e-01
5.542260195467024753e-01 2.950281579267428067e-01
4.409794711938958556e-01 1.521186215194010594e-01
5.676064465057163444e-01 7.627236340901719647e-01
9.317203642223514937e-01 1.679070668627528073e-01
2.418693875128845872e-01 2.401892021986677672e-01
3.305428706944268935e-01 2.943209185256100979e-01
8.800584329219918178e-01 2.407209866847156987e-01
2.268915745165322462e-01 6.361848154454134985e-01
7.818340292250882673e-01 3.964960758665760920e-01
3.309248701619592614e-01 3.163439337755893921e-01
1.786848600619025118e-01 2.518071063883230432e-01
5.608310016510960061e-01 9.664243288840068669e-01
7.340683186491282763e-02 4.013936812737564641e-01
7.035209602886945968e-01 3.874349311617133473e-01
7.058078528210298686e-01 3.559307795093724081e-01
4.733383135489113713e-01 6.191984392251509428e-01
8.196137103036225113e-01 1.422572602571595124e-01
4.543376439345540030e-01 4.984711357374275176e-01
7.030493331240370569e-01 8.537785897790058920e-01
8.794904428825295328e-01 2.982636784236489813e-01
1.881383410892813468e-01 6.058139502457191572e-01
2.915350718931670193e-01 4.608416915850310769e-01
2.856671158754486295e-01 9.291340400287840806e-01
6.043139887473104599e-01 3.270051086598182444e-01
5.188710824933929766e-01 5.995819886219887485e-01
7.149155695314554082e-01 7.200414032361387440e-01
3.231321396513123778e-01 8.207915195407469167e-01
2.714680341554522869e-01 3.219577137929600652e-01
6.777976875064747331e-01 1.819381909364237715e-01
8.794510347912054549e-01 3.623755263107574787e-01
5.687061288770897116e-01 2.606255118168806506e-01
8.699968703109696166e-01 5.217050076936935454e-01
6.294550064883954743e-01 2.306194492897393200e-01
6.584609633717841692e-01 1.820481250583063926e-01
3.367501355740718516e-01 4.580610521172787108e-01
3.045952368119891895e-01 8.940507390473853011e-01
6.413339879050838910e-01 1.036919928999773255e-01
5.710749529047763895e-01 7.430645163932853015e-01
4.381955790848123256e-01 1.080012636325985431e-01
2.416849964172857190e-01 1.895954008913874611e-01
4.902215668026659312e-01 8.556791755977306568e-01
8.392334043676199506e-01 3.177045148751558301e-01
7.158459660655105417e-01 2.964912927233509521e-01
2.568633542937678316e-01 3.236021948347555521e-01
9.016372107720938001e-02 5.086569034737914441e-01
3.984117071405415822e-01 7.236776991320109653e-02
5.097727180163154070e-01 5.548229095733354238e-02
7.544943569223647728e-01 6.789202958033052626e-01
3.874059207173662922e-01 4.380364811518148160e-01
5.204707670137074249e-01 8.265941033300219232e-01
7.602757171840022199e-01 7.858970675896979063e-01
4.100666420618312991e-01 3.845613105693241329e-01
4.010130288913570373e-01 9.041579853443028336e-02
2.361156410523977400e-01 8.043810765398300422e-01
3.443975352687314029e-01 4.707254478963593947e-01
5.104914995379564724e-01 9.570493224740455052e-01
2.753061047199463207e-01 6.799408126820815079e-01
4.709494070689582701e-01 6.945780561146673859e-01
2.521906623684632143e-01 4.293680798003296495e-01
3.839017292402606141e-01 3.003399685914266426e-01
6.113395157589751605e-01 3.259042387551858155e-01
1.123685858823711137e-01 4.622795479040029409e-01
7.630763399303204242e-01 2.292385529277691791e-01
9.466180447082381821e-01 4.587010320464918189e-01
9.253785582685628008e-02 3.090202481992782024e-01
4.491278657567829291e-01 5.420613769444799779e-01
6.215154498306834085e-01 4.218811363892092103e-01
2.860397060704940597e-01 2.673028963571048022e-01
6.931848862729885763e-01 7.345691820870223765e-01
4.792342226960449314e-01 1.189452826354460008e-01
5.981711775406749476e-01 3.358630090897151144e-01
7.254700763077298609e-01 4.490873971529217856e-01
2.728772139739202851e-01 3.646280421373443437e-01
6.988255098306566104e-01 6.241533644473090670e-01
5.179854207819554190e-01 8.965741078929306829e-01
8.275499240784709443e-01 6.879059122512474200e-01
4.688750896261463796e-01 9.254142331978532088e-01
5.161615910082111292e-01 5.796725285868074007e-01
3.676353835906686629e-01 4.410694149659920016e-01
6.672695584761439980e-01 5.135227764609806567e-01
6.609974898813633093e-01 6.276305667103757591e-01
1.710411751421929971e-01 6.288810589360716019e-01
8.691126873516812068e-02 5.633119536087618506e-01
3.930974161706464187e-01 4.744688905708218662e-01
3.488472347990649869e-01 8.597234301761569331e-01
1.914537302294447851e-01 8.105824286883577257e-01
3.729285955627446580e-01 4.349608524129050524e-01
3.911808047184487380e-01 2.801463344434602099e-01
5.833274853786217795e-01 5.657404409889971869e-02
8.745658707924841568e-01 2.932206260779032791e-01
4.016936621482869452e-02 7.483678453300108835e-01
7.037382059569707859e-01 8.201000532357370920e-01
8.356921686380857084e-01 6.805841821374659650e-01
6.010192189083738423e-01 8.392334640571219584e-01
3.041581269400170928e-01 4.208754978848774364e-01
4.468918329088353292e-01 8.223237049563283385e-01
3.216250643217096195e-01 2.316428405220876674e-01
9.175484255085999408e-01 5.020313922810013540e-01
2.524711799965345116e-01 1.240595218609758799e-01
4.582205865130830613e-01 8.836118443187361837e-01
5.371360240874967218e-01 2.567039229553739754e-01
7.416915497700764526e-01 7.090535690314019313e-01
5.677199294047172717e-01 7.168740982789694183e-01
4.619132465324151671e-01 9.119621578558888553e-01
3.886814479749459150e-01 7.339404255332288018e-01
2.624968701961773454e-01 5.553758435401678906e-01
6.795695216451791421e-01 3.625020903514918902e-01
2.346358913508936606e-01 1.007564944114878458e-01
8.268850323281113912e-01 2.174695074756408109e-01
1.926934913661475512e-01 3.002189187823052219e-01
3.733723726568373702e-01 7.505952500992424392e-01
7.269839751846435272e-01 6.912884057205180843e-01
6.256295439482929543e-01 9.094516210706385939e-01
6.788274452513621826e-01 7.079099567271948112e-01
1.971170023563764140e-01 7.642700548882824796e-01
2.729892948580085466e-01 5.635053086507718634e-01
3.512200688441290963e-01 5.432311123916544471e-01
3.353013386366035520e-01 4.410029305196364602e-01
2.670673700508478521e-01 8.315080261221980962e-01
5.523834557437228288e-01 6.091184493760364305e-01
6.025190760892543684e-01 1.022901536921534682e-01
8.018610928168273810e-01 6.231556900510628605e-01
4.332329492113483060e-01 3.697745613432066314e-01
6.543280223303812315e-01 8.319681921782046130e-01
5.399500485189725474e-01 6.375288905301069731e-01
1.915783337624480387e-01 6.706182251095181845e-01
3.748258263731186757e-01 5.946370836269244675e-01
5.114229776780050418e-01 4.831783915289751263e-01
6.201872644134965862e-01 1.521545358889129784e-01
2.246888001619412323e-01 5.255064993223671488e-01
2.020514164946773661e-01 5.170619575478334617e-01
2.306821612661441867e-01 6.495453875361503204e-01
2.768785903318660147e-01 8.383406745160471019e-02
4.363390049781857849e-01 8.981829361251919552e-02
6.471909026044344593e-01 6.227746414914443474e-01
2.298183769296827106e-01 5.989516466740311129e-01
