4.206841511925342170e-01 6.202046829858489652e-01
6.135486283225397575e-01 1.284841410232319403e-01
1.789442644906605040e-01 6.257390231013779669e-01
5.902404768333749940e-01 8.327626295211035812e-01
7.694322054927190679e-01 1.762524984460616395e-01
7.002015865489628066e-01 4.503658676483464629e-01
2.661407406729459635e-01 1.492269526811240699e-01
4.656357576174559587e-01 4.953306707079792592e-01
2.462170844002442571e-01 1.423680528829869285e-01
4.547721800187334851e-01 5.236201890464398101e-01
1.974448024373071653e-01 3.092127451682499251e-01
7.637634502426393635e-01 2.641453248965528466e-01
7.296199430339513903e-01 4.987360780708720021e-01
5.488971803192611576e-01 3.958965560688475493e-01
5.992346121673794990e-01 9.968135512388114072e-02
6.143192733022686536e-01 5.159761992896360061e-01
5.024194156798927891e-02 6.848702251094019866e-01
3.382220681888989944e-01 5.432202533114921517e-01
8.201467539513833671e-01 4.020661897836006471e-01
5.011582059861172667e-01 7.396158331835034350e-01
8.895931917800717903e-01 8.079014989035945282e-01
6.049885273886597137e-01 1.360030869465886638e-01
7.514323946233243401e-01 9.217792899440445664e-01
5.471668419484727597e-01 8.290291103970515163e-01
1.662746796635539148e-01 5.840109309446602781e-01
2.178144568667611802e-01 8.304562900416447846e-01
7.516375317116853472e-01 1.034847216518189478e-01
5.407614362070868597e-02 5.543661855753598822e-01
8.983201851055215847e-01 6.520532651255060985e-01
6.038156894944578523e-01 8.422582531950876250e-01
4.743581774468831336e-01 3.324941371154721548e-02
5.627217404018601821e-01 1.950182416936291907e-01
2.208825880289495280e-01 6.859570958004044261e-01
2.284807267621688509e-01 1.214436454609950367e-01
7.718482311629557557e-01 3.783713172004451453e-01
5.853008461756589731e-02 4.263426686846371050e-01
4.470344769666417806e-01 6.027302271341401507e-01
8.019455028756365955e-01 7.975160526911651004e-01
4.832658287487440751e-01 9.467614644003197188e-02
3.877121164554583332e-01 3.922080380227619401e-01
4.690725393911268637e-01 3.602000286104654198e-02
1.596124430811671213e-01 5.598213000710180465e-01
8.349851817927325115e-01 5.042543982219922505e-01
7.468962531462041143e-01 6.888393200487455958e-01
8.196753395611181547e-01 7.245235968304338803e-01
8.484480372790574876e-01 8.080330000062876383e-01
2.745123604288418617e-01 8.756263135888050497e-01
9.279224113972827093e-01 6.164350916961685023e-01
6.850301484036686039e-01 3.484451959957904910e-01
1.607495401019390369e-01 8.400384763992534420e-01
5.882714189647578751e-01 5.367117833997518683e-02
2.638411807198819403e-01 2.470397126627095763e-01
4.930377906645617148e-01 2.845462931855788913e-01
2.313305656862670034e-01 3.978998521140345579e-01
8.993532144706600784e-02 7.979347058718613273e-01
6.820951324451964837e-01 9.158318909882356973e-01
7.833906755987780635e-01 3.209219896489555190e-01
7.528810774638735603e-01 5.907312624419738256e-01
3.082381124535911177e-01 7.493996812924721418e-01
7.263590305227389798e-01 2.736333719401434772e-01
5.178080707932923854e-01 3.625979640737976295e-01
3.548121427129246608e-01 6.458446045476736730e-01
6.025504603019069538e-01 1.473198211406090419e-02
7.418974558857984736e-01 9.225202665353002818e-01
5.037805095204742623e-01 5.245236790039489172e-01
6.931729239772432827e-01 1.084601885551403633e-01
2.977544884490126442e-01 2.042263737774696331e-01
4.985786838829963097e-01 8.698930306739280915e-01
2.703304521011455352e-01 3.253990352080831094e-01
6.653753644887852037e-01 1.189039447236923119e-01
4.209890197901275388e-01 2.482178054093442388e-02
5.065436022387840298e-01 3.992804010621328059e-01
2.628394011756602922e-01 2.129993834008940268e-01
1.731254103693673496e-01 6.197786617541223286e-01
9.597022925969682650e-01 6.434535200865514337e-01
2.403823252575856273e-01 8.736746183210997163e-01
5.402171578218172288e-01 2.299405397932227368e-01
1.062474470685256245e-01 4.746454212417061669e-01
4.137365943182514938e-01 1.531844671543749203e-01
5.351537846546297050e-01 8.671477057283238921e-01
5.562912049470122300e-01 1.208607180542992099e-01
6.869266179042267106e-01 5.555636026900367952e-01
7.998909305630896860e-01 2.514823035203750945e-01
2.272424530203480120e-01 5.731608589360961403e-01
1.516920523122975983e-01 7.706435020908848355e-01
4.812594155506083049e-01 7.937462687414061913e-01
5.349938850575960414e-01 7.209935253430701518e-01
3.898522511235487098e-01 5.326400269174299540e-01
4.142884853692061498e-01 2.762828813771008862e-01
5.293984055021881963e-01 8.264598292480063169e-01
1.514541355123067423e-01 5.823079058919615747e-01
6.420777113815886450e-01 8.091730129361236479e-01
8.498559688851075045e-01 8.524357102759699822e-01
9.379005645065888741e-01 5.641777902358078300e-01
5.576559740178388402e-01 4.623414581520738365e-01
2.123125612625206826e-01 3.962239708368058833e-01
6.003339631728507042e-01 8.168697381139398139e-01
5.308817908614410497e-01 5.040953073670194629e-01
2.279340112596555390e-01 1.383820899418967409e-01
1.636531656152022118e-01 5.369741629599106281e-01
4.575993229244167959e-01 8.138396026689549423e-01
3.370971836881603845e-01 9.035567661511053617e-01
3.954224711445031293e-01 5.721386106125815330e-01
6.638050674468525258e-01 8.443687901409273611e-01
8.657001242918827000e-01 4.233766503211250365e-01
4.857662617725629350e-01 7.927148620328681172e-01
2.438447263901930007e-01 1.284531240979570332e-01
6.369480492894443735e-01 4.136110704037694874e-01
7.602809528235062730e-01 5.898194726949430589e-01
4.509400486255654150e-01 6.711086755266028048e-01
7.092942506624638765e-01 7.491073828739573948e-01
7.395434281258241871e-01 2.313689581586481359e-01
6.723498562339786933e-01 4.311632924822128565e-01
4.843038645372256257e-01 1.292304680607503364e-01
4.519222713511146239e-01 5.443758351898313474e-01
4.479682944346944917e-01 8.435260182533167450e-01
2.985641941279851275e-01 1.098908078498739560e-01
3.451981138299279328e-01 7.301672243147006025e-01
9.589600858019237117e-01 5.391514174098439582e-01
2.975967470203153553e-01 5.017928897001998623e-01
4.873028676635447476e-01 9.064076679191156449e-01
6.240387019536013380e-01 1.681169956138883759e-01
3.582938872634970906e-01 2.444871230282829044e-01
1.603935018203518914e-01 2.431918220310712309e-01
8.280570386155327034e-01 5.582276105127290666e-01
5.884987534010591714e-01 2.670053838193877094e-01
4.778579546134870126e-01 1.536401293377033239e-01
3.914453873689923702e-01 8.803068129799971331e-01
6.815707064811224458e-02 3.977904943282914441e-01
5.462163372201214173e-01 9.020844963759790947e-01
4.657723660029878254e-01 2.946204898426877938e-01
6.670493295646882093e-01 6.107418041381771356e-01
8.259849916308580342e-01 6.585043822024507776e-01
2.438004279691836362e-01 4.579321635804284862e-01
5.926029618088750617e-01 1.747439586014217783e-01
6.581855288934815862e-01 7.660028893538511907e-01
1.156039431623909763e-01 5.786573320714969437e-01
1.210272601829352201e-01 6.419741898477445696e-01
8.457307121712758224e-01 2.531977778838335191e-01
2.837285433752003705e-01 5.003428892242044457e-01
6.246740533861669942e-01 9.241246624711447755e-01
5.916584538096451018e-01 5.506209124225868168e-01
6.563262169381156586e-01 8.501542515232631825e-01
4.634743552203544614e-01 8.863868645716703742e-01
7.893491581494440634e-01 6.538011311858299424e-01
4.688876353422351539e-01 9.663852409585485526e-02
5.090383700864983263e-01 3.924294755104434373e-01
7.236729960499610481e-01 1.949665259790256677e-01
2.052560060384619467e-01 6.255914686205628072e-01
4.455412299755707184e-01 9.852680178859392068e-01
7.878422394169114495e-01 1.279499724493348700e-01
4.260006020246621672e-01 1.498342717979884720e-01
5.239662251533985238e-01 1.683480215380654954e-01
7.502044138781158722e-01 7.906232041259858567e-01
3.179128196993945554e-01 3.268569377695612066e-01
3.532520740732515985e-01 3.684481023859704774e-01
2.665626758017231035e-01 7.273745729980497510e-01
1.422717243397575437e-01 6.590831464070885382e-01
4.194874618228772722e-01 5.690989456468037444e-01
2.621029189156876549e-01 8.144396115300696071e-01
6.227149425872874344e-01 8.287018961770460379e-01
8.387367819725928264e-01 4.513457923104862712e-01
7.767353260728808717e-01 3.567342796565886598e-01
5.573679981108616843e-01 9.244890678295892839e-01
5.576161707838974690e-01 4.606337370645642304e-01
8.545420099688474380e-01 6.670399094080750046e-01
1.307846240875546462e-01 5.364288544285422677e-01
2.867532521864973871e-01 9.482209285049674197e-01
5.731623566811646642e-01 5.344661864678319080e-02
6.181983443869780714e-01 1.755833143591242207e-01
5.144095185331734044e-01 8.971266518223934561e-02
7.726883452103509020e-01 6.246358492293339060e-01
8.650400693780176953e-01 7.248267160964187994e-01
5.066749041259638320e-01 4.557148863271945904e-01
9.087152234162226838e-01 7.878445135527142318e-01
8.785173922641332789e-01 8.196147845284544875e-01
6.572790717773395741e-01 6.693377537657729803e-02
9.242938948607364313e-01 6.805613061137848474e-01
3.919025412564593469e-01 8.617833183856690171e-01
3.808585746360130253e-01 8.326306618078960220e-01
6.079500715073467010e-01 5.244485071639086726e-01
8.580374765159364259e-01 3.999542916065319531e-01
3.635737679946690060e-01 2.244517957924882789e-01
7.993939571236126085e-01 4.196352605627816090e-01
7.261199519279319947e-01 1.944443418337312435e-01
7.394866311578026652e-01 1.459081978390806000e-01
4.767665022346984638e-01 3.107760742947170973e-01
5.133778373104779247e-01 3.072902721226303813e-01
2.820942455675159999e-01 2.945198458480284831e-01
1.562638130559128868e-01 5.331039500472575243e-01
7.256683382489297340e-01 1.094180612391831148e-01
5.446684728685888821e-01 7.123937132550900442e-01
7.270778123154721939e-01 6.938706183554133045e-02
4.853172207696737628e-02 5.656342708470163405e-01
9.819587464546986055e-01 4.881631802596395620e-01
5.793372698554898337e-01 6.791295971812103538e-01
6.640644989619008953e-01 3.918895252047153721e-01
1.319118905944079712e-01 4.750094456852819169e-01
1.795716984124529625e-01 2.878868536230554942e-01
2.535507075010215439e-01 6.024478489324340824e-01
4.179416682238702441e-01 2.567975902068846961e-01
5.227922302477333583e-01 2.691456275022829359e-01
5.689115625999763282e-01 2.981033291640762806e-01
4.082548017387363504e-01 2.020221463052910837e-01
8.491393706135967889e-01 2.857814520254697843e-01
7.491771034886322012e-01 9.315726950865491074e-02
6.289923325640611740e-01 6.866235942024253580e-01
2.071367985104797249e-01 8.881914671966447683e-01
9.074632089499433674e-01 4.350739362079548145e-01
6.243918887961854569e-01 2.731351991152744518e-01
4.574905857774765883e-01 3.733361647401091110e-01
3.459211367029860762e-01 8.423454483218109079e-01
9.187390287900494279e-01 7.179599940736908215e-01
6.955811962942858306e-01 7.340644552301374137e-01
6.556044755248122691e-01 2.380414473244917839e-01
3.600641851423197481e-01 7.002493200388786310e-01
7.191901320935987219e-01 3.313203997299976056e-01
7.906126858551181247e-01 2.277811590085052906e-01
6.892531029828437017e-01 8.475452283186207803e-01
7.697932452504919754e-01 4.188372789423542852e-01
2.046785290067626994e-01 6.300539248724642549e-01
8.498148765288110473e-01 5.092736933473792638e-01
8.727306398430745293e-02 4.526508580936215997e-01
5.397768607372288585e-01 7.868073249095264288e-01
3.041367728487185396e-01 8.001499590987134480e-01
3.330398476517816841e-01 6.873218409670431850e-01
7.379666648049718614e-01 5.093186971534888752e-01
6.727013062471902671e-01 8.553547379198563894e-01
4.128032875792764234e-01 5.707648012129181714e-01
2.428556396991131683e-01 3.067247017563277112e-01
6.654727895697575279e-01 8.916802256036231444e-01
8.313920912283740972e-01 1.895834771146548137e-01
7.584833042725981356e-01 9.484974338215320655e-01
4.383204537240332210e-01 4.628861205308034132e-01
7.256261206066758618e-01 3.986058556755949778e-01
2.320657887538900288e-01 6.361055369496970702e-01
1.667656906043576137e-01 8.458883602543429969e-01
6.320728746071228032e-01 5.611629135977282967e-01
2.906767918568015086e-02 3.657146520757598163e-01
1.804125354530144998e-02 3.909522022071424407e-01
5.999677709535073955e-01 4.530993915743316558e-01
4.819318826260279298e-01 5.660928432911271901e-01
2.800875346721022896e-01 8.343849871090041059e-01
2.386091842944056962e-01 1.377910569088366954e-01
7.882017448475979737e-01 3.918829431903956273e-01
4.929640962148908456e-01 2.112782209380978382e-01
5.487130719831155856e-01 7.376762934910691127e-02
7.601209231784830100e-01 9.517348269273555594e-01
5.706403772759948145e-01 8.636714860409387962e-01
7.705007708700291058e-01 9.323458329740496042e-01
2.370992870471939629e-01 6.015020725203539254e-01
3.920812063791585533e-01 6.286144992635763762e-01
2.625391475112182627e-01 7.621991264629546237e-02
8.621374179827152595e-01 1.428796258667753838e-01
1.056590142250295739e-01 7.655085005545766430e-01
5.731013322288510681e-01 3.308519730559615901e-01
4.283639608996794856e-01 1.862522136813399287e-01
1.538975850366694764e-01 3.312012811664891143e-01
6.998983785457387752e-01 5.106564690453661015e-01
2.220933091540394921e-01 4.976354797178730860e-01
3.940503617593346664e-01 9.271863781928256776e-01
4.478006489069114027e-01 7.388567952446569720e-01
1.917380329317501797e-01 2.496471508655732641e-01
6.384093687889695889e-01 9.285024493222824304e-01
8.679161711097537202e-01 2.341989769473012128e-01
6.510828846118404956e-01 5.313896311175605458e-01
7.342511396402849888e-01 5.025471842443380854e-01
7.813974534249477077e-01 5.867613337758713632e-01
2.575244996748093373e-01 9.238605622266031769e-01
4.462128706145873092e-01 8.470325842366015490e-01
5.596156932678060247e-01 4.542178534991174743e-01
8.079546501788787971e-01 9.169411701818518390e-01
7.764152189963096085e-01 3.998527721240914268e-01
4.493236964435805558e-01 9.034988850460817789e-01
2.661858390508833883e-01 2.792675827318930049e-01
8.413755643785203464e-01 2.712264140417323111e-01
3.677432143544069887e-01 6.570020220263628197e-02
4.486946857599121707e-01 7.825812041226553051e-01
3.520138363270849946e-01 8.898511047709135591e-01
2.448095980153214279e-01 7.204182548504112216e-01
1.512979790751992626e-01 5.912714745171527841e-01
3.869247272905271817e-01 4.705437033960504500e-01
3.907230719087111392e-01 7.665600966265521121e-01
5.734376488079491185e-01 6.512894328965838087e-01
7.518874665122396994e-01 2.394182297183056751e-01
8.855412870930563507e-01 7.199591769346693759e-01
3.236243741411916064e-01 8.236464305040955280e-02
8.907377492497781102e-02 2.721875965429703115e-01
3.813823971387164669e-01 1.748388528470942171e-01
1.952546799456050808e-02 4.278715701673260208e-01
4.283047104429413277e-02 5.588582941896409473e-01
3.191132881991882164e-01 8.340742804468760374e-01
8.233328938243877904e-01 2.010801310004287912e-01
2.607238299348502153e-02 4.584955510154795078e-01
6.406542258317844407e-01 7.787351715789697648e-01
9.176049123327448820e-01 7.169547492261044708e-01
2.568159760937402392e-01 3.296575854861052424e-01
2.065850006543797079e-01 6.632702405764074882e-01
8.386319837578297687e-01 4.836185850164191335e-01
9.220299135825236192e-01 7.746988436454047555e-01
2.909626031044439953e-01 7.215088777069686987e-01
5.138256354952790844e-02 4.188166002006605826e-01
1.678058239041644861e-01 1.479403894700102029e-01
7.835642814133919609e-01 3.468013548468408813e-01
5.580841606056671234e-01 2.321703782805741301e-01
8.047935946993832745e-01 4.521079709546909631e-01
2.913674934218477564e-01 8.811335747950803654e-01
5.378928566946308276e-01 2.544096791971247606e-01
4.956809322597220402e-01 5.575512184926560977e-01
8.364427766344231241e-01 6.761865049434373498e-01
3.846809530484588957e-01 9.733885169246407898e-01
1.957373257865942517e-01 1.076908745244956611e-01
1.998190812170051178e-01 6.603377829814823796e-01
8.615107941633697308e-01 6.452418585428785214e-01
1.688749700493323846e-01 4.481654564926771944e-01
2.967091543251014762e-01 7.446784850596075422e-01
6.659288460826900957e-01 5.530495395869281516e-01
7.313713099956575814e-01 8.749270857923767686e-01
7.662728492862387331e-01 9.549149084382311248e-01
1.613157419762216715e-01 2.092503504315017526e-01
1.130920885568802436e-01 6.491735769042814574e-01
6.691099208129607234e-01 4.989752638277172858e-01
5.255749660988234817e-01 2.630543111783126276e-01
7.991695593502000372e-02 4.318864984718482347e-01
2.948965157016519845e-01 4.105419228918903984e-01
7.839483270719306285e-01 6.369127377916743438e-01
2.520584305423432814e-01 9.418874118998920020e-01
8.344419248123047250e-02 5.860208419163692728e-01
1.431812799106299550e-01 7.743203079932134969e-01
9.513654527619716528e-02 5.531135740244890187e-01
6.960253731695753565e-01 2.476217837602417149e-01
6.496025831400589201e-01 9.195026569941341377e-01
5.652749402207453144e-01 4.330582767272072031e-01
7.937122194103052308e-01 6.276961128507811960e-01
7.648842825581343430e-01 9.575027796999577845e-01
5.073359913288773004e-01 5.090892147789036759e-01
5.600589405293782130e-01 7.102276499462102377e-01
2.382252255250368878e-01 6.279953123887450639e-01
6.888355264442447279e-01 6.376259335722220811e-01
8.825556486741308049e-02 7.123364364462296816e-01
3.268557964615071976e-01 7.450353861185732285e-01
2.820146284834885719e-01 6.794578668779085451e-01
4.870640970439414907e-01 3.511912216875581749e-01
9.215827563022467306e-01 3.682049893798476914e-01
8.315863720673197790e-01 2.127792309067618459e-01
6.611637463849442398e-01 9.151430293095417223e-01
5.954326118401900292e-01 7.712311004410670190e-01
1.388390234073820506e-01 5.771308450712387961e-01
6.072746864166445047e-01 6.395955221236031552e-01
5.343137437414607893e-01 7.278294023933237766e-02
6.886763530080548534e-01 9.530045391914043762e-01
5.946837373471676180e-01 9.185741974759402684e-01
3.081011667986263691e-01 7.774033963988148388e-01
4.886613265976398335e-01 4.301884314347068639e-01
2.717878942246725882e-01 4.815034622337490133e-01
7.378151689050989059e-01 5.619149175197960533e-01
3.566101768035702668e-01 5.207767301372506763e-01
4.131092539978786782e-01 6.541002725247778704e-01
6.154902060173340628e-01 4.766305456121422424e-01
4.968331772070359031e-01 8.664957712912535470e-01
4.365272518514636824e-01 7.175535045647665200e-01
3.663331021138815924e-01 7.426841353280287938e-01
5.097060874957103360e-01 5.193280465959355663e-01
5.932123670269405791e-01 2.323044485614695343e-01
9.124795088609528870e-02 5.346086944836048183e-01
3.694530807463622946e-01 2.794436696124449337e-01
1.951344146112205802e-01 4.642698745661357762e-01
4.074289439943045710e-01 6.391369448831641931e-01
3.317831575275657641e-01 6.372168007233081077e-01
5.169917457243236036e-01 8.161933032076069683e-01
3.376856837357096741e-01 6.400521682625517350e-01
7.071691301997898860e-01 7.343589004304309498e-01
2.474798855573272782e-01 3.345086565916700616e-01
9.593562053326576411e-01 5.601974099232475135e-01
6.652078654965577487e-01 3.710238882047189879e-01
3.748066517250416285e-01 9.687028605540235482e-01
2.182270050729769040e-01 2.989533053520905814e-01
5.614827854694661724e-01 9.550342081160961838e-01
5.719585823292709925e-01 3.375567409435871191e-01
3.422707080862008588e-01 7.561725430658408076e-01
3.006764387654828896e-01 6.569310353362181054e-01
5.927127873455150242e-01 1.757369972921062340e-01
7.856442440675780459e-01 2.729190239477277680e-01
8.021999316793289037e-01 7.205353467446828919e-01
6.402499421177987315e-01 1.075386058776106185e-01
7.801591756219803386e-01 7.994721029103517562e-01
6.601924319555514398e-01 8.724017906771126540e-01
5.794093572046201679e-01 7.817145504184547233e-01
2.017205061551062273e-01 5.046525093183333865e-01
3.011700917695822599e-01 2.941733215431798221e-01
2.601833175558131428e-01 5.739833069369263407e-01
3.188994041853594474e-01 1.016439714956193507e-01
7.943319233963905823e-01 1.159942205882307786e-01
1.408448974896058803e-01 8.381053423794907475e-01
2.086889403276242227e-01 7.757979795381626520e-01
5.672121838299477581e-01 6.707388996973506767e-01
3.308923420667934101e-01 2.134150495768831202e-01
1.032639347827578602e-01 5.211760211473541737e-01
6.412604702893065500e-01 4.386162416363302841e-01
9.000718275305992222e-01 4.740335669125228524e-01
