2.123524095746796569e-01 8.826729140889685299e-01
1.741139772246890760e-01 8.403548754925059816e-01
1.419585073537485420e-01 8.011017448498969351e-01
1.294230350171663990e-01 7.831490448092059964e-01
1.124300805746223930e-01 7.587475110354694463e-01
7.684777992343411190e-02 7.008026426644432538e-01
7.326268961791865264e-02 6.944232355809462076e-01
5.926122118193771771e-02 6.686934318153167078e-01
3.083476293184655992e-02 6.008799776634404788e-01
2.363694522265696873e-02 5.819740701068397692e-01
1.876590564679131434e-02 5.664975763775905726e-01
1.422295428795899985e-02 5.511097434040722609e-01
1.160453298784952514e-02 5.361292781852400324e-01
8.056157908656824684e-03 5.024735175909138540e-01
7.813300017071644898e-03 4.962687209488427786e-01
6.729802543346152799e-03 4.501849895318917882e-01
6.379392326173849437e-03 4.298257326752290552e-01
2.357625726559214874e-02 3.728346761167345980e-01
2.537351854683461694e-02 3.669481443036631818e-01
2.924084689784939295e-02 3.544095403194856830e-01
3.600637800092115759e-02 3.367243196078698597e-01
5.170003124065175593e-02 2.975563872208990546e-01
6.066786551883723844e-02 2.797451688474081877e-01
6.818811462252610811e-02 2.682439236314853037e-01
9.944486962387638629e-02 2.225458307554166737e-01
1.226142590371334662e-01 1.904421452035772733e-01
1.314806709973341259e-01 1.788632713193126778e-01
1.473686244121576450e-01 1.596587906314077543e-01
1.551016953228536166e-01 1.506427601690992768e-01
1.764370469832340915e-01 1.275058324398344878e-01
1.986874201752995561e-01 1.039002831367449309e-01
2.382794664301629006e-01 7.173072327264629067e-02
2.556197785867569405e-01 6.031159931090745996e-02
3.148340901973014083e-01 4.826455648747418614e-02
3.403316066370894455e-01 4.346931463690262287e-02
3.996020325836830422e-01 3.607526976107977568e-02
4.191561167931601717e-01 3.369814541257831753e-02
4.982212413128900841e-01 2.793478469103960471e-02
5.227299198938237801e-01 2.647937380462939139e-02
5.626865009736792267e-01 2.533245359448599299e-02
6.002579894340762667e-01 2.713946323805771499e-02
6.551394363078606453e-01 3.213285863086368099e-02
6.712600158146770912e-01 3.411788380786895392e-02
7.083702923885546454e-01 4.203765189035657546e-02
7.387929629974030465e-01 4.988847657464456908e-02
7.486340787700176413e-01 5.265212801737784165e-02
7.771365122787583513e-01 6.262623328404592904e-02
7.937321383453639356e-01 6.923323003910530904e-02
7.974434807673220771e-01 7.091504145105764767e-02
8.273062276111220470e-01 8.734583884804325571e-02
8.446835393429976691e-01 1.003614963491432643e-01
8.709358953106167700e-01 1.211741280111773289e-01
8.842084243049714853e-01 1.334693596227370938e-01
9.049258844252865419e-01 1.623799729160945171e-01
9.070274687562720484e-01 1.659269633484174999e-01
9.189240901461295241e-01 1.938162648281759326e-01
9.374345882511072592e-01 2.380661241397811212e-01
9.486763652917618028e-01 2.656465407798654921e-01
9.534696060548775165e-01 2.801913602675152326e-01
9.588832570076932793e-01 2.982703641642657777e-01
9.711855059498826215e-01 3.408972992245873357e-01
9.728657060769587694e-01 3.526252554445847842e-01
9.824285402619792329e-01 4.220326024350399274e-01
9.851406715322967855e-01 4.440012459888358354e-01
9.856797584547014601e-01 4.498399167792146436e-01
9.929126064738591495e-01 5.375604593822472799e-01
9.936206076738260951e-01 5.501302549767121963e-01
9.921534110396279527e-01 5.705372404029793731e-01
9.846919522810297920e-01 6.452128413179124555e-01
9.802043298216791545e-01 6.719930128449128626e-01
9.721320232979195897e-01 7.124182503934077815e-01
9.623447004282252859e-01 7.575114769589600394e-01
9.594751037987085951e-01 7.683149671088017607e-01
9.541465499910697368e-01 7.882238839759122540e-01
9.440964061443322120e-01 8.254652340327540694e-01
9.396141730588125629e-01 8.378040441836973606e-01
9.355346861539772796e-01 8.479022728280534160e-01
9.197760569603123937e-01 8.792861749323640508e-01
9.115795404988109585e-01 8.894494456374681945e-01
9.030252262070388447e-01 8.978102966310529398e-01
8.777894047930054899e-01 9.169750089588212250e-01
8.754659987122215270e-01 9.181691685444574036e-01
8.563218660636768842e-01 9.278440997679330282e-01
8.261664480809707278e-01 9.364988063070375235e-01
8.118032572510587297e-01 9.401589153279681366e-01
7.663984843093967214e-01 9.510006236552848158e-01
7.416283317346676895e-01 9.568045385319298157e-01
7.278601608561325875e-01 9.588866429636627720e-01
6.606624071466564718e-01 9.672676437506171343e-01
6.079014185515119184e-01 9.709269419347947849e-01
5.859729114601512912e-01 9.717587506038186662e-01
4.542859308295434384e-01 9.746675464055141180e-01
4.296094864105363675e-01 9.738991486048408364e-01
4.217592578738708631e-01 9.726507906461749897e-01
4.151635200364169331e-01 9.713543265707400565e-01
3.892994519414588184e-01 9.660263803818081030e-01
3.163290752661377936e-01 9.488941661657624982e-01
3.029137306711975897e-01 9.437640612953628327e-01
2.862959772666333058e-01 9.361943403562078547e-01
2.487645223298480812e-01 9.125715015107134231e-01
