5.255036470677532101e-01 9.925999982154142254e-01
4.442648826386135785e-01 9.927765512181695451e-01
4.187457071621796811e-01 9.871865754189288467e-01
3.887682248694118159e-01 9.790635996357965887e-01
3.753066828165669278e-01 9.752280819035897830e-01
3.274841359533577356e-01 9.580459466913612276e-01
2.653924159454298937e-01 9.311226808844837999e-01
2.243836744611385492e-01 9.123440095302607356e-01
2.023420660557541662e-01 9.004024916162198799e-01
1.724337403764646948e-01 8.819396439796599596e-01
1.584217249294051499e-01 8.703481481715461543e-01
1.393667365648198486e-01 8.540893347633788935e-01
1.285485931927622949e-01 8.445008427418596586e-01
1.159337079244361912e-01 8.264637680428494892e-01
1.145239802054303646e-01 8.240824285293361084e-01
8.300098839742814372e-02 7.549871808569399434e-01
6.668071556687632517e-02 7.164863479039822458e-01
5.228069268908758227e-02 6.803151761778868378e-01
4.290649046702782465e-02 6.562491917633251903e-01
3.593348219130126919e-02 6.236238913639309267e-01
2.776597910565142824e-02 5.803263527499227248e-01
2.105613962002844675e-02 5.397449989675403570e-01
1.517635946650658374e-02 4.996108071254176108e-01
1.217694911649641609e-02 4.707571783154004263e-01
1.067743956945615968e-02 4.463597718384040292e-01
9.602594300009370532e-03 4.079601025750966281e-01
9.727111329588533639e-03 3.941270355098621669e-01
1.012115006470576395e-02 3.713698240336082979e-01
1.147650649499926123e-02 3.080229965124071656e-01
1.192091738917594457e-02 2.948464060392603781e-01
1.380081547801587094e-02 2.526430523871604494e-01
1.585529230828158775e-02 2.233292761574674490e-01
1.709510436195488259e-02 2.159403902750306470e-01
2.115702395677571124e-02 1.950897716090742584e-01
3.285554940406126834e-02 1.438449831229564602e-01
3.871556570753825754e-02 1.197173424766838634e-01
6.627227585584799519e-02 7.638538590344268187e-02
9.084272151000311046e-02 4.019445447872915800e-02
1.106559571570762679e-01 2.843264373636333886e-02
1.428113703071478002e-01 1.060703859774747571e-02
1.562314553933347727e-01 9.919934267540120310e-03
2.097810699272540380e-01 7.223448781830454912e-03
2.693924592400407936e-01 1.125962408194569608e-02
3.002805813036236171e-01 1.496911764690844748e-02
3.304173071747903978e-01 1.972882087282634700e-02
3.408967255556353826e-01 2.150417722641184692e-02
3.892824419167953409e-01 3.024423141445764518e-02
4.691155334752654116e-01 4.631306245567901048e-02
5.173951428526204488e-01 5.897843745657715964e-02
5.317429895038650045e-01 6.342776814284611930e-02
5.590344274982319561e-01 7.205966333416591318e-02
5.892022406974670723e-01 8.245426677054856768e-02
5.953695374210932201e-01 8.469869264014129318e-02
6.059414324773908511e-01 8.883543632513479782e-02
6.211461676076184268e-01 9.499514209370674145e-02
6.527083861407749765e-01 1.086520239875491400e-01
6.964590393457368300e-01 1.291871172849170524e-01
7.211182832912372831e-01 1.435616699959955112e-01
7.343233688084607191e-01 1.533310012993680527e-01
7.655440212930946231e-01 1.771571209504196887e-01
8.186401526693765085e-01 2.235272702538454448e-01
8.318420452149424271e-01 2.352754284419412700e-01
8.763461183349523509e-01 2.778437856277984341e-01
8.827141389168271512e-01 2.857627034311007730e-01
8.845019611181947905e-01 2.881719474961075278e-01
8.880005751539103986e-01 2.939291035637995320e-01
9.095893489342063987e-01 3.307403923813789781e-01
9.197022283736706605e-01 3.483746842028109247e-01
9.256015800584969089e-01 3.601017694689371273e-01
9.603211768580059982e-01 4.328426250460760683e-01
9.608913398521579108e-01 4.347914051629414578e-01
9.801989926280763044e-01 5.097125409889927683e-01
9.846257315978725888e-01 5.373856376793886280e-01
9.895767713368648355e-01 5.959621071916945123e-01
9.903974056999906850e-01 6.188283153340894405e-01
9.895886893408256668e-01 6.371182566033242178e-01
9.889162018950465871e-01 6.470132040980466348e-01
9.887964178039512220e-01 6.486739612837468805e-01
9.882408685376797841e-01 6.542505291304223647e-01
9.867639244125727682e-01 6.656997868341910651e-01
9.828683353846925375e-01 6.907732276761867629e-01
9.719220180801375619e-01 7.382065983343362170e-01
9.689022678581329373e-01 7.493169959804755198e-01
9.683806557842669083e-01 7.509965745836562068e-01
9.541417495936281856e-01 7.808239487217433217e-01
9.452001602709301231e-01 7.991215285421439107e-01
9.255945166103243249e-01 8.338345890924502291e-01
9.036718510513475078e-01 8.640010693592399260e-01
8.942022078099964855e-01 8.766660267174639642e-01
8.822120092136362945e-01 8.869432050804024747e-01
8.671861220537810944e-01 8.966366043055651325e-01
8.487233900446120582e-01 9.077675360523554948e-01
8.316188944881739431e-01 9.172838532168776648e-01
8.132750812043285649e-01 9.272525575394116037e-01
7.497636831301883742e-01 9.517297463552054637e-01
7.390176399597792045e-01 9.549817138226727176e-01
7.116032747434000161e-01 9.610474210661471561e-01
6.988836329795278246e-01 9.637828794982808978e-01
6.763588477212028049e-01 9.679692871930107856e-01
6.320405583242536540e-01 9.754608630302704642e-01
