3.378497744256275803e-01 1.344317309644083025e-02
3.709711893355985834e-01 9.191487458889757711e-03
4.324587018721157694e-01 8.796846865526064541e-03
4.449899130362026112e-01 8.944235141040812742e-03
5.238222637330228748e-01 1.235987298540619506e-02
5.437935355548820793e-01 1.325515037436220123e-02
5.640171321521059156e-01 1.525744805564333006e-02
5.800143953681190512e-01 1.765746729983852514e-02
5.956689477471772687e-01 2.185504870784304998e-02
6.467635076991536947e-01 3.570312606624803653e-02
6.596696344307509952e-01 3.947707721982163243e-02
7.514412254579440065e-01 6.701707403258672091e-02
7.707476935936740103e-01 7.304422730002035902e-02
7.909551967040823195e-01 8.077072993351985808e-02
8.245595263103302486e-01 1.112141777297577239e-01
8.476294840317811774e-01 1.344169828390120447e-01
8.680063713915080470e-01 1.558365935774737032e-01
8.732619100881406915e-01 1.616559151872742905e-01
8.846981449478089621e-01 1.756983294951739438e-01
9.149690418839760975e-01 2.158742586475538294e-01
9.529983824808714310e-01 2.826847620412272777e-01
9.932119281820597223e-01 3.571410055148815932e-01
9.945623277061850231e-01 3.664683940296907805e-01
9.954378818143088115e-01 3.728091263986816895e-01
9.957233244491264790e-01 4.073524297040542752e-01
9.948820899310353294e-01 4.405896670165202478e-01
9.913986126040751357e-01 4.744072251289700448e-01
9.893837324969309011e-01 4.865096387249393528e-01
9.800957728809107650e-01 5.372106802947429482e-01
9.795013042883548016e-01 5.394650787135480963e-01
9.739491893700620295e-01 5.599811505226723884e-01
9.663983413496455288e-01 5.878285484427321350e-01
9.600613327526446028e-01 6.093403936625266804e-01
9.435194307316995266e-01 6.603654803965296471e-01
9.413368245240997245e-01 6.668107270247438656e-01
9.271719098352769750e-01 7.069248452212212319e-01
9.110294551199445978e-01 7.467558948026895571e-01
8.929312678951658588e-01 7.905308056253180782e-01
8.785290717085361134e-01 8.237825629184318821e-01
8.687343199958973416e-01 8.378698394874531941e-01
8.418853349425075017e-01 8.637011389503127523e-01
8.102202085963535749e-01 8.883773275890389787e-01
7.939704876395475841e-01 8.994030839997018134e-01
7.684426279173726115e-01 9.126691472008353623e-01
7.071429188235319740e-01 9.430383866417616501e-01
6.953773704364535346e-01 9.477768250879159417e-01
6.046945837396495715e-01 9.795583623113002236e-01
5.943503742035186610e-01 9.823029825011775351e-01
5.797390706516498682e-01 9.860491892378877576e-01
5.690359912482177984e-01 9.887094526982729281e-01
5.643618018307970940e-01 9.898284866029242179e-01
5.501765654308503617e-01 9.911546779086748415e-01
5.473095179600256932e-01 9.912031531344739355e-01
5.223272413568719186e-01 9.910231732179030084e-01
5.037227387455119887e-01 9.894563536652654090e-01
4.723876108460308698e-01 9.866964020767287069e-01
4.517596656224787122e-01 9.834030391529846593e-01
4.164840634805867525e-01 9.766774012618471001e-01
4.018966511230469552e-01 9.735532181745809588e-01
3.670218382602500329e-01 9.656248558826208139e-01
3.378939629058234084e-01 9.568274301610002475e-01
3.095440055652147748e-01 9.408964418159967424e-01
2.703500778520393499e-01 9.156279110903652318e-01
2.391180036913770346e-01 8.933599795483552208e-01
2.091121734166608848e-01 8.715026445541353972e-01
1.884146973017264415e-01 8.555365446536328244e-01
1.723213813714040699e-01 8.413005092396210749e-01
1.498337922300672087e-01 8.192854104545387317e-01
1.370237610269110506e-01 8.064872157495848182e-01
1.247454897515313244e-01 7.932848060777646371e-01
9.052627282057779112e-02 7.561319339789124294e-01
8.383530153632379189e-02 7.481226577277432233e-01
7.777802113937615225e-02 7.384360938169594046e-01
5.909768050943076112e-02 7.081422516345156071e-01
5.089874421872131460e-02 6.943149187027957137e-01
4.907295479124662574e-02 6.910250298642239830e-01
4.198685150454140036e-02 6.782501380838059646e-01
4.004800306380840169e-02 6.745874967909788467e-01
2.489780511837147436e-02 6.359011712791267090e-01
1.955420319581979705e-02 6.089350790439027605e-01
9.862143895934760707e-03 5.403987041344512354e-01
7.186243046603091322e-03 5.071754544260546060e-01
5.016888714338252342e-03 4.697956673550163220e-01
4.276675550873521026e-03 4.302437842488002762e-01
4.989321535727064827e-03 3.948965052734919601e-01
5.140291429909016330e-03 3.908348238115482154e-01
1.821255650537001447e-02 3.253658203407936433e-01
2.318710333391027500e-02 3.088590870382901254e-01
3.211508666243212406e-02 2.824036195902404067e-01
4.655832812802596088e-02 2.396848342836628287e-01
6.064072259181030322e-02 2.035216961922207135e-01
7.252478340838242055e-02 1.769526412390590719e-01
7.800793817351281412e-02 1.677450702637233171e-01
1.016400975604039303e-01 1.323111616344079255e-01
1.120081698128492231e-01 1.198690984829242634e-01
1.255168728127999955e-01 1.055306944902876243e-01
1.413306718732609824e-01 8.911332383058856443e-02
1.620990903271528616e-01 6.900830845917016454e-02
2.252054741403365368e-01 4.834544704930898718e-02
3.032104251465052025e-01 2.349400966663339752e-02
