2.256229232506770099e-01 5.098903121064424226e-02
2.516977481897942903e-01 4.095178385831887979e-02
3.099185050202126757e-01 2.473517339386654967e-02
3.416570974547690209e-01 1.687685099596980542e-02
3.486049679222428255e-01 1.523938259846058241e-02
4.013164719639806810e-01 8.205617766778527944e-03
4.038010402023358703e-01 8.012440437224044310e-03
4.480970566862979565e-01 6.906725342809560964e-03
5.078932504986634067e-01 9.675061995867206832e-03
5.176598201180081515e-01 1.081914521080218350e-02
5.565556455231843724e-01 1.614309853876227940e-02
6.203499848044284892e-01 2.763179798864690007e-02
6.461009547102437578e-01 3.319478162693312306e-02
7.029757771866537164e-01 5.249659935960304669e-02
7.667445768777438886e-01 7.605514182994510541e-02
8.139043292697899501e-01 9.919863111809346101e-02
8.388148048034266280e-01 1.118299138993306130e-01
8.465644940768736193e-01 1.164479161704708998e-01
8.667967671233162141e-01 1.338395091520147018e-01
8.695639824653832450e-01 1.369666610251821792e-01
8.847734448464450452e-01 1.546271679799654519e-01
8.994371905907392328e-01 1.717192120918034082e-01
9.079207647853169139e-01 1.864300632095791110e-01
9.141266668957309660e-01 1.989248451847901444e-01
9.404291491564219507e-01 2.537251190865090766e-01
9.569753512420445807e-01 2.933172281788571922e-01
9.662486579548755783e-01 3.209520199418081088e-01
9.743359290087323377e-01 3.476689878135460487e-01
9.759443921490973395e-01 3.531900909004717093e-01
9.815170157695217723e-01 3.799587804715097716e-01
9.843640498158056085e-01 3.957644511355763450e-01
9.855029266840488189e-01 4.102485281237198134e-01
9.860064748590440242e-01 4.373284490859059570e-01
9.857120931032766764e-01 4.460478044684892396e-01
9.848753600409251296e-01 4.580950791721458693e-01
9.830425244303945265e-01 4.836558133411517080e-01
9.749613581169218612e-01 5.842019420264074059e-01
9.730598190806136749e-01 5.965936372209086347e-01
9.654144367194126275e-01 6.363993369873525152e-01
9.642310501710066317e-01 6.413939747768621080e-01
9.556166841398111567e-01 6.746034596594326915e-01
9.500739500361093937e-01 6.948174524221311099e-01
9.493211466189703795e-01 6.970212647472575629e-01
9.352634822824317240e-01 7.308974518132534959e-01
9.203398005799783288e-01 7.526509350527920139e-01
8.799875938829645472e-01 8.096819613009916816e-01
8.581965940943252491e-01 8.385692971084777181e-01
8.425135805975657588e-01 8.575766269086491089e-01
8.035137183622605983e-01 8.947388381566274695e-01
7.969424027289608858e-01 9.004910999430755236e-01
7.721153576626429427e-01 9.188726757005567514e-01
6.681104447321245532e-01 9.796673982277939174e-01
6.623591380340216883e-01 9.828763443141054212e-01
6.564874968211141804e-01 9.852140816969419124e-01
6.502918879991873569e-01 9.869708714034073349e-01
6.454872104806924638e-01 9.882673353290650775e-01
6.296182869341860888e-01 9.895745780400643232e-01
5.893567034847884134e-01 9.928137311845605106e-01
5.655690270269813080e-01 9.930932746571905501e-01
5.449527843996359033e-01 9.923743072508720564e-01
4.198255906654010383e-01 9.869112164234087325e-01
4.062220903557255403e-01 9.859989376754698664e-01
3.996536691643149952e-01 9.850858987705292114e-01
3.484332371116096727e-01 9.758526646636419555e-01
3.345038595869257447e-01 9.726203494118543791e-01
2.858211957976803941e-01 9.603457112550216612e-01
2.820225735648559384e-01 9.593533446022003419e-01
2.717878817046016637e-01 9.565375752535417719e-01
2.256050190603607897e-01 9.436860569855572978e-01
1.967938170887039151e-01 9.341669506873456763e-01
1.699457825304825365e-01 9.221254672072010106e-01
1.569640728349929182e-01 9.147883947216576273e-01
1.353809645692073405e-01 9.006343074017623129e-01
1.248126729380025779e-01 8.898104251034186785e-01
1.130784480733155739e-01 8.764735749614025462e-01
9.327078027024660045e-02 8.424817383489383582e-01
7.256832489036268985e-02 8.036631575719932474e-01
5.214544297451328969e-02 7.441517019277648082e-01
3.591393315433433209e-02 6.838454314036743753e-01
3.468731857582840750e-02 6.753716429484754036e-01
3.084620772236934538e-02 6.430201307594971549e-01
2.680085118325203908e-02 6.015110962614160783e-01
1.916157094121306859e-02 5.073841162852225084e-01
1.685474820744659041e-02 4.676844960690047515e-01
1.399352514095608679e-02 4.177850110850664933e-01
1.675636598462548754e-02 3.945408503454470583e-01
1.945132249147463188e-02 3.778672255333395125e-01
2.462565138697281331e-02 3.515535917232911478e-01
2.777887727335826007e-02 3.401378772323593314e-01
3.255546910084883283e-02 3.261972492475915253e-01
6.879243756334296744e-02 2.240918630847704707e-01
8.145978131342146433e-02 1.917790004171632257e-01
8.755131662350656985e-02 1.803300114466170889e-01
9.241055683125343201e-02 1.721579907121498776e-01
1.009404754192745335e-01 1.578390134786378241e-01
1.125949239137489233e-01 1.442320517080365461e-01
1.402880023210240079e-01 1.168909910525426366e-01
1.413349472733105294e-01 1.159555551234613402e-01
1.606099346963228980e-01 9.958537205792361569e-02
1.889768503443992609e-01 7.731551956138571491e-02
