3.967469687495116526e-01 1.531255157497268815e-02
4.021278656506290794e-01 1.421296024589535634e-02
4.107733288423037754e-01 1.255010101315157112e-02
4.157563999308384606e-01 1.163779166133893650e-02
4.226320328547720218e-01 1.037945990110766825e-02
4.304241179266864448e-01 9.097406173962041542e-03
4.362363096248224048e-01 8.206962780298976412e-03
4.406859183773497168e-01 7.575890768602544512e-03
4.441107459835228477e-01 7.091927839692480084e-03
4.477473184696758590e-01 6.624142378651609597e-03
4.537331068954225666e-01 5.871263622158395812e-03
4.609281001911258446e-01 5.011273585338260617e-03
4.733832985304272656e-01 3.700946493143009164e-03
4.852999990572449684e-01 2.959427518884671926e-03
4.908152192126417068e-01 2.691684172842490064e-03
5.051440515454922453e-01 2.507898235892147554e-03
5.195095861356551215e-01 2.501606230224662220e-03
5.241460412056111462e-01 2.569605073672098783e-03
5.304819772157478575e-01 2.709603102848512357e-03
5.431009092149970963e-01 3.009649155225169181e-03
5.557827962346695294e-01 3.335438394200473944e-03
5.690020563425760569e-01 3.830741873350085314e-03
5.761855221711588149e-01 4.207311591625018110e-03
5.842776615769114112e-01 4.682152819292184631e-03
5.978496984497922995e-01 5.744957660819505207e-03
6.076623824063871471e-01 6.564218204457850092e-03
6.157050387707394545e-01 7.357526432975269870e-03
6.176788099229794105e-01 7.557928969645244521e-03
6.314712715499444240e-01 9.092722322597612816e-03
6.393007612418802887e-01 1.004497828140238358e-02
6.474903373291100994e-01 1.107566730882503236e-02
6.532473053239299388e-01 1.181010372178181722e-02
6.717964933432443164e-01 1.532725902243148308e-02
6.744648030762224744e-01 1.585496633558436397e-02
6.797992973004259865e-01 1.703532879170677194e-02
6.835952291905109668e-01 1.797734645415904886e-02
6.882271288946277821e-01 1.916708059183047652e-02
6.888194131367959550e-01 1.932303372917010265e-02
6.995247979902516899e-01 2.251606589088461785e-02
7.152113389329468607e-01 2.745277721279149041e-02
7.174792820663906667e-01 2.817035886719065907e-02
7.230491390516898820e-01 3.009279633942707477e-02
7.272635860190190815e-01 3.163276818575955218e-02
7.354188643621050181e-01 3.479582257172741944e-02
7.381701836819832829e-01 3.586673468702950007e-02
7.383634836437422688e-01 3.594274411079911857e-02
7.468190102788970774e-01 3.968055194563224752e-02
7.516110095860065732e-01 4.184191357162070357e-02
7.541785069743227599e-01 4.300195923426253231e-02
7.593220788650011377e-01 4.546575053682366807e-02
7.649536217068524380e-01 4.821400410260556768e-02
7.682496887432098687e-01 4.984098957802385321e-02
7.786094356192729826e-01 5.512696559492591408e-02
7.794885950192550483e-01 5.558665894478886926e-02
7.808755087717256238e-01 5.633676525272546254e-02
7.875955114574328952e-01 6.011558032565988974e-02
7.988767192742152190e-01 6.701639821565585908e-02
8.013816044072337164e-01 6.864624815164266369e-02
8.036539178519026549e-01 7.015459185680883447e-02
8.125141551586558819e-01 7.639906626732750894e-02
8.204839633826134238e-01 8.203962411985543657e-02
8.317559157354255106e-01 9.027013265933025998e-02
8.349760445214050586e-01 9.281015931970115762e-02
8.355382135590496695e-01 9.329186402055822391e-02
8.423928226054073765e-01 9.918365423395014702e-02
8.433576918635085073e-01 1.000393039043852017e-01
8.444986852935505439e-01 1.011654638377005311e-01
8.454054392286878272e-01 1.020704737103511617e-01
8.500857653871428665e-01 1.067504943648404092e-01
8.535394173697974374e-01 1.102508213687900529e-01
8.577874733202671687e-01 1.145931327200825356e-01
8.604823172972352330e-01 1.174314550483075426e-01
8.649046359170541320e-01 1.220898811884099100e-01
8.701508664590070774e-01 1.276438178412466762e-01
8.708749313628799671e-01 1.284743832784216444e-01
8.721670467677123950e-01 1.299868965496040474e-01
8.765697527221862906e-01 1.352852263509195518e-01
8.785876440007284183e-01 1.377736288844221280e-01
8.854314000815671770e-01 1.462409001276175902e-01
8.939713452156539120e-01 1.574102311510199304e-01
8.974506509865111115e-01 1.621726832213918890e-01
9.030147345483362509e-01 1.702833676100534710e-01
9.045803896140502953e-01 1.726992466292188722e-01
9.065495289499708731e-01 1.757518575062987365e-01
9.115940874188620535e-01 1.835777495588610808e-01
9.156504996221769277e-01 1.899004109023160192e-01
9.211560210236651169e-01 1.988670638590191997e-01
9.259088435686004814e-01 2.067014126152050268e-01
9.295207966594324356e-01 2.126748388535271150e-01
9.305445279305837314e-01 2.144134440216186599e-01
9.332379769012716375e-01 2.192551634317988496e-01
9.358357440272069283e-01 2.239266559634620624e-01
9.406418860322466324e-01 2.325788853902577280e-01
9.426684620360494815e-01 2.362800948184557992e-01
9.471411135759343347e-01 2.445090780669810782e-01
9.485218879277570458e-01 2.470652860593373079e-01
9.498050549526433350e-01 2.494554931064306702e-01
9.509242645650061165e-01 2.517496960351071067e-01
9.524071499969564147e-01 2.548244269074111390e-01
9.540751561414619886e-01 2.584509640108207940e-01
9.555315799185439829e-01 2.619216821183081301e-01
9.561400771985268943e-01 2.634265389298197091e-01
9.577203385793436885e-01 2.673963896844093746e-01
9.596925381131551358e-01 2.726639109698163477e-01
9.628823646884495657e-01 2.812310215001950775e-01
9.657527584146103905e-01 2.889787500096953066e-01
9.684014645736355176e-01 2.962630534557846307e-01
9.700206533199923209e-01 3.007918679074461643e-01
9.709796726996039462e-01 3.035401307186985642e-01
9.723960403745437464e-01 3.077350759547463621e-01
9.737438976264775059e-01 3.117522484162976726e-01
9.746610521956664552e-01 3.145219913933658962e-01
9.749737559636119100e-01 3.154673698444985241e-01
9.756475506919185525e-01 3.176122967620956805e-01
9.771472267287352187e-01 3.224124314099119371e-01
9.773159081138655946e-01 3.229646909327497095e-01
9.785744759946735094e-01 3.273579122184090417e-01
9.788400243195961581e-01 3.283585435707181421e-01
9.792157117725858173e-01 3.297927012981231032e-01
9.798355779926875009e-01 3.321732596960562667e-01
9.803005097959459624e-01 3.342892387790963316e-01
9.809317074580081730e-01 3.372652489913816609e-01
9.829424950791203486e-01 3.469961943009334249e-01
9.846115804692896489e-01 3.551119139592028295e-01
9.856123157179205174e-01 3.601307781113749495e-01
9.864459672627131637e-01 3.643678193698219880e-01
9.877094843716748285e-01 3.717303257881177103e-01
9.892649230216559175e-01 3.812913393097904224e-01
9.903347790526981775e-01 3.891243325712985257e-01
9.906802194531593164e-01 3.916591266400882843e-01
9.927676905078117731e-01 4.074081949569668959e-01
9.934027062785288908e-01 4.122504335418308852e-01
9.936750958643923992e-01 4.154140233174852259e-01
9.940313682571102483e-01 4.197548120371409341e-01
9.942133243119514185e-01 4.223052548540813245e-01
9.949216298221548183e-01 4.337852497083365400e-01
9.950701269039015084e-01 4.362917605894379713e-01
9.957916079226893924e-01 4.514463953127300089e-01
9.958938935768174572e-01 4.560827807809588741e-01
9.960668314431820880e-01 4.698253059205557136e-01
9.960951818352580256e-01 4.751200438328337938e-01
9.961121051166836882e-01 4.817416636401353758e-01
9.961266186328266992e-01 4.902206984868990869e-01
9.961276344442027142e-01 4.911019461005463604e-01
9.961328589040479020e-01 5.040107724085279850e-01
9.960456361327143515e-01 5.171363439602498779e-01
9.959344937566915190e-01 5.216259550597645012e-01
9.957881697257904285e-01 5.268192057258789252e-01
9.954355590192428549e-01 5.358104718508862607e-01
9.943943648698613247e-01 5.543959463248021580e-01
9.937407813302728821e-01 5.638248267657747226e-01
9.935390534522164918e-01 5.666661399012544731e-01
9.930643059502803904e-01 5.732865108727810410e-01
9.924440894855915962e-01 5.797254902688425693e-01
9.906606397563767485e-01 5.972829119853186874e-01
9.905390950090422475e-01 5.983791430110759757e-01
9.896379541452021700e-01 6.064005929060511946e-01
9.889738575482539540e-01 6.122102254938106558e-01
9.887792118889028314e-01 6.136581042772097927e-01
9.880894542045220996e-01 6.182141232932303332e-01
9.830458169476647967e-01 6.514262361223928099e-01
9.804694907651935187e-01 6.641524887897769514e-01
9.796791383099957562e-01 6.677790094843660818e-01
9.744025589710694213e-01 6.907579058296551278e-01
9.733016299831983575e-01 6.955148935121906462e-01
9.711688100550491809e-01 7.044471099929562330e-01
9.706147429219517120e-01 7.065336894766343079e-01
9.687903632491188244e-01 7.131872355643402717e-01
9.676042236549301512e-01 7.174345843010632162e-01
9.649676643129000420e-01 7.258115120426418265e-01
9.633238932169297941e-01 7.309765411801576462e-01
9.615797436663107156e-01 7.362203219126700615e-01
9.591625321113576019e-01 7.432672795183099534e-01
9.585553206831748385e-01 7.449899533134489715e-01
9.568944080577888034e-01 7.494874107264996033e-01
9.544108814266190066e-01 7.561601167128070289e-01
9.537608944657748333e-01 7.578263220733850725e-01
9.478429669901515808e-01 7.713493346042279430e-01
9.421289126824442528e-01 7.826535828500578162e-01
9.392033226311200522e-01 7.878384882803884937e-01
9.385032629309723040e-01 7.890237710558685169e-01
9.336584785555467336e-01 7.972159124550207698e-01
9.287816327894823365e-01 8.051859761743553889e-01
9.237524844133935265e-01 8.132383439803225755e-01
9.187571600115149728e-01 8.212312862862276575e-01
9.105504335656502413e-01 8.332047358741434540e-01
9.092569215049400855e-01 8.350752991346769294e-01
9.069333025504541235e-01 8.383983920796224121e-01
9.062779476509624788e-01 8.393327356096622616e-01
9.046533656387326650e-01 8.416043305393325902e-01
9.029875554229633838e-01 8.438715243394374621e-01
9.019251043200258167e-01 8.452795653367483064e-01
8.995138480662423497e-01 8.483581328407004962e-01
8.983772792269677510e-01 8.497434540375523593e-01
8.922205007020972412e-01 8.570431482814991897e-01
8.895444946453311408e-01 8.599869831050779290e-01
8.870579119670730650e-01 8.626980670708592758e-01
8.857641547543542160e-01 8.641039400050779529e-01
8.853404670630722340e-01 8.645638207545018883e-01
8.821018524837275221e-01 8.680076508893121989e-01
8.752284920890399667e-01 8.753131476644990805e-01
8.737418943701584784e-01 8.768739239532509222e-01
8.713173665865380224e-01 8.793613095009755742e-01
8.701612943394988475e-01 8.805236392472256535e-01
8.690840478076465869e-01 8.815998142303983487e-01
8.682794423890597413e-01 8.823988805119850065e-01
8.662996043618831354e-01 8.843164838102497427e-01
8.658548943746023907e-01 8.847413773024377370e-01
8.536402438836520057e-01 8.961206379565093139e-01
8.483233460823487171e-01 9.010004847043995291e-01
8.447079612309662533e-01 9.041582240672507709e-01
8.365673610164368057e-01 9.109879776447888933e-01
8.240718629284637942e-01 9.206933799618209902e-01
8.225597626246784477e-01 9.218347171606675605e-01
8.198130136962434866e-01 9.238695989425399491e-01
8.182653086107578577e-01 9.249265563712076865e-01
8.156814598035747599e-01 9.266910105916495999e-01
8.124605592855470571e-01 9.288352362388937467e-01
8.101668132752730678e-01 9.303596978836108367e-01
8.034058477876852011e-01 9.347641192066720173e-01
8.010649629403683303e-01 9.360681292732827563e-01
8.004955108884443948e-01 9.363777973349639572e-01
7.989648348336971795e-01 9.371892384833245826e-01
7.937798703950657009e-01 9.396302517781468522e-01
7.915640541255664075e-01 9.406293615448818590e-01
7.906051882549652854e-01 9.410136405061217957e-01
7.824301808786555679e-01 9.440860602447139760e-01
7.775285396451907527e-01 9.458661722145386141e-01
7.608338531225629087e-01 9.515902393790717229e-01
7.550547259445650194e-01 9.535708252696390996e-01
7.423772334227279890e-01 9.579071922959788710e-01
7.337760867204217163e-01 9.607188606459431401e-01
7.273554329039525479e-01 9.627365444780298098e-01
7.261712617081322874e-01 9.630823495932993028e-01
7.164453694267408634e-01 9.656824990410057818e-01
7.102841227781332423e-01 9.671937011050930622e-01
7.089052303670894117e-01 9.675302900046759413e-01
7.004964322068042426e-01 9.695283718371145998e-01
6.870989362374478882e-01 9.727039457527044686e-01
6.866610400829779026e-01 9.728034755075398721e-01
6.752036545136684831e-01 9.753853912797622039e-01
6.724029536338127500e-01 9.759511447699660280e-01
6.696299624956973950e-01 9.764966196277297117e-01
6.662786586869562377e-01 9.771414568846320536e-01
6.623920297260112999e-01 9.778505077598690365e-01
6.513109800213262579e-01 9.798489044066556186e-01
6.387033650181941358e-01 9.820908832881213302e-01
6.192807702863214470e-01 9.854904174990805066e-01
6.123140140479754745e-01 9.867029142434264877e-01
6.052703883098143889e-01 9.878737201909540966e-01
5.921987197645441903e-01 9.900319482525030690e-01
5.883466991314661998e-01 9.906612705040690470e-01
5.836366292113616128e-01 9.913556746719563995e-01
5.797788552502434190e-01 9.918106448021593025e-01
5.720109543808529207e-01 9.925932129828647366e-01
5.591981301848212293e-01 9.938160144942930208e-01
5.561570677926732653e-01 9.940570621283428832e-01
5.467993316058513686e-01 9.946508832839618952e-01
5.362823203244977410e-01 9.952329145841807279e-01
5.333619828032435395e-01 9.953881565797980668e-01
5.250294752549974353e-01 9.957536004713537503e-01
5.131311088432990442e-01 9.962344481778635519e-01
5.012469111503109476e-01 9.965945143545159590e-01
4.925283927128782935e-01 9.968549353797806489e-01
4.779031017949175730e-01 9.972704609292893929e-01
4.738161277442889396e-01 9.973573795697425748e-01
4.708660159763931041e-01 9.974105232334764537e-01
4.616885884124192208e-01 9.974983937697753378e-01
4.475599839573125571e-01 9.974482923571500459e-01
4.448464270246320629e-01 9.974244084968452162e-01
4.403426502088790828e-01 9.973824771110473275e-01
4.384259871213529447e-01 9.973280725676982872e-01
4.267767273055020905e-01 9.969649410609637830e-01
4.261381883423096539e-01 9.969300148660655836e-01
4.219249907385607123e-01 9.966619714458063717e-01
4.123732798964765411e-01 9.960108884234210036e-01
3.873556466822256628e-01 9.938101266947791945e-01
3.779791908721846783e-01 9.929247492614391435e-01
3.739523732913747622e-01 9.925247301338001593e-01
3.700808404994202494e-01 9.921022135388217755e-01
3.656673913857330094e-01 9.915706096976465433e-01
3.575420464088225891e-01 9.903856566481054058e-01
3.495487046842200574e-01 9.891660725810328403e-01
3.455967159286194024e-01 9.884766193386044231e-01
3.383485754889123953e-01 9.870037885205736883e-01
3.335110291717259257e-01 9.859248189330557244e-01
3.246030853744295008e-01 9.838421263028623853e-01
3.214214232188506992e-01 9.830882309830458743e-01
3.195102825189166662e-01 9.826323187472746357e-01
3.090482390598900952e-01 9.801266286283228935e-01
3.062094848552299187e-01 9.794035611002359643e-01
2.997723136783476683e-01 9.775797427597484601e-01
2.968979598802952147e-01 9.767438564908654808e-01
2.899797684898998140e-01 9.745328097991541316e-01
2.851166970873877382e-01 9.729734402952452399e-01
2.778316540854159911e-01 9.704996986852350016e-01
2.675406700262662474e-01 9.666695779389291587e-01
2.636934475708978542e-01 9.652122241554097481e-01
2.631194541235553075e-01 9.649931124140080918e-01
2.463287885117778631e-01 9.583899703880131016e-01
2.455387571775866640e-01 9.580712486386050442e-01
2.421200416133036937e-01 9.565768919727548614e-01
2.403581914576702339e-01 9.558012414089243070e-01
2.375242632908705076e-01 9.544051905027449711e-01
2.250446470143255828e-01 9.481564974665809276e-01
2.225159458621226438e-01 9.468762228929479274e-01
2.178341899044360375e-01 9.445054551527618525e-01
2.065864511882622434e-01 9.382821639058789298e-01
2.045629475952737142e-01 9.371546848883867131e-01
1.956883214840170471e-01 9.321930139855953978e-01
1.890082422848654575e-01 9.284071398349779125e-01
1.846355674560938853e-01 9.259126094963511244e-01
1.808521905615588787e-01 9.237259982003021008e-01
1.789592815884738508e-01 9.226129228706152485e-01
1.744806759770261007e-01 9.197125130355010558e-01
1.621888798591613057e-01 9.117341162483065808e-01
1.596475136889003998e-01 9.100506913261295905e-01
1.541915475930081270e-01 9.059238379610887737e-01
1.492811234800903719e-01 9.021930866190224219e-01
1.381801907600712642e-01 8.936586813054967493e-01
1.356443295791384118e-01 8.917073273347716489e-01
1.297698305888105308e-01 8.871609399847424360e-01
1.263156817109694074e-01 8.843731306302767825e-01
1.189889486003213870e-01 8.784126838644459312e-01
1.186564213054985828e-01 8.781276637627767334e-01
1.173948292939575033e-01 8.770388428390963886e-01
1.169008946654561676e-01 8.766055701392425625e-01
1.151888712861764974e-01 8.749877083194858018e-01
1.092047189703632126e-01 8.692137273776657791e-01
1.083442224257592512e-01 8.683774409218067980e-01
1.050009901784180188e-01 8.649094890632228472e-01
9.721071826055638354e-02 8.567410854056358716e-01
8.639691363739154806e-02 8.448248891609985156e-01
8.424774640471877074e-02 8.423576508769677895e-01
8.251875578443557124e-02 8.403212149259117192e-01
7.836904453499649037e-02 8.351966837346407324e-01
7.714610332282301197e-02 8.333960295966346132e-01
7.223918085042058124e-02 8.255462358630358821e-01
6.964678397697321444e-02 8.210933264851815183e-01
6.673950343266354945e-02 8.160284178717103210e-01
6.092470698413166019e-02 8.056085671377833934e-01
5.875753131247285488e-02 8.014916771887954372e-01
5.757150278226708107e-02 7.991930197349152998e-01
5.296964788202285224e-02 7.898655251152620904e-01
5.094559185608216190e-02 7.857330730107030536e-01
4.912219884459290142e-02 7.819464892699441450e-01
4.174689608046933120e-02 7.662311061223038289e-01
3.897787547639552930e-02 7.599284004202889742e-01
3.599423538903279152e-02 7.531077327291276768e-01
3.258022629815693350e-02 7.444505697986062431e-01
3.161965097660490720e-02 7.416287321963517254e-01
3.130426118810303304e-02 7.406732014833644628e-01
3.008867696792993929e-02 7.368157282519181006e-01
2.955732236066288543e-02 7.351143961943411576e-01
2.529333296092306504e-02 7.213163156639934570e-01
2.366715999745006016e-02 7.160297693057287027e-01
2.208431416151124260e-02 7.104060297204336516e-01
1.974921947467855876e-02 7.011376653670711168e-01
1.775723946229046390e-02 6.930995332753390192e-01
1.697184483714808678e-02 6.895636317113110758e-01
1.629573670689088427e-02 6.862618995726044169e-01
1.592452269149102762e-02 6.843214446198625511e-01
1.571589668756667724e-02 6.832208689382117672e-01
1.538510202661480530e-02 6.810269735772711552e-01
1.478782459143657135e-02 6.767267661596876316e-01
1.351275282886477136e-02 6.675144701606419151e-01
1.327218991006184901e-02 6.657757432932926989e-01
1.102897804234026502e-02 6.493668481692866923e-01
1.017060296875649250e-02 6.430529596335147202e-01
9.803040827378484146e-03 6.403052674570717251e-01
9.013875206596910772e-03 6.342280228848071744e-01
8.965727942993662047e-03 6.338351870320650949e-01
7.373814254082233788e-03 6.187925119730671719e-01
7.129211359776843615e-03 6.163635185125949656e-01
5.541319442839087728e-03 6.000418488370964365e-01
5.457892213318937813e-03 5.990862056484582698e-01
5.063294034471477190e-03 5.943088386248472910e-01
4.370235982440906497e-03 5.836222948460465521e-01
4.124868767805822678e-03 5.792952894881885362e-01
4.111965466681466452e-03 5.788618850113795844e-01
3.979568203975492047e-03 5.710934294122526067e-01
3.952571518796355043e-03 5.684667338131331737e-01
3.867141095952097984e-03 5.558415970997476752e-01
3.991048725539569908e-03 5.504095825051107393e-01
4.227128899985665988e-03 5.407546768956019712e-01
4.274032437141084273e-03 5.390123199372963692e-01
4.836914211224563331e-03 5.210410754462702076e-01
5.142691464412929570e-03 5.166431826016633089e-01
5.772024226072924868e-03 5.086026694648968505e-01
5.900326882929296524e-03 5.069866237502044237e-01
6.152267952023282582e-03 5.046794753464657335e-01
7.104513240126619777e-03 4.962263958686342624e-01
7.307576682877403584e-03 4.945548094515532789e-01
7.630241983704544317e-03 4.922885482781399480e-01
8.887567248629602012e-03 4.836472738797710225e-01
1.038085440013392091e-02 4.745604885926837380e-01
1.113132834031183016e-02 4.700256266349929213e-01
1.184604225643670627e-02 4.658942033074020550e-01
1.566759335326539659e-02 4.439665653864278694e-01
1.607348409856945715e-02 4.418086126988640672e-01
1.630965699659858714e-02 4.406053291123656068e-01
1.711839195254238888e-02 4.366500004609341623e-01
1.880599920999892483e-02 4.284751658044088085e-01
1.927494687532360640e-02 4.262215308180196116e-01
1.949119908990182282e-02 4.252245493670022691e-01
1.961998253806307435e-02 4.246397954316278867e-01
2.074336593713987931e-02 4.196899406844666336e-01
2.353457526727686933e-02 4.079413156491296100e-01
2.480678930003721305e-02 4.030447630647628898e-01
2.553146787305704546e-02 4.002639294751819676e-01
2.695901606121320349e-02 3.948371189491307609e-01
2.908132785216377414e-02 3.871394200684883380e-01
3.180289914581591049e-02 3.773633939402820658e-01
3.295257269990758964e-02 3.733663043030754913e-01
3.631945207152831312e-02 3.617966086730580733e-01
3.878069030388431315e-02 3.540701289782041128e-01
4.008582869178778374e-02 3.500330713923107684e-01
4.019890356773070383e-02 3.496899988089398059e-01
4.037537664696866369e-02 3.491687226466115845e-01
4.255483107853574865e-02 3.427592989640722010e-01
4.878440384999571666e-02 3.257266717180626880e-01
5.199478964686954363e-02 3.172203150254421233e-01
5.656399184867788588e-02 3.055950220947094564e-01
5.783796627072346208e-02 3.023632921424806996e-01
6.028243067942717914e-02 2.962317975588468766e-01
6.102303174381851214e-02 2.943934278525354165e-01
6.430806872117622586e-02 2.865350974244251780e-01
6.691756393895254007e-02 2.803010187663750319e-01
6.790249482661747660e-02 2.781933991958175367e-01
6.948681674130485764e-02 2.749127105380213543e-01
7.174005476134004411e-02 2.703519080661418439e-01
7.476387879996737595e-02 2.642929737660270062e-01
7.712658734245159131e-02 2.595957507194363023e-01
7.830460921785697970e-02 2.572827801501348377e-01
8.092062635692853778e-02 2.522054788120614566e-01
8.254534193781992713e-02 2.491031437984868591e-01
8.466304780500089056e-02 2.450655375333644637e-01
8.520231658738730562e-02 2.440855695357682098e-01
8.665784520364394616e-02 2.414775055249939184e-01
8.853496713651520800e-02 2.381312855159094521e-01
9.046098311211836496e-02 2.347546172638113049e-01
9.604102918202073180e-02 2.249780218735379922e-01
1.001691483911267833e-01 2.183948733136100717e-01
1.055085815575094177e-01 2.100459172405356734e-01
1.072493329281798413e-01 2.074335985721256215e-01
1.147359306272728308e-01 1.962725028500514890e-01
1.191720014365372782e-01 1.897045434042633483e-01
1.258004707839794900e-01 1.801162312939156296e-01
1.288190937084144894e-01 1.758303920730599490e-01
1.324806250213639292e-01 1.706496007522179115e-01
1.354494551447010808e-01 1.668659464003081627e-01
1.368479673963962640e-01 1.650903096628435485e-01
1.385266402420227694e-01 1.630024126102194160e-01
1.436937809050812254e-01 1.571491464530097026e-01
1.452185462441840658e-01 1.554418088174308599e-01
1.470600362554584928e-01 1.534666350257033463e-01
1.522859562887327600e-01 1.478864141140141530e-01
1.564177510719222397e-01 1.435502226857626740e-01
1.640527255789601124e-01 1.356542353348557661e-01
1.652529101709931947e-01 1.344506824433771008e-01
1.667605107029523914e-01 1.329909350536458978e-01
1.706623134011950871e-01 1.292716268734804830e-01
1.770868108156011811e-01 1.233979963457486617e-01
1.801564052132413885e-01 1.205957301105693436e-01
1.844847402552789450e-01 1.167532674200977283e-01
1.879587240192599484e-01 1.138158401400861663e-01
1.950604749811011285e-01 1.080683223050826758e-01
2.005742339370568672e-01 1.037496201491912018e-01
2.029270943926637649e-01 1.019384425898390845e-01
2.055954410837419477e-01 9.993678578437825699e-02
2.082813135434509189e-01 9.792565525222540757e-02
2.230781818922427107e-01 8.712859951717710771e-02
2.234910604152811064e-01 8.684856760003389908e-02
2.311400796919371725e-01 8.182771140614941707e-02
2.330960418228629205e-01 8.059691882158692700e-02
2.383201134643697650e-01 7.735871619872147775e-02
2.474913546235706363e-01 7.191488574547932888e-02
2.562235176160378991e-01 6.674155755975519355e-02
2.621957613427322586e-01 6.329341145787359402e-02
2.649609222633834138e-01 6.181990176116958224e-02
2.675575468410171798e-01 6.046998177684592690e-02
2.693610926606258005e-01 5.954207558063118189e-02
2.714113898200336550e-01 5.850434357880818226e-02
2.747079922230802884e-01 5.684300600603764408e-02
2.763508465050673601e-01 5.602420153959941640e-02
2.811811140876185888e-01 5.366627463969808609e-02
2.839741767293060271e-01 5.245901581189127416e-02
2.969427154220918297e-01 4.687737490950949493e-02
3.005284481015096931e-01 4.540512323000134298e-02
3.151177880179585333e-01 3.944388325018988173e-02
3.159361103642636115e-01 3.913808902902182751e-02
3.375788251204886459e-01 3.109269410097381670e-02
3.412208999178287794e-01 2.974530434279398783e-02
3.473542964452055459e-01 2.776696376264098376e-02
3.556183335698418491e-01 2.520508512447661165e-02
3.610906224543275478e-01 2.352167625390533257e-02
3.620428942945130846e-01 2.330102460857785829e-02
3.730736607382912906e-01 2.074608686145595904e-02
3.856808520332692947e-01 1.784084005138042439e-02
3.883247516422833057e-01 1.723246898427632789e-02
