1.611178243813060629e-02 3.506192690047728044e-01
1.908417397216144451e-02 3.357178642788075651e-01
2.096974736022261254e-02 3.270650969296724497e-01
2.303356034662029650e-02 3.176657670318386861e-01
2.430337805218907299e-02 3.123113227888362209e-01
2.561084584622053129e-02 3.068282688884772513e-01
2.700965077956252181e-02 3.016003247669210019e-01
2.756706054327073829e-02 2.995288902275903276e-01
3.033177516316887257e-02 2.892555811880335170e-01
3.188291878487914399e-02 2.835233353255810496e-01
3.270544029938571295e-02 2.805811456997249209e-01
3.478000064476760578e-02 2.734175143182461243e-01
3.520046428223500001e-02 2.719683710361668894e-01
3.696135017964186087e-02 2.661271179029438549e-01
3.973969695718315709e-02 2.572729064430117063e-01
4.201333470177315288e-02 2.508216461231843608e-01
4.403560799535055637e-02 2.454732016839440423e-01
4.654826306518111689e-02 2.399188360245476659e-01
4.785109330723591459e-02 2.370715240291312309e-01
5.145384770216099302e-02 2.300203454380216339e-01
5.312706637192954329e-02 2.269436332429010106e-01
5.502966468952352752e-02 2.235436096732406064e-01
5.663664158849246455e-02 2.207346432049660523e-01
6.090902814551157896e-02 2.132872422693931069e-01
6.397421308302841947e-02 2.080024961421732543e-01
6.651024111578596187e-02 2.038469581870865355e-01
6.763721281226575677e-02 2.020333281693915684e-01
7.237724008346979598e-02 1.944764218618618701e-01
7.312880031220470034e-02 1.933913601587988751e-01
7.568071789719887921e-02 1.899352816709544145e-01
7.916301531706149142e-02 1.853644152731457329e-01
8.042873765395119889e-02 1.837034259001005809e-01
8.410618044309836616e-02 1.789352590834704104e-01
8.735254608053699688e-02 1.749554507014471350e-01
8.890055997279144862e-02 1.730791800134212632e-01
8.988119315211373639e-02 1.719636149136481995e-01
9.216684437862743273e-02 1.695331858806875536e-01
1.023850760071702837e-01 1.587132633706780371e-01
1.051342107273285364e-01 1.558896733912464860e-01
1.087184917323505973e-01 1.527501862880880079e-01
1.104782731472512269e-01 1.513275484100971013e-01
1.151134800612190201e-01 1.475807617815226847e-01
1.212258651183278912e-01 1.427794021363576471e-01
1.239268102329296184e-01 1.407495951837843817e-01
1.253117765856862631e-01 1.397125891547764676e-01
1.276153843420223533e-01 1.380171081717925796e-01
1.359238702008221944e-01 1.319289954056336311e-01
1.416903663943944736e-01 1.277059257035919604e-01
1.471999036179286735e-01 1.236821005717793076e-01
1.603778659248070726e-01 1.140886920573520591e-01
1.626599847622934858e-01 1.126514110247431866e-01
1.678263005251987572e-01 1.095006890888964302e-01
1.712279908505223158e-01 1.074892820928008419e-01
1.918085318903731684e-01 9.532246625996854128e-02
2.012871672581741933e-01 8.981375348674913717e-02
2.092276257573987275e-01 8.546428375706605074e-02
2.136747001005380175e-01 8.305720929017124110e-02
2.273035829827617649e-01 7.575208196480842648e-02
2.306835114775506179e-01 7.394276999853377497e-02
2.312517412274267548e-01 7.364944462659528401e-02
2.362095536974584409e-01 7.109135566146684848e-02
2.484522984090034026e-01 6.479873746070685669e-02
2.506890795479777001e-01 6.369719082220925976e-02
2.580228539363389473e-01 6.017125262796241270e-02
2.626715832478681012e-01 5.803136367030914400e-02
2.670336158980536334e-01 5.614071549239896264e-02
2.800816762377987823e-01 5.084385530980228829e-02
2.842929606661503961e-01 4.915199906777167893e-02
2.886967652720012767e-01 4.747875668334766708e-02
2.963949460828740889e-01 4.455554683529838744e-02
3.110707152444911472e-01 3.919951523129916460e-02
3.132720398750675761e-01 3.840889273249381564e-02
3.142981745965591767e-01 3.805203569517312534e-02
3.167306527092159651e-01 3.721910637079972606e-02
3.252154765275726556e-01 3.453857849480101994e-02
3.352792604972967272e-01 3.160491759768435660e-02
3.414943770595474382e-01 2.995085155651611153e-02
3.436864864732447344e-01 2.937315685619490413e-02
3.461824775753893357e-01 2.872393743344625605e-02
3.489078797053848380e-01 2.801864365042017191e-02
3.522007525803222405e-01 2.717572772638354728e-02
3.560416603671316960e-01 2.626226552359722799e-02
3.591096826748479964e-01 2.554785275849069670e-02
3.646563224397117997e-01 2.429548088015742735e-02
3.761226331690830094e-01 2.193563200439296867e-02
3.781396635736451461e-01 2.153127120401254757e-02
3.799280857748148499e-01 2.117565011997790680e-02
3.918323743971821038e-01 1.883483024388210580e-02
3.989418421232588940e-01 1.754647094770100946e-02
4.058770773317451619e-01 1.646547433162293128e-02
4.106096311312821268e-01 1.595583209067230612e-02
4.286716759371704821e-01 1.420125912120351330e-02
4.443717957856202494e-01 1.288646548008975934e-02
4.650874257696044900e-01 1.119071165443830118e-02
4.708249783040602265e-01 1.074668753666641052e-02
4.785934462140531975e-01 1.018660512974789434e-02
4.823476232898912253e-01 9.949553065939698016e-03
4.885936307045161131e-01 9.618923507986321120e-03
4.941903858208416267e-01 9.335586307914645054e-03
4.993718081613285342e-01 9.078460066842652942e-03
5.175206093188664536e-01 8.215677913168906166e-03
5.451714573797392660e-01 6.907369372398441953e-03
5.453332033471413043e-01 6.900041914465693260e-03
5.527013158884440669e-01 6.567746579940414442e-03
5.649451419537473429e-01 6.017499714247587228e-03
5.706269137933647206e-01 5.769226450001885276e-03
5.861006953486093130e-01 5.100027820553187929e-03
5.885627920763709664e-01 5.023818571882943118e-03
5.916458649676422654e-01 4.957956775187399856e-03
6.030067842883582996e-01 4.724600849097093658e-03
6.121218751161562333e-01 4.630944384424684479e-03
6.165733341990474736e-01 4.596743055733876204e-03
6.336293659273584122e-01 4.529878755616056907e-03
6.376993162508367563e-01 4.522057223953157568e-03
6.529428111140550550e-01 4.578347217560785332e-03
6.588514939502324586e-01 4.650574273148966320e-03
6.632689043106018145e-01 4.767121520200090501e-03
6.676510206247052714e-01 4.977833965125078031e-03
6.733813661579178822e-01 5.271390396185182681e-03
6.860074591715942249e-01 5.959660565928670550e-03
6.906769386686738565e-01 6.277601124275999922e-03
6.912208460590330006e-01 6.335309599219129950e-03
7.063000216719218516e-01 8.037855655633530105e-03
7.100811082241798022e-01 8.661044695858044484e-03
7.148610383719729011e-01 9.470095194005434536e-03
7.184357069992097777e-01 1.009047121728523511e-02
7.235400687793297481e-01 1.115813506413909639e-02
7.270622392712400295e-01 1.192171125297092349e-02
7.323414006912596363e-01 1.318592005454766181e-02
7.402356187546418331e-01 1.515226865364371900e-02
7.488130396147727463e-01 1.772475905514081518e-02
7.563668218004961918e-01 2.036811249240610966e-02
7.647651540890749722e-01 2.332399566678866609e-02
7.706876765265683327e-01 2.548473889136659842e-02
7.752376728981376086e-01 2.721853464607493223e-02
7.754750954775603278e-01 2.730909633633626932e-02
7.792276764624248564e-01 2.876948954556668436e-02
7.820940295387494023e-01 2.990391089198385366e-02
7.903236394924250119e-01 3.335058885593245037e-02
7.998038314474185118e-01 3.734964293281595182e-02
8.029164678240134911e-01 3.874120240049516717e-02
8.131256335137168056e-01 4.344191262184660118e-02
8.139929604159620302e-01 4.387169062415130494e-02
8.189651862271123406e-01 4.648792212317753858e-02
8.273943475685361371e-01 5.095740304208340454e-02
8.357889620105458661e-01 5.615004771311249421e-02
8.403669112793833440e-01 5.898283149674521386e-02
8.405485129408729605e-01 5.910449660000671734e-02
8.451260130882369825e-01 6.217787825724230277e-02
8.467545387391552936e-01 6.338137245142605458e-02
8.537849174677303310e-01 6.902511446769266090e-02
8.609654015186386511e-01 7.484426208050543039e-02
8.622353100736749321e-01 7.595487450928950501e-02
8.651867968432683798e-01 7.868618197073962151e-02
8.704912881573415584e-01 8.368199180426294514e-02
8.719528874721986789e-01 8.506244010247399068e-02
8.726306168447165446e-01 8.570392618278444008e-02
8.767141281466962477e-01 8.965918744850764899e-02
8.793004690533902101e-01 9.222481896104572918e-02
8.821781185530396252e-01 9.513790946300437756e-02
8.841567653787295589e-01 9.715324721466389590e-02
8.883991649960890635e-01 1.016422493411709427e-01
8.913250899021166740e-01 1.048465930006283742e-01
8.926783510973465008e-01 1.064707605073407226e-01
9.003279698338415571e-01 1.156576385524944461e-01
9.022616232185441953e-01 1.179973412222168339e-01
9.058659624890798012e-01 1.223898190058723134e-01
9.069470059293435193e-01 1.238171667562480982e-01
9.115069060700570214e-01 1.299234396346183873e-01
9.146469032360291518e-01 1.341527948708498563e-01
9.197719531029402429e-01 1.410792374122697979e-01
9.227986302743172997e-01 1.452031296519357140e-01
9.241410489541792561e-01 1.470434931670573375e-01
9.256033910140764043e-01 1.491278505995253800e-01
9.269438627494367422e-01 1.511994393532398728e-01
9.307592754580849004e-01 1.571853784253359754e-01
9.347262662719211246e-01 1.635035694421016483e-01
9.397340097133870529e-01 1.717440752711724139e-01
9.403509859370703383e-01 1.727635040704198488e-01
9.417638273600019705e-01 1.754475882027811684e-01
9.434798806904328705e-01 1.787966236835808465e-01
9.453999528435763633e-01 1.826388186512768463e-01
9.471610500371109298e-01 1.862721615173712486e-01
9.482219461778247371e-01 1.885304004336874062e-01
9.519067320660645759e-01 1.968341776323048187e-01
9.527149425695558005e-01 1.987023591276086965e-01
9.574180884456289231e-01 2.099177809366943315e-01
9.595982404265199772e-01 2.156150924147843817e-01
9.612354548297210588e-01 2.201007692260700255e-01
9.647609563271533073e-01 2.297784204527505425e-01
9.658385776355405961e-01 2.327629776040315290e-01
9.689408686939727788e-01 2.414384137933376362e-01
9.728862387131861356e-01 2.526004627120994606e-01
9.763105426105715967e-01 2.637806058971341461e-01
9.795665148285972457e-01 2.745087973664374070e-01
9.800239648672586235e-01 2.761110353380518134e-01
9.811432021541386383e-01 2.802890355126143040e-01
9.822474813716743913e-01 2.850505360002234534e-01
9.833735996297452431e-01 2.909346202689637728e-01
9.865647221622579899e-01 3.083222655572291915e-01
9.871472422476311737e-01 3.118142602511362327e-01
9.876080157428982487e-01 3.147002436516623813e-01
9.903439102164778296e-01 3.350851281058259135e-01
9.908735956367866748e-01 3.393534854501497611e-01
9.915827767063130072e-01 3.454017311762987985e-01
9.920856727555922294e-01 3.497636491306105322e-01
9.922425286545744072e-01 3.512647033366842475e-01
9.926703294073526695e-01 3.556289296347451279e-01
9.933189636050969717e-01 3.627158359178128677e-01
9.935457693419772474e-01 3.652676399956988895e-01
9.938331131146066477e-01 3.688259383530593238e-01
9.945208031412460237e-01 3.777784865973303763e-01
9.949137236086977865e-01 3.842789547719908105e-01
9.953083153833456320e-01 3.912170511430130837e-01
9.964166523650898055e-01 4.110555623026764804e-01
9.972624231527208449e-01 4.291709336247325757e-01
9.979070622270770352e-01 4.454977671422737373e-01
9.983534735987231734e-01 4.601557356153633815e-01
9.984237739677670476e-01 4.625629027973575669e-01
9.986202505011156916e-01 4.696947101208196473e-01
9.988049888287932054e-01 4.818390124575638866e-01
9.988567382113486826e-01 4.853233334150935940e-01
9.989513037540714846e-01 4.931067293715255540e-01
9.990274108701029387e-01 4.997033762729674589e-01
9.989406818766211060e-01 5.020020117302659290e-01
9.987394124066160117e-01 5.064778205929034716e-01
9.981036153603322081e-01 5.198519370975831499e-01
9.978520124034077066e-01 5.251090144106518309e-01
9.974152200572137250e-01 5.311351358952519641e-01
9.952235307160047784e-01 5.610516022451460527e-01
9.943751242858572814e-01 5.726065949897554130e-01
9.940890408361571229e-01 5.759835141713744999e-01
9.937599470682082492e-01 5.791236742703572693e-01
9.935771349889486181e-01 5.807591192379804035e-01
9.928468690039387035e-01 5.870177117587290772e-01
9.915444337555006094e-01 5.968355604660149361e-01
9.900226470644735155e-01 6.069992028816794116e-01
9.891162755489648628e-01 6.128418752725983687e-01
9.866893108957549563e-01 6.252254829321148843e-01
9.847490649027615950e-01 6.350636954672890244e-01
9.840977531793835276e-01 6.382060992927379717e-01
9.836456191131340843e-01 6.403440226673217106e-01
9.827115105959799424e-01 6.445205211086980635e-01
9.809647812028960967e-01 6.521580025545707926e-01
9.796159334994219980e-01 6.578067244802695557e-01
9.774699497253952485e-01 6.666204704221778687e-01
9.769304982074197286e-01 6.687531865132001485e-01
9.765720414339085220e-01 6.701241460358947633e-01
9.738626268326339153e-01 6.797004605204584049e-01
9.727321155257449004e-01 6.834257597914517035e-01
9.721750675052373003e-01 6.852512269877490958e-01
9.698280730697694807e-01 6.928352927001719674e-01
9.673836230165063776e-01 7.005672902283396342e-01
9.668450147371235870e-01 7.022277115665794822e-01
9.657612466847714794e-01 7.054712057709118245e-01
9.616923203007653465e-01 7.166728331730498613e-01
9.587641117023600890e-01 7.244083014397442177e-01
9.575606747214976400e-01 7.275618953712130743e-01
9.570979192234932986e-01 7.287530973570446324e-01
9.547309316593417527e-01 7.348334195816939030e-01
9.520552233459353975e-01 7.416644009016991612e-01
9.487499512650140465e-01 7.494559425266409391e-01
9.485256939810542409e-01 7.499592079888610652e-01
9.435943000766506827e-01 7.605903686209797288e-01
9.384433333233161978e-01 7.715276492311932133e-01
9.378638365091822582e-01 7.727566834132751916e-01
9.353903423714130527e-01 7.778919150597137788e-01
9.318941434025886927e-01 7.851139538426749054e-01
9.311588135667753230e-01 7.865010306176223320e-01
9.291339612895488376e-01 7.903016945066007048e-01
9.281635191852773970e-01 7.919960016886558041e-01
9.270874997698226316e-01 7.938563281241859393e-01
9.230417581612933020e-01 8.008295200882603604e-01
9.201203824116624963e-01 8.056712377445770512e-01
9.183589754646092063e-01 8.085869528717396504e-01
9.164988623855944150e-01 8.116254058054279685e-01
9.154257019642066950e-01 8.133252778198165611e-01
9.148037607480075106e-01 8.143033278050765267e-01
9.120322676066986434e-01 8.186422887507952550e-01
9.087981952763083404e-01 8.236286112474975329e-01
9.073811326367334784e-01 8.257464759319854686e-01
9.062747477585193501e-01 8.273751953452745944e-01
9.056889129588003851e-01 8.282247195570555665e-01
8.968893795053164419e-01 8.407509325316520066e-01
8.950542464171620249e-01 8.433172777700423950e-01
8.882092689661946761e-01 8.525822947033461219e-01
8.817034294167263031e-01 8.613391604263913592e-01
8.787054092086051815e-01 8.653299922250455856e-01
8.739015674298378222e-01 8.715797742809544557e-01
8.653664959952425129e-01 8.820914596549267461e-01
8.620483856558002200e-01 8.861661412447860986e-01
8.609928187570766722e-01 8.874523664196829476e-01
8.561867830147618097e-01 8.929298112357242356e-01
8.546567314264021942e-01 8.946629977500605291e-01
8.513484402652681249e-01 8.983880744426551157e-01
8.506821470334536839e-01 8.991119631789596944e-01
8.449700732994985808e-01 9.047941433286554869e-01
8.425012949236772020e-01 9.070521290326925001e-01
8.417616543373519500e-01 9.077136083582142412e-01
8.392387624434866078e-01 9.097366620865484643e-01
8.342811853616854956e-01 9.135974669758850641e-01
8.300571920976961282e-01 9.168681491110184378e-01
8.292640700257150055e-01 9.174818840078403648e-01
8.261748513358901924e-01 9.198336165592755354e-01
8.240132886649157440e-01 9.214727182850552811e-01
8.189960989552825810e-01 9.251728438303100654e-01
8.170360981293824931e-01 9.265848800937014351e-01
8.122890563414009168e-01 9.294679123792025655e-01
8.105201805780759550e-01 9.304455480984471505e-01
7.928073828620483265e-01 9.401703362234092864e-01
7.887649014438633532e-01 9.423674259460093072e-01
7.814848061991847006e-01 9.462428747839720655e-01
7.733992329777940045e-01 9.504227192464165253e-01
7.722931030113908690e-01 9.509733396618490486e-01
7.708818307385424395e-01 9.516707222196807425e-01
7.669931181574222157e-01 9.535447014813509536e-01
7.633020785563412458e-01 9.553179891367949983e-01
7.548796296456571353e-01 9.590912156019095747e-01
7.414987133033441591e-01 9.650698772795980318e-01
7.368549909550999866e-01 9.669666204616130800e-01
7.347710756783389918e-01 9.678088813716352323e-01
7.342842348442679690e-01 9.679503932654612841e-01
7.265662703306645653e-01 9.701679815639185911e-01
7.252475220241347831e-01 9.705436968732996661e-01
7.131958270921606724e-01 9.739691256866338520e-01
7.101761322847301994e-01 9.747653840723773389e-01
7.071606478969434395e-01 9.755067952047306035e-01
7.039451669511432863e-01 9.762286835764605319e-01
6.993909475537840592e-01 9.772361354985612536e-01
6.947489318974426897e-01 9.782209215379528144e-01
6.843563789929796304e-01 9.802387014161739742e-01
6.811738472119388543e-01 9.808460938442976618e-01
6.780285022525459615e-01 9.814215058203179520e-01
6.761180750327840938e-01 9.817381727167557859e-01
6.731582009287633284e-01 9.821578627534249817e-01
6.590924350476845550e-01 9.840716861274864113e-01
6.569782817786078422e-01 9.843434425866336435e-01
6.522611599736249932e-01 9.849464058284665979e-01
6.477031154699350868e-01 9.854829472675792346e-01
6.228021073181340128e-01 9.881689584928019521e-01
6.222304715992498236e-01 9.882257031197068109e-01
6.210555488225610876e-01 9.883286758374008052e-01
6.119812752869555617e-01 9.890766344765463680e-01
5.964500070497958939e-01 9.903006385652222132e-01
5.887499333042000016e-01 9.908984927635478002e-01
5.793804626172339711e-01 9.914994553267161281e-01
5.475411342516518509e-01 9.935359521248346981e-01
5.411835243685205743e-01 9.939032032811513373e-01
5.334634097127773922e-01 9.942833088801911190e-01
5.325054704851199805e-01 9.943224491849471658e-01
5.269449297611616956e-01 9.944853908119368757e-01
5.079987449782619180e-01 9.949912978137540609e-01
4.940716593573402093e-01 9.953423330774220368e-01
4.811622549137704041e-01 9.954779427760467314e-01
4.700729083203778469e-01 9.953676238460619219e-01
4.637338666867031334e-01 9.952900419113687169e-01
4.609026506460695005e-01 9.952298501504843742e-01
4.429457432291373786e-01 9.946566181278924113e-01
4.288558635228878479e-01 9.940818968496489827e-01
4.253039801876862258e-01 9.939120423013216854e-01
4.247636424122186449e-01 9.938861728780918892e-01
4.211309113055581310e-01 9.936859648010467616e-01
4.112254482278354661e-01 9.930872053544306244e-01
4.081642011240692591e-01 9.928808566292770532e-01
4.029961937824195761e-01 9.925140659522305731e-01
3.936327100626566544e-01 9.918202491826250133e-01
3.864885054753836036e-01 9.912716701788288898e-01
3.824033255150777189e-01 9.909400017140661543e-01
3.738339534250980645e-01 9.902187335579212268e-01
3.689665831455201106e-01 9.897828432456606818e-01
3.625656690665479687e-01 9.891995324890965335e-01
3.586576772478770048e-01 9.888429196903713025e-01
3.539844036955296369e-01 9.883667464520804469e-01
3.472204983964136682e-01 9.876123407265651188e-01
3.429764008810145537e-01 9.871253793358352180e-01
3.366449431961128225e-01 9.863040784812715511e-01
3.284111525063921899e-01 9.852159755104687999e-01
3.240021964843000646e-01 9.846138357985576572e-01
3.154860967698303043e-01 9.833730302471058726e-01
3.137661959369135722e-01 9.830908627442874748e-01
3.120317642119347923e-01 9.828039818260625449e-01
3.105709312373641229e-01 9.825544192466122428e-01
3.088157901928043625e-01 9.822539989996443843e-01
3.069175639829186952e-01 9.818970881088818770e-01
2.985980277739560540e-01 9.803041611672829170e-01
2.950607896035795097e-01 9.795284802535139113e-01
2.929760613199448027e-01 9.790399367048026047e-01
2.889735678738959423e-01 9.780759085475591030e-01
2.836694008303102255e-01 9.767830763537950212e-01
2.811605814198374631e-01 9.761588388493519508e-01
2.800810035418490607e-01 9.758785900399670199e-01
2.728373001450740132e-01 9.738824280849917026e-01
2.716310619706420182e-01 9.735164075797845262e-01
2.669653406994698663e-01 9.719219107556110737e-01
2.614608494745477296e-01 9.700215039049994159e-01
2.590442117378410902e-01 9.691387503871913278e-01
2.520457470017909429e-01 9.663814301834415810e-01
2.392872812287953899e-01 9.608490979838237855e-01
2.332185740493226689e-01 9.580851223548753071e-01
2.275594193987808822e-01 9.554563005233819295e-01
2.226424651901787177e-01 9.530511478359053879e-01
2.195499717862202660e-01 9.514803984651676316e-01
2.167659462836407647e-01 9.500210424385349128e-01
2.119916227443704448e-01 9.474648883003844446e-01
2.009965662104893358e-01 9.413362187335625464e-01
1.971108764781976941e-01 9.391606549592057540e-01
1.944940318281331848e-01 9.376743107375872244e-01
1.909222029681216792e-01 9.356065834613961352e-01
1.829961008723021143e-01 9.307454859835134764e-01
1.808651675364764122e-01 9.294151175793757824e-01
1.665440691221736769e-01 9.202285200832889256e-01
1.641673220290112978e-01 9.186889339033510460e-01
1.604120482640573053e-01 9.161549532499561055e-01
1.523845155237578686e-01 9.107380204430581827e-01
1.470526297766314716e-01 9.070949429083107196e-01
1.394063509532205147e-01 9.014840701316725324e-01
1.304829568403594875e-01 8.947400793401250052e-01
1.277661302606009075e-01 8.926843282272577396e-01
1.253498323427982841e-01 8.907941425714356320e-01
1.197134071137598843e-01 8.863314549794998332e-01
1.093102638609774191e-01 8.780511915086309793e-01
1.076245705503238170e-01 8.767079463282850815e-01
1.016431058978874979e-01 8.718993470753549913e-01
9.674951941384546394e-02 8.675975033966416561e-01
9.173961747311887294e-02 8.630851296872655842e-01
9.081440000504381604e-02 8.621813298224353384e-01
8.977742233952712425e-02 8.611460286089552829e-01
8.544529186980887037e-02 8.566153807061817060e-01
8.190786454724141574e-02 8.522566053685429743e-01
7.475629763005109396e-02 8.429066146144490457e-01
7.031844981415691365e-02 8.367400806843182659e-01
6.905596334375829759e-02 8.349538808341335772e-01
6.848931001501201710e-02 8.341381668193340593e-01
6.602021158716220306e-02 8.305750447239976797e-01
6.151467462850090939e-02 8.240526763588017500e-01
5.965194952404984097e-02 8.210093142355857632e-01
5.662332699628402910e-02 8.158652225362760246e-01
5.348161226887671038e-02 8.103666384533768641e-01
4.987038128708198848e-02 8.040313852977204467e-01
4.670902725225023477e-02 7.980376547890241090e-01
4.401331102211269997e-02 7.923668008708577570e-01
4.222076105799743573e-02 7.883917053775757466e-01
4.030285748621875719e-02 7.838720244963692796e-01
3.715913772460799347e-02 7.764575559958989404e-01
3.446124851967535818e-02 7.688126581617618083e-01
3.161662442794688221e-02 7.607499522839028527e-01
3.065625328723564635e-02 7.580001568936083345e-01
2.893064676431766902e-02 7.525048042193012154e-01
2.531556190590777966e-02 7.409114691000762143e-01
2.430951647153456463e-02 7.375096895321138213e-01
2.324254591311480933e-02 7.336319917044012984e-01
2.109037802234070558e-02 7.257911332672587479e-01
2.009333085394371388e-02 7.212737302608911438e-01
1.940225044440679891e-02 7.178054749743962848e-01
1.897748487342709733e-02 7.156274458422604567e-01
1.822130020558931918e-02 7.114538329446229437e-01
1.710056301805873424e-02 7.046667239491715140e-01
1.694728769108766464e-02 7.036838663180154940e-01
1.686231045734909451e-02 7.031381855760034938e-01
1.595933030544027798e-02 6.971819222738291355e-01
1.470794595749602696e-02 6.887982170409205906e-01
1.384223803915674011e-02 6.826497798906799863e-01
1.321603632317280841e-02 6.779324967702730076e-01
1.131195495890746638e-02 6.628216324247994118e-01
1.004756803045347979e-02 6.524614222821693010e-01
9.546698896579886018e-03 6.482905144508755990e-01
8.541960202678167136e-03 6.396967177757496570e-01
7.354721565962507590e-03 6.292656455038174723e-01
7.208791613539045073e-03 6.279668555917667927e-01
7.134684627358223175e-03 6.272497494022708509e-01
6.112155734916413508e-03 6.169208961610842534e-01
5.604032590229346411e-03 6.116575439481318766e-01
4.248601734061052682e-03 5.966520565715948132e-01
2.765044784455605864e-03 5.797703849856105096e-01
2.407875169293971496e-03 5.737921170373880830e-01
1.736561574975592492e-03 5.555142517666666890e-01
1.532484649050203096e-03 5.493621801913405323e-01
1.300456907045388633e-03 5.415552296799795995e-01
1.076113961575031475e-03 5.331675292308261094e-01
1.053004892995423880e-03 5.319121116307631292e-01
9.993233640827048347e-04 5.281489907111338589e-01
9.725891298970612553e-04 5.258763440604938832e-01
1.151748301640331817e-03 5.136815883217691336e-01
1.401398861907154902e-03 5.007009508494155714e-01
1.570082645379278219e-03 4.919420888197844066e-01
1.579058410692835146e-03 4.915126317629968655e-01
1.737060640953025370e-03 4.882815016112036499e-01
2.084272660749619810e-03 4.813651143930557375e-01
3.364369461356431223e-03 4.632645335630761751e-01
5.219509963473201175e-03 4.379299579771797069e-01
5.620549478308256575e-03 4.327241301698925291e-01
6.241554350027711529e-03 4.260759211573796890e-01
7.802500496237430028e-03 4.095694088733631277e-01
9.181524474069169273e-03 3.968252443403605945e-01
9.847204822498123455e-03 3.908102578345019618e-01
1.025870683338048206e-02 3.874205227301764642e-01
1.082180977603031113e-02 3.828202057748685272e-01
1.251517642767885352e-02 3.720893633477121432e-01
1.319597479594325495e-02 3.679340875599366179e-01
1.593187887624858412e-02 3.516471869943462725e-01
