2.110465119417439528e-01 2.889740042610635107e-01
1.714280646407554398e-01 3.229703457281462575e-01
5.756212138855620886e-01 5.666065248778818786e-01
2.604363789150553887e-01 4.334373230709757108e-01
6.667511835185457869e-01 6.042658406101624191e-01
2.361882236468242635e-01 1.622769957847137179e-01
2.577301034068877894e-01 4.893090812245905474e-01
4.594376529286010591e-01 2.470001394945521289e-01
6.662376511396499446e-01 7.589081680046112499e-01
3.436232056358570763e-01 3.589117253896788040e-01
3.822426811108505795e-01 5.981701591233850035e-01
1.686882000119410696e-01 5.331401029133900904e-01
2.766389734912305109e-01 5.581025355775849350e-01
2.096199176500216643e-01 1.649357027459548708e-01
4.448597566609399090e-01 3.280098289359707486e-01
6.961893217857783034e-01 5.832374488742504415e-01
3.682183233422451907e-01 2.714443093105574079e-01
4.128352343200797359e-01 2.446529505828095030e-01
2.041834572823756910e-01 3.813639046092236473e-01
7.280195617950147025e-01 7.465443191257937761e-01
4.236823462949814711e-01 1.764585068379117549e-01
3.565593896493663428e-01 2.411838896809412602e-01
6.170620684359298114e-01 5.289460436273069055e-01
4.297077099717512283e-01 5.904527452622505557e-01
2.230051890170764439e-01 2.993245381311977482e-01
6.302911933954922219e-01 7.091049518851808564e-01
6.370349621646622662e-01 7.305630106086551390e-01
8.069208734629260693e-01 7.430227965777734811e-01
4.971091626262623686e-01 5.344150646026770701e-01
2.848095194544312814e-01 4.439622480232320312e-01
4.420075320872005609e-01 5.582036219050581227e-01
3.917697794142304679e-01 3.570136268147601766e-01
3.693327001835873813e-01 1.750927138202259536e-01
5.085655867233859206e-01 4.481132731903351152e-01
7.079153881030135764e-01 7.163597202925016116e-01
1.342780387589720126e-01 5.250297294820588379e-01
5.250700440164399740e-01 5.842665905120228986e-01
7.401181389814845968e-01 7.561723655913380471e-01
1.539872286444932126e-01 4.028522223627447607e-01
3.366851009636981917e-01 6.159348341639403479e-01
7.191503359865510925e-01 7.061573947004461393e-01
9.033263205533269558e-01 8.755275410788279089e-01
3.177754801619038227e-01 3.298918383098249363e-01
4.352598445260984494e-01 5.119820475850722641e-01
4.213838870333591613e-01 7.061370024304307602e-01
2.719642259627145231e-01 4.645737285054308829e-01
2.732453986954967440e-01 6.041802947023100501e-01
7.348929727869324413e-01 7.641525285312351645e-01
7.074881460762504348e-01 6.681066925001681867e-01
4.170788449762126149e-01 4.118888205017887105e-01
9.667367944667304425e-02 4.851250444588447452e-01
7.631502548052242485e-01 7.336942057683983887e-01
4.130990320599848831e-01 4.905554162608977142e-01
7.386393576620924328e-01 7.571778203599345280e-01
7.801257006407009698e-01 7.750660317778240715e-01
3.490759311699654366e-01 6.608609454588703080e-01
5.768878201812197570e-01 4.859645662264113763e-01
6.226487144187979883e-01 5.139826842956312092e-01
3.870848945043058875e-01 6.510499917603354003e-01
4.418198736229529966e-01 6.697043451626421007e-01
3.837196181286681718e-01 6.892135363698791428e-01
8.087103620967728279e-01 7.500477035377669521e-01
6.244078835570734398e-01 7.108200011701670817e-01
4.546900002118244299e-01 2.599702995005311879e-01
2.346139363122350940e-01 2.219260095995850834e-01
7.871425174394302005e-01 8.022030602704665059e-01
2.706317820866550594e-01 3.699712997542954351e-01
2.789198741038993457e-01 3.770977136564940269e-01
1.567895487379259434e-01 3.766888210204961673e-01
3.158097630075744067e-01 5.050012850496514716e-01
6.643574279722387343e-01 7.574865508067046838e-01
6.265386395325253099e-01 5.916401662877364132e-01
1.824931601020380323e-01 3.625350951036757641e-01
2.940341070334091533e-01 6.343103874255849872e-01
5.562881887932157321e-01 5.625348691014493419e-01
1.294319159563339094e-01 5.134289237507994041e-01
2.095798379391156929e-01 1.561019421084916536e-01
1.488749071411904490e-01 3.494575473619769834e-01
5.326877472472160147e-01 5.379306623562200018e-01
4.615439900715118116e-01 5.122922250132653232e-01
5.485813808464571339e-01 6.878678449244710613e-01
1.559502426237447392e-01 3.419384467678808770e-01
6.785917646877942522e-01 7.462464614127350959e-01
6.367588797663946698e-01 6.021569075323515152e-01
1.947755788517936404e-01 1.244724589211720911e-01
4.611760400491063949e-01 3.289780240861577276e-01
6.414874933162051374e-01 5.101692128926251790e-01
5.330710166285124174e-01 5.044977558009140495e-01
2.182202437778500981e-01 6.408087600916210214e-01
5.803771977064418053e-01 6.965395621306129659e-01
2.487269664852138629e-01 5.047788733377142067e-01
3.439872266558286484e-01 6.531480771944608854e-01
6.158229325715465219e-01 6.366898317573083110e-01
4.976380875855557218e-01 5.870089029152552040e-01
6.292533544915606125e-01 5.674427636371417449e-01
3.711418571957749712e-01 2.058346689456044543e-01
5.771780203899412598e-01 6.956427534207970664e-01
6.731193718751530275e-01 7.046824982836159545e-01
1.598928582466363491e-01 4.135036942272170002e-01
7.910774029140791308e-01 7.550076173635293930e-01
