5.078437962841604314e-01 4.742364724227662309e-01
6.120015510065606179e-01 7.908208396983900101e-01
5.232779285561782734e-01 3.083986113974530041e-01
4.887173458573909057e-01 6.211767619484394043e-01
4.350050311370293743e-01 2.294009206470559448e-01
6.554877309244619976e-01 8.607211837156479861e-01
6.105651614546588890e-01 4.545611268962190810e-01
5.415901233003882487e-01 2.418868501971964124e-01
5.607244544693175126e-01 1.674596037397508563e-01
5.202414722065483721e-01 4.496955248562919949e-01
5.662413294154391430e-01 3.138990229385658637e-01
5.662950662574703919e-01 6.950309934522943545e-01
4.817588402914072532e-01 3.898923855520343706e-01
3.929025442423983439e-01 2.263232090930828999e-01
4.831536247789966487e-01 2.498629643247357590e-01
5.507064468128055612e-01 4.781865998931263961e-01
4.902914956105779987e-01 2.829944213952564347e-01
4.752042464527355126e-01 3.127956491354881852e-01
3.962808419268956106e-01 3.042976708118316220e-01
5.377136033518961078e-01 1.846792399437983678e-01
5.513119002796719181e-01 5.782215790399769517e-01
4.957619729471732239e-01 1.733879807456176758e-01
5.268493878206317316e-01 2.076998273505918369e-01
6.061491470748185950e-01 7.246951935923271471e-01
4.654154921630955788e-01 6.064679881214911639e-01
5.977935496681612282e-01 6.579660165166141272e-01
4.487630222219701759e-01 5.218989975502185130e-01
5.382314836528117041e-01 2.068734558421018443e-01
5.887359836200144469e-01 5.196366229448036167e-01
6.091255686012398973e-01 6.268478261674497176e-01
4.126774959298520340e-01 3.890235737198577959e-01
6.188919636560523685e-01 4.104545808164105081e-01
5.405433800434207292e-01 3.295632689226111189e-01
6.161024721773228352e-01 1.939751037063470185e-01
5.231198715395739551e-01 6.895074690759268599e-01
4.037468503361048011e-01 4.396078008381337776e-01
5.509822646768167687e-01 6.727692088051799857e-01
6.232251144396034892e-01 6.073597736076847831e-01
3.498341437447539115e-01 2.215125823457585741e-01
4.030720177702412643e-01 2.696758375606326252e-01
5.235435317320560333e-01 3.762336357402749076e-01
6.037541459317034009e-01 6.195239299638355401e-01
4.613682207478625452e-01 3.384294699763939485e-01
5.959168638671554774e-01 2.420428753289800561e-01
4.797552712852438672e-01 4.184678440022103207e-01
6.230431722806530903e-01 7.415513785748999442e-01
6.073450286042242352e-01 3.371630224220686367e-01
3.445122690755378914e-01 1.872519228099037703e-01
4.820752137752113420e-01 4.294033707519062659e-01
5.251359471735141948e-01 2.492223461303060827e-01
4.919901101805832511e-01 3.143809443872496168e-01
5.061269829353517435e-01 6.324245284286909019e-01
3.829105732410427176e-01 3.530367812090439150e-01
6.449797498520174477e-01 8.034981227765487510e-01
3.668742755263432187e-01 3.225556874880125546e-01
5.006187026059361056e-01 2.404266404379988287e-01
4.593778864733436551e-01 1.804191955097400046e-01
4.479207935555283293e-01 4.852470545439467875e-01
6.438499942241692198e-01 3.836812907390213523e-01
6.014306301796461529e-01 6.505487893658704612e-01
5.768127099909096112e-01 2.191903235980741382e-01
3.742194557189565396e-01 2.501956475220148413e-01
6.467877096984595564e-01 6.569592715639266389e-01
5.257991756162539998e-01 4.524243787327354993e-01
5.478024927418474466e-01 6.380485763838205093e-01
6.368614098084567354e-01 7.273672025973427768e-01
5.357629670675463363e-01 2.217772258501652938e-01
4.047482450807375898e-01 3.539007444129892987e-01
5.651476754129332036e-01 2.162333751709996921e-01
5.186331969661871488e-01 4.374741800902575140e-01
6.422957966649091022e-01 8.036435098985066361e-01
6.239233207259665681e-01 3.367125009849174511e-01
5.176566143271889020e-01 3.661989979139347873e-01
6.256878934332674724e-01 4.133241823132816628e-01
6.248917911536139291e-01 8.050222584543811344e-01
5.569927862911756566e-01 1.838764697674266368e-01
5.740996197931105272e-01 3.217926770248301094e-01
3.760980056005376326e-01 2.753974058422753446e-01
5.061983748759116830e-01 6.862429367469997654e-01
5.487806561432312380e-01 4.068790005489782979e-01
3.873089774279574460e-01 3.677372254151199393e-01
6.493810037715489480e-01 6.919168003358949770e-01
5.401606512851661046e-01 4.785303088770215263e-01
4.865418821013379747e-01 6.299879523167070117e-01
5.902007937436793972e-01 4.751194828591390751e-01
4.468799137347840844e-01 4.332247617615991864e-01
5.667445107973713148e-01 3.344453206061216433e-01
4.577187434206130834e-01 2.579395959921318982e-01
5.060491905274530078e-01 2.449927535779884702e-01
4.287055350720773150e-01 3.376186277970557592e-01
5.897689016906059178e-01 3.905995534872224728e-01
3.898963228276495219e-01 3.193304829687427793e-01
5.202675500180653501e-01 7.517967418406601432e-01
5.651272380133531836e-01 4.354272552039408772e-01
6.502398547487862057e-01 6.416642964986305486e-01
5.881360794332664010e-01 4.203480225110179935e-01
5.526617928727035611e-01 3.497069991636692077e-01
5.241479062753859886e-01 4.034153190825477964e-01
6.419878773152047913e-01 1.392788162843520139e-01
3.688978708712451482e-01 3.777571021339167778e-01
