5.992269345393582691e-01 6.024816642782108156e-01
4.397694393570853455e-01 3.010453153958624894e-01
4.979473221318430065e-01 2.336390590060605787e-01
5.795711948899786581e-01 6.149725767092442119e-01
5.872806679941746655e-01 4.436105461719427323e-01
4.298343352673265616e-01 4.364922055281793001e-01
4.031494431935728207e-01 5.333793926721954737e-01
6.141550918109527357e-01 3.191181951153592711e-01
3.785929077313555102e-01 4.375625949795607927e-01
2.903591445039026553e-01 8.120421641683683855e-01
4.115708398239458221e-01 2.642572965953537412e-01
6.086522976304403754e-01 5.299026517532244851e-01
2.835928889434047306e-01 5.749497457438729198e-01
6.889195671957966116e-01 4.926547837783386008e-01
3.055957430059408342e-01 6.495465054538105409e-01
5.100677810186602379e-01 1.487670109483573699e-01
6.552927999315162344e-01 3.314660616058763276e-01
4.574999966274533314e-01 5.602890205697748094e-01
4.017533762089491312e-01 6.548081637759579632e-01
4.895948710475250820e-01 2.990223904117544906e-01
3.395870904083488351e-01 6.368971427736964674e-01
4.374139858417172011e-01 3.898637912503165603e-01
2.374058648068482213e-01 7.511608887465283102e-01
5.571416115527789703e-01 2.960199203662168266e-01
4.269605994771991098e-01 6.899260496077537219e-01
1.828374556757965674e-01 6.469145362865332816e-01
4.194608533966175390e-01 5.903870692400053910e-01
4.281622128328494981e-01 6.841736229668620162e-01
6.739516993390349819e-01 5.613506224465243388e-01
4.200178695070428958e-01 3.803588001474720870e-01
2.886341341855330755e-01 4.424635422808250729e-01
4.433380035238437822e-01 6.227984628005508450e-01
8.171625443242034326e-01 4.606222162821079769e-01
6.774034556631172155e-01 4.116970136456574170e-01
4.000606730798865751e-01 4.827842600075577528e-01
3.884835079832382743e-01 3.147801997799109519e-01
2.652373456509229399e-01 8.110933910131810087e-01
3.135085928559622204e-01 6.805097875404251262e-01
3.938543794885255855e-01 7.604824611155872605e-01
5.090523126441731661e-01 1.148149482030432766e-01
5.755229920349376194e-01 5.047960295782154549e-01
4.699552240685435645e-01 5.309923774705556099e-01
5.689047884504419006e-01 4.841682079066216282e-01
4.842762017693044707e-01 1.453344829767390656e-01
6.218206085869928401e-01 4.838503971359996436e-01
4.138614771918537882e-01 6.979544463514211206e-01
2.910898728245772671e-01 5.230791716087918042e-01
3.650077492223495201e-01 7.463735546495936513e-01
4.752512012640889294e-01 1.787392857303737315e-01
5.062242124455210712e-01 5.152723557037537372e-01
3.813271015045172629e-01 2.536233968683714313e-01
5.825794022516324056e-01 5.792592096753806929e-01
4.768530825657518180e-01 4.484900017079412882e-01
5.147658374073845744e-01 6.120682935257850676e-01
6.002284957115667785e-01 6.107190635943902102e-01
4.972041746246909644e-01 4.657372250338873143e-01
3.654261655367324058e-01 2.882168307967420962e-01
5.284754239838506118e-01 6.247184919651067592e-01
7.150702635849649491e-01 4.230764947020091427e-01
1.921440727839820173e-01 6.820078161163956043e-01
3.268564113721175168e-01 7.445076327690591800e-01
6.242912032006060485e-01 4.810886123143369719e-01
4.671947591917720022e-01 4.182529903763414492e-01
3.074529481714952661e-01 7.410262625079159227e-01
2.855512211121299382e-01 5.536925136871138076e-01
4.810480093616156805e-01 1.902016861962840255e-01
5.096833807005914929e-01 1.419266608083017411e-01
6.962593522120672507e-01 4.580319599938946218e-01
5.273367215011502962e-01 4.250829416078235612e-01
2.543841292493505546e-01 6.127884862312560355e-01
5.209133084932962010e-01 5.846929411256842624e-01
3.959917346326312648e-01 6.760612920086624955e-01
2.801032285940086575e-01 5.316695011117368308e-01
4.764869432001373473e-01 4.023143444999993656e-01
4.114142709929374808e-01 2.804614075999524170e-01
5.491481644614928381e-01 5.208322651936414527e-01
2.365035618106690607e-01 6.859884133797685690e-01
3.423170783263688177e-01 5.692329623083218770e-01
4.035057225138082848e-01 3.105988329549954075e-01
5.362434794221248024e-01 5.822542815110267611e-01
4.902801010017430183e-01 2.998903016245701436e-01
7.154649148208647169e-01 3.641777174945401430e-01
6.754734080780542271e-01 4.827356643102144740e-01
5.116526956496344480e-01 2.763477300688225169e-01
4.666945157448724180e-01 4.359568734995633577e-01
2.774921890457924811e-01 5.988858986783666127e-01
2.537949360561336243e-01 5.164133779996660234e-01
4.817221751720660583e-01 4.539337894273403062e-01
3.933033279133845150e-01 2.253692200742687390e-01
5.201668655936680929e-01 5.648086858536947030e-01
2.181713279209074874e-01 6.491416257591529071e-01
5.017273805889169713e-01 5.269854693797675349e-01
4.110325077137905736e-01 2.889609784290456673e-01
2.196861264172985662e-01 8.851850517969567234e-01
3.504491783216270306e-01 6.580685554334835263e-01
2.143338673701217778e-01 6.129850414104828227e-01
6.012088074647927716e-01 2.658354260186435170e-01
2.413653800457709331e-01 7.308307131318334537e-01
5.497914412815362306e-01 3.742599027402652712e-01
4.092375566301129641e-01 2.477105169544724927e-01
