1.635696360477855993e-01 5.953309543692710815e-01
5.702889251429588136e-01 4.045989125459065749e-01
4.614250306287358550e-01 4.237761267913404128e-01
2.826948719722988113e-01 4.176819760446716656e-01
1.142007510774939033e-01 5.938184861468939202e-01
3.820175392034469986e-01 5.725835718766341120e-01
6.354777172342975788e-01 4.473716958056169757e-01
3.463424091238366254e-01 5.530797363643011888e-01
2.109708539166939567e-01 3.708625035928223568e-01
6.044675364917582172e-01 4.554526320475467127e-01
2.501751648168294428e-01 5.247072594795294531e-01
2.125991927578704255e-01 5.852922620837646139e-01
1.881428758580767080e-01 5.803513979572925141e-01
1.740212541771150312e-01 5.005224077279215589e-01
3.312950679660984776e-01 4.524797259879010380e-01
4.782757536746662930e-01 5.363333249734274499e-01
1.256971539417047479e-01 6.153814104226722481e-01
2.843560376626787511e-01 4.609306253826402355e-01
3.753935336811805024e-01 5.132557555880490341e-01
4.799384993989765369e-01 5.238338864227967129e-01
5.847666536525597536e-01 3.701564619016686764e-01
1.152755447681287904e-01 6.339962570526380681e-01
4.159454355534687453e-01 4.706925233350433002e-01
7.175712437193277893e-01 4.214640199676534804e-01
6.105474328095269465e-01 3.689869293558191155e-01
4.195880749455120906e-01 5.583453979922400334e-01
1.947725857288825635e-01 3.950105294903201170e-01
7.729682135569446721e-01 3.823385153982929441e-01
6.216062921284106757e-01 5.210576202264232126e-01
5.348873087176162500e-01 4.984534890387981032e-01
1.539987503854833295e-01 5.811695690320911600e-01
4.577604173324436032e-01 5.235431029278061477e-01
5.241732518757887815e-01 5.307975710713052075e-01
4.252294016717093061e-01 4.515192467455583225e-01
2.271342634507116098e-01 4.116248018636936012e-01
3.345245061806892961e-01 5.008819833401895183e-01
7.707529126299378364e-01 3.960353696012677283e-01
6.204033899683669695e-01 4.059443929460429534e-01
2.366782817255019544e-01 4.834790358886467132e-01
5.781478240850908001e-01 4.371350995132362027e-01
5.183349528743166346e-01 3.954564677709248577e-01
5.553180749366449787e-01 4.951585793947083647e-01
1.852927238233099683e-01 6.089554977732859475e-01
1.015918313670202411e-01 4.763319511521824645e-01
7.163441582184770784e-01 4.396487192281730016e-01
3.879808517703489112e-01 5.198006294118443504e-01
4.534139858854647209e-01 4.432134592009798757e-01
9.553379884668338207e-01 3.660037429473620429e-01
6.642510757402649846e-01 4.364085796414410856e-01
4.937835856719275385e-01 5.316274100229866351e-01
7.019154396865328049e-01 4.340737811106207822e-01
8.062645110113776659e-02 5.210947911406096367e-01
7.242739721979175593e-01 4.634585362464346270e-01
2.166523684827721952e-01 5.615181017458015234e-01
5.813221502579191124e-01 3.812934188757267640e-01
5.104102376487845705e-01 5.127098283484045060e-01
5.698802721028355389e-01 4.207815357680873558e-01
2.505953091802787247e-01 5.110897935079929955e-01
4.466201153316612382e-02 4.926808449741100215e-01
4.275931552437440830e-01 4.549832527097232293e-01
7.336404227061388283e-01 4.430558856344319341e-01
7.214878180676910224e-01 4.460535650801011331e-01
3.592309035723664223e-01 4.488300775038460699e-01
3.557009390357318002e-01 5.348141968360748955e-01
1.450715312167727977e-01 4.870423781071993030e-01
8.059164736910221505e-01 4.088424033623047071e-01
2.188673281318396224e-01 5.877428249367465662e-01
1.434677912462362370e-01 6.185136114711698996e-01
7.507951711653662041e-01 4.092162296527934728e-01
6.193190483969666926e-02 5.024208568666247432e-01
5.413947309588030832e-01 5.059811686985727919e-01
6.555071010067547999e-01 4.606559713931767108e-01
5.627437879879781946e-01 5.307126605130311203e-01
7.816257796292139792e-01 4.280264756756443356e-01
4.558901109820810982e-01 4.531180897537301910e-01
8.463248020538612915e-01 3.714847231449377452e-01
4.777647061262218497e-01 3.852238775290534600e-01
3.815404772225614582e-01 4.730370992841331224e-01
8.206664542799465556e-01 3.680591130957919788e-01
2.052165918747238249e-01 3.957644885335402929e-01
4.092777070790014626e-01 3.912468426848590419e-01
3.385179684937226208e-01 4.091534713236415488e-01
1.776515432957920249e-01 4.435217092796158167e-01
3.938846214060464646e-01 5.386393683701544699e-01
1.194312209255924961e-01 3.671417620913763891e-01
5.485504267465194372e-01 3.677360518138863554e-01
7.027230781891993239e-01 3.861627119134345421e-01
3.014750640868558151e-01 4.162600387195756202e-01
1.359953095367232301e-01 5.983487217346102893e-01
6.601798267071299353e-01 4.234430922992081792e-01
1.352818136649557301e-01 5.539100710778399606e-01
4.812358918890973225e-01 4.942813719238112746e-01
3.798717657531007763e-01 4.930868179473277269e-01
6.027459415740775706e-01 4.484443538422843711e-01
2.119130231452771851e-01 5.847187082884737208e-01
3.627824637010679809e-01 5.673800832062683153e-01
1.101284901939025701e-01 6.177988095859113793e-01
7.181763262571306816e-01 3.709897434366440927e-01
4.211445587641111654e-01 4.255747882340266686e-01
2.216998144544496396e-01 3.885513905044237770e-01
