6.247374720562187678e-01 6.248206719058467806e-01
4.099271986354993680e-01 6.092056393949610849e-01
4.391661566334046363e-01 5.637996699239562481e-01
4.945919605761048832e-01 5.659538774423433782e-01
4.546566005686560330e-01 5.668547624342152869e-01
6.457271204179093615e-01 5.708446483922132719e-01
3.828731893966639266e-01 6.040487430735471674e-01
4.593167885045725818e-01 7.431594778644623478e-01
6.424398716998838132e-01 6.974344498322881947e-01
4.918002769130105367e-01 3.796612400884262772e-01
6.636449792696769157e-01 7.192575967131826786e-01
4.038342411703458312e-01 6.921239361701844173e-01
3.810525118620656793e-01 6.043549330265312047e-01
3.582705353161109718e-01 6.499316980625593487e-01
4.116906601930403475e-01 3.612467915506571425e-01
5.334014604389425429e-01 7.995218060745992172e-01
4.019757367547812654e-01 4.061298612062496094e-01
5.629998557722422081e-01 4.962237142991990924e-01
4.793549106861281772e-01 3.672407501040440003e-01
3.679356692600923573e-01 5.368537392590799762e-01
5.607594299347459232e-01 7.382270693225880809e-01
4.290409578414918768e-01 5.062599793896114253e-01
5.983080885126185189e-01 5.305164937858506402e-01
3.973344745027598268e-01 6.594719669532905781e-01
5.585248579270739588e-01 6.041057413541048859e-01
4.182913732746588176e-01 3.374744704523892080e-01
6.213997683639604919e-01 5.533839725122329245e-01
4.287789050317796224e-01 4.438268627304815528e-01
4.233640617799041550e-01 6.649359785509090237e-01
3.363550207303230843e-01 6.647267259602951395e-01
5.204237957856007180e-01 3.923290385160032590e-01
5.777220322061991098e-01 6.126616669242940239e-01
3.605803627062567629e-01 6.629131108746307843e-01
4.490522368575004530e-01 2.506323916919709349e-01
4.398238529698185739e-01 2.624644632999056926e-01
5.480458550616944535e-01 5.515653870857127883e-01
4.977630565744129987e-01 5.748975152513546849e-01
4.970197430967879804e-01 5.151570582624170891e-01
4.178810842889195687e-01 4.021660622206939539e-01
5.454111147010050065e-01 5.146339465146761993e-01
4.103488462090955635e-01 5.749370898640630001e-01
6.495830091868405320e-01 6.506503452683194411e-01
6.015371858139078043e-01 7.143557686952768382e-01
4.116767227513138394e-01 4.987182367017780615e-01
4.412646088847177461e-01 2.004781939254008938e-01
5.048754161528541395e-01 7.786463363878327604e-01
3.918424672744300619e-01 5.361477344990779326e-01
5.945994850136387955e-01 5.082972730426467134e-01
4.735573181663632614e-01 5.728937446377713183e-01
5.086191664444336125e-01 4.541194523401873573e-01
