6.341749412026638222e-01 6.697289512834532221e-01
7.849983399982980448e-01 2.664527357740392732e-01
7.595876291451297835e-01 4.858912280799156935e-01
6.354108788807679709e-01 4.028994309357346593e-01
4.809466613277607050e-01 7.406311663827154224e-01
6.163033483295582426e-01 7.588781755643705385e-01
8.804792401340992836e-01 7.171012399972955809e-01
1.273102263156078440e-01 6.903081196661997598e-01
6.115686154629075277e-01 7.302483693575601009e-01
9.498446398386902745e-01 1.969947346079190531e-01
8.629112408988084404e-01 5.306491108675281954e-01
8.697624662004486140e-01 2.312082466055966901e-01
7.856673590458854717e-01 5.511718211029736914e-01
8.033789197675509364e-01 5.168016949399955040e-01
7.802400840486209965e-01 7.501942573526181324e-01
2.974918886744515323e-01 4.563525272628352614e-01
8.170022620998343976e-01 6.553663716903259662e-01
8.241135990556592850e-01 7.594076479771704191e-01
5.015536016130961450e-02 7.408232941798119642e-01
1.366324770881045259e-01 7.375724409340868037e-01
4.023060691276501011e-01 6.727468643335191567e-01
3.088209807857394407e-01 5.077654997023429706e-01
1.889737911152890026e-01 7.922222404852500288e-01
1.062972246608582250e-01 7.501765058589283663e-01
5.168173810863068152e-01 7.010776407107000008e-01
5.675334090804496912e-01 7.735527366822407824e-01
3.809698903033326145e-01 6.508417817110470072e-01
9.461325595465017724e-01 8.030052653920809469e-01
5.823202881467518521e-01 7.406476720518491152e-01
9.208228434315344213e-01 6.851823678521454797e-01
3.220082958109052318e-01 5.761143083695644540e-01
8.534249864149658915e-01 6.168023736331110785e-01
3.990812752977849209e-01 5.287970922369665816e-01
8.761159947596761643e-01 5.053401116306400764e-01
4.696390211333211218e-01 6.670784315727843472e-01
3.042543278187069822e-01 7.383032859913564172e-01
3.513926583735181852e-01 6.346016061362127481e-01
8.301888530845333847e-01 6.674859952910601191e-01
2.626514294365175362e-01 7.693454756887736501e-01
3.464752065802411130e-01 5.235028795263200196e-01
8.938550318479072665e-01 5.960899014428027165e-01
6.473348241825227500e-01 5.955807246161531898e-01
8.342074942289579020e-01 3.790689671904719504e-01
7.450775221234150480e-01 3.514736721327522684e-01
9.429209134732275954e-01 6.014198742187376601e-01
8.067023886728392768e-01 4.868455291445051847e-01
7.621448438596198360e-02 7.225628789106216532e-01
7.725583400885870367e-01 2.774761666861018661e-01
5.409781888181853793e-01 5.307370901364781846e-01
8.746377698644589582e-01 2.485746488955982714e-01
