2.794089511921227231e-01 5.077876548173562155e-01
4.373559163611268619e-01 3.641623024209743598e-01
4.198255688847635780e-01 5.716378140935512997e-01
8.082517721208306583e-01 7.049879044810135609e-01
5.577542652325369055e-01 4.160326466438559190e-01
5.801196996103561432e-01 4.158389118581998778e-01
3.641855953091486242e-01 5.107673493255479036e-01
2.927179609214141109e-01 3.758315520963743661e-01
2.192161198672662736e-01 4.521510302398374925e-01
3.984022642514646328e-01 5.128104160410026369e-01
2.816695579359919099e-01 3.241243869061797289e-01
5.162252155853979119e-01 4.881280054929959533e-01
8.372927770721140250e-01 7.597919736258670342e-01
5.108150705018513760e-01 5.314291635629657673e-01
2.608043487853901055e-01 4.637493504623703133e-01
4.067574668406936378e-01 2.780631354552628443e-01
3.388498490117353157e-01 3.760524270088904109e-01
1.239869017685096830e-01 5.278727478071078005e-01
8.760130982314904280e-01 7.772920702087262601e-01
3.275710471377923372e-01 3.873459972372121363e-01
5.834354904298392208e-01 6.755495285568686725e-01
5.874416555038580734e-01 6.672820768122387225e-01
4.725594160488474915e-01 5.877915934866116965e-01
4.869799568079992147e-01 4.912290418203668074e-01
4.687547403227617093e-01 2.741452295824605701e-01
7.420264007061042610e-01 6.344812223883384839e-01
4.340494660120448600e-01 3.959187139146569390e-01
3.428827171234505311e-01 4.551493393590979597e-01
4.204468705430662867e-01 4.684936787365067135e-01
6.316302413850408692e-01 6.940054574572663837e-01
4.742879296710583170e-01 5.518072031283681733e-01
3.294034575200212034e-01 2.683837017563479588e-01
4.958662244722129020e-01 5.008790620756728984e-01
4.201095423006377394e-01 4.606616890132061992e-01
4.283797156498740377e-01 2.821154027858701063e-01
4.332068960817407888e-01 2.227079297912736289e-01
2.596077926948219816e-01 4.639665161066388044e-01
4.121437658883219668e-01 4.777018091359042096e-01
5.623186453960518083e-01 6.500563749934267221e-01
4.605434198816815705e-01 5.843264600339290737e-01
5.728728498412832826e-01 5.466229490920603284e-01
1.663115544426729819e-01 5.321473542675684287e-01
5.347646762647901841e-01 5.078160013824591923e-01
4.035082618020308098e-01 5.275804694410279883e-01
7.814899195341513671e-01 6.629493985899761466e-01
5.733554852996187723e-01 4.007109764141079111e-01
7.135037793627894143e-01 6.770900591907395016e-01
6.193852433052730033e-01 5.756709164719217009e-01
3.905516818114457833e-01 5.631663401347515308e-01
3.862764254862434687e-01 5.845177754088590749e-01
