1.247814177012785963e-01 9.972885281629972898e-02
1.317069789444530459e-01 8.957555343990886154e-02
1.729314504150548659e-01 5.054961388839607217e-02
1.787712134460828217e-01 4.511044287226806393e-02
1.847465072088959603e-01 4.049805464165689983e-02
2.301498847004651571e-01 2.494674270844832176e-02
2.449124089292327167e-01 2.001710724133753949e-02
2.495078827552561496e-01 1.873410246185225336e-02
2.991512462185111909e-01 1.402239495455848139e-02
3.292322108547559578e-01 1.144094228009462366e-02
3.569480876439478090e-01 9.072270919670111233e-03
3.880258908380230798e-01 8.312138754212328173e-03
4.219125640365717356e-01 9.057227954311852791e-03
4.872074344762801212e-01 1.371616705503297950e-02
4.896431039898990756e-01 1.413332072074746648e-02
5.345471143775970546e-01 2.694215216831674642e-02
5.514177872187154827e-01 3.206946242211605735e-02
5.805656393472480303e-01 4.124247729920149652e-02
6.348012273416959728e-01 5.912389614256630122e-02
6.531981952552159409e-01 6.686381654942796793e-02
6.613606202506947529e-01 7.041072426117422900e-02
6.649775077609680896e-01 7.199958103102144236e-02
7.321805461796007108e-01 1.021353802019813184e-01
7.530499479707313260e-01 1.115402336381791093e-01
7.687779549901493370e-01 1.206930453985000096e-01
7.952577129896380992e-01 1.366141867080823413e-01
8.153023631112839009e-01 1.496783210784384810e-01
8.286022199507027119e-01 1.595071652933386375e-01
8.573977616890002817e-01 1.808945007307936059e-01
8.754839377627856578e-01 1.973170907412381547e-01
8.831906029984319950e-01 2.098194262892366657e-01
8.954539851991695221e-01 2.322141175238768840e-01
8.997249650097234319e-01 2.423602526057301310e-01
9.086799660975974913e-01 2.644121563893264693e-01
9.282244942461931325e-01 3.151614328273323329e-01
9.349229345370312361e-01 3.350147316998641767e-01
9.633315725881547165e-01 4.449137118671190327e-01
9.674444298115749685e-01 4.621606977764832758e-01
9.720539169151385384e-01 4.818989771177792925e-01
9.806645226031102114e-01 5.214194982557573965e-01
9.825532857621904759e-01 5.400250901249270541e-01
9.840394357243820167e-01 5.547129259044336624e-01
9.849269344275362048e-01 5.640953810137617763e-01
9.874200423864311071e-01 6.253291857360463446e-01
9.886977421410030331e-01 6.588872211210444751e-01
9.885946431433839665e-01 6.739747187576164977e-01
9.859558541438477874e-01 7.270284712016744644e-01
9.797382922120796422e-01 7.848441520359480394e-01
9.794537485920374875e-01 7.874493811305948165e-01
9.699736458582126630e-01 8.570993071228736326e-01
9.648152705102307491e-01 8.755092183867557720e-01
9.616964829967511452e-01 8.805752617392214043e-01
9.534655546225891953e-01 8.884206199417116201e-01
9.472666311793391802e-01 8.922936024883671990e-01
9.150086628826975543e-01 9.080078076433856227e-01
8.608131189298839914e-01 9.332059235364461580e-01
7.733469525282274937e-01 9.627260411967372145e-01
7.586294054986075786e-01 9.667683837542941916e-01
7.309046216569328180e-01 9.720665692754570930e-01
6.703954860799767879e-01 9.821308588776399562e-01
6.226674389121308328e-01 9.887234228918519996e-01
6.077937265052738569e-01 9.893248948189858893e-01
5.460199164130339344e-01 9.916878612457877828e-01
5.350016289880534792e-01 9.916096297445652352e-01
4.531590227116866210e-01 9.904710077505147758e-01
4.311342909632386311e-01 9.891072246434091664e-01
4.135202168664908751e-01 9.859273003029257465e-01
3.997097663300308579e-01 9.833118526264915671e-01
3.774266880565340099e-01 9.784155187003602538e-01
2.571064833003445793e-01 9.400651441545853082e-01
2.491525206436823181e-01 9.373050313181346960e-01
2.439284223006648045e-01 9.352933366461276821e-01
2.364816577500109540e-01 9.322731099443094527e-01
2.076328805714680037e-01 9.166611757800813276e-01
1.894433921449413250e-01 9.063663917573336892e-01
1.867194539490233396e-01 9.046470378702329285e-01
1.571516093354001775e-01 8.821943862860399665e-01
1.010372144289187757e-01 8.371473579749720839e-01
8.910317540515844126e-02 8.266184128190879887e-01
5.886520077813561791e-02 7.815680376118643302e-01
5.498501612243533732e-02 7.755104994388098971e-01
2.566935644538670402e-02 7.288875218182023774e-01
2.493437108698726146e-02 7.263764251194895216e-01
1.892248999753076699e-02 6.999371953794747414e-01
1.345075914862525757e-02 6.755291645813797929e-01
1.171812969754415512e-02 6.137154455421348631e-01
1.130225785899707791e-02 5.859857241080108636e-01
1.430096652967416393e-02 5.097178852958232920e-01
1.834182605640055641e-02 4.390634575976187781e-01
2.258022364841361096e-02 4.110774866384803161e-01
2.704037982059381839e-02 3.822364539568121611e-01
3.154418910402922993e-02 3.546855013899106179e-01
3.667338671147679641e-02 3.278572934942468597e-01
4.098452920718720360e-02 3.063302581748670317e-01
5.220685214746789704e-02 2.613806992698840537e-01
6.142482616517386251e-02 2.264092434469300308e-01
7.760494891824398778e-02 1.854846679448267643e-01
8.237280505227417837e-02 1.759585574394982865e-01
1.052325098503454903e-01 1.316582537564878752e-01
1.073109748472170777e-01 1.278767346998825882e-01
