5.228788364656422605e-02 7.640203722810503528e-01
2.137200991407371964e-01 3.584349447915967657e-01
5.219807853696919464e-01 1.008406575721466636e-01
6.440332856149175722e-01 1.076395850362553697e-01
9.015662180841628182e-01 2.375800510222672024e-01
9.378631199290232701e-01 3.726476939633482921e-01
9.477121163534357740e-01 6.630498209586214164e-01
9.464769714846711368e-01 8.129868025179270985e-01
6.882757317574608180e-01 8.765867616881847235e-01
7.048108050218526710e-02 8.991593424278532254e-01
