3.256421799760114144e-01 7.660505551123457657e-01
5.520988407393176978e-01 7.961391785678795241e-02
6.116865082368825313e-01 2.843385280596843478e-01
6.363515702230133630e-01 4.188987497939009597e-01
4.421378639878551509e-01 4.683051174120418936e-01
5.665744925861456727e-01 4.079254744461073834e-01
6.350165997434760179e-01 3.166232516524065677e-01
2.418845068084798378e-01 5.148852786290751826e-01
8.275643492186821604e-01 2.492761019014871349e-01
2.839362335233065471e-01 4.768153683211817651e-01
2.539697102921668614e-01 5.259238044314569205e-01
5.082585141205355761e-01 4.936168364170232525e-01
3.660929311048727319e-01 4.504859381975137023e-01
6.359351796198642326e-01 3.854004653016501192e-01
1.831018001202079915e-01 9.203860821432119366e-01
3.045681921814586968e-01 4.912745217635220429e-01
4.641185603634502277e-01 3.581223113818071124e-01
1.884175325173802207e-01 7.486286632727534585e-01
5.579481809772876000e-01 1.911213413957265628e-01
6.178455532972317865e-01 2.641239393485381171e-01
5.953422193575642618e-01 4.737038497534047377e-01
3.280655277952493898e-01 3.942720754202451161e-01
4.341650986986105298e-01 5.331465439951836860e-01
2.029780871493456484e-01 8.863570453289733031e-01
7.414448740314238950e-01 1.395371876061896055e-01
1.765417215188025968e-01 7.080665370257950286e-01
7.204835259215254251e-01 2.040842173320569219e-01
4.602740265714339585e-01 5.337280439003114774e-01
2.500196474610425490e-01 7.595290376934983323e-01
3.629202746483525255e-01 3.922855605029302861e-01
6.332742829387879580e-01 4.752991422850624814e-01
4.553357511290420101e-01 4.613589784305852648e-01
4.334645698718370133e-01 5.022728702716732219e-01
7.144995058112854069e-01 3.554193293709418944e-01
4.860480444925528998e-01 5.736528653953667511e-01
2.423264617054852188e-01 5.893157904057315655e-01
1.752966881285507872e-01 6.263767121141203820e-01
8.225947655534926461e-01 1.716509869302901004e-01
5.673177573775045612e-01 1.103199869782574422e-01
4.081690968440213618e-01 4.600818069673289767e-01
6.722677546231287105e-01 2.511996291425970251e-01
2.856972328497899838e-01 4.985213684188160022e-01
4.210230314410597363e-01 4.379499422838582512e-01
4.530627327495528323e-01 4.312413902412036149e-01
5.411922473183382598e-01 4.324239673608644141e-01
3.523500628478230534e-01 5.213963627461967176e-01
5.544264112217907048e-01 3.385159940652052724e-01
6.357632316368483361e-01 3.888724268619225821e-01
8.324099014160510901e-01 1.900591283494033612e-01
6.237180815987507509e-01 1.254566287791148982e-01
3.037626298041821715e-01 6.100516380639655623e-01
4.325925184471974827e-01 2.452818846623306126e-01
3.199053948591104035e-01 6.511643753700735449e-01
6.812638938599547833e-01 3.502641421339390826e-01
5.012255858891305760e-01 5.983609179930946542e-01
5.473428180630790507e-01 2.963826544578829214e-01
1.798427350072268893e-01 8.504176506054249574e-01
3.673234064952472511e-01 6.648768498680555084e-01
7.496303966537287700e-01 3.216048541143118333e-01
7.016321423624266584e-01 2.276812592980949623e-01
5.270821322751046978e-01 4.344948360248249708e-01
7.462279065223702545e-01 1.763399453970788122e-01
4.957126863027712105e-01 3.269320256082545728e-01
6.244637487484068217e-01 3.262387334312095710e-01
2.735341865475587886e-01 6.258313016099129600e-01
1.554475978063270536e-01 6.040051893783632275e-01
3.084118944945641871e-01 4.039015872686113062e-01
7.554359393315719373e-01 3.080041146455196333e-01
5.019212788234028721e-01 5.673088909919515865e-01
4.892101048206732306e-01 5.959757604995800095e-01
5.138250990344349622e-01 3.427874427032323590e-01
5.360750029463678956e-01 4.772980708398090188e-01
3.939371590203096241e-01 3.482063625592428102e-01
2.123756029904694254e-01 8.498832849504783793e-01
5.020127764647276392e-01 2.524107556683212739e-01
6.814464789161869263e-01 1.586235940384711496e-01
2.999506621161011077e-01 5.285750501534068890e-01
5.782564259934960260e-01 4.627593848163327195e-01
6.002548702893063526e-01 1.464865877225790536e-01
1.952351759566391398e-01 6.476308067967685433e-01
4.743005095098369317e-01 2.315137569161111186e-01
3.785726219805440884e-01 5.274310193754303544e-01
2.449556551382905678e-01 5.393482032682119787e-01
8.183391141977129912e-01 2.150688058734192831e-01
2.513374406106700931e-01 5.187125599907407292e-01
6.326155068588189545e-01 3.761406900991646207e-01
4.825389188890328307e-01 6.148869186575294243e-01
2.529775178054897711e-01 7.444021577405299794e-01
4.352911770608408615e-01 5.631498915257734383e-01
4.030838911421918414e-01 6.567747575124367465e-01
6.327547222667376792e-01 4.185288355060998722e-01
5.122432931340998863e-01 2.569434224948077272e-01
3.210952224760968421e-01 4.496168830952916862e-01
6.207989995465317268e-01 4.463538182970275270e-01
6.956460411201277338e-01 3.547970800936139368e-01
2.951374176242324010e-01 6.844330464377297307e-01
6.134419091343701336e-01 2.304018370777673463e-01
4.959459624375575637e-01 3.255295002976830721e-01
8.445524021936730019e-01 2.745165966657818757e-01
2.250180114015893906e-01 7.077469667225765315e-01
3.410910454637324229e-01 4.604089426201321000e-01
3.259695760376301044e-01 6.449169119525989258e-01
2.401831153565399390e-01 8.213294287918780912e-01
7.037862359858685357e-01 3.444850139460183813e-01
1.638980145162396984e-01 6.838497181130238634e-01
4.531839813108697879e-01 5.053031467258137788e-01
2.888739901119759534e-01 7.849311541090366884e-01
2.906305111095017213e-01 7.388694365686275800e-01
3.000120881151236985e-01 6.878325044943940370e-01
2.474858368041661372e-01 7.502194535139333764e-01
2.811337337920896129e-01 8.113685652027400330e-01
5.979131443154590553e-01 4.977786750027304863e-01
2.864754153190176567e-01 6.648747704456854368e-01
3.205080010459233630e-01 7.069606612042480531e-01
7.376816384745237265e-01 2.103954450934530929e-01
6.954367864081072437e-01 3.025307729068436036e-01
5.263737740105396412e-01 2.557817147811964897e-01
6.162348809774685909e-01 4.119633499324456549e-01
5.411460168227270051e-01 4.878945504777978392e-01
2.264125852630121394e-01 5.126810207041322398e-01
5.493825567971825086e-01 5.187103026044788123e-01
2.918157586637204481e-01 5.661121553549790519e-01
3.951836106543596960e-01 6.066206009635349838e-01
6.329060716442277412e-01 2.376446101509661624e-01
5.249685290115284619e-01 1.775063389438014116e-01
4.204492344379378022e-01 3.977225120951128345e-01
3.064160805811718680e-01 4.661883495981087311e-01
3.093369045481904056e-01 7.705165775451681132e-01
3.257385713112240233e-01 7.769857958486784399e-01
1.775163482309121687e-01 7.019332878209431081e-01
4.835643370866123947e-01 1.845749220235986254e-01
6.287120688729904705e-01 2.877850615344191287e-01
7.656925921153028280e-01 3.097993716241370654e-01
4.183143851092415155e-01 3.474466012449980434e-01
5.791814566447307522e-01 5.041786806297710033e-01
5.450544965043595536e-01 1.769934896188845586e-01
5.665892810196144769e-01 2.058992641586761263e-01
4.509845617338651969e-01 5.128410960047617984e-01
6.645312651952715033e-01 2.089673219408645644e-01
6.497499511807111050e-01 1.783624826677629449e-01
3.444685901771237790e-01 4.936391402769398917e-01
3.027239759165962774e-01 4.695536282242690485e-01
4.733848553302788531e-01 5.526160924924533591e-01
5.775121531140701148e-01 1.608744714975539336e-01
7.056851442463250024e-01 2.463831051574339737e-01
6.171767927133244847e-01 1.489948814997445747e-01
7.236427312860913563e-01 2.885797436142980010e-01
3.248914563204435835e-01 5.004288972641617317e-01
3.461559293352841626e-01 6.067024851823836773e-01
2.868427049115956917e-01 7.016984095008150790e-01
2.033542562106474549e-01 5.908442715800209522e-01
4.062342361685825631e-01 3.944455647378035112e-01
6.383261275419837011e-01 3.936337791502521055e-01
5.453019336485752655e-01 2.409935253529023325e-01
2.861839708700044671e-01 4.516860727488124505e-01
5.138185896348484993e-01 2.006230220263717223e-01
5.140230138914193558e-01 5.236053286154711550e-01
2.698158652312565575e-01 6.540511800808057608e-01
3.845038092353136872e-01 6.664674695717704989e-01
3.874376101689398499e-01 4.161480469678442984e-01
6.763464458900602105e-01 3.867861996734145991e-01
4.002286418014167069e-01 4.141226950091377312e-01
3.268619940550720471e-01 4.464770818511327732e-01
5.684870144215207199e-01 4.062286119906590165e-01
7.604308556989621826e-01 3.433983064638649330e-01
8.380856549054964688e-01 2.327227992868810269e-01
4.619438726228846104e-01 4.034393136672425051e-01
3.275809638847416716e-01 6.165077538375716149e-01
2.268218078557010797e-01 7.440380057865153551e-01
2.435327540882503417e-01 5.177272449230673201e-01
2.606626123467223888e-01 5.831541262398044490e-01
6.313123453834100784e-01 3.934148323217973031e-01
3.469096714323063324e-01 4.581509100734169615e-01
5.398898073791881247e-01 2.805649021108307384e-01
4.044584798579572427e-01 4.823249656328636448e-01
5.354164859457491987e-01 5.190577146508065232e-01
5.406050204474405207e-01 3.809678080546237133e-01
4.183137857900616763e-01 5.140602108430063488e-01
5.509462500745025970e-01 4.768914594203404467e-01
6.152633002445249133e-01 3.255038537929068054e-01
3.878591148572284597e-01 6.714433115391991169e-01
5.860209540384635485e-01 1.341458623384175208e-01
4.413246658748232187e-01 3.565962274791918962e-01
6.775925084679090826e-01 2.490322442327509433e-01
4.314815307686476475e-01 2.831191231553117915e-01
8.210622041861582732e-01 2.816025025977013652e-01
4.485915629802468829e-01 3.916135435276305032e-01
7.418890268839458679e-01 2.264876859846909618e-01
8.046026034898213775e-01 3.098684658094959521e-01
1.785261311413448848e-01 7.625038684834475333e-01
5.700402138299008881e-01 3.378242604713490582e-01
8.318596622798023477e-01 1.652705522153704032e-01
3.239225826544158138e-01 4.764356717957528020e-01
5.552681427749830423e-01 8.742939689359105482e-02
4.739392747133993056e-01 2.618447984954072050e-01
4.570301015435754288e-01 3.097036056921700919e-01
5.634642391017929963e-01 3.417633462886660034e-01
2.916149140879277235e-01 4.819002613147935210e-01
3.255291186590015262e-01 5.991310659177728759e-01
3.732292657092036170e-01 6.020716546128075386e-01
3.340252447564281413e-01 6.888744490671427911e-01
3.644265623664277309e-01 5.542398257000046291e-01
4.421073040654845965e-01 3.650852901372560466e-01
5.633837920927085019e-01 1.099127273827654044e-01
4.867632632062586229e-01 1.948954140336558727e-01
4.551035395284106500e-01 6.154614465930979827e-01
6.052311774847051185e-01 3.337574441472398457e-01
7.497265661282350724e-01 2.930433062619587914e-01
6.011055096734653214e-01 1.623306999952760787e-01
4.054545110257710694e-01 6.438566285682579826e-01
4.723384055233203482e-01 6.230024900563840839e-01
2.355513563888847750e-01 5.560599681734866850e-01
5.008882037342318183e-01 5.530365810166522067e-01
7.562247872063757592e-01 3.281459182954987175e-01
3.852446404576788108e-01 5.569525151133325469e-01
5.798805483986857467e-01 5.043416035070013015e-01
4.303363264721657977e-01 4.580346716731060197e-01
2.409989653992453407e-01 6.843050134557353559e-01
2.615670665468200484e-01 6.435668853083600371e-01
3.230258260088327282e-01 7.627975588892550451e-01
4.108087250887009767e-01 5.731540322855493974e-01
2.577525439751066627e-01 5.472619058171093176e-01
4.756892763804606572e-01 5.190924616531032987e-01
7.167056886474226785e-01 1.702374966888486885e-01
5.335344946402942323e-01 2.152473283441805330e-01
7.227184735971935448e-01 2.667207879368419521e-01
4.189307109024687503e-01 5.050382815091698507e-01
4.502926784671995586e-01 6.341281807480213528e-01
3.912455831162405806e-01 5.159749771475783398e-01
3.602957699467330688e-01 4.865697312107744588e-01
5.165461883693979184e-01 3.421494121329037297e-01
7.420002364922926308e-01 2.189839476321431000e-01
4.630421811434756174e-01 4.783267801243099582e-01
5.936451278710807022e-01 1.456695858932626764e-01
6.791578719230654260e-01 2.186305497098198214e-01
6.971737222140562684e-01 3.649593484925748865e-01
4.347249008978670282e-01 6.437019981830689463e-01
5.094188289158230187e-01 2.041785361867900495e-01
1.892994507815523586e-01 6.460022178841671181e-01
2.622899521045402582e-01 5.871792675847513632e-01
2.927689813824113085e-01 6.916586297095329572e-01
4.620887419634294724e-01 5.928186191541027217e-01
4.965130419257646199e-01 2.251299512202717124e-01
5.835791528332170408e-01 1.590511372745403995e-01
7.574981007598580174e-01 3.448659148770171212e-01
6.916526997649408148e-01 2.012021600982598080e-01
8.112894029927116835e-01 1.596843828798420184e-01
3.086372072380113019e-01 4.455813857997519833e-01
3.498146822649130239e-01 6.735157677015038979e-01
7.080277592071164694e-01 4.023191036653964159e-01
4.934975008095577875e-01 5.408044788268099312e-01
6.417991158856265477e-01 4.582758921897457927e-01
5.818706841636063221e-01 3.470426057717180823e-01
4.859003262870155160e-01 6.104090070462944162e-01
3.814508308346946097e-01 5.559625731145519945e-01
2.246291431875376277e-01 8.087043246224682180e-01
6.721300761933582946e-01 1.234460524039945467e-01
4.118296932705571289e-01 2.743779123869333203e-01
5.935226367304006212e-01 3.480050000606156324e-01
5.934316019985996782e-01 4.239402986775718807e-01
5.425118003871677308e-01 1.280179118175568398e-01
3.175718845488263997e-01 7.655517987613577047e-01
5.587132880315375250e-01 4.531947325294911622e-01
2.560926541498459441e-01 8.252538232428874299e-01
6.551520847459324504e-01 3.293291443719772449e-01
6.264626511441941936e-01 3.608254219497393223e-01
6.410277171922044159e-01 1.624141291573154289e-01
7.684622972493839743e-01 2.220842809512409421e-01
3.153050601123434937e-01 5.372971222616925724e-01
8.390686688991106923e-01 1.490937807017386207e-01
6.625564152533277573e-01 2.633731174480455905e-01
3.165568882995395961e-01 7.118307290530998532e-01
3.228908214934909093e-01 4.847724131515376844e-01
5.235561158972423801e-01 1.845133106698294556e-01
6.188873784768436082e-01 1.634586331832436623e-01
6.155334234327228815e-01 4.758184715668866138e-01
2.214845856793092038e-01 8.736144255921404200e-01
4.863722281397110381e-01 4.064769409664253930e-01
2.694563470317677956e-01 7.163276499054720414e-01
1.983717536868556397e-01 8.860860607096613384e-01
7.800793649371612348e-01 2.171272069384419801e-01
4.162002893932230108e-01 6.443591873037074480e-01
6.758215043399832256e-01 3.205837774147726194e-01
2.089479542765296238e-01 7.930365982408907888e-01
7.127772011436680488e-01 3.037773769383872446e-01
2.202661563143285539e-01 7.128609549248847710e-01
5.355524429943337994e-01 1.883007458589762706e-01
3.796928883892037865e-01 4.502470543638910083e-01
6.061956342800509656e-01 1.084274538813055078e-01
5.742705824354850108e-01 4.265904919377173643e-01
1.633930240538835066e-01 6.884311181781278544e-01
5.565665290188742675e-01 1.296966354115428322e-01
3.682012097422379115e-01 3.740624097596957909e-01
5.927954164342471577e-01 2.574664459721081045e-01
5.291490650509005356e-01 3.292905272211906764e-01
3.831775366775835856e-01 3.331176108657305512e-01
5.450145994080386469e-01 1.943354229440680814e-01
6.060139245740349123e-01 2.184163666716084085e-01
1.768094840685834612e-01 8.105960869345186781e-01
7.767950075385000597e-01 3.035470428192365011e-01
4.975908709987349465e-01 5.611730690320921866e-01
7.066758072331978946e-01 2.953705073285272098e-01
2.356172126271294798e-01 7.673554823297186189e-01
5.374400681721510642e-01 2.531232645803648262e-01
5.748838082237612834e-01 2.757441030628221545e-01
4.607485471237936503e-01 6.328558140332458670e-01
5.524560099032446159e-01 1.128886645722998322e-01
6.793437447009187391e-01 4.171225036286545507e-01
2.530950527661180449e-01 5.871203662249462329e-01
3.974049529069275111e-01 3.809394851961070971e-01
5.168235793563091818e-01 2.476311547513186939e-01
4.553780276608561106e-01 2.809551294907371988e-01
3.858792638386389084e-01 5.987556011522192634e-01
4.618601986773633317e-01 5.396408160381522823e-01
6.484819226953379978e-01 2.042764737077683579e-01
3.360799103865454440e-01 6.749282720239132560e-01
5.206178258468955322e-01 5.047540854116414621e-01
8.303907850013686476e-01 2.726844339458380229e-01
4.482590213919037669e-01 4.389288939383100829e-01
6.491088048628707030e-01 1.485711736365004088e-01
7.607417975522795528e-01 3.083798068413518001e-01
6.527940401540304194e-01 3.024220887964696458e-01
5.755451148755168500e-01 2.854837090694796187e-01
7.057411976944104604e-01 3.961814383528257100e-01
3.639531571412563116e-01 3.671758947023323616e-01
6.556324754883191552e-01 2.600764475214200067e-01
3.419190552298324581e-01 4.343759052562904399e-01
6.302481360764122797e-01 4.011422286503490975e-01
7.433848357097169179e-01 1.822767276175726314e-01
2.546980431259850963e-01 7.267246169509962161e-01
2.144831563905264249e-01 8.402467502678416800e-01
3.407586471961376318e-01 4.361983869673874969e-01
4.331233549243632130e-01 6.061062755234284394e-01
5.900292037404798462e-01 1.505923859348050620e-01
7.058965737641562654e-01 3.581625106956471405e-01
5.988458058574199772e-01 2.579761062466724431e-01
6.072362675876005200e-01 1.295489080156547734e-01
2.439711618493804746e-01 5.933673505796550618e-01
1.856181663156544204e-01 6.925067314877868530e-01
4.123007393266449050e-01 4.299754369108933494e-01
5.149356635971285012e-01 5.673828360832677831e-01
6.918979656056949423e-01 3.658024321698846171e-01
4.384231482898948706e-01 3.553621753086787516e-01
2.890044517290109027e-01 7.307418182277836127e-01
6.937162021034809500e-01 3.157562472744241955e-01
7.239028487920042831e-01 2.739319156927777499e-01
6.949560666527569985e-01 2.616868792762322427e-01
5.862463936016019117e-01 4.966384586127873813e-01
5.394742478441941769e-01 3.073185422938034539e-01
6.270346215468540763e-01 3.069229540518913502e-01
3.946083263211930259e-01 4.900240434276550427e-01
2.738068851436448181e-01 6.194188295363318719e-01
2.728855910641313498e-01 5.151234809757617716e-01
2.118610236518619350e-01 6.183041323724146610e-01
6.438486877444548062e-01 2.992224246079299155e-01
3.094235791395063551e-01 6.220308944336396806e-01
2.320921359508994475e-01 5.337313936951539883e-01
5.445223267888986696e-01 4.725617461522090279e-01
2.970738153153087424e-01 6.651523858821412061e-01
3.727007399242951990e-01 6.158707130232625726e-01
4.835432753299467312e-01 3.896082607350719873e-01
2.432110565787454215e-01 6.434925138876652628e-01
3.970628875766901711e-01 6.141691497819747880e-01
1.985210552935129380e-01 6.270600504400500874e-01
2.483226174657847674e-01 7.090049348474980473e-01
6.695233253258481287e-01 4.142059259797852278e-01
7.280224031580087019e-01 3.422422800542749832e-01
7.931405003364704331e-01 2.638362593682676560e-01
6.242739136710532266e-01 1.431864693290661184e-01
8.262640010419310954e-01 2.689207048118127386e-01
6.027641422639069546e-01 3.045372623909233800e-01
6.155183975465856605e-01 3.834794962319039713e-01
7.494954363029523448e-01 3.353603790021059128e-01
6.961592628519381876e-01 2.368764318506675348e-01
7.035688336552092803e-01 3.576443444840657904e-01
4.644122657881126770e-01 3.603005426610031980e-01
6.825130426119608851e-01 3.273243987661847432e-01
2.640565315063938545e-01 4.660869690292510636e-01
4.462046722119328845e-01 4.544444912294795524e-01
7.941016750076710373e-01 2.770153953624469034e-01
7.418446805737707317e-01 2.411919914996668024e-01
6.705903634959522464e-01 3.468373974178204366e-01
3.673774981333901013e-01 5.575383793274459876e-01
1.764362812419069393e-01 5.803674249029827648e-01
4.802035447670805479e-01 5.213922444089245101e-01
6.947966717836078221e-01 1.521690503783491577e-01
5.296720944894618421e-01 5.105590249219893462e-01
7.288160726931239841e-01 2.982755662224014226e-01
3.989245679372211417e-01 6.983395208132532339e-01
6.499593176056337462e-01 3.320357136784037877e-01
6.847228340559001758e-01 2.856432679683988951e-01
1.868232908426877836e-01 6.089533302151957095e-01
1.719371540995866532e-01 6.763714938900229345e-01
6.081200587701610649e-01 1.137168226025010581e-01
1.876651211025650301e-01 8.677906363595091488e-01
3.675422631222628467e-01 6.090425709704641033e-01
6.417890145822681136e-01 3.102995232119905022e-01
4.968438499726268720e-01 4.497548845608340118e-01
6.477413273259872151e-01 1.616708333918710772e-01
7.792207530220077727e-01 3.140140551661254609e-01
2.730925610573122220e-01 4.772605022713126144e-01
3.667097222279570023e-01 4.003483171907352700e-01
7.859034949319784191e-01 1.537581499721109579e-01
4.857526659100185329e-01 4.845578415207392187e-01
5.251739859808778332e-01 1.652776281363289579e-01
6.981414295592196506e-01 3.586730628253859687e-01
5.345295335728968977e-01 1.173104243611743369e-01
3.575710310718769325e-01 7.344191156667957410e-01
3.831390120959191070e-01 6.577499958999989405e-01
4.324117341929749614e-01 5.704156415631497223e-01
5.768139981818847239e-01 1.136104627362674868e-01
5.694420236162214266e-01 1.867628681922929301e-01
6.622700069437761350e-01 3.419405291189460128e-01
4.553458002723622111e-01 3.391186930989602555e-01
4.380033904559644253e-01 5.263993582371209179e-01
4.626632744697221633e-01 5.695963164362758402e-01
7.285474050943985258e-01 1.926272959864618883e-01
5.359634872720474563e-01 2.814048654495542867e-01
5.494309212143730914e-01 3.391069002139187605e-01
5.933047358763733348e-01 1.058630251119690308e-01
5.234903224999596372e-01 2.218060591811988336e-01
7.743360560867056375e-01 1.520365741980911345e-01
6.707213845059122326e-01 1.507266527844500492e-01
1.612916919709970198e-01 6.241748752592323202e-01
6.010929031482340479e-01 2.144124860696647317e-01
7.571032277145771650e-01 1.617984976515249307e-01
4.432653178189762122e-01 3.966357226354913501e-01
2.630662816357579037e-01 6.764673252230097855e-01
4.439921603916283654e-01 3.261844484520003973e-01
7.368529076798067123e-01 2.907419389149740740e-01
8.029718869781404811e-01 2.194006929536757855e-01
2.077869178989989740e-01 8.517847055415480595e-01
3.962344775979933509e-01 6.228190438557167363e-01
4.733737421023053171e-01 6.326349867311363839e-01
7.424880952406475165e-01 3.372081126322722389e-01
2.386247617946621880e-01 8.073730296304282295e-01
5.737611050454848316e-01 4.850533019630461906e-01
7.662869879704814480e-01 3.124422406830881793e-01
2.048783144072770790e-01 7.725200737495916403e-01
2.591324324477439767e-01 4.997328929517814711e-01
5.233429869808013946e-01 3.635789619583920107e-01
6.785298940176788252e-01 1.940640700262806218e-01
5.537230666772459120e-01 2.240385651072319684e-01
3.591492411317624422e-01 4.121567296861656793e-01
6.424665467534989016e-01 2.964677339988968097e-01
2.861662958307467641e-01 6.225491669425526897e-01
5.240117802194448338e-01 2.773548381102906024e-01
3.369612872691529204e-01 7.185698929215382780e-01
7.281902873013165189e-01 1.995521272431994286e-01
4.211160256366875410e-01 4.281817530374438796e-01
5.571348717544112317e-01 5.064779500855022265e-01
7.497220150640212522e-01 2.023319781401787532e-01
7.396375100675933734e-01 2.391889819475072343e-01
2.293427143808392521e-01 7.556197393975098153e-01
1.891803509004328920e-01 7.416706020940211364e-01
4.724815784780557193e-01 2.739437000587187643e-01
5.145558995830710192e-01 4.262401194916246028e-01
3.208377884600492336e-01 4.524436065289777487e-01
3.677477613129028766e-01 3.635935871496080996e-01
6.985679246152285415e-01 2.233810263976446220e-01
2.225903764840845844e-01 5.793447363515399351e-01
2.896681421532650291e-01 7.699159844161681532e-01
4.715479127858209774e-01 4.409426816551699213e-01
5.253305580619039850e-01 4.203673105879298100e-01
2.298123853958677354e-01 5.846556172336844215e-01
4.861947831347859239e-01 2.001700289031296820e-01
6.731029682378336654e-01 2.144908122615538093e-01
7.564634860943622030e-01 1.731445006437507816e-01
7.820186286886889881e-01 3.110369095304363340e-01
5.716069319599925702e-01 1.011085525603883650e-01
7.697288731749453161e-01 2.822414965453752811e-01
4.508647891969406185e-01 4.809168266248152190e-01
5.637856560953712348e-01 4.192261687278486804e-01
6.649199954888127539e-01 1.942750359330391585e-01
4.814457986907326736e-01 2.458651452865017739e-01
3.504835346929666140e-01 5.833032160666755672e-01
6.914162271928625536e-01 3.879099588579068558e-01
6.153784907287318529e-01 1.896284648251122251e-01
5.651172147969002468e-01 4.650428624067151073e-01
3.934638459173761538e-01 4.663772948318132827e-01
6.695735378463409937e-01 2.466597703670712627e-01
6.042044559914057089e-01 1.919775420007908961e-01
4.992221151003284341e-01 4.508722231120168011e-01
3.105867722717015056e-01 6.231181335197506499e-01
8.186686991608728148e-01 1.702758777497801745e-01
4.240464095900103869e-01 3.984701504210160783e-01
6.456655909429505069e-01 2.528501460957282010e-01
2.303886701388387359e-01 7.559982059048939718e-01
2.035819490233051199e-01 5.434593182894380536e-01
6.153838863091234401e-01 3.333742020169032094e-01
5.287618357225433163e-01 2.621799691098633533e-01
8.046610496743028529e-01 2.437367597554925269e-01
4.163791741592995366e-01 3.239013271272555006e-01
7.636405277657589696e-01 3.101278427451718001e-01
7.876066988383025880e-01 2.469316451548942415e-01
6.687173592363304664e-01 4.037212546845402317e-01
4.515014344284405401e-01 3.146047211946435551e-01
5.767237606736650424e-01 5.086549105666426929e-01
1.701551539909006983e-01 6.578390353008997105e-01
7.359642647084793099e-01 2.082397211027936512e-01
