4.504244345555119544e-02 1.887975257024838704e-01
7.431003724116047593e-02 1.533817792310984141e-01
1.003021882712734625e-01 1.295863052144922145e-01
1.123707657890974376e-01 1.199343253820378541e-01
1.170184868482797569e-01 1.164993442265291890e-01
1.562536428362969465e-01 9.300224294396719493e-02
1.849263041777079453e-01 7.780298203050972639e-02
2.130725086118950840e-01 6.765202671568659731e-02
2.287550663409047003e-01 6.314136375602541484e-02
2.684539521000955942e-01 5.205390447889857164e-02
3.396824865944851890e-01 3.326764021543260341e-02
3.931281673581979996e-01 1.995727977913275275e-02
4.276605625061802307e-01 1.250102916151774046e-02
4.414872574064011568e-01 1.091384137712425595e-02
5.058811518453831813e-01 8.527397500122102514e-03
5.431845877818136659e-01 8.789881115415565382e-03
6.580372280036101973e-01 2.071917261207656402e-02
6.861018373267104842e-01 2.591192329441527331e-02
7.253906457784050632e-01 3.352207232533632730e-02
7.370706834472199320e-01 3.619650835326604366e-02
7.757110861271009350e-01 4.559854507785487954e-02
7.872772662615584727e-01 4.863929957562129758e-02
8.118535677272999962e-01 6.220727497524070060e-02
8.236398992117230922e-01 6.895122236904982493e-02
8.484240464505299339e-01 8.592427258031565263e-02
8.614088451603574281e-01 9.506598622808493104e-02
8.673093576050919795e-01 9.956605269022689164e-02
8.902928202046425099e-01 1.207918546113103675e-01
9.071864820580838318e-01 1.385140102007191842e-01
9.340934369418547600e-01 2.195669891722334954e-01
9.682346816187467065e-01 3.294170624978965956e-01
9.795707042805882336e-01 3.733993678861752263e-01
9.863997955976279153e-01 4.053436307069010480e-01
9.875213856257821776e-01 4.144658208554411472e-01
9.886710292528759769e-01 4.252048772613685745e-01
9.949434236647224372e-01 5.142672117557590683e-01
9.968870246609098373e-01 5.455700541207106902e-01
9.967561680471096475e-01 5.893105268117362350e-01
9.956873301684517896e-01 6.022019189746091739e-01
9.816901257620119781e-01 6.426255579869891710e-01
9.577733546553000021e-01 7.115464755338805070e-01
9.405435201991025895e-01 7.433718269373768006e-01
9.305107331877484622e-01 7.614953316619047508e-01
9.245242384618747034e-01 7.695147449672116169e-01
8.837924901331813965e-01 8.102248454995409910e-01
8.678354755148346422e-01 8.251249811717771276e-01
8.130916570937988253e-01 8.760869139831528596e-01
7.913884277302474235e-01 8.928511535265973853e-01
7.837299794600739444e-01 8.983915891584591806e-01
7.733271469082416694e-01 9.056158727712074752e-01
7.620682560230763736e-01 9.134276100778073726e-01
7.442199815084036274e-01 9.252878751585350559e-01
7.088965789478641755e-01 9.424661390068399536e-01
6.966757461932552298e-01 9.482008042965648364e-01
6.607412834816529523e-01 9.572834098195216468e-01
6.295270427243436773e-01 9.651426060861577616e-01
5.546330809681022656e-01 9.809163848053569223e-01
5.430816090743737501e-01 9.827209859371111023e-01
5.100388095588246351e-01 9.863734390268825702e-01
4.959112739969187000e-01 9.874636155275016147e-01
4.773235808140157133e-01 9.887179989178437323e-01
4.147317800211822725e-01 9.914726024998778975e-01
3.807152375664299981e-01 9.901333768813048719e-01
3.480730506697657933e-01 9.878635946749745322e-01
3.342603365619236655e-01 9.863951565344385441e-01
2.979654066985431005e-01 9.812299687688592620e-01
2.726177454271579981e-01 9.764675327821273898e-01
2.453283785978552789e-01 9.699587322139550105e-01
2.142470925212870414e-01 9.618758816401076217e-01
2.032143872357771164e-01 9.580372720695629063e-01
1.900090287606706063e-01 9.519442905388335596e-01
1.767501331105721940e-01 9.457997832258654425e-01
1.447750787794997995e-01 9.303038303445089197e-01
1.377602989253868815e-01 9.258957736206308020e-01
1.147489183652973255e-01 9.106073170804130923e-01
9.480818385382749902e-02 8.965642358276265655e-01
8.720882389174755556e-02 8.898481558600549457e-01
6.949987283837011365e-02 8.628199395797341298e-01
6.514784922784944143e-02 8.537274243129649998e-01
5.597408960368099873e-02 8.339373662000219012e-01
4.749730843967414629e-02 8.121994003274450868e-01
3.821805117843002364e-02 7.858489799547053734e-01
2.592931231758166533e-02 7.344848013404949860e-01
2.079830100713542240e-02 7.087211669142428061e-01
1.710107749352318685e-02 6.894408838326306910e-01
1.495935641095447188e-02 6.749671722501809912e-01
1.077648222936089528e-02 6.400837448458901457e-01
3.925153489052535249e-03 5.654029340683216498e-01
3.412061526821497104e-03 5.554085835071175259e-01
3.112975339090162663e-03 5.270965193413762462e-01
3.452528439283342188e-03 4.814229300168048065e-01
4.427328409646880125e-03 4.110761913066721673e-01
4.843400703452793721e-03 3.934703504477837788e-01
1.123606013973432738e-02 3.144157351617723473e-01
1.427843983787835391e-02 2.887844035681171873e-01
1.754020049079008103e-02 2.661566595376884115e-01
2.186168273302946385e-02 2.481473137177532262e-01
2.562001017732384867e-02 2.374946561752321328e-01
2.920978433131804497e-02 2.278597717951726942e-01
3.186802268605037902e-02 2.208511285881452624e-01
