5.232987027010527203e-01 9.944532404678517734e-01
4.280480292372059736e-01 9.872383964123321309e-01
4.032990143342014555e-01 9.815982029685639265e-01
3.928343342263210802e-01 9.788405322455566715e-01
3.347932332089237351e-01 9.618254795721554729e-01
3.112872415761807066e-01 9.543519233275635782e-01
3.022485404067456471e-01 9.513973222569166444e-01
2.787195022965917035e-01 9.436793005983817872e-01
2.500210925890937741e-01 9.321830322995738882e-01
2.202360154877217591e-01 9.193602791605174351e-01
1.993349459017502712e-01 9.091125040902393595e-01
1.629577689145091934e-01 8.851323288777616094e-01
1.541212839470158524e-01 8.783232522596359226e-01
1.409049855795585504e-01 8.668192967922396797e-01
1.217428902086875597e-01 8.465298822889019137e-01
1.143675821975388418e-01 8.356369972493026266e-01
9.659849958453348151e-02 7.971167762234379062e-01
9.214913675365266066e-02 7.872597598342305769e-01
7.303881961315850102e-02 7.436853334513062741e-01
6.791636472427009519e-02 7.290777601864097957e-01
5.621954398263062647e-02 6.925141606396101324e-01
4.119559987677401391e-02 6.360421581481215947e-01
1.832112220693582483e-02 5.452493642787830108e-01
1.451128149264768741e-02 5.246766192246348215e-01
6.787678443517686233e-03 4.826728508698731046e-01
4.855090809929296647e-03 4.496686887158684032e-01
4.067249337376233065e-03 4.344528523369007855e-01
3.731987808823222785e-03 4.238756278993575100e-01
8.325202792200614432e-03 3.733532280046161222e-01
1.071075525545162055e-02 3.481998882822630037e-01
1.794562665023013981e-02 3.074959497047412560e-01
6.053691285584938964e-02 1.797862874664292177e-01
6.594943936105868154e-02 1.667328293029807229e-01
7.223310490826861940e-02 1.556676680546952296e-01
7.409120107911038033e-02 1.529373822414999973e-01
8.218442586562069163e-02 1.428812053087876732e-01
8.659936824583580606e-02 1.379895803619214378e-01
1.301149298800164944e-01 9.289218219195849446e-02
1.601519587750344087e-01 7.025296681297465984e-02
2.000274827126732324e-01 5.175151343974382367e-02
2.210296290071849246e-01 4.393951292414521870e-02
2.750264814650439371e-01 2.492179297742602717e-02
2.810223537016520723e-01 2.378575943303173901e-02
3.587176088362281634e-01 1.031113877928124811e-02
3.694575586784347720e-01 9.854125421607684565e-03
4.797149217995303472e-01 5.648288153026870262e-03
4.880687718966074673e-01 5.546759532148226590e-03
5.627275868497465527e-01 8.431420544396495131e-03
5.911581756825955436e-01 1.106495518436989567e-02
6.469909881870257173e-01 1.812018844887941516e-02
6.850105331198828029e-01 2.431560060868409590e-02
6.880058723496128570e-01 2.485569201646731230e-02
7.364641240297907787e-01 3.793169222000136731e-02
7.641243638538811611e-01 4.539771343954002170e-02
8.127706946223174356e-01 5.856723441472433400e-02
8.679593617841029340e-01 9.026558801382222885e-02
8.972543356031285056e-01 1.202024003094761540e-01
9.200198981560925304e-01 1.446111878213658386e-01
9.338409716367587210e-01 1.617532159115461221e-01
9.495649246864905635e-01 1.933082350218324752e-01
9.543506399344695579e-01 2.088655741067516614e-01
9.593395907238210230e-01 2.281805710859252656e-01
9.664321893552790810e-01 2.579742154788019493e-01
9.712452404272288176e-01 2.799067441104566845e-01
9.790110056695110474e-01 3.297143770414135977e-01
9.940779610981065328e-01 4.435317734630672692e-01
9.956439181481754330e-01 4.607814794894907751e-01
9.958403507098517737e-01 4.638858418123176230e-01
9.962680121911766662e-01 4.781106113938285995e-01
9.957932000722178323e-01 4.870266232357776115e-01
9.914567190029520694e-01 5.665381987892293969e-01
9.905018347173711879e-01 5.836044665022911415e-01
9.893364802165725003e-01 6.042953351290566433e-01
9.854800311387863498e-01 6.299499813103267565e-01
9.813829582903429438e-01 6.549207142719849495e-01
9.790004773238450975e-01 6.689354343920304036e-01
9.768457241547954251e-01 6.779792158237987199e-01
9.663085630485886979e-01 7.111557506643060300e-01
9.565587092270840808e-01 7.380968479028062745e-01
9.521235348154336586e-01 7.487041364588610248e-01
9.435900317794863046e-01 7.689297631036405845e-01
9.333494183173369763e-01 7.884321893267489667e-01
9.069599859338849379e-01 8.352315715242272232e-01
9.034378882500887498e-01 8.410310401922287404e-01
8.847081504056185652e-01 8.694742385431564191e-01
8.742654782931980062e-01 8.847741391490807628e-01
8.611451093249330446e-01 8.991428313197737943e-01
8.361695518874501243e-01 9.183905909855335503e-01
8.333873873846089353e-01 9.201522019603658453e-01
8.165241765157841280e-01 9.289118028380204395e-01
8.125815369320447124e-01 9.309070117616933260e-01
8.037731434035851885e-01 9.349499667869924924e-01
7.603803142224065947e-01 9.525080172740504336e-01
7.423903142252207266e-01 9.595164094948431810e-01
7.396692073264028444e-01 9.604011694824300394e-01
7.125411769324665467e-01 9.686523168212038959e-01
6.748229874860666166e-01 9.793499548216109130e-01
6.658776053038800713e-01 9.818419910601156042e-01
5.501318669348759238e-01 9.923032596400659378e-01
5.404539685313952679e-01 9.931480319002722323e-01
