2.617692100234692010e-02 6.654635639714360229e-01
1.487039970859493909e-02 5.786183757627278990e-01
1.141646052930622712e-02 5.385232242780010337e-01
7.813225664741407783e-03 4.960262633505660990e-01
5.072463203098953599e-03 4.561162700296543804e-01
4.950573435221317098e-03 4.269161170205616473e-01
1.209157101767932563e-02 3.907177802241599274e-01
2.798912995990765484e-02 3.224005714139999146e-01
4.492560501573583664e-02 2.643330764480462669e-01
4.942528726442274589e-02 2.542128896977335906e-01
6.916850364679050234e-02 2.141655122140115886e-01
7.169858863141365113e-02 2.090611874933271386e-01
9.167198956658950681e-02 1.695105476936313860e-01
1.237894494914785204e-01 1.283188615613554129e-01
1.538334001529374495e-01 9.961098311150129447e-02
1.757374387579185848e-01 8.455065105445547236e-02
2.106814981525451103e-01 6.761468225873679128e-02
2.417439143250220690e-01 5.589618549107477907e-02
2.617672471236796028e-01 5.001460195694140687e-02
2.890379731454848500e-01 4.316713964538421155e-02
3.172070817521573938e-01 3.710012717661770321e-02
3.962034016816989856e-01 2.124825205490499247e-02
4.343758450908790092e-01 1.486487008217274308e-02
4.659015429059875091e-01 1.125510586389855128e-02
5.249334217167331840e-01 5.340429992812034676e-03
5.614818226906188592e-01 5.988483866036453662e-03
6.170434994190431288e-01 7.242757433854496441e-03
6.441140404896756877e-01 8.566830585651219465e-03
6.548392410288376153e-01 9.209442087218300266e-03
7.542126909801658563e-01 1.808582949283288333e-02
7.737615169289064898e-01 2.087436474411830112e-02
7.909429356372705833e-01 2.582523656413604485e-02
8.057575734208690665e-01 3.610884075538745019e-02
8.187418944892527195e-01 4.660830530708492958e-02
8.357680460455889637e-01 6.440354836383266335e-02
8.438378355987028456e-01 7.449877490231682220e-02
8.567908948120929180e-01 9.453619973821447697e-02
8.621305837706815245e-01 1.029508513158801097e-01
8.706245780478554241e-01 1.232481169088899264e-01
8.880848033367664263e-01 1.650588839927382701e-01
9.103198277807146299e-01 2.216198168537243385e-01
9.522541037256840868e-01 3.323286560664144851e-01
9.641507306900536367e-01 3.711289931583355850e-01
9.799668354263882941e-01 4.322227687383887185e-01
9.806991213002620444e-01 4.351766398859899798e-01
9.849660837268656710e-01 4.527834024453323281e-01
9.914100472651434792e-01 4.896186013032096662e-01
9.939231305276593487e-01 5.368438501603742807e-01
9.950494265647785719e-01 5.653593421384806028e-01
9.934400257870038553e-01 6.186309182859468514e-01
9.925120481815707940e-01 6.340557026645147198e-01
9.883198289990247076e-01 6.928330530986438474e-01
9.854749867272416530e-01 7.182159325190539123e-01
9.846204607573183498e-01 7.237108509923452226e-01
9.824338363269927710e-01 7.344371924744760305e-01
9.806404792931210368e-01 7.416642188529174451e-01
9.744063849029966917e-01 7.656559562560386611e-01
9.688051877240742016e-01 7.811472065171161105e-01
9.591368381185455538e-01 8.056210587590868499e-01
9.473950299306203027e-01 8.294921035946655197e-01
9.413935540966807958e-01 8.410188264305633599e-01
9.376575182040187695e-01 8.466169602631125057e-01
9.295482559206463824e-01 8.542472574122113027e-01
9.256159269891270913e-01 8.578955784213735392e-01
9.235922290331777251e-01 8.595522637572162727e-01
8.500634299802433125e-01 9.194502812690875659e-01
8.416966051706443741e-01 9.260642424094743808e-01
8.030543490251262906e-01 9.449395244188935061e-01
7.675899374369381523e-01 9.616464820707869565e-01
7.391866461255333087e-01 9.747040815580710893e-01
7.305680051757023064e-01 9.774790201844407722e-01
7.128835690146908544e-01 9.824982228528790218e-01
6.908540726765213247e-01 9.872217232530711151e-01
6.541417349849029117e-01 9.927989384218932623e-01
6.304705648594818301e-01 9.940791586105617306e-01
5.816938178442974117e-01 9.945650979698634764e-01
5.487683701565233552e-01 9.946595700071878543e-01
4.298332408168753505e-01 9.940480746309292570e-01
4.278761879899808385e-01 9.938960227599181740e-01
4.059418489897352877e-01 9.921585893295016279e-01
3.990842308265234450e-01 9.915369012232160273e-01
3.941879128829668399e-01 9.910766362653908867e-01
3.612494346855434912e-01 9.864289496786898814e-01
3.395943301463671959e-01 9.827012361826614750e-01
2.644615972995675302e-01 9.693248411010402243e-01
2.546669012445058611e-01 9.675651096057975575e-01
2.366715308440847654e-01 9.629013377174840960e-01
1.860708847951206835e-01 9.483335955597719247e-01
1.830878192857158249e-01 9.468755105192369070e-01
1.548218450100403709e-01 9.311434203730366566e-01
1.393767889946426752e-01 9.207270226783366152e-01
1.173496072388725553e-01 9.007431906586932380e-01
1.005386544475153077e-01 8.852253779740208994e-01
9.717785048671823134e-02 8.815966990631771694e-01
8.993545030253424777e-02 8.716591674647315990e-01
8.847208817473806164e-02 8.683335561177920603e-01
7.358386724441090543e-02 8.262052561384969351e-01
5.334125101212172648e-02 7.676249150014349265e-01
3.760536648963797024e-02 7.176718317810569792e-01
3.544479608741180066e-02 7.097470678811260703e-01
