2.290142374109960244e-02 3.369128988702100314e-01
3.402346488224483601e-02 2.671076978242197253e-01
4.131886379363025608e-02 2.449739230683508628e-01
6.183571095595041811e-02 2.059748056722002785e-01
7.125213075501612980e-02 1.895141642102661228e-01
8.539378589152024635e-02 1.690074268098178401e-01
1.055187829964792101e-01 1.493564502241063741e-01
1.193044612228446599e-01 1.363005824904233165e-01
1.289451965835407554e-01 1.279313063264840844e-01
1.403403365298936389e-01 1.201656772570601772e-01
1.846328835897756981e-01 9.217344892465062500e-02
2.578196740236419204e-01 6.132361983940015637e-02
2.842095387361434078e-01 5.221257596386685851e-02
3.562351950823223756e-01 2.815981406116463415e-02
3.730127508453402463e-01 2.424292204978306664e-02
3.968080857805786898e-01 1.981311133262286805e-02
4.172366099366590086e-01 1.639641064373387191e-02
4.275672385291302557e-01 1.490780286176796032e-02
4.844349847981475055e-01 9.296347385201908509e-03
5.284015065054682436e-01 6.883151691800093452e-03
5.773303324551941618e-01 6.443980916070679577e-03
5.980268566408263320e-01 6.672682287662601297e-03
6.651717680218305340e-01 1.248341676190589666e-02
6.865472804644632276e-01 1.630508609610215043e-02
7.072639190189033975e-01 2.381197007463831117e-02
7.452820876130505923e-01 4.245996911153737674e-02
7.805692289292969210e-01 6.257156523550355676e-02
8.266441236920043512e-01 8.887786475800085739e-02
8.398019517452296467e-01 9.749339918100363711e-02
8.614452992568637502e-01 1.158898386403517389e-01
8.645753256487059835e-01 1.186532663175441371e-01
8.693285254885718683e-01 1.230607718792118277e-01
8.847303784211861810e-01 1.464029104683716165e-01
9.096033982292338615e-01 1.912133681625448611e-01
9.249938208346951685e-01 2.270354589974399317e-01
9.362200627152504895e-01 2.549844048446718858e-01
9.386117231139945449e-01 2.614794844574284127e-01
9.439003536120849081e-01 2.835107852328911937e-01
9.623850156323124905e-01 3.617385969640209975e-01
9.692182137492314498e-01 3.917885965979895913e-01
9.714973743020265395e-01 4.095510212863322508e-01
9.766446650579178046e-01 4.545064336505247882e-01
9.792638744750121749e-01 4.783982503929030683e-01
9.831685803814277369e-01 5.345314966011126545e-01
9.809037227821680860e-01 5.823610059151846929e-01
9.794177783141648774e-01 6.127377986537234644e-01
9.776261736478029096e-01 6.410129953857411911e-01
9.746605522503872798e-01 6.875373670054848452e-01
9.729492273813735714e-01 7.112870693481417872e-01
9.719754134940854495e-01 7.167687143253161919e-01
9.677693974451294645e-01 7.343599247900002291e-01
9.489153892318001882e-01 7.756041494126718616e-01
9.483847198976789183e-01 7.764524076793134499e-01
9.257389184449615893e-01 8.120576203066048881e-01
9.102341160087429328e-01 8.343423009176634819e-01
8.911775478380095095e-01 8.554620493974310902e-01
8.631753683208814865e-01 8.813250747287414422e-01
8.276258354495814595e-01 9.055257651982198119e-01
8.262966840685200820e-01 9.064299660840154926e-01
7.832377804986421221e-01 9.241746544569967581e-01
7.566075032826488078e-01 9.341535501009042841e-01
7.364701491074494566e-01 9.415637893719973617e-01
7.142121833568264577e-01 9.488082114263299838e-01
6.352459696937756695e-01 9.738341262417277155e-01
6.183148849013436754e-01 9.791152405719951712e-01
5.494449934033401872e-01 9.906174179295393900e-01
5.233628662389727682e-01 9.925407097282953339e-01
5.078406405016273606e-01 9.935560190839294314e-01
3.964598762018504141e-01 9.801825119151379440e-01
3.873930328916405097e-01 9.790354279808770599e-01
3.721502858109458911e-01 9.770947486564036666e-01
3.530041911353546391e-01 9.733675597204874963e-01
3.214770366657606626e-01 9.650334569673433283e-01
3.000600872799292773e-01 9.591276324530527697e-01
2.685516459519322607e-01 9.483999538835976573e-01
2.036252472843494976e-01 9.199120341676422230e-01
1.960366172521016415e-01 9.165499645487881208e-01
1.552852061155203245e-01 8.850859631216898560e-01
1.261900862136859924e-01 8.607457080487390666e-01
1.212784305199864354e-01 8.564221036590493608e-01
1.119074832340856140e-01 8.476519476543747933e-01
9.792118494559765018e-02 8.338353218681184842e-01
7.468033848050947832e-02 8.065617445871886559e-01
7.250016773830236794e-02 8.030096087770218771e-01
5.405016688075769959e-02 7.529219390112226185e-01
4.732769146926774084e-02 7.337647794713182403e-01
4.377593829840220607e-02 7.220754673732944218e-01
3.930150681795185896e-02 7.058982671788236463e-01
3.568595613327130156e-02 6.924910489085110976e-01
3.087021431870851096e-02 6.735663417335295833e-01
2.497303126504357706e-02 6.196231100826681271e-01
2.131878679902754481e-02 5.850899493250453220e-01
1.946880474319834242e-02 5.614895946071106758e-01
1.823041079725806757e-02 5.447058767470165375e-01
1.702895866265463631e-02 5.271332659429971423e-01
1.683141961857237412e-02 5.168451562152707179e-01
1.695296222563036359e-02 5.002152509855406493e-01
1.783264690794261753e-02 4.222624309652354135e-01
1.821336574969911748e-02 4.077270371106309632e-01
2.080885185105496582e-02 3.610650218124448196e-01
