2.293361194220772392e-01 1.686699092898787944e-01
4.646804189621684955e-01 7.023397551489256596e-01
4.866273302148128588e-01 5.551667087326442873e-01
9.799668354263882941e-01 4.322227687383887185e-01
2.469515360764147904e-01 4.655796249712873536e-01
2.198479968592321754e-01 1.269605010399825484e-01
3.859756534851637166e-01 2.835182716604217612e-01
8.748153431115022194e-01 1.401767922141903266e-01
2.769585350688662517e-01 5.207345137218744036e-01
1.225212053507062082e-01 1.432006117813636181e-01
8.295111036701851015e-01 7.648981709906024218e-01
9.659538492992676417e-01 6.933895393494766690e-01
6.097057154616326580e-01 2.052163198654374521e-01
4.896215663314940070e-01 2.528711649880226453e-01
7.880232383835004129e-01 6.089152242913968838e-01
6.749908664804378233e-01 2.041944615972481614e-01
2.798912995990765484e-02 3.224005714139999146e-01
1.027034730667060192e-01 3.248789069471210156e-01
2.890379731454848500e-01 4.316713964538421155e-02
3.811880281613260757e-01 8.622881799895573129e-01
4.942528726442274589e-02 2.542128896977335906e-01
8.500634299802433125e-01 9.194502812690875659e-01
1.447023170349902021e-01 9.007701750070569169e-01
8.222847693576029737e-01 7.897993591185563655e-01
8.545536868914027639e-01 5.222410757227980982e-01
1.141646052930622712e-02 5.385232242780010337e-01
4.396559292930948271e-01 1.469577655135736460e-01
1.757374387579185848e-01 8.455065105445547236e-02
7.297970514141542964e-01 6.067486971515217292e-02
9.184902787996286344e-01 3.145584248399486693e-01
6.908197260443604826e-01 8.682362300761723439e-01
6.497528243826286021e-01 9.461440016737635572e-01
4.494067652321486195e-01 6.318111006211414304e-01
4.643464145599788262e-01 4.839288083782870842e-02
3.142946419616077791e-01 7.817904558490141875e-01
1.673022465979379647e-01 8.271764638891536681e-01
8.585122777850671127e-01 1.580777610269089306e-01
8.567908948120929180e-01 9.453619973821447697e-02
5.371784991136581422e-02 4.215379775704198306e-01
9.175345360452626942e-01 3.185996499371315793e-01
3.317456793457335129e-01 4.727389404853428179e-01
5.303696721101802680e-01 2.902477652851305767e-01
8.030543490251262906e-01 9.449395244188935061e-01
3.305480768996094110e-01 1.669570132636196413e-01
7.168922398900504644e-01 3.953988067481754021e-01
6.535985739687604212e-01 6.118891583389041156e-01
5.195163101097137748e-01 4.373011393177568262e-01
4.590912137235571566e-01 4.053242642890775294e-01
6.246281502241646244e-01 5.997441512904384542e-01
6.284063557768526653e-01 5.800423508309686671e-01
8.399789906068239054e-01 1.833335562555711840e-01
6.388946036272700191e-01 2.455618792908155490e-01
5.480142096415470121e-01 1.328706460759890573e-01
6.908540726765213247e-01 9.872217232530711151e-01
5.266590835651238089e-01 6.653587430862792917e-01
7.882922454931308165e-01 6.358618613546029863e-01
3.453891792783677639e-01 8.825743715401931366e-01
9.849660837268656710e-01 4.527834024453323281e-01
4.409847000036836717e-01 1.532537819911575505e-01
3.132549267492676925e-01 7.609659874666152568e-02
7.305680051757023064e-01 9.774790201844407722e-01
6.384936854665641537e-01 2.764055670006102527e-01
5.020601466964077497e-01 9.168918925385379781e-01
5.004676680946152922e-01 7.104027248107729342e-01
9.089852541959494436e-01 8.159123877974032713e-01
2.366715308440847654e-01 9.629013377174840960e-01
3.423283624576468620e-01 1.656310830115780841e-01
1.005386544475153077e-01 8.852253779740208994e-01
6.640496607467316625e-01 1.148315989525190844e-01
9.526926900965912992e-01 6.681751087667309186e-01
2.150474391923774820e-01 8.123203791326494283e-01
3.504052624052629850e-01 5.960734561692683231e-01
7.542126909801658563e-01 1.808582949283288333e-02
6.798953370167510890e-01 7.087065616393019019e-01
7.322785454765494695e-01 8.224030006275865334e-01
2.193483838875470437e-01 7.321826099639873187e-01
8.904408983211702378e-01 8.263841657733212998e-01
5.669006104995676365e-01 9.016167133634956921e-01
4.330112193033512913e-01 8.189451058889815060e-01
3.990842308265234450e-01 9.915369012232160273e-01
4.862156144123570001e-01 9.164876991162157482e-01
9.717785048671823134e-02 8.815966990631771694e-01
7.124061559833971824e-01 6.157803626213352588e-02
7.888316643445716370e-01 1.563012661601896336e-01
8.829357352899259714e-01 3.858342082970722675e-01
6.242923211147152762e-03 4.231073517858280342e-01
1.055303877470014084e-01 8.190932610531209690e-01
6.784741515007297608e-02 3.513466349120392684e-01
7.180306130828135736e-01 9.684416414555755415e-01
8.537548045335860980e-01 3.220067360929572686e-01
5.877612624909570593e-01 4.084558755853954781e-01
7.967365446108867211e-01 7.615491167589462096e-01
5.152388588647848211e-01 4.128036692621162018e-01
5.242501051027056436e-01 3.941378236759677245e-01
7.370800641006227671e-01 9.641751557620173996e-01
8.785167402962635874e-01 6.947462987000662116e-01
1.658882307255411803e-01 7.006359883890720397e-01
8.469266323848598232e-02 7.708500321206026573e-01
1.011509712290787205e-01 2.987852814186764405e-01
3.803346764809121261e-01 6.925694139920016701e-01
6.304705648594818301e-01 9.940791586105617306e-01
9.721083603406335261e-01 4.894149402995700560e-01
9.806991213002620444e-01 4.351766398859899798e-01
6.916850364679050234e-02 2.141655122140115886e-01
7.860646519605296589e-01 8.114900924662502568e-01
7.784916356622044731e-01 3.555858855705696375e-01
2.417439143250220690e-01 5.589618549107477907e-02
7.086109543302511193e-01 9.524021123613585216e-01
1.436094436825438025e-01 7.750087547974864322e-01
1.830878192857158249e-01 9.468755105192369070e-01
3.206725670175756271e-01 2.824941961529681689e-01
3.850929482563756334e-01 3.476391957497850793e-01
5.785120974453890064e-01 4.459708850703877209e-02
9.538351718775393007e-01 6.029121029899093820e-01
6.322427982907860011e-01 1.820479926372865764e-01
3.246890906733084226e-01 3.496290480205140883e-01
1.491709705777624351e-01 2.444847220453960635e-01
9.235922290331777251e-01 8.595522637572162727e-01
8.438378355987028456e-01 7.449877490231682220e-02
9.688051877240742016e-01 7.811472065171161105e-01
3.178851470409294611e-01 8.877615001929162197e-01
9.522541037256840868e-01 3.323286560664144851e-01
8.637138541467173081e-01 6.389705952849022985e-01
7.258736722805331221e-01 5.253031489633183115e-01
8.175283042933191302e-01 7.371991329113022351e-01
9.806404792931210368e-01 7.416642188529174451e-01
8.416966051706443741e-01 9.260642424094743808e-01
1.497696755224376119e-01 8.377622308405402451e-01
8.739250964455845816e-01 8.785112780898997054e-01
8.755878418940747920e-01 2.834671332747049632e-01
8.115667334067344640e-01 1.664313382537219166e-01
5.900079841877056142e-01 1.121500710675957801e-01
8.451316570136964135e-01 3.077784198744737965e-01
7.101328097392081706e-02 3.728694447343497420e-01
6.636071885956702499e-01 5.581346026874783872e-01
5.056350258864473757e-01 8.371271342159862794e-01
7.364160748409960267e-01 9.429040846733320880e-01
8.357680460455889637e-01 6.440354836383266335e-02
4.100001218015783544e-01 8.584754258028504115e-01
4.278761879899808385e-01 9.938960227599181740e-01
2.315442696870540773e-01 3.481793275054774761e-01
4.491372877569673183e-01 7.940201133057005201e-02
8.242950223236762408e-01 6.495099086650247822e-01
4.097618143813402947e-01 3.857664347615615830e-01
9.925120481815707940e-01 6.340557026645147198e-01
9.848443229353565087e-01 5.832509542666652891e-01
7.391866461255333087e-01 9.747040815580710893e-01
8.880848033367664263e-01 1.650588839927382701e-01
2.525248456155715915e-01 8.119313587866741067e-01
2.029576189024526744e-01 6.238246211535150021e-01
3.416643253910374156e-01 6.007335324023771461e-02
9.413935540966807958e-01 8.410188264305633599e-01
3.712427252895061924e-01 3.718241671055801945e-01
7.825677784612592447e-01 8.925857485262049806e-01
4.613655585095213230e-01 8.371061736571127065e-01
6.960783857072774250e-01 5.169527231577422111e-01
3.019996693921577213e-01 9.520758191568596818e-01
1.624309980299693812e-01 5.073071506637292227e-01
2.089307874094673556e-01 7.289188250936040614e-01
4.503423175492522468e-01 4.887958181248181627e-02
7.570268823018475590e-01 4.250509631658639376e-01
9.042293758176515039e-01 8.278444371999010842e-01
8.706245780478554241e-01 1.232481169088899264e-01
4.659015429059875091e-01 1.125510586389855128e-02
3.172070817521573938e-01 3.710012717661770321e-02
4.028654954394680909e-01 4.863790304198546410e-01
6.539937278368680440e-01 4.772023030908956187e-02
3.738608905415904959e-01 7.936747510962389729e-01
5.909858710265899484e-01 7.434708839781143386e-01
5.072463203098953599e-03 4.561162700296543804e-01
7.049787773887457032e-01 8.130209757602426812e-01
1.504932393612840313e-01 9.260702441962124221e-01
3.555962729063176231e-01 6.650440235152570434e-01
8.096661090245718118e-01 5.773723358579239129e-01
8.090464284675571438e-01 3.500362700160124518e-01
5.683182963273069044e-01 2.676094119941756500e-01
9.854749867272416530e-01 7.182159325190539123e-01
8.621305837706815245e-01 1.029508513158801097e-01
2.063637979232801900e-01 8.414301356424924716e-01
9.038190814240767423e-01 8.047266387034346380e-01
3.848459377797537329e-01 1.567623962952650052e-01
9.744063849029966917e-01 7.656559562560386611e-01
1.355515158569655931e-01 4.590627173819277207e-01
5.746052913543477914e-01 5.974443192055409746e-01
9.473950299306203027e-01 8.294921035946655197e-01
2.298205432367626533e-01 2.677285239470854061e-01
3.544479608741180066e-02 7.097470678811260703e-01
6.395624605296145182e-01 5.460982752591568845e-01
1.393767889946426752e-01 9.207270226783366152e-01
9.812867299738806115e-02 2.132598685014190365e-01
5.312682135234123582e-01 1.972394278197940887e-01
2.916734552612608722e-01 4.223263180807595440e-01
6.170434994190431288e-01 7.242757433854496441e-03
3.979655612791619390e-01 1.179499990588987746e-01
2.644708670667713091e-01 3.557715458557046406e-01
3.868265651360986573e-02 5.894667025891839884e-01
4.978648225953094530e-02 5.043315215713107813e-01
4.428883026562848158e-01 8.984351860400072720e-01
1.209157101767932563e-02 3.907177802241599274e-01
1.313024992101153032e-01 8.731767305813996627e-01
1.127326112065854813e-01 7.409769273614054130e-01
4.403449165105113305e-01 5.528403435809542410e-01
8.884482631868162450e-01 6.309682985437288227e-01
3.394633478996383902e-02 5.273604342824704805e-01
8.642117744443478244e-01 7.998940230106549309e-01
3.961284847777085116e-01 9.868367994438509427e-01
7.973438824825835880e-01 7.265731835166805430e-01
9.132598663416538476e-02 4.055532969039354896e-01
5.249334217167331840e-01 5.340429992812034676e-03
9.543537732023469333e-01 7.628617392173833167e-01
7.308408482789535698e-01 1.003197696840753550e-01
2.822360476877712743e-01 9.218870213914072131e-01
2.617672471236796028e-01 5.001460195694140687e-02
9.057654101795381552e-01 2.879393230868598219e-01
2.316329448315689599e-01 2.173189283073946876e-01
5.469378104550044473e-01 3.186730221591766998e-01
4.751649481924308249e-01 1.903099753676031625e-01
9.103198277807146299e-01 2.216198168537243385e-01
4.950573435221317098e-03 4.269161170205616473e-01
6.842835871264818515e-01 6.089671403096665880e-01
9.756727158538885947e-01 5.220414138271505244e-01
7.391322847502578286e-01 2.118872668875133591e-01
4.890823635374716427e-01 3.125579279267348687e-01
3.009878019357558054e-01 5.056411232910418274e-01
4.967525065845263543e-01 3.847192517417202806e-01
1.685040952491104471e-01 4.971724083454556187e-01
7.108488447711940328e-01 2.144290940508999932e-01
2.442119092996661855e-01 3.065785760027725515e-01
3.286449987676294260e-01 8.033853921817211141e-01
1.573425554439637497e-01 1.949690251923744677e-01
2.397203860114053287e-01 2.013376241410933520e-01
3.477344132606194349e-01 8.545576575404364439e-01
3.515409970404336781e-01 8.775240747644601491e-01
9.641507306900536367e-01 3.711289931583355850e-01
9.577477975001047472e-01 7.576891625516973816e-01
2.988924214577000082e-01 3.907100967601018771e-01
7.737615169289064898e-01 2.087436474411830112e-02
5.755694838535393432e-01 5.973804628341495837e-01
2.303745929341773357e-01 7.117624386615396537e-01
7.358386724441090543e-02 8.262052561384969351e-01
5.431942307190862351e-01 6.135920179952696341e-01
5.334125101212172648e-02 7.676249150014349265e-01
9.834052059453368688e-01 5.848913708335695683e-01
4.586531366206790805e-01 2.802155293725457352e-01
2.644615972995675302e-01 9.693248411010402243e-01
4.416687860210731231e-01 9.358074908139291104e-01
1.173496072388725553e-01 9.007431906586932380e-01
2.804187684557470917e-01 1.226801518347993836e-01
2.037389146145958396e-01 8.924359107874431096e-01
9.384516444504440447e-01 3.935993308590773898e-01
8.993545030253424777e-02 8.716591674647315990e-01
4.760198895813443909e-01 1.720546245602457835e-01
2.686872266677557963e-01 6.687021093992098209e-01
7.484435794060119163e-01 8.111876644441345929e-01
6.677568017178802107e-01 5.738409916481981288e-01
2.580133478764383079e-02 6.621134544453122217e-01
3.019082982888640632e-01 6.155629590741622248e-02
4.668265463829833761e-01 2.615803176645292716e-01
9.370073235613016749e-01 3.759993657763793795e-01
6.992922419167711956e-01 5.334416500735975619e-01
3.417200290339602597e-01 7.778945007624552543e-01
5.806365511069195851e-01 3.704171278199870354e-01
4.904058233953065282e-02 5.791104302606339127e-01
3.417995326872708683e-01 1.361503993738459595e-01
9.364294479061482379e-01 4.139862296406009445e-01
4.665294586975936020e-01 7.852356651801061238e-01
2.483649229523992030e-01 3.532753899065957937e-01
2.868101384639477058e-01 5.552212724612844985e-01
5.816938178442974117e-01 9.945650979698634764e-01
5.380148390427000882e-01 6.068732828396390389e-01
4.988920596130718144e-01 5.076275769144199534e-01
8.175422471991306006e-01 3.522470056095686197e-01
1.166580743933955250e-01 6.815235020029892787e-01
6.380673723338309289e-01 1.889127602611728185e-01
8.273585673395515983e-01 5.039632240219089621e-01
7.203350764006478668e-01 9.259382541409685308e-01
6.945156149705936643e-01 9.410637975160441870e-01
3.893178379984245652e-01 8.120635639274754736e-01
1.333361059899405565e-01 2.850006031608330881e-01
4.343758450908790092e-01 1.486487008217274308e-02
9.774786835510312910e-01 5.276568496360906080e-01
4.059418489897352877e-01 9.921585893295016279e-01
9.824338363269927710e-01 7.344371924744760305e-01
7.457430362626019660e-01 4.139270492511571420e-01
6.697457866081600875e-01 1.373093328263040869e-01
5.428391607847555811e-01 3.212072092038691928e-01
3.612494346855434912e-01 9.864289496786898814e-01
1.936400965600159618e-01 3.721418625770272492e-01
7.963964003573440475e-01 4.277007647498031750e-01
9.256159269891270913e-01 8.578955784213735392e-01
3.395164133074460300e-01 2.749664176473705091e-01
1.860708847951206835e-01 9.483335955597719247e-01
7.152521798799005293e-01 7.906935066695182091e-01
1.237894494914785204e-01 1.283188615613554129e-01
7.567694921018442988e-01 5.948240449353249248e-01
5.872583093572428803e-01 4.080825794805778561e-02
3.267132323972523622e-01 6.732719368097688228e-01
4.904346614529852544e-01 8.099177050622996532e-01
1.411775115871318764e-01 3.493817508499970081e-01
3.141310674967211503e-01 5.757468836264232337e-01
6.505570826486436475e-01 6.819266388845983407e-02
2.701261572773651087e-01 8.266694773509153382e-01
4.218397386869584542e-01 6.041862032664486737e-01
4.169521510983335150e-02 6.374323084592108390e-01
1.487039970859493909e-02 5.786183757627278990e-01
1.538334001529374495e-01 9.961098311150129447e-02
7.159467980070837179e-01 3.021919512889084669e-01
2.130921537636906171e-01 5.271966911297736313e-01
5.538306709862762522e-01 2.100572942581809266e-01
5.652210235380208392e-01 7.548852605009917505e-02
9.548690696306416648e-01 6.088861054618737167e-01
7.001383413291434321e-01 8.429518138132132687e-01
7.505151636481948163e-01 6.034400936913535407e-01
6.993876586541596385e-01 2.829031474471299656e-01
4.035362446933871694e-01 5.449290161052446901e-01
8.233999370443393362e-01 6.381095667013724215e-01
6.425213526497834948e-01 7.851119652142397598e-01
2.540144683737504683e-01 9.442285395221606814e-01
1.023622320674906216e-01 2.715769598344792146e-01
4.530425534688005129e-01 9.702748697991788740e-01
4.114852504571877567e-01 7.814014171193257585e-01
2.502785091405338447e-01 5.685233396726887545e-01
4.089531967204592666e-01 9.702510666747142798e-01
4.374914521529804645e-01 8.387771080069549301e-01
3.898056037796592266e-01 4.877278796822117624e-01
9.196929212520132957e-01 5.512732061706172582e-01
2.982276753420813886e-01 8.691452979767408937e-01
4.688579652474168524e-01 4.969884786048279213e-01
5.661374641093666060e-01 4.404121820025076045e-02
6.872168751127962771e-01 7.364641370085678318e-01
3.589487735903031940e-01 2.039462440817915168e-01
4.421125069555064124e-01 7.368425790984528545e-01
5.153389373996963840e-01 1.800124344659272402e-01
5.745986274780722214e-01 9.708274745136339368e-01
9.846204607573183498e-01 7.237108509923452226e-01
5.529371109684617647e-01 3.423851045224756140e-01
1.401463087879136482e-01 7.133151120851940474e-01
8.392526586050671478e-01 1.915932206403106464e-01
2.617692100234692010e-02 6.654635639714360229e-01
2.480155159450480040e-01 5.942861619081002411e-01
5.146095730910573707e-01 1.431598354707789844e-01
3.395943301463671959e-01 9.827012361826614750e-01
3.133553311999661695e-01 7.923081492350828592e-01
4.378609859002287052e-01 8.975398354904735587e-01
9.295482559206463824e-01 8.542472574122113027e-01
9.950494265647785719e-01 5.653593421384806028e-01
1.118675512189769572e-01 2.171350535173469376e-01
6.273082706533280595e-01 4.248516083940537813e-01
7.128835690146908544e-01 9.824982228528790218e-01
5.803197074780945819e-01 5.935280281265218338e-01
8.423715026006430850e-01 9.123301707795143933e-01
1.849769679939110290e-01 9.384334226392095912e-01
8.043056333700198124e-01 4.623428046728207952e-01
3.840146781527308262e-01 6.569886758606365840e-01
7.083911870465080252e-03 4.524488558616068801e-01
4.230738980254893367e-01 3.725168758093767574e-01
9.059843891064089938e-02 5.748060056500536863e-01
9.376575182040187695e-01 8.466169602631125057e-01
9.939231305276593487e-01 5.368438501603742807e-01
6.357964941042257845e-01 4.878736764816590799e-01
4.895583281614968030e-01 3.758759430016130887e-01
2.563368207076449079e-01 1.610249054407336122e-01
8.941374653523738170e-01 6.082490093083793292e-01
4.540480055923646896e-01 1.967095186135509599e-01
5.992044753797831635e-01 6.110006717288029021e-01
8.993391708451026201e-01 6.374404422122772473e-01
6.340912812787582453e-01 9.220643841155418130e-01
1.525019748547308263e-01 6.029644776852171040e-01
7.760061967294893392e-01 1.472578444186748436e-01
7.019989255255955074e-01 4.071157022371507672e-01
8.018658524253110542e-01 6.032741638303064091e-01
2.240973153934328332e-01 1.639203374856967599e-01
1.350507057255315446e-01 5.337025576123535231e-01
6.200699172129821024e-01 2.153171361187209559e-02
4.545968512007088624e-01 9.461733918325617720e-01
5.822504427427164231e-01 6.906811411185113936e-02
9.591368381185455538e-01 8.056210587590868499e-01
4.290789744142364803e-01 3.519940465445502431e-01
7.694211752308356411e-01 3.037461543559552002e-01
6.179261650510555759e-01 2.781025218753325201e-01
8.911663813827611635e-01 2.019895182272706535e-01
8.058760082932322488e-01 8.893033498099696121e-01
6.855866499334548614e-01 6.116742890300020941e-01
7.800000367899104781e-01 5.624249365232394382e-01
1.649168890916522662e-02 5.268748270413575741e-01
5.225352307967506826e-01 2.230794113645021004e-01
7.675899374369381523e-01 9.616464820707869565e-01
6.757516148992370741e-01 7.269007789114300122e-01
2.625841229136384181e-01 7.631948973169628836e-01
2.082425314710477093e-01 3.413557277862154793e-01
8.640147669790040341e-01 5.341434842296474139e-01
2.360630712744098969e-01 5.750801861164372974e-01
6.770537208088374115e-01 7.735806858157514565e-01
8.847208817473806164e-02 8.683335561177920603e-01
8.138389418513903850e-01 8.976705139994579641e-01
2.106814981525451103e-01 6.761468225873679128e-02
2.288616027294481103e-01 4.473735395969588025e-01
1.566329068386373424e-01 2.678222314585121944e-01
5.036080201551534907e-01 5.753600941539656066e-01
7.044947446358118537e-01 4.506456536236470023e-01
5.987499351217429044e-01 9.534150674679693349e-01
4.731511442154205938e-01 8.546771522065171878e-01
3.941879128829668399e-01 9.910766362653908867e-01
3.693916918791992909e-01 3.811357974467650678e-01
4.925136155957076101e-01 6.454037103617338289e-01
9.576816463155475301e-01 5.034942900136418764e-01
7.747765456009003682e-01 4.128392268496455242e-01
7.909429356372705833e-01 2.582523656413604485e-02
5.609517137451174307e-01 8.802368715549176992e-01
8.064222251127456387e-01 3.144167827885631650e-01
7.037726981971412776e-01 5.371516193738326006e-01
3.835606937817042095e-01 6.079923096105277480e-01
7.816710267890433217e-01 3.151738164095542194e-01
8.057575734208690665e-01 3.610884075538745019e-02
4.492560501573583664e-02 2.643330764480462669e-01
7.574063040896670262e-01 3.656690128146525831e-01
6.958052185117509225e-01 6.233679548405345328e-01
9.167198956658950681e-02 1.695105476936313860e-01
4.519846068757845670e-01 8.434113317012048583e-01
6.802352092776983161e-01 2.757431446088280946e-01
2.716906507999468645e-01 6.886872303194015998e-01
5.614818226906188592e-01 5.988483866036453662e-03
2.470814389718141713e-01 6.303531044501989866e-01
4.859646330763923161e-01 7.705870259107509002e-01
3.153026168591507306e-01 2.141145556764430247e-01
3.962034016816989856e-01 2.124825205490499247e-02
9.883198289990247076e-01 6.928330530986438474e-01
4.552370846666869419e-01 9.555504890804487061e-01
3.577100889175901521e-01 9.025690783950706120e-01
3.116118811736653602e-02 3.670523532636086328e-01
3.604848047339351824e-01 7.222982179478540932e-01
9.717899856957110671e-01 6.694866321586279145e-01
9.934400257870038553e-01 6.186309182859468514e-01
8.668487626716089300e-01 2.486844877743838167e-01
2.546669012445058611e-01 9.675651096057975575e-01
4.298332408168753505e-01 9.940480746309292570e-01
6.633479221153849581e-01 4.793603708006157205e-01
7.567275478732757854e-01 8.652870190889010438e-01
8.187418944892527195e-01 4.660830530708492958e-02
6.549853828933407396e-01 2.071939177723314818e-01
1.548218450100403709e-01 9.311434203730366566e-01
4.768071727959811712e-01 5.087748223091255184e-01
5.763106275553310232e-01 9.269181971327802305e-01
7.518170099177970966e-01 6.474871242683908346e-01
2.386079651784505928e-01 7.894273568726464241e-01
2.324286492079183017e-02 5.472226176284161747e-01
6.541417349849029117e-01 9.927989384218932623e-01
5.487683701565233552e-01 9.946595700071878543e-01
4.437403987614073064e-01 7.030827075100571921e-01
3.760536648963797024e-02 7.176718317810569792e-01
8.728576601650825939e-01 4.995997050760538905e-01
6.751298531842171435e-01 7.977344738560887549e-01
5.417745946630556642e-01 4.187690051788271750e-02
6.500432051308118186e-01 8.713128590683818508e-01
6.180214365297957979e-01 9.850081981755623994e-01
9.914100472651434792e-01 4.896186013032096662e-01
4.410893393447110622e-01 3.135397560619226920e-01
5.319584495377545075e-01 7.323812863121340611e-01
6.548392410288376153e-01 9.209442087218300266e-03
4.245145980462475821e-01 1.035256569263296178e-01
8.572115028857610897e-01 4.176534481362613738e-01
8.874133543153426285e-01 7.756131579939220533e-01
7.953049956234270468e-01 6.621691329167941342e-01
2.838449433453084092e-01 3.248115427269618327e-01
4.185861037183875033e-01 4.521653959775839837e-01
7.588974328294005867e-01 9.447456726536098692e-01
8.241136371206491118e-01 8.695033926409077019e-01
5.216830418792821611e-01 8.441286926992065398e-01
4.045612116743839692e-01 2.542750790683888651e-01
1.793050100400797320e-01 1.406315873156979701e-01
6.542755244032859574e-01 7.855415610782170988e-02
7.196919438475909425e-01 8.494665534091903059e-01
5.910962657797635966e-02 7.834726409757295507e-01
5.731223827235473189e-01 2.367015196600311122e-01
9.091057115978936620e-01 4.096861581596491497e-01
6.605040641849087013e-01 8.725099848229067590e-01
4.706948184826166837e-01 5.785739079709562721e-02
7.420750967055391722e-01 2.602201896388408597e-01
3.524174668875277860e-01 4.473213690822449573e-01
4.319764639244015325e-01 3.584208157417813068e-01
3.686077366699252456e-01 1.185455443740348475e-01
3.486326777260378429e-01 2.526987017126521851e-01
4.354665466598995893e-01 2.928407765870402191e-01
7.813225664741407783e-03 4.960262633505660990e-01
2.708275705486908325e-01 6.981738908276953204e-01
9.193006448605557379e-01 6.667477704840311103e-01
4.448163027148157034e-01 3.874727566048969951e-01
7.179369370167868469e-01 3.189530213648283929e-01
8.577206594358581793e-01 3.150257270333899351e-01
6.441140404896756877e-01 8.566830585651219465e-03
5.096086366692226255e-01 9.523169910240572023e-01
8.064516132360314282e-01 6.686116674209434674e-01
8.511608494304230277e-01 6.634931328250621707e-01
9.633084677336084534e-01 6.481931968727425719e-01
7.169858863141365113e-02 2.090611874933271386e-01
2.950854708259330605e-01 4.625503191295664562e-01
3.219441128915216666e-02 6.676967488984327792e-01
6.756317385153093324e-01 4.346510174328895859e-01
6.143736713426031226e-01 1.308175691324608980e-01
4.951799006853860319e-02 5.862330304924546764e-01
