9.261511694345796464e-01 3.663863532454747496e-01
7.381461972682046291e-01 8.078641481192097018e-01
9.825456517000580314e-01 3.200089901906649770e-01
2.939940059034981679e-01 2.322750960055814384e-01
6.822205136117083235e-01 5.458241503540345319e-02
4.942609024519029060e-01 8.319423229196385439e-01
9.720200338346546287e-01 2.656359818574154374e-01
2.109961695559801620e-01 1.714269197092314623e-01
8.710246433465269611e-01 7.629593128590761442e-01
3.573631458155696050e-01 1.026308291544454354e-01
6.201546151913006621e-01 2.831605651233169985e-01
1.419436161133250107e-01 8.385998500190735561e-01
1.392136012455561789e-01 2.479588924245755555e-01
8.157000751963227048e-01 8.612004985946920543e-01
2.612393491050378769e-01 6.305619109852070858e-01
4.462806524621134585e-01 1.150523946128334529e-02
6.606446594847463771e-01 1.711900000648536313e-02
3.863054169507253999e-01 5.632343695446490051e-01
5.394700489422746825e-01 2.845469625731282190e-02
9.182335688081642855e-02 6.337922011216271523e-01
7.675720669788355099e-01 8.987676260021477681e-01
7.636132049603940875e-01 4.684153903837858235e-01
1.616128072188478815e-01 7.988562903809379723e-01
7.022822439395203231e-01 9.639555420509418049e-01
6.260348143694288714e-01 9.861228676200545218e-01
2.027903700116118202e-01 8.531521534153907460e-01
3.213615985751795412e-01 9.729151170236064461e-01
2.898780426877999861e-01 6.275628784975544328e-01
8.771141013349141868e-01 2.071161690802537647e-01
3.068895000642388737e-01 9.692452627904258877e-01
9.106396681788178071e-01 3.804058113747127434e-01
7.497486377451422213e-01 5.267166515478822753e-01
2.742677703827836044e-01 9.490657897999932313e-02
2.679312757485798890e-01 2.480394047138979874e-01
8.140794434476292807e-01 1.334535809970979758e-01
5.225953393706148642e-01 9.693298705095242385e-01
7.527053426288157212e-01 7.594705119389048020e-01
4.506388072586388072e-01 6.920732800264166595e-01
6.999696600094877930e-01 4.701584992773357174e-01
8.577112807081694879e-01 5.912915470999242640e-01
5.729435663146950075e-01 2.688387759982833747e-01
5.114892828311772277e-01 8.610384646222907223e-01
9.450498704976461051e-01 3.386404676305717620e-01
4.263273379933474327e-01 5.326775144203101942e-01
9.839916639008543520e-01 3.690885802646860503e-01
4.982931843473300537e-01 8.301125431511536812e-01
8.243570436154368242e-01 5.185022349026843225e-01
4.187369819129062587e-01 4.038239057884884797e-02
4.441317640424704560e-01 4.758712383069187979e-01
7.447708565450301688e-01 3.056252784538528999e-01
3.537813938173341999e-01 9.798395091568953275e-01
3.695682371665147126e-01 9.484356544481216122e-01
4.063542927429795171e-01 7.461782456108134731e-01
2.979415340389752753e-01 9.226832983578094893e-01
2.927772760589344991e-01 2.132084426976398606e-01
3.015040307149219334e-01 7.997705641679664357e-02
2.497867509735552938e-01 9.487339852246451377e-01
3.366884456172196671e-01 6.044773970790822126e-01
2.145759309516674929e-01 9.128734823019677425e-01
5.059696362971661809e-01 3.778216582687559111e-01
8.185277337551907229e-01 3.720633978146339338e-01
6.998211156213742790e-01 1.011947640545829974e-01
5.765000073583318452e-01 5.304542615191237820e-01
3.928201998558998320e-01 6.547545929568951428e-02
9.805220484575809525e-01 3.066366868961379888e-01
5.877949997847490282e-01 3.053910800617717913e-01
4.496038642008448605e-01 8.457928823810045849e-01
6.571000920423808456e-01 8.418025935068084165e-01
2.808909584357957012e-01 9.111479255703602842e-02
2.119184438279085592e-01 6.608309612525035126e-01
5.783554517118022487e-01 9.399814025149000329e-03
8.650868633195822888e-01 3.316075305261966255e-01
4.322153295579809762e-01 2.892345546085201557e-01
5.236792043142600717e-01 4.523222099075283609e-01
2.606668439494363998e-01 3.835554345817789312e-01
6.628405651105203633e-01 4.659625251207987762e-01
4.647585487775105495e-01 8.621227958879704723e-01
7.874171691955053065e-01 9.087094380714946240e-01
4.440002147423495749e-01 5.539848112903630883e-02
8.044690531244276521e-02 5.572391446916875601e-01
4.905432901689491532e-01 9.527954893110572865e-01
6.886605916880046419e-01 1.585804943570909842e-01
4.373957340945749950e-01 2.259335357763358754e-01
5.298229307656774356e-01 7.700696684485719423e-01
3.723432939005769660e-01 6.162276131418040759e-01
4.732153261990156290e-01 7.471047812903772734e-01
7.221377273747686676e-01 7.488974830494004031e-01
4.330823533771940848e-02 5.008770380594522731e-01
3.554963997462861625e-01 8.974500836723596775e-01
8.560425204790818032e-01 4.282080693456172260e-01
4.345262428380651798e-01 2.919966191636403155e-02
8.184394344761017903e-01 5.658361618341080090e-01
1.794085127343348351e-01 3.290015343277953308e-01
2.105076646305070742e-02 4.972375796234586032e-01
4.417473365995161494e-02 4.185575298125139287e-01
4.872333498028972310e-01 9.855224393330100918e-01
4.293712409295319388e-02 6.179141563695502715e-01
7.911325600885632525e-02 3.239723972119972206e-01
3.670795186263618448e-01 1.985416377412409783e-01
1.890589435502271209e-01 7.793444642105844533e-01
7.249487773737243179e-01 2.614680643210589572e-01
6.635206124534229755e-01 4.361075632368537902e-01
8.231066933245975159e-01 6.031116074317720566e-01
5.844993138855070214e-01 8.053778486382379143e-01
1.027122583122555000e-01 2.767311087540811343e-01
9.609080057660810414e-01 6.766448306253612932e-01
8.321408735653273991e-01 2.263123511758948769e-01
7.087752795264640193e-01 5.235280738566082670e-01
9.728883194974152770e-01 2.687742072894649947e-01
9.288093245545209209e-01 1.657089711304391422e-01
8.127912247618094277e-01 4.147699626690867225e-01
2.441675162981451763e-01 4.341239310679996799e-01
3.270418640860430215e-01 2.031174107244484162e-01
3.253657046078617388e-02 6.838312387372557088e-01
4.488137605067605285e-01 3.001583927262895801e-01
7.321584978725307336e-01 3.593865737875545641e-02
8.992598010939936160e-01 6.832546902539168299e-01
9.671615748120089284e-01 2.505023745612094954e-01
7.362571343836386006e-01 8.566595090791955247e-01
8.365680086346808375e-01 6.186301723905563987e-01
5.866337807460119125e-01 7.944120006769643805e-01
1.936414793535249368e-01 2.353846437621567311e-01
8.044852361356025217e-01 1.645149230234952964e-01
6.792725668223339452e-01 2.437002245583093640e-01
8.082911573548491324e-01 2.920647225834258065e-01
3.820581784296499528e-01 5.646496384638765020e-01
9.443425917415576576e-01 6.107102038192757654e-01
3.564019781606859727e-01 1.199257881702073952e-01
5.259416931830219744e-01 7.784671572021508723e-01
4.932428834693883823e-01 5.051826875721204813e-01
4.200537681334600704e-01 9.781146982228268172e-01
2.766109552814959294e-01 2.700511816748378813e-01
9.743455394648412593e-01 5.817643976842113984e-01
1.815457781566893747e-01 3.154204710029847591e-01
5.725593200215618461e-01 9.112418234785214510e-01
8.082055391047239246e-01 2.131892257296754967e-01
2.588069035291075126e-01 1.397952244658528520e-01
2.140015755554749710e-01 4.750397424190298534e-01
9.631334052775752941e-02 7.992807381644722042e-01
9.164158146667529259e-01 5.687617192528846566e-01
9.357068129881712659e-01 4.006130089849235798e-01
7.177740412634804335e-01 5.229399282988752562e-01
1.770623524311598640e-02 5.244905164375509576e-01
5.400717523899460915e-01 9.093248489878738572e-02
5.364398144064356222e-01 6.674054577384089249e-02
2.652611869888951146e-01 8.084060380365698517e-01
2.589943324474650033e-01 2.660532575354414009e-01
5.591428642363028834e-01 1.029614438233967949e-01
9.301272077562637852e-01 2.537249371430430611e-01
3.466383328344386783e-01 5.609238363132518224e-02
3.893580291970423213e-01 9.854833776171758597e-01
9.586281566345414840e-01 6.827029009588432285e-01
9.692414246440039793e-01 6.394670629891616720e-01
6.687630938940089531e-02 6.918277088708900679e-01
2.563766957289823623e-01 4.635835305110126980e-01
9.680082212506712080e-01 5.699710466153508071e-01
5.578764476936363126e-01 8.435050755241091380e-03
3.180064545605254533e-01 6.560385466071081417e-01
2.777714945243967559e-01 7.369905936177236772e-01
3.945537793843510999e-01 7.153350533339848383e-01
9.394882833359542440e-01 3.609791599245072979e-01
7.412870570694474193e-01 6.490280486622229672e-01
5.399776516446150865e-01 4.484691689081925503e-01
2.323025251877447184e-01 7.464090048192318916e-01
4.915356379548491139e-01 2.398602346974690325e-01
6.761329353011732435e-01 2.025760959915508808e-01
4.437316688377392349e-01 9.826190748657679386e-01
4.723978911362994859e-01 7.805929795638988367e-03
9.718611154910005157e-01 6.140301588576647651e-01
3.132021626053555496e-01 5.770789639783305836e-01
1.599586549570275462e-02 5.532464633412016441e-01
1.517154103908849860e-01 1.970584323879612798e-01
2.885276131141329969e-01 2.396551855298253986e-01
5.237835372763577357e-01 4.251883262256133111e-01
7.697146823714036135e-01 6.101493656861429749e-01
1.795981638163178795e-01 5.209100922261239441e-01
5.731904757689328944e-01 9.792786571469578316e-01
8.313782296481506684e-01 2.387055686683351718e-01
3.599250221648331860e-01 8.499965321829634490e-01
4.796765985352187123e-01 2.624545923997110286e-01
1.878734580791420195e-01 6.948540071773512405e-01
8.632499644154192353e-01 4.438047282898702206e-01
3.293394185522752204e-01 9.529297046708502528e-01
5.316282010354894672e-01 6.792407408022219650e-01
5.060027376842708424e-01 7.666117960080678223e-03
7.116945717975285968e-01 9.595217726921744239e-01
4.417245782408423249e-01 9.899268809241886791e-01
6.294776277397695630e-01 1.391397097989545972e-01
2.931488807057307522e-01 5.145320668694708388e-01
2.639667536130363423e-01 2.293077038274563828e-01
5.987046418077961452e-01 3.561166239774023468e-01
8.841954113934805681e-01 1.091908324021669818e-01
5.735801046660701230e-01 9.908036913037570059e-01
6.328695659078293900e-01 8.544134883386480528e-01
1.606524837137550954e-01 6.676390147069524161e-01
9.244644038231027983e-01 5.271496393956125459e-01
4.539235919320839807e-01 7.333123998420444378e-01
2.089712581322188401e-01 4.475924632270196768e-01
1.969939994374641234e-01 2.086371627902811055e-01
3.938241604042534982e-01 5.208668461141764405e-01
7.076219977002111694e-01 7.086660542794620543e-01
7.681740208314514762e-01 4.608841956253288963e-01
4.503839465762098371e-01 1.680476566670272565e-01
4.625531614194888785e-01 1.453540415991340651e-01
7.444466194885900334e-01 3.564632252980362015e-01
6.290092464160000896e-01 1.275561345929961121e-01
1.376005287651269615e-01 2.177297192725988761e-01
3.643187892512251280e-01 2.590509416378662388e-01
5.292891354298455697e-01 5.779365392260653322e-02
4.360398843140095293e-01 3.710107090845461419e-01
2.255142039329059989e-01 9.386235225265743276e-01
3.646143673952126907e-01 3.872734178810754990e-01
5.266304866985948019e-01 7.226404486751047962e-03
3.837669616300652953e-01 6.058556472014657857e-01
8.009998926831665700e-02 6.108831707991876359e-01
1.570681704868008843e-01 7.518700312011874498e-01
8.424379391437355480e-01 4.073712478630251432e-01
3.419655659956366556e-01 9.773176998121956283e-01
3.655941825255097366e-01 4.278221479095197233e-01
7.259809208932654911e-01 9.511036698236805531e-01
6.186435316671861084e-01 3.918319170467162160e-01
3.302186250672685119e-01 3.941965903492139489e-01
4.857606201741402341e-01 5.574312060497792487e-01
7.316940538738286870e-02 4.231465944485075514e-01
9.242112592503020085e-01 2.959719372320689934e-01
9.524062180845985770e-01 5.027945433276086451e-01
1.456841951968936566e-01 5.426524920929577389e-01
9.840041345042971344e-01 3.520169399308891167e-01
6.377932441443004974e-01 9.433817796106186426e-01
9.713319198675546273e-01 6.205644884454439847e-01
3.718026310374777932e-01 9.834703528095170011e-01
2.584710029860858294e-01 7.112311252673001460e-01
8.567900634022429518e-02 3.103592739509387632e-01
3.541965112571664465e-01 3.781515755401031464e-01
7.226499079942867443e-01 2.778131693681337722e-01
9.454271972293153414e-01 3.070845912194361538e-01
2.876971543676836163e-01 3.057891439028306291e-01
6.759418868387383483e-01 7.447109840978778372e-01
4.668609977128944655e-01 3.949162641542751651e-01
4.504220336534520142e-01 3.175349603319495562e-01
8.026846442848889485e-01 3.706434913814485865e-01
7.922272172423634462e-01 4.321730316067447508e-01
9.791757704874911594e-01 4.828226355342599696e-01
5.690004449102008532e-01 1.852137598562863530e-01
2.750208781378192802e-01 5.668827969028429337e-01
9.592684749412881962e-01 2.313233986606191284e-01
7.092918235934233540e-01 1.932307196799837867e-01
2.690075812411895639e-01 5.941680357204592866e-01
7.854270820053451674e-01 7.929969507692185005e-01
6.019991866098131084e-01 1.095873665370579869e-01
8.061246056423314599e-01 1.977736306126466059e-01
2.060600222049938091e-01 4.209842083094881837e-01
2.931874874787613883e-01 7.893087642684394334e-01
2.291244298741772489e-01 8.783732369815187013e-01
3.337443682202304029e-01 1.118011552958811938e-01
2.002833448578440478e-01 9.275050983260302306e-01
1.445845122568595043e-01 3.579200119928071522e-01
6.737804463288701307e-01 9.195588815050200759e-01
8.087617785092855449e-01 8.900534893510465562e-01
2.720744367327423419e-01 7.435891877302523989e-01
6.668740675089719350e-01 8.403194344258652082e-01
2.443063841997143992e-01 1.197952810569881121e-01
1.790043425877529404e-01 8.039133697653306765e-01
2.827146996103725440e-01 1.046951467481034292e-01
4.943455695791179050e-01 9.691457870878925629e-01
7.299675897051755014e-01 6.838853892933431933e-01
4.702427403691046837e-01 5.230118606157569960e-01
5.094739755155900385e-01 5.680972622552946660e-01
2.250808134922510639e-01 8.709316750736879609e-01
5.323132619823298661e-01 9.928711910553191800e-01
9.378792865998620831e-01 7.173053498454183829e-01
8.062720464741648385e-01 6.837686485707958894e-01
9.548225234844646137e-01 3.421761107177134220e-01
1.398115964061324989e-01 8.618708702213533357e-01
9.809708105752690255e-01 3.306145581019079849e-01
1.524272993038167101e-01 1.963784704333558784e-01
1.660860015542141022e-01 3.186272303817602181e-01
7.061114684243534612e-01 1.094742552266994157e-01
2.959310218568501072e-01 8.859682156637460615e-01
1.802098374231722033e-01 8.483661317724598971e-01
1.171000197424037215e-01 7.051131543881508090e-01
2.709626487654335780e-01 9.151008661771228292e-01
2.088285811018424087e-01 3.602748592956631635e-01
8.631414797593210952e-01 7.861665885311084345e-01
4.636821342730643170e-01 6.315524578419546842e-01
4.420758924597821826e-01 6.274607672899628064e-01
6.842235543219300498e-01 9.697335280734441509e-01
2.289175668161737842e-01 9.226283901382471564e-01
7.046282467253854875e-01 1.143291643750113662e-01
4.013040277690065327e-01 8.942992072512374602e-01
8.683924808007839058e-01 1.888546998516353603e-01
2.543342094678980869e-01 2.147192026989457048e-01
6.180202493235184003e-01 8.220775747945854306e-01
7.700726349268658399e-01 1.693727497782076541e-01
4.016454304721016610e-01 3.211925066580836319e-01
7.148524189689006159e-01 2.320140188883622057e-01
5.734216733471597660e-01 1.362646248202853960e-01
6.394850357810044628e-02 7.473682686908210693e-01
2.640281088824430467e-01 5.901653276341006782e-01
6.053529784699465122e-01 1.341168834382990283e-01
6.593148389175129687e-01 6.620778342259504567e-01
6.367451522312169709e-01 1.022446045295256484e-01
4.008389955669006133e-01 8.205247858542221717e-01
8.203303017268287478e-01 4.533323663953598426e-01
6.958754031345075752e-01 2.470859109216605454e-02
3.264670562210892912e-01 7.075566781554893936e-01
5.132879697725050150e-01 8.145014486250721220e-01
3.374065113353014178e-01 9.676468570614256137e-01
5.166354004416857659e-01 8.207597214294934940e-01
1.395204879627784944e-01 3.452492620590440486e-01
8.217850787596462370e-01 3.567467911882553633e-01
5.103421389123022345e-02 7.140821237917129860e-01
6.082482333727043944e-01 5.474892170868193020e-01
8.970117393944961881e-01 6.390830572932165721e-01
4.303234884407766137e-01 2.382723996642040487e-01
1.544368958490590082e-01 8.764489414254535982e-01
5.217896526599237195e-01 8.791066017449720160e-01
6.589084316774741490e-01 5.957821403566692098e-01
2.285347966300151357e-01 4.742297422514337724e-01
6.410369661198046520e-01 7.602917976184593307e-01
2.849727813470089854e-01 1.530647396299682217e-01
1.709695041914904845e-02 5.762421808102243803e-01
7.189860063300174131e-01 5.749977258605734054e-01
4.401680878548141496e-01 3.902052289495571702e-01
4.623702576637951367e-01 7.145337282997463735e-01
3.191254534516404506e-01 7.222708583156980389e-01
3.002013640583910403e-01 1.634744475018481413e-01
7.292197445142483136e-01 7.121636201582538794e-02
7.829138777526309934e-01 4.966112412480854776e-01
6.323239841807540840e-01 2.694504206099174737e-01
8.865509021633743991e-01 7.982838719309236497e-01
1.758393398418450770e-01 1.767144800382601799e-01
4.553621212438501153e-01 9.553493544095467138e-01
7.427693299873369126e-01 8.004341574789874958e-01
6.129657077773498219e-01 7.129746153095355421e-01
2.202953736997888545e-01 2.156229127054689887e-01
1.927141248258390505e-02 6.090829516076706751e-01
9.166252692461767104e-01 5.726798801917004633e-01
4.930518953153925077e-01 5.880438217829377923e-01
8.331010558314793091e-01 6.646574803614900828e-01
6.031697270385700804e-01 3.742286111227171030e-01
7.924982897229391199e-01 7.091140916540247252e-01
5.304919811399495533e-01 7.311856714327324980e-03
7.986067800591025723e-01 7.156743701508386790e-01
5.650948513751886670e-01 2.597095089711769500e-01
5.462077595385369522e-01 2.885124000856780224e-01
7.369874005477600187e-02 5.901355621223673964e-01
1.082772715152225396e-01 4.991441380802519312e-01
6.255234536852186111e-02 6.628195589281697941e-01
7.978552438857084983e-01 7.508623514639479746e-01
1.541049280390693887e-01 2.718291112118851882e-01
2.755006065074979138e-01 1.728972600972646101e-01
6.134434937740591565e-01 2.313242884507677732e-01
1.991064550265643773e-01 3.233417991274927239e-01
2.902327461562317912e-01 2.308792844891671692e-01
8.598966586874243756e-01 1.342735720394938326e-01
5.438932292038888283e-01 2.147838685117324509e-01
5.882875225986973211e-01 7.223622040501384012e-01
6.348422993468558762e-01 2.938422225943442823e-01
5.394901575153039364e-01 6.199928845268795063e-01
4.448592540235885018e-01 7.512124453033142135e-01
6.632364929176948198e-01 3.275413469794613563e-01
9.815680559975108466e-01 4.314800710218654745e-01
6.900132805466420161e-01 4.669471511921835516e-01
9.290636690945214271e-01 3.584683868007798035e-01
7.448656527895530788e-01 4.240718466982461576e-01
6.050706927945812552e-01 4.940848579636601956e-01
3.120487055175948932e-01 8.339011133330331837e-01
9.235332649210242772e-01 7.175637286057470199e-01
2.971976955697467337e-01 8.019783754234358630e-01
4.493771704851901028e-01 3.037560554246114819e-01
7.636950480935442709e-01 7.749696668331448324e-01
9.054834282879530294e-01 7.593530449439127583e-01
2.677711951082221153e-01 6.288449152899082684e-01
5.677461471076587773e-02 5.355852746452275381e-01
5.537287437066450435e-01 6.517161964746189806e-01
9.413573367906831191e-01 1.924784889098571927e-01
2.249159756968616697e-01 6.119881438529884976e-01
4.894685571890275977e-01 7.128808944680709025e-03
5.517366291036734927e-01 9.922587928793543677e-01
5.636704853695579942e-01 2.489577879707960406e-01
3.694624078775584630e-01 4.730553361338941665e-01
9.675836195552914298e-02 7.457517873730076241e-01
2.718930842845401208e-01 3.601619898824914290e-01
9.084053523611286263e-01 1.293105198240480647e-01
9.214828429902367501e-01 1.520631526740543471e-01
7.064850184709180470e-01 2.254195288067970815e-01
7.120856772591654948e-01 7.639791192696124833e-01
5.400821493588197075e-01 2.138160160210818839e-01
7.904217479246271605e-01 5.128105074848294809e-01
9.835446735778882177e-01 3.295271109486493932e-01
9.653136677839867508e-01 6.589603802620810358e-01
2.632072032242849247e-01 9.522122586136108069e-01
2.120576725492116232e-01 4.122915666679823343e-01
4.955866599057551225e-01 1.495459637730646996e-01
1.639859992943948352e-02 5.429498910354737529e-01
9.521448125634209836e-01 4.387249757004217376e-01
1.676671236536394771e-01 5.320441844861399927e-01
3.377828028464814891e-01 6.374693847652537215e-01
8.363894339028087321e-01 8.047411822951244798e-02
9.540270512291694205e-01 6.907750049084091515e-01
3.612587067988943801e-01 9.304728954720937750e-01
4.973406795870521369e-01 2.576914053102435931e-01
4.634521185741053428e-01 2.612326349193745401e-01
3.614888744706276635e-01 5.065890058373072602e-01
5.668102549769014065e-01 4.049650110221841848e-01
9.810020499453955267e-01 3.752400789142072424e-01
9.119015498343160386e-01 6.595242567024158786e-01
5.153407682358878139e-01 6.063737432000185779e-01
1.757686834516710706e-01 6.699151030501027115e-01
6.776423887912598198e-01 2.073887344480285222e-02
7.925245070192233898e-01 5.706183682174637006e-02
6.154287604672625811e-01 5.376484567806444348e-01
7.523333239999692168e-01 5.612145448252596758e-01
1.220090906072704012e-01 6.072395539660316865e-01
4.964752648221752995e-01 1.585699382864532714e-01
5.603541285896334045e-01 3.754656272715372056e-01
4.622968649504596295e-01 2.992699961670244324e-01
5.161807058975049767e-01 8.211977241895327406e-01
5.863142984480171904e-01 1.715450893051524706e-01
4.169648572392428143e-01 3.091296674671860090e-01
4.809670537633097265e-01 3.538343165633921483e-01
3.162344528347392214e-01 9.651803176426010378e-01
2.811893886221802363e-01 7.117662461630525073e-01
6.223966638401348117e-01 7.830455911835321192e-01
7.151002196420972457e-01 5.855478806867927544e-01
6.453831695240178634e-01 1.514247698748216742e-02
3.659382401526249384e-01 5.728914423898910924e-01
4.417977999468346573e-01 2.498589201013159955e-01
7.584083374707781822e-01 6.111844091327917061e-01
6.308404015063662218e-01 9.848046704150066333e-01
8.038154587753197911e-01 4.233867084586757090e-01
4.171327938586578687e-01 6.609784686209414506e-01
2.542290279733135372e-01 2.730833269254702711e-01
4.963349622969954189e-01 8.740538599527756247e-01
5.985892138309245603e-02 7.400727328145029205e-01
6.420306068436753000e-01 5.158102594450945100e-01
2.536263864603357510e-01 5.636201764215245102e-01
5.383575680569051558e-01 2.204730905975831740e-02
3.378605464255043378e-01 9.364797595569793742e-01
7.528305387745561905e-01 9.458107636904206084e-02
9.491373817256327783e-01 2.426245137398440610e-01
9.210437805229869657e-01 4.892751775337443321e-01
4.511721249279417867e-01 2.309627161835660358e-02
7.750635557060672198e-01 8.515842712568484352e-01
6.064214551558499977e-02 3.690334049189717414e-01
4.694486048269670420e-01 3.775478602148785168e-01
4.284452916854386006e-01 8.373503401083607356e-01
2.531638170134264954e-02 6.559342121411703141e-01
1.745360254634480413e-01 9.037885077217999719e-01
7.064129643493766153e-01 6.918837280501504150e-01
3.867040625242015306e-01 8.087726834246433683e-01
9.618046006113012414e-02 2.885978512232078019e-01
3.970984719161424481e-01 1.228106077302716231e-01
2.948612350920939429e-01 8.103224510815223436e-01
9.304753956080014099e-01 7.292257174128079500e-01
1.024664871271788735e-01 8.086518900743786542e-01
1.904801988020795589e-01 9.220839000306958466e-01
9.772517598148542373e-01 2.874732820470342620e-01
8.453344019993289660e-01 6.553277654263286456e-01
5.852404809055188062e-02 5.852519876865956983e-01
6.492225812031272580e-01 8.195046854353447985e-02
7.769595013963658259e-01 2.880977057684848130e-01
5.042143606423469260e-01 7.627297411403325400e-01
4.298744499637384697e-01 1.510156573314547224e-02
1.689764357320332755e-01 7.380749463168490010e-01
4.949120205817737483e-01 9.546894173475646284e-01
7.166613624748101596e-01 1.132378468838453056e-01
1.379809283570846978e-01 7.364796504642430186e-01
6.772638234267522872e-01 8.939411730817552471e-01
9.296226907908478054e-01 2.492187425819055724e-01
7.168769483439808576e-01 5.447206996338641583e-01
7.873550313738425510e-02 7.115861995893949521e-01
8.608476893888953319e-01 4.310524062814052315e-01
6.128055833230289240e-01 1.134942727594689948e-02
9.461891606772079855e-02 4.414436419868480455e-01
2.772545706044172165e-01 7.266949904206397859e-01
7.804401763401982439e-01 7.000309546816638750e-01
4.547660826552852864e-01 6.729863419191477458e-01
3.925326491996358191e-01 5.945463813180686952e-01
8.556127674317125509e-01 5.489721498092533514e-01
7.368861068579966034e-01 9.445749278007852245e-01
8.501407929234432448e-01 5.184517102641870157e-01
4.918492953467236695e-01 3.479332316144041481e-01
2.346756767163894197e-01 2.543384130750324656e-01
9.108078640192822650e-01 5.587218937857479917e-01
1.249772005089447857e-01 8.428467641353012407e-01
6.470806751556886782e-01 7.811807492298689093e-01
3.295113084027407324e-01 2.177540752072035790e-01
1.807443476193136833e-01 9.110324804856567704e-01
7.239102301479517498e-01 4.473238846069112207e-02
7.805649475100759904e-01 1.836134931627606826e-01
9.614252870643267279e-01 3.784066224342602092e-01
3.377256873464835052e-01 9.580327084705456686e-01
4.071455694777385004e-01 2.597680465388330084e-02
2.252649746151875465e-01 3.087170501483195162e-01
4.645790003279315350e-01 3.930033756800181965e-01
5.031884668468037392e-01 5.969472590375206611e-01
7.779327540538997221e-01 4.266469533650331103e-01
8.621127553586964698e-01 8.292203026817277500e-01
