4.823051913493192622e-03 4.257627085960510316e-01
3.453756949219344285e-03 2.824005855569021728e-01
5.711360706795565179e-03 2.434248360253504773e-01
8.931284615483203737e-03 2.099896166860317770e-01
1.051239179950969049e-02 1.995448622822793006e-01
1.552742360084247153e-02 1.763013678944290730e-01
2.470339507202812257e-02 1.536397474917946537e-01
3.489169946502779229e-02 1.448699640023923818e-01
4.898002656618938300e-02 1.342555096743719423e-01
8.661660226193357293e-02 1.059635005575069178e-01
1.076504007879296454e-01 9.165622815780716248e-02
1.309075631905216586e-01 7.863798589854997800e-02
1.357066628104756090e-01 7.640334630068856825e-02
1.476476792180457798e-01 7.126471412785817527e-02
2.554935955462556141e-01 4.162568009643441425e-02
3.033960049403613413e-01 2.854179406170520572e-02
3.206669739063662261e-01 2.405717806942175852e-02
3.325133116775466080e-01 2.119708549936172304e-02
3.406988240010616620e-01 1.939676951625346479e-02
3.647109800104280097e-01 1.567504380415896126e-02
4.106904141471103831e-01 9.173890538247908566e-03
4.345064249657906164e-01 6.534334087917592626e-03
4.444124957038591006e-01 6.347079737445970871e-03
5.066985895989387645e-01 6.647643527340485470e-03
5.127392752611833471e-01 6.878228500252880906e-03
5.296660953890540702e-01 8.036229848985998458e-03
5.392315511629808267e-01 8.935086248363477424e-03
5.562547090086772394e-01 1.186775326122224694e-02
6.335215611292259741e-01 2.771932866677662144e-02
6.550782868217518429e-01 3.266130309343440175e-02
6.615926111222069084e-01 3.428704895196388325e-02
6.811595313840447252e-01 4.090097586906338289e-02
7.355944710314115120e-01 5.993323120126237136e-02
7.781775960924824931e-01 7.747853520693337437e-02
7.983216967468284020e-01 8.696176863785642919e-02
8.332887416464900276e-01 1.074300429942471879e-01
9.009216834207098845e-01 1.559156529899432542e-01
9.034179486189405361e-01 1.580157288984228581e-01
9.294685785238890885e-01 1.832280463957269845e-01
9.534642201408888296e-01 2.082811200717308298e-01
9.637504774931585638e-01 2.191443821561414040e-01
9.801037103074697887e-01 2.394395700925964210e-01
9.865721115875668579e-01 2.655670782818321252e-01
9.910374892770448252e-01 3.010839836902171607e-01
9.937625053044113477e-01 3.327667924760429052e-01
9.942242521009806433e-01 3.390521607822426509e-01
9.964166558840507060e-01 3.761051442720693139e-01
9.965462430507806557e-01 3.824475589848072010e-01
9.964191986369834719e-01 4.428079391533437104e-01
9.947199105991245682e-01 4.921987446984442682e-01
9.941519189293367420e-01 4.999473945482872939e-01
9.926166819589563595e-01 5.133584632325787211e-01
9.812194759640080477e-01 5.932290618777157354e-01
9.784789952313371897e-01 6.099619444358037601e-01
9.762324268627916579e-01 6.169499396329216623e-01
9.570142984498930527e-01 6.744229241422731169e-01
9.379123657392195446e-01 7.306062736896016263e-01
9.130086472887025684e-01 7.990131151905157658e-01
9.046560063170585586e-01 8.194928711884678085e-01
8.971890508096694861e-01 8.369308336265167680e-01
8.901756699395961814e-01 8.466033458850139581e-01
8.799251243851956561e-01 8.558691377851178617e-01
8.336033668023892229e-01 8.941600833508540624e-01
8.240098575589620555e-01 9.020347259414270846e-01
8.014240965207697354e-01 9.183643951257873805e-01
7.876221005578238898e-01 9.268450936356503744e-01
7.590826843996639761e-01 9.402736032747620598e-01
7.453466250840644625e-01 9.450643929510615937e-01
6.627396410596501086e-01 9.736881850575916930e-01
6.450574288817538804e-01 9.786710556802430405e-01
6.280704313667877514e-01 9.833889206780567216e-01
5.805401478823724037e-01 9.906624115093560778e-01
5.638689639263858577e-01 9.918918105261401719e-01
5.169763382341980851e-01 9.935689511398483331e-01
4.818406801138417350e-01 9.936529202625539181e-01
4.322342885091734477e-01 9.897279520281966336e-01
4.177761978960398137e-01 9.872830484812766816e-01
4.112228793300302110e-01 9.861234823949095452e-01
3.704558538325781747e-01 9.759009239056000151e-01
3.520403552640075651e-01 9.705456134308235727e-01
3.422749383771297449e-01 9.667870406760189494e-01
3.162083260632863047e-01 9.559736040551236602e-01
2.979545177119565791e-01 9.481537599530576177e-01
2.632855691915600982e-01 9.297615172775471892e-01
2.357565777113298511e-01 9.142696633897873237e-01
2.000505475569576141e-01 8.939600952367290354e-01
1.879708896154924647e-01 8.864148152209715414e-01
1.832160881117762541e-01 8.831501775879535554e-01
1.466563755933945057e-01 8.571571575833768497e-01
1.155785466293698383e-01 8.347054247846745767e-01
1.094275727221027950e-01 8.284893342847744480e-01
6.765894889245482879e-02 7.760367747946121941e-01
5.012587131207191238e-02 7.365916781307735306e-01
4.218297008232252399e-02 7.069676244401242871e-01
3.206620969561879697e-02 6.664538973421343382e-01
2.816358505599192430e-02 6.493861516447518856e-01
2.169916505445623756e-02 6.168906068371051710e-01
1.820691446712574546e-02 5.913411910430558249e-01
1.506872729705155400e-02 5.587357717259403556e-01
1.454356487526331509e-02 5.520323579470685083e-01
