1.893449166116732973e-01 9.555767650655714318e-01
1.593586170290383075e-01 9.362952929115070377e-01
8.329965937592209713e-02 8.747116249968160950e-01
6.475141004657281041e-02 8.367215135795993408e-01
5.603519263340361878e-02 8.173941375279228927e-01
3.887959917355843231e-02 7.647842938367022114e-01
2.649588776131472923e-02 7.092160756227227081e-01
1.766946801652025112e-02 6.654557863659481542e-01
1.473602467537915572e-02 6.339139975433331076e-01
1.528051234424165905e-02 6.110667235774097650e-01
1.553403541194475768e-02 6.057561551072999650e-01
1.706992852311839393e-02 5.738543568494264280e-01
2.186220134057637043e-02 4.987082657657667673e-01
2.305158738766743820e-02 4.818003329630068388e-01
2.436887112906893638e-02 4.652061220724612589e-01
2.896643334198678588e-02 4.433533926929520419e-01
4.672421094293233157e-02 3.607821963706536739e-01
5.490894332128803956e-02 3.325891635128558343e-01
5.791339096612502235e-02 3.224414572556846270e-01
7.460889901130240975e-02 2.666773998253810785e-01
9.964760413827311591e-02 2.145074416943735240e-01
1.054090402280140060e-01 2.030384647237365447e-01
1.115395962329890356e-01 1.920325920073311377e-01
1.157413225443565397e-01 1.858424399608898936e-01
1.192668636960586559e-01 1.811676170146520048e-01
1.542228993281458127e-01 1.388490386145797562e-01
1.597942995367683805e-01 1.332511347561268211e-01
1.633246076358075838e-01 1.298816992434469464e-01
1.747563544340412500e-01 1.204337544264535431e-01
2.214462144672796340e-01 9.280977914186494537e-02
2.325937882919998367e-01 8.624120622337061448e-02
2.605634115553256969e-01 6.990028520401359025e-02
3.037113140049158000e-01 4.678774295685350637e-02
3.602344412369956617e-01 2.747135214389684332e-02
3.662041344802867693e-01 2.576121422632149383e-02
3.802507938167493107e-01 2.234140705031417706e-02
3.869453204344752706e-01 2.085527723456015448e-02
4.201435694311806968e-01 1.487623781927560618e-02
4.679330118232987168e-01 1.079355564214934393e-02
5.030457798772060007e-01 9.270678556447808916e-03
5.237241114718285129e-01 1.060145317145710919e-02
5.703485022295781137e-01 1.607655012436115527e-02
6.109839380168623491e-01 2.400651891949878713e-02
6.866673531188548507e-01 4.064897556984303773e-02
7.051392900979006617e-01 4.559266225393510119e-02
7.191205538603222536e-01 4.956875857165177202e-02
7.949065100763642588e-01 7.154904581710030964e-02
8.093303757082023209e-01 7.749411673749340146e-02
8.215879957946796708e-01 8.423722863709326436e-02
8.302982484316396850e-01 9.070844391864651968e-02
8.517197230980870781e-01 1.094486805804247842e-01
8.689790666356732585e-01 1.372800039091203184e-01
8.989725992455884773e-01 1.877861328970193977e-01
9.084313776006668339e-01 2.053914906373082161e-01
9.162242038905568098e-01 2.214887379396291989e-01
9.199370200842404977e-01 2.304094191917545054e-01
9.310293831364708783e-01 2.576142935728499284e-01
9.490432961378292287e-01 3.155909372296802351e-01
9.552330926888535911e-01 3.363125779720999020e-01
9.591031105039813376e-01 3.497852814687820722e-01
9.712922085292292618e-01 4.004384033938910292e-01
9.824772925373232990e-01 4.553859482390432145e-01
9.834681273494486620e-01 4.743573420900617510e-01
9.840168405683427100e-01 4.873269371511269599e-01
9.842871090170287607e-01 4.957628826201816441e-01
9.847524879247719909e-01 5.197304872496588679e-01
9.852639753246208443e-01 5.509629045890028776e-01
9.841131165275276427e-01 5.858948890573163482e-01
9.820856687558474629e-01 6.171329539653747087e-01
9.819844178310251914e-01 6.183442149255645726e-01
9.794784397772354767e-01 6.478602509938169440e-01
9.716108806162155886e-01 6.859729057823789056e-01
9.609597188025044145e-01 7.170781611708154646e-01
9.560710438742042738e-01 7.296361374742025285e-01
9.447976834233201560e-01 7.582960553853227426e-01
9.392216257235551646e-01 7.672898449836236257e-01
9.187909409365790925e-01 7.992748351083978076e-01
9.155657466943925016e-01 8.039503185386993600e-01
9.131841303109234920e-01 8.072455230395423342e-01
9.049335844580024268e-01 8.173442681535959542e-01
8.688016675229929264e-01 8.553474763919381996e-01
8.605529589619157482e-01 8.633437221244695259e-01
8.421044786480659239e-01 8.792278634214059085e-01
7.915238298212473600e-01 9.164455824818514840e-01
7.747292032002490725e-01 9.279318731976048396e-01
7.381977188431284587e-01 9.505675068369545677e-01
7.065588904928276071e-01 9.690581927355846892e-01
6.643485597948804999e-01 9.791787812900646371e-01
6.588924222085424942e-01 9.801994815214367662e-01
6.359933998284048595e-01 9.838089918237058473e-01
5.983806368289084077e-01 9.869400001127707212e-01
5.505077566560709901e-01 9.899173379702955744e-01
5.280757684045622735e-01 9.907293214435521911e-01
5.119819322414898011e-01 9.905776131012988817e-01
4.289186064151091493e-01 9.877069286844569751e-01
3.459453322233886352e-01 9.829494864351956407e-01
2.388298719830069805e-01 9.753510006660118803e-01
2.272831653117954875e-01 9.732818105621298121e-01
2.137670391122910019e-01 9.679400730711092971e-01
2.050380007581389386e-01 9.635660085779373940e-01
