7.404648509096862785e-01 5.669027042619634305e-02
7.886621565358109542e-01 8.795373359554148340e-02
7.937719270656589110e-01 9.275311868154456629e-02
8.267997992652256212e-01 1.252233171269879763e-01
8.750304101323924666e-01 1.754135061491813863e-01
8.939928139786919026e-01 1.981392279040428139e-01
9.035764888189341537e-01 2.141613235042169050e-01
9.222324121127092322e-01 2.489089731027519514e-01
9.269413448511485409e-01 2.609572264095996186e-01
9.412761537854426042e-01 2.978914391852572896e-01
9.605856121264613190e-01 3.504078700777014665e-01
9.693845073462008521e-01 3.798300001899700407e-01
9.702108947580512233e-01 3.829120475467482354e-01
9.752837597655674706e-01 4.277563848298631122e-01
9.768325316180770379e-01 4.728596800997031391e-01
9.771365029127896396e-01 4.946947877289027407e-01
9.770318448271138045e-01 5.045505258538495186e-01
9.743007664711871296e-01 6.048833271555162927e-01
9.694521666869433396e-01 6.227406234097472293e-01
9.594774184673662276e-01 6.470991543783455313e-01
9.429691072997958834e-01 6.862376254707930334e-01
9.362668911528606586e-01 6.992731421662982116e-01
9.268634289730353082e-01 7.127145270677199829e-01
9.037801016348578909e-01 7.417364453603070285e-01
8.541832688967709863e-01 7.984302502944770064e-01
8.390779297575137186e-01 8.154509550569226661e-01
8.197747082652293571e-01 8.363078363250495695e-01
8.191606770964285911e-01 8.368847089805572237e-01
8.027485779043905811e-01 8.516052230167560078e-01
7.206612809794312735e-01 9.165053637469704473e-01
6.739570641144665419e-01 9.450757856008621394e-01
6.487710680724860790e-01 9.557936848823295195e-01
6.001057536657827818e-01 9.748156803706627960e-01
5.927535638095100534e-01 9.767268587819520897e-01
5.654966625603252695e-01 9.817767915499526765e-01
5.397001000554246808e-01 9.857663703351797757e-01
4.840603822877088125e-01 9.917602776065629344e-01
4.366922140321496948e-01 9.950100565968101884e-01
4.061595380499078423e-01 9.954533736866900684e-01
3.707061634608988521e-01 9.931182975524579515e-01
3.610857901746415410e-01 9.924282503473086381e-01
3.264763131503474747e-01 9.884824270025711623e-01
2.889102601780875745e-01 9.814951439000015876e-01
2.823417645245760998e-01 9.799084001631425123e-01
2.733586494423677071e-01 9.771901524899239133e-01
2.679097564990041147e-01 9.749779262487465736e-01
2.062474768729429253e-01 9.473224681717116180e-01
1.871891075428913642e-01 9.358651640796856741e-01
1.640217627874860917e-01 9.204876034207282176e-01
1.284686112579854211e-01 8.951279498149044000e-01
1.057960278988672731e-01 8.711011963488641818e-01
9.651088024197901349e-02 8.577909509968693058e-01
9.418827224481601812e-02 8.536544193178050577e-01
9.270931621063244199e-02 8.506607523699721840e-01
8.264523513105342944e-02 8.253636008087721354e-01
7.423578091676880097e-02 8.027662336840494239e-01
6.732663971795055380e-02 7.830279969706244181e-01
6.090057175453883476e-02 7.636362982841155000e-01
5.616700399320989634e-02 7.463558790410385058e-01
5.025940732676298373e-02 7.190184584025061110e-01
4.525557482969672085e-02 6.940403586261295610e-01
4.186733761671296294e-02 6.756200996966540417e-01
3.687680458473702183e-02 6.483050623778990884e-01
3.407226369766264140e-02 6.324243240862774673e-01
2.684103958140432455e-02 5.884602492095026838e-01
2.286349708721041596e-02 5.572150784084205499e-01
2.356531969948733041e-02 5.444663535460130266e-01
2.641602669626447186e-02 4.949796718526456862e-01
2.869671661475287072e-02 4.713104479762566523e-01
3.272178546426146584e-02 4.349164589889399357e-01
3.744531405512357969e-02 4.025889679732709281e-01
4.004593369769188227e-02 3.888560796175569712e-01
4.168613792811387553e-02 3.802941445224238270e-01
4.809087371704706682e-02 3.631964129760629767e-01
6.192198735541371013e-02 3.326591522675081958e-01
7.623054589846772755e-02 3.027283702303227297e-01
8.419173242462202333e-02 2.862548013590796581e-01
9.141981712816155126e-02 2.746217183308167220e-01
1.242784086743295435e-01 2.312001500406790644e-01
1.811386993674327095e-01 1.677488198464383018e-01
2.068801546229412369e-01 1.393875125100645374e-01
2.089298100499067945e-01 1.374036896746698710e-01
2.567384066194568493e-01 9.264864847511211643e-02
2.679684832732079358e-01 8.502659351623309547e-02
2.889396040987988745e-01 7.131881012457774727e-02
3.239472764969836827e-01 5.011844492820172192e-02
3.581747018073032085e-01 3.205563810775324818e-02
3.682095025494276919e-01 2.887142920925367395e-02
3.784330702610521624e-01 2.687817590734042916e-02
4.366871463512190243e-01 1.597795509278532311e-02
4.635284836382537743e-01 1.230478178612515183e-02
5.001063584331522094e-01 8.118957144563565542e-03
5.513313981698755306e-01 5.546014079783834205e-03
5.715980890653560298e-01 4.546626313309931611e-03
5.850683138791874516e-01 4.836443116184363511e-03
6.084376389670747010e-01 6.782403607259124279e-03
6.432195779009077796e-01 1.713778621694472815e-02
7.008213333552097968e-01 3.747599256667377698e-02
7.161518287456023479e-01 4.355383519264233172e-02
7.298294544267602824e-01 5.069331643062691128e-02
