3.259297584145726678e-01 9.729637160616216862e-01
2.846865402566958747e-01 9.634930193955720812e-01
2.427930509680475413e-01 9.454298460533729909e-01
2.196534998298453334e-01 9.336002571235074710e-01
1.976005311958149435e-01 9.222872746119690213e-01
1.732212048732679199e-01 9.079366245397151314e-01
1.380861856132704069e-01 8.824726536142445399e-01
1.034186965575710215e-01 8.560560863843538204e-01
8.826371604041477470e-02 8.432156864707233135e-01
6.970679027121001736e-02 8.263627281418608472e-01
4.815193982177518039e-02 8.052100095753584874e-01
4.594143952268930908e-02 8.001932519834094037e-01
3.662709677096193106e-02 7.732197531957549774e-01
3.360917808575575316e-02 7.613423918879949071e-01
1.847783716036160984e-02 6.908653344466070267e-01
1.377786750558535056e-02 6.677455472279713034e-01
7.652839546259671000e-03 6.316426756022717193e-01
7.445380016747271679e-03 6.177389856656696487e-01
7.985404875579693584e-03 5.943390538391921663e-01
8.527764077325195036e-03 5.758044516999273332e-01
9.480014291070870680e-03 5.512904474531169496e-01
9.752287682699922744e-03 5.487155273863314475e-01
1.349323033648225367e-02 5.225776661901269105e-01
1.893419543418489726e-02 4.947123053409044902e-01
2.554905039587845872e-02 4.635878209385251303e-01
3.269414353434313414e-02 4.415385270919635063e-01
6.112963181176561678e-02 3.744630445476356817e-01
8.037321711977435390e-02 3.349798279905124021e-01
9.134326961761735086e-02 3.136476479055482214e-01
9.448093953670372303e-02 3.084511407831841412e-01
1.347611830201715377e-01 2.569146770946868497e-01
1.459455687181330785e-01 2.432671796873714376e-01
2.135170474632834270e-01 1.650895903660050124e-01
2.567506489105965684e-01 1.269117821162777382e-01
2.621138273156132237e-01 1.234077456045967747e-01
2.898555887011581844e-01 1.079290285560218221e-01
3.344116990636631370e-01 8.449536613107244687e-02
3.420316176876532777e-01 8.053517914621910467e-02
3.917100954564730064e-01 5.637500786924709573e-02
4.240420959984248506e-01 4.416352007466062268e-02
4.403702486585808207e-01 3.957843229345725522e-02
5.012223961413748707e-01 2.509150235785029270e-02
5.104967842934073907e-01 2.349986622075694864e-02
5.499477456607151371e-01 1.842183476307401868e-02
5.553112731453060391e-01 1.797255417289944646e-02
5.793602195001943400e-01 1.599707810849049228e-02
6.137929228683995930e-01 1.593213350411160079e-02
6.445142371209864329e-01 1.604919674336213742e-02
6.708588291330963571e-01 1.645592555880259766e-02
6.872654155127022602e-01 1.690744197723970110e-02
6.902916190233712168e-01 1.732814962237505529e-02
7.223829826327259340e-01 2.296640009629657975e-02
7.415060749158510767e-01 2.680575750195279827e-02
7.654804004679331975e-01 3.270145726056450375e-02
7.846872587994273562e-01 3.853531132169052409e-02
8.112097178740347303e-01 4.920273677399233936e-02
8.424761009969723435e-01 6.519918240981115165e-02
8.808907936525764981e-01 9.277070337896176078e-02
9.016432464054677798e-01 1.167586703374512425e-01
9.205990922495888018e-01 1.415144782031507731e-01
9.308212266859277051e-01 1.569966426051051522e-01
9.453343364821431560e-01 1.795606864247356604e-01
9.619451089716857251e-01 2.131010035695382054e-01
9.716665898135192769e-01 2.362261318082286010e-01
9.793651561121614613e-01 2.587875174079455887e-01
9.813349957773738197e-01 2.670146973775545662e-01
9.847489710095842508e-01 2.817040486146533684e-01
9.874620034534089541e-01 3.023625354059704673e-01
9.893809708605070252e-01 3.288818256689147734e-01
9.913372265360411717e-01 3.594537243377716740e-01
9.921177273453778422e-01 3.854642598283566368e-01
9.925546199832526728e-01 4.613219123847372982e-01
9.923988422007090637e-01 4.702072431840057520e-01
9.904596911978209572e-01 5.277357684713241959e-01
9.874231291053818804e-01 5.594175120237934173e-01
9.816935554829226973e-01 6.102856215278863461e-01
9.748443175471306343e-01 6.690406131667596679e-01
9.685115874438003924e-01 7.206969553778684867e-01
9.666997917531876539e-01 7.346767843570952694e-01
9.512076063022563144e-01 7.745221147034443421e-01
9.313490253491676363e-01 8.114783045262220496e-01
9.088805187337589686e-01 8.342260662748540723e-01
9.018170772982605499e-01 8.403067772210487396e-01
8.695723120674345719e-01 8.645317695108896139e-01
8.573966439417008978e-01 8.730528168132545286e-01
8.479063152312675822e-01 8.784632582732202488e-01
8.057740940746207503e-01 9.007956009096647065e-01
7.878625623342452311e-01 9.088715038583377037e-01
7.227367974508274173e-01 9.361269440794711683e-01
7.128522434681656694e-01 9.399143311525143263e-01
6.649473662248557293e-01 9.559756689345024760e-01
5.875646817965909374e-01 9.727312585937873957e-01
5.261012906558040214e-01 9.808596844709517315e-01
4.927728087400712886e-01 9.837321782370932466e-01
4.858153241414935875e-01 9.840678664958883992e-01
4.658621257243149016e-01 9.839154474909757031e-01
4.392946374180953240e-01 9.834994324857047054e-01
3.835219728391358607e-01 9.803135129606496134e-01
3.648493503482518885e-01 9.783618932397222245e-01
3.515462572241621619e-01 9.765747497730642435e-01
