9.550347369554128552e-01 7.111667704652734345e-01
9.175129631000062957e-01 7.990647259756543663e-01
9.118394529916258318e-01 8.062814049705592234e-01
9.032024439927888171e-01 8.164582151207218086e-01
8.676792869551352982e-01 8.486326150259233536e-01
8.163023213601892092e-01 8.882265000800209087e-01
7.103521390267835134e-01 9.593982313891046276e-01
6.990323200797297076e-01 9.640054231976183940e-01
6.547207958811573913e-01 9.734618734830056130e-01
6.355122701254434237e-01 9.769938298751943417e-01
5.972861567350278289e-01 9.833631685123620514e-01
5.791492721684028400e-01 9.862105752651750823e-01
5.559477058567110497e-01 9.885550720721321127e-01
5.141978645720786112e-01 9.907381081617760987e-01
5.133230851498615799e-01 9.907818967326746940e-01
4.811952361845627801e-01 9.919128793518258158e-01
4.196453882439578620e-01 9.920701486943254155e-01
3.848199813253622703e-01 9.890566346511505680e-01
3.520484072920914698e-01 9.850102229390271802e-01
2.960378466543143738e-01 9.771470314905638110e-01
2.545073340635777837e-01 9.707318791292935956e-01
2.454092166157141874e-01 9.687345470869045405e-01
2.019571951485124583e-01 9.493670470624229196e-01
2.011824755681905219e-01 9.489001410892118349e-01
1.951876770934609095e-01 9.449611968822212438e-01
1.847840427725135348e-01 9.380888944421617026e-01
1.717990196942564274e-01 9.293204212502227390e-01
1.374949191494886924e-01 9.002443176199089736e-01
1.152670679565051537e-01 8.745718668464921297e-01
8.297511076588054424e-02 8.262017792562590390e-01
7.173300329866766356e-02 8.088389096595087757e-01
6.960268785753226384e-02 8.053082142774253827e-01
6.326792124592722777e-02 7.872030362661106562e-01
5.648401857270896054e-02 7.673718876860089466e-01
4.832996111689752405e-02 7.427921338754950309e-01
3.436241784378407660e-02 6.840530196936137619e-01
3.190831016436396217e-02 6.709566187430853201e-01
2.620209865341976974e-02 6.134034778134430654e-01
2.350998755214067648e-02 5.763182513063068724e-01
2.234268102029263181e-02 5.431465549545494431e-01
2.344870897620093819e-02 4.883763280950710328e-01
2.400126710129951713e-02 4.783762582957172826e-01
2.664786824082793215e-02 4.389907615271404495e-01
2.840194701641290953e-02 4.260200397608042699e-01
3.458257501483957830e-02 3.838064201058969394e-01
3.625591044465364954e-02 3.728389559595439717e-01
3.750601856763519093e-02 3.663854464103485364e-01
3.946936307942822131e-02 3.603439106676402659e-01
4.448724939766141029e-02 3.451110202898950430e-01
6.185389421513171060e-02 3.066269638528786867e-01
7.767945805307679974e-02 2.747350826504557642e-01
9.554434185985100081e-02 2.399492575638303427e-01
1.002337790533734396e-01 2.311790107866315003e-01
1.348261154014958607e-01 1.670053751111421070e-01
1.420224746840723085e-01 1.568518268914697034e-01
1.594551763984863313e-01 1.326063810233051310e-01
1.929853983870616907e-01 9.089890403682987507e-02
2.207820841874058027e-01 6.137006315297099945e-02
2.318759022457371199e-01 5.213832151580621854e-02
2.375805665586324111e-01 4.995187884233553977e-02
2.766089963402264540e-01 3.842289861466341439e-02
3.038818714222810136e-01 3.176133728341945517e-02
3.218923617878065024e-01 2.848585749284515689e-02
3.775852305810784570e-01 1.930286673890979632e-02
4.393575716296923006e-01 1.033348279740309295e-02
4.652996754737373508e-01 8.497064015412281179e-03
4.814774157073355432e-01 8.244769846972532790e-03
5.024700381112192638e-01 7.976999275716489812e-03
5.286292068202738115e-01 7.929851305674584516e-03
5.579210635349671765e-01 9.674271962069824760e-03
5.688768462852682450e-01 1.049067775747414277e-02
6.000537376780790133e-01 1.284913687467348353e-02
6.192257132364640260e-01 1.453375567131087731e-02
6.372992993234842807e-01 1.644250481868791969e-02
6.975365498762080563e-01 2.400926554597393459e-02
7.808543707320905192e-01 3.714034090060758242e-02
7.995343735122146800e-01 4.258629592778284678e-02
8.314525992959889145e-01 5.534641665633388552e-02
8.542993729947030435e-01 6.972673307507404328e-02
8.769747060286063878e-01 8.462183679083268295e-02
8.806415190311069896e-01 8.880646822858229150e-02
8.898560960188217628e-01 1.001695593866412937e-01
8.919466313872057572e-01 1.028472310468687700e-01
9.038469318234019223e-01 1.198884799030108805e-01
9.179257233244231262e-01 1.455146001795109001e-01
9.195188084643046711e-01 1.484878249934997729e-01
9.317122506708632734e-01 1.725916132150893123e-01
9.525598605104754757e-01 2.172469926714418742e-01
9.568772040308595184e-01 2.386026798725682241e-01
9.626669696619776229e-01 2.690268505400666976e-01
9.702022546515525203e-01 3.246052928508235125e-01
9.720727127752053498e-01 3.415013941380987683e-01
9.747293310497140428e-01 4.124568685759578690e-01
9.759430986553589982e-01 4.563018653746179210e-01
9.776573189797073127e-01 5.328275538848196158e-01
9.729665825642339616e-01 5.987282275308117852e-01
9.703141962648338392e-01 6.267256443559345858e-01
9.652845067595801076e-01 6.689144445151748997e-01
9.637364630607090366e-01 6.756439228175934453e-01
9.581174920415620466e-01 6.991094842407635790e-01
