8.372008593085835670e-01 7.038148374321184786e-02
8.678089914128840343e-01 9.270060462932605549e-02
9.041951924646591809e-01 1.295917176586437458e-01
9.239708188904866004e-01 1.501413110104948823e-01
9.262173855988050652e-01 1.529160815639843962e-01
9.316498532691385170e-01 1.618882757584665377e-01
9.426429698090019738e-01 1.825735502499394869e-01
9.705100421507882880e-01 2.383673821681759897e-01
9.754686436177372189e-01 2.540197414175204838e-01
9.902395680536574263e-01 3.010822103465736754e-01
9.916746750754517059e-01 3.065479797889653080e-01
9.927138222112413812e-01 3.131963198310582230e-01
9.954960709127222973e-01 3.366599666020244630e-01
9.958917964669570244e-01 3.428003288255176972e-01
9.931031168666195619e-01 3.781110419771579467e-01
9.868413190551886816e-01 4.482376200558886303e-01
9.848285544298948091e-01 4.633061985133613003e-01
9.805979494468014535e-01 4.904432443159154609e-01
9.717360589095279666e-01 5.450073074632951764e-01
9.678630562112346958e-01 5.687609213985688195e-01
9.561917590868320715e-01 6.206335425434837960e-01
9.429789613737944443e-01 6.531644190827864405e-01
9.340534050018285406e-01 6.746459555243072836e-01
9.206345142115187619e-01 7.049991807573786629e-01
9.127273932153182612e-01 7.208516228408777815e-01
8.973554673534698267e-01 7.446342775835836925e-01
8.858971333957089689e-01 7.589857580216332611e-01
8.720671635389024567e-01 7.742446806401459547e-01
8.578871649291166523e-01 7.886886501315750753e-01
8.092960984178483308e-01 8.378473655179868862e-01
7.967040793123367770e-01 8.464630652935191124e-01
7.828691650374552946e-01 8.555315653457665759e-01
7.643610271031434644e-01 8.666425279900569212e-01
7.217125472419813059e-01 8.906947422473605602e-01
7.189992584225060046e-01 8.920946176212909418e-01
6.957163786359898960e-01 9.035249294577916146e-01
6.281713677266049789e-01 9.361959241950863486e-01
5.523745021312618242e-01 9.688375426793865985e-01
5.077233744085228873e-01 9.853880947311807192e-01
5.007186149023655775e-01 9.877826434431093983e-01
4.953757584402426195e-01 9.891559398370785017e-01
4.742442770488091153e-01 9.936410016126363542e-01
4.580811697697794171e-01 9.957252992513531131e-01
4.429430516221888325e-01 9.968801144319390239e-01
4.202144433116458133e-01 9.974233781727390724e-01
3.991439421886819883e-01 9.968480250023200595e-01
3.977390964175222532e-01 9.967314678384736615e-01
3.743942854642376972e-01 9.934474107587046854e-01
3.442920415955478264e-01 9.820379149705593669e-01
3.187885472125703279e-01 9.690488198866998859e-01
3.028188586033395691e-01 9.587750322256312074e-01
2.839979046796192730e-01 9.451883111536331095e-01
2.360282252325647256e-01 9.080883756965281162e-01
2.276014567272396372e-01 9.013974722307263043e-01
2.139152468326543932e-01 8.885479516849678072e-01
1.735288933187023597e-01 8.483055749940987544e-01
1.607490886628809568e-01 8.344264725146268713e-01
1.354871679637870141e-01 8.039353254544198135e-01
1.124304344692624857e-01 7.737175608479464062e-01
1.007445483599854752e-01 7.583243459499030559e-01
8.693466687280437810e-02 7.367550479072215719e-01
6.674694361674926579e-02 7.030135197541934611e-01
5.729965088460609035e-02 6.869863889380233291e-01
3.617159521868884564e-02 6.498750041920517972e-01
2.974646696193905537e-02 6.363268969285553744e-01
9.013791431991879932e-03 5.911430049904138340e-01
6.305450439372362048e-03 5.847657339477627669e-01
4.108203533042975586e-03 5.733867105673606801e-01
5.484834534486338065e-03 5.274986174521647531e-01
9.076852867247686696e-03 4.882222434553128432e-01
1.134506489146624997e-02 4.690630773643043039e-01
1.597838169206755587e-02 4.552385453300809015e-01
4.284143894975356304e-02 3.977227818371695811e-01
4.999880574138626521e-02 3.839453356638737880e-01
7.768504218016059060e-02 3.405118783919356407e-01
8.528430136865328137e-02 3.290085091232312076e-01
1.167350790888362910e-01 2.836138797888136942e-01
1.467765104804602538e-01 2.407979991685329502e-01
1.642687091121349807e-01 2.191033639102895059e-01
2.044424743463574279e-01 1.788446630382344305e-01
2.289178338579456184e-01 1.556935665351120157e-01
2.498592612929183554e-01 1.363505968972911209e-01
2.868060338099770457e-01 1.032576804237650414e-01
3.302728673625813238e-01 6.891830682214727943e-02
3.375569039828619777e-01 6.428593299702067831e-02
3.459160961134827295e-01 5.929141911944890708e-02
3.842084844890766293e-01 4.217835893379007217e-02
4.192881372551400254e-01 2.980631918549536685e-02
4.870585073284757760e-01 1.325720271674413198e-02
5.232379153241104586e-01 6.052820971098604730e-03
5.406896731631906095e-01 2.900129478414115169e-03
5.480738104858117188e-01 2.576621827260816566e-03
5.828731780604630153e-01 4.123290178995930866e-03
6.175348619854520438e-01 1.074297036989468879e-02
6.430910141244783329e-01 1.585119108134291910e-02
6.813632104372152609e-01 2.395640399865384129e-02
7.149825451049258707e-01 3.121981450695998639e-02
7.543983230960602526e-01 4.050167015046890473e-02
8.098853870670486010e-01 5.696788387936868592e-02
8.217918390013918550e-01 6.148412244229195522e-02
