2.801557360061658342e-01 2.252398858745596755e-02
3.051801001215979081e-01 1.337302282856822622e-02
3.249977278756002175e-01 1.187734747762325682e-02
3.498152028721674967e-01 1.004491064468249206e-02
4.304351374685887466e-01 5.949832510349639669e-03
4.687666418683832381e-01 7.997699366484756212e-03
4.805722176881782604e-01 8.812934842595265827e-03
5.067049756257790971e-01 1.066561238991037275e-02
5.810470311727086168e-01 1.923367614841464679e-02
6.777262891988000693e-01 3.098018593376117291e-02
7.129708304459414503e-01 3.529438861606637445e-02
7.322581932073152222e-01 3.876921828433521622e-02
7.450913242329466613e-01 4.335475092240093087e-02
7.534779893859616662e-01 4.652985318894542477e-02
7.704929574493493138e-01 5.327826344859420971e-02
8.029893895549349292e-01 6.643715865848676128e-02
8.381491221146483150e-01 8.351294401645559251e-02
8.592928540804954940e-01 9.624429341760576406e-02
8.769344357312962579e-01 1.134447684180819316e-01
8.902032544892883870e-01 1.287693765940445267e-01
9.009907748384684556e-01 1.463198915536584321e-01
9.153254143837403767e-01 1.714374143508070603e-01
9.261335806511020730e-01 1.932118454880032976e-01
9.396283737513485557e-01 2.239521282645640099e-01
9.431498342690868286e-01 2.363901759511819467e-01
9.483028593379082549e-01 2.583209631300081854e-01
9.626943955305532485e-01 3.230230995817060524e-01
9.745953298547239685e-01 3.768778433474236911e-01
9.780147363243616443e-01 4.054048551314971549e-01
9.788172710988167768e-01 4.294110524707319687e-01
9.804078240570820446e-01 4.783701133933659921e-01
9.805577308623786292e-01 5.029966002609752573e-01
9.809181616555080474e-01 6.029550940172069273e-01
9.807213171190424239e-01 6.773866044899813366e-01
9.797860521267462985e-01 7.119902627115857197e-01
9.753366671308578706e-01 7.829927511329166645e-01
9.727972102291234657e-01 8.065222684773247774e-01
9.637276308663110802e-01 8.350264564781454402e-01
9.597471775616770451e-01 8.458293936751980491e-01
9.357730037700798809e-01 8.948312379602746391e-01
9.127772301092728080e-01 9.202172271087116773e-01
9.052188569776219440e-01 9.264247916621968226e-01
8.844215561031072426e-01 9.385526378487561994e-01
8.814752918167604312e-01 9.401213508110521921e-01
8.532704725896487208e-01 9.526142649627656889e-01
8.372701228621244329e-01 9.590420227518270391e-01
7.765574927871302657e-01 9.767455206770415677e-01
7.418159721476059731e-01 9.818007435778125513e-01
7.005375914761132750e-01 9.866754878221078995e-01
6.639654725233279375e-01 9.900820137849353220e-01
6.229206690624323750e-01 9.922311586090177826e-01
5.965142943595898029e-01 9.934537851702270883e-01
5.806855183498158546e-01 9.940501674896503603e-01
5.580216073055508375e-01 9.934872929363250948e-01
5.381151639341980042e-01 9.927077913983151092e-01
5.088836036077807323e-01 9.903498430098693905e-01
4.251555173801503384e-01 9.794463779110867963e-01
3.964487768886285624e-01 9.744379495670528746e-01
3.494164501729519756e-01 9.646349429786373886e-01
3.262520145965639440e-01 9.559037797242985190e-01
2.874116674249319603e-01 9.373245415183142359e-01
2.831485811920623208e-01 9.347395833858452852e-01
2.752058197165264675e-01 9.297955892480999074e-01
2.538450577337690861e-01 9.156319461347761646e-01
2.307309461601986245e-01 8.998466071711624936e-01
1.955688354626591297e-01 8.754624045756892459e-01
1.780075664532581037e-01 8.623449676890411197e-01
1.430487122972163849e-01 8.324545720912823743e-01
1.360350920493452742e-01 8.254831317880944042e-01
1.280457346955896636e-01 8.133695699341282337e-01
1.180143281266289312e-01 7.968313696033971771e-01
7.431164778821353067e-02 7.230697638778263991e-01
7.221075716345271012e-02 7.190707153051478784e-01
4.369463498294823278e-02 6.636527614152335497e-01
3.678136546934163142e-02 6.466172615253372724e-01
3.526467652848663814e-02 6.401283800004250457e-01
3.245076975823035781e-02 6.240371685459844553e-01
3.067700984958676713e-02 6.112643444513525814e-01
2.287401071088257520e-02 5.500068765599774867e-01
2.123469028820323956e-02 5.271290239241995801e-01
2.016073563721088036e-02 5.081347538030299704e-01
1.908183834449206362e-02 4.817793674524406544e-01
1.985443111697671181e-02 4.640181910095017015e-01
2.271077943345189976e-02 4.255315194336993789e-01
2.510735289381527124e-02 4.026708488413421883e-01
3.193088891468898183e-02 3.394824087083777586e-01
3.477575414466593795e-02 3.181415438013471819e-01
3.959738070552587530e-02 2.936666739688457151e-01
4.359096298231579514e-02 2.788982467945325672e-01
5.389801877701838606e-02 2.439891339835560391e-01
7.793987128987500679e-02 1.878731280753380695e-01
8.822827275655420465e-02 1.707289622688575870e-01
9.933528297556026843e-02 1.550157267377503256e-01
1.025243966753289770e-01 1.511294435427867899e-01
1.130110345173834796e-01 1.389417083388648777e-01
1.285462560273271659e-01 1.266389291195584299e-01
2.174859770883580401e-01 5.865887477276088280e-02
2.203949464900921695e-01 5.676667073326913115e-02
2.570566983538262740e-01 3.504128180763654843e-02
2.646597901670377784e-01 3.067586028066293657e-02
