8.230545509191155018e-01 9.439415907322117327e-01
8.111987743768569459e-01 9.476915463441074605e-01
7.438581836412495596e-01 9.642451807146751319e-01
7.242290146229291015e-01 9.677843360557681907e-01
6.711384843481710272e-01 9.743896254866625251e-01
6.283367088604280282e-01 9.792333407621287567e-01
5.851780458589505018e-01 9.837745314059899160e-01
5.665562858666639556e-01 9.845995989759619427e-01
5.224771507285261851e-01 9.857661695794844858e-01
4.213195031291491199e-01 9.799518217908079754e-01
3.954012773610624532e-01 9.780609844434274835e-01
3.710318574269618752e-01 9.754454251729014480e-01
3.303398906688391756e-01 9.628082265573095766e-01
3.059314706975194698e-01 9.545909851420386616e-01
2.872825790719472083e-01 9.476586757035515562e-01
2.477740785343170993e-01 9.313246236479802986e-01
2.207214755551287766e-01 9.174585893435285300e-01
1.943952523170663360e-01 9.009533934721414283e-01
1.834320359226377928e-01 8.939123518040605898e-01
1.700813807545318301e-01 8.847291889979650437e-01
1.522220941316831944e-01 8.712392303614228117e-01
1.180827458708603173e-01 8.397747464344054169e-01
1.098941333198260040e-01 8.231191231405792230e-01
1.041788232581618567e-01 8.113043850568264492e-01
9.782538385180528095e-02 7.981344111292075771e-01
7.277898670191562669e-02 7.460034398404066236e-01
5.767696330624783041e-02 7.039367350088088227e-01
5.070246805267231149e-02 6.798349661656657439e-01
4.564797998807401669e-02 6.597987341816875517e-01
4.480421055966765653e-02 6.564450260123234626e-01
3.245734734704763813e-02 6.067747396340694710e-01
2.195969706817380018e-02 5.604495100142433683e-01
1.739313037587064681e-02 5.322305390995366592e-01
1.645191600931816822e-02 5.261839758838749992e-01
7.235749186997098015e-03 4.633633092585992541e-01
5.734077575423102147e-03 4.408360134314863732e-01
5.647542305030617271e-03 4.134596555240809268e-01
5.842124642256862899e-03 3.800252533964063595e-01
5.938445850082074706e-03 3.709316811733380792e-01
8.812553009597712261e-03 3.379772861687984076e-01
1.198803242720702933e-02 3.235355051522993408e-01
1.623530831340747049e-02 3.091003833896189823e-01
2.416657948400080524e-02 2.823694041575676161e-01
2.728250127974807260e-02 2.724466810025270025e-01
4.728996985662725638e-02 2.117880642377695244e-01
4.893657694438213746e-02 2.090548444144098017e-01
5.262454916302339303e-02 2.038537716794954768e-01
1.058076664176458292e-01 1.473144723041540649e-01
1.392104143082237844e-01 1.125669845969345939e-01
1.731460564507439903e-01 7.824888219951942059e-02
1.961606245290812289e-01 6.266578926175025988e-02
2.174966294317554061e-01 5.307882586516887713e-02
2.476617247882917372e-01 4.177428243100844707e-02
2.736982691472049645e-01 3.414128682683037486e-02
3.601843823880312989e-01 2.233259399887976837e-02
3.704415591478434910e-01 2.121243053084831409e-02
3.854668437161594685e-01 1.979164230453633877e-02
4.380099307819849130e-01 1.509888954777338643e-02
4.431150626044138008e-01 1.494657325543535809e-02
4.952873654839228257e-01 1.423383042051551417e-02
5.239029816127791506e-01 1.462317612279628865e-02
5.834515488500986446e-01 1.603503791820048985e-02
5.873216028896379726e-01 1.620865016155548233e-02
5.991026666181341609e-01 1.783622773354220925e-02
6.802828311359178093e-01 3.039740305308880064e-02
7.242180489346922156e-01 4.255556365053170254e-02
7.449998978691735330e-01 4.837136743362746572e-02
7.668530370514617944e-01 5.703018019906713754e-02
7.746460264257117867e-01 6.109072658928382804e-02
8.423650251439046555e-01 1.071564778992100120e-01
8.635948831422841643e-01 1.278894221920402474e-01
8.871586129767551343e-01 1.525376850647955917e-01
9.131821230328766026e-01 1.810304132181348447e-01
9.363128269718682395e-01 2.077483106142451463e-01
9.486902012540087137e-01 2.330822519518023217e-01
9.611467405898961314e-01 2.606693996704201322e-01
9.665508207223884041e-01 2.731503526389729153e-01
9.839783570959602654e-01 3.137928776350200621e-01
9.877603028538158858e-01 3.262891791088082805e-01
9.884402374700109739e-01 3.288180897161101512e-01
9.931146228001607179e-01 3.820632546874869195e-01
9.943482542462529494e-01 4.217649966877214940e-01
9.943524576949692717e-01 4.288252243817791687e-01
9.943339877740801080e-01 4.407446442789921814e-01
9.924685315168327859e-01 4.908195213882380337e-01
9.845860048206508397e-01 5.875625836138271829e-01
9.833023602676691510e-01 6.021640027167293185e-01
9.772978566417181989e-01 6.638945914207532439e-01
9.751985070905988540e-01 6.841066687016856829e-01
9.736739325324765826e-01 6.916367519857888890e-01
9.691626795168669650e-01 7.115332081046915613e-01
9.655064970598044027e-01 7.260059494891911713e-01
9.577688720296123615e-01 7.555921270066111584e-01
9.506529690759589757e-01 7.826481102749033303e-01
9.488983031667028722e-01 7.885139182930128721e-01
9.238644798214196152e-01 8.586441855386575117e-01
9.067847795091995566e-01 8.894371608338970114e-01
9.019398214167542172e-01 8.929146846263324999e-01
8.962934658123861142e-01 8.966156785303310839e-01
8.599167843046906512e-01 9.201848504707300647e-01
