6.810513506873150380e-01 2.966688728992761259e-02
7.699082667039547356e-01 3.919249322485096609e-02
8.718144661517650551e-01 6.203915155605863596e-01
8.248119543203558113e-01 5.959307222339612631e-01
2.544267147098379089e-01 2.544222626150053346e-01
3.701048282028604475e-01 9.655089426438747680e-01
2.216933917583457925e-02 7.763688811940769874e-01
4.357145474395274776e-01 7.763256735152379573e-02
8.921570114694797882e-01 7.209097550032659285e-01
1.719582449194651530e-01 9.133042603933977377e-01
9.901810104429460413e-01 3.253092523076279718e-01
3.497073937542996003e-01 2.946385406015463726e-01
1.705877929442426721e-01 2.971589929791466633e-01
9.793082713582206278e-01 5.514860355240434053e-01
9.865203321394222513e-01 2.718230871209875721e-01
8.471528992881498521e-01 5.628510916026252531e-02
5.141510559529333113e-02 4.320551490808551831e-01
7.114621974480694888e-01 3.152786309977262391e-02
2.224701283032764210e-01 7.087512579363687282e-01
9.886376329737840418e-01 2.841562061785580795e-01
8.273396876090213237e-01 3.681052633294120136e-01
7.019936356951258505e-01 3.088440413569690235e-01
2.669373030784371048e-01 3.087309773345717212e-01
2.223313585653206859e-02 5.702497016173754263e-01
3.972733144087630119e-01 7.498149268777045684e-01
5.677125101187430189e-01 6.768658329362682580e-02
8.902820526586139316e-01 3.616907352590999492e-01
6.965807431509833947e-01 6.014128407829829465e-02
8.319020674413909466e-01 5.709276020194545831e-01
9.824493608004052358e-01 2.509826987007655053e-01
6.969978283898992100e-01 2.637562394111171993e-01
5.227840102222496288e-01 5.649897965413359646e-01
6.377757807664643508e-01 2.883046564773950049e-02
2.750119320337918727e-01 1.599189855252897141e-01
7.278242615453290876e-01 3.528428496338206072e-02
7.397990931232288903e-01 7.052767961005694808e-01
9.067878675347038619e-01 7.867596939067855732e-02
2.179291770637416525e-01 2.050866832465844114e-01
5.137717229906461069e-01 5.187102651498944894e-01
9.911420070761229884e-01 4.496877298515822297e-01
7.747630354423304944e-01 5.859627169174222994e-01
7.568819762718981270e-01 5.768567675755821300e-01
5.954487582945193758e-01 8.631058013601778933e-01
8.638782554270820757e-01 6.870451826165661080e-01
3.154317398069785283e-01 7.967269237186220820e-01
9.041380476203562111e-01 7.315606436295047921e-01
1.358645995329016976e-01 6.073508983696455088e-01
4.553724675003747446e-01 2.239195732576684805e-01
3.295469013331712715e-01 1.249453215251699056e-01
7.077024839388812438e-01 8.989457589942533300e-01
1.707003939209978116e-01 3.958751712933025746e-01
3.886691995596242011e-02 4.766295721189822698e-01
6.205802760134428997e-01 3.030450575162468851e-02
2.453203509093340728e-01 7.239573369774687794e-01
4.451341872988243131e-01 8.331126306883540611e-01
1.277737642685800035e-02 7.378937442033834948e-01
9.730484023450753917e-01 5.724451579301371718e-01
2.845273489908886622e-01 1.797424687042109559e-01
7.794238267182667101e-01 8.534966841146593985e-01
8.695020685681844608e-01 7.791665212817138197e-01
8.718791548699017513e-02 3.485857966931719121e-01
6.424337096819087156e-01 8.649932305709641389e-02
2.287454212392598385e-01 4.740913091326670603e-01
2.601100190265542289e-01 1.709574361503867213e-01
6.436226992162009664e-01 6.631347541012397873e-01
9.911988182988349383e-01 3.700128928497807834e-01
4.398964441592729813e-01 9.130334904780369465e-01
2.270760447107299518e-01 5.167123084813322054e-01
8.982507475282595077e-01 7.403671184091978885e-01
8.688915083936387118e-01 3.291395682216270990e-01
7.154948581809131292e-02 4.043420124612459032e-01
4.433327548681904040e-01 9.035223773915862511e-01
1.871425551196053694e-01 9.182319377272317729e-01
5.583054479293046990e-01 6.763705549608248768e-01
4.981995487721605498e-01 8.018621177804523548e-01
4.211469873195521907e-01 8.392853085834062199e-02
9.378151613136198606e-01 1.181404486865796494e-01
8.366342191088843583e-02 3.547940658413633042e-01
3.061914015106321219e-01 9.514292974925395718e-01
3.690227299876773781e-01 7.320037912694430382e-01
2.254620629765040352e-01 8.118326988168447222e-01
1.938912148859256446e-02 7.667195384176590522e-01
4.456827095245493586e-01 1.730012012084831130e-01
3.519871466706219754e-01 1.145492459775925287e-01
9.807212144311366897e-02 8.766412086418069460e-01
5.683179791225643207e-01 8.562930308976648419e-01
2.493416556786288152e-01 2.226719942384833284e-01
9.697534975274393343e-01 5.830854976333376127e-01
9.453296920907492407e-01 3.146441958606606137e-01
1.918145039664791995e-01 7.094693650497023718e-01
7.658524366428730579e-01 5.585434078131797930e-01
9.278100263255171232e-01 9.617178106507617841e-02
7.793638608413426538e-02 5.531437384494541920e-01
7.664299876092077746e-01 6.928207433904757240e-01
5.067682582097604582e-01 9.407626299097573419e-01
7.998032035704178977e-01 8.381459837309095384e-01
6.243358391126435647e-02 4.013359584984874662e-01
1.043847730334808710e-01 3.207684954246566855e-01
6.149735492354093669e-01 5.880198389461623876e-01
7.013682730280637045e-01 8.316256410264699639e-01
4.490469218725022804e-01 8.105844216201480990e-01
3.048629550744913486e-02 8.038052335273994098e-01
4.448235475562244967e-01 9.707882966717488182e-01
5.737902791446497508e-02 8.457328022123052902e-01
1.177653275981822428e-01 7.765870129527412402e-01
2.639590446104583266e-01 5.119219187264929527e-01
8.120796889147992026e-01 1.343405916418484447e-01
6.860528031290442919e-02 7.327849678067069883e-01
2.048151801639291891e-02 5.715916792393931356e-01
6.236168251141966934e-01 4.320920142492374882e-01
2.907201473115234025e-02 5.157092570824697297e-01
7.475939943730386394e-01 3.841868451091118297e-01
6.890542491330842179e-01 7.715894362953796826e-01
6.692327541739818697e-01 5.540565799452062956e-02
1.886284817418356075e-01 4.251559845534781390e-01
4.261514120075686196e-01 6.934822427317419713e-01
6.021562696639779499e-01 9.423862155937733354e-01
3.467537457937862055e-01 9.385169292215949088e-01
5.934757576835750781e-01 4.205626876064024189e-01
2.766038168837600675e-01 9.437392921588608763e-01
7.869883517465975364e-02 8.632446726443958607e-01
4.745452403767976834e-01 4.924122882684791036e-01
9.901517400807975378e-01 4.701147767618860662e-01
6.010711345748841472e-01 5.472440504132092265e-01
6.289321685890552072e-01 2.871916466377810728e-02
4.881732090084122677e-01 2.359222211998928120e-01
8.610985269421556065e-03 6.825173102936766822e-01
1.049644073515432763e-01 3.198368906300222969e-01
8.717567985873542202e-01 7.768367609249241523e-01
1.445296601966900019e-02 7.460995440154825076e-01
8.364802930202870357e-01 3.677296951645040446e-01
1.589810246864736265e-01 9.088870552530272651e-01
9.913890147305783884e-01 4.174540566387026086e-01
3.129352055881301498e-02 5.052501118696186566e-01
1.265261373395353273e-01 5.983599475046356142e-01
6.489330315883126143e-01 6.891096575972256444e-01
5.923260495435625494e-02 5.531824069517411457e-01
9.052092530476136822e-01 4.539210306404796169e-01
2.140683893593662568e-01 3.033204165889255011e-01
9.548434913885726072e-01 1.538115341414817427e-01
1.350647758950883071e-01 8.997837955816679889e-01
5.287684271520879387e-01 6.995224986807293543e-01
6.224472984428581768e-01 9.341650850617568835e-01
4.149566799477782952e-02 8.321108242592075710e-01
4.808724416032727489e-01 3.673302066548327915e-01
4.723546506367956588e-02 5.967539062366788993e-01
4.605706402792991150e-01 6.791943115502607764e-02
6.453495241687928763e-02 3.959004685952425273e-01
2.670784610295394157e-01 9.412526972801363856e-01
9.782865149538870764e-01 2.309973448380622241e-01
1.695973354402151023e-01 9.125099929662563447e-01
7.394080703206281635e-01 2.203206758961595291e-01
9.215996040087333085e-01 6.992318279510789658e-01
9.638141507404791586e-01 1.830782105316310915e-01
7.932046144714552938e-01 4.249427970145092104e-02
1.205509792237672850e-01 8.917147586655611580e-01
9.241659171859570865e-01 8.954658211952004621e-02
4.986294514466668715e-01 9.688313321464462335e-01
5.156604362736858516e-01 5.338411362105455193e-02
8.274080340541516421e-01 1.560557156281756064e-01
4.723066944656887922e-01 9.712808353362218927e-01
6.731477233659838300e-02 3.890630209038876686e-01
1.404860874819540695e-01 5.631106023325905818e-01
9.555562398879613450e-03 7.132291495958898997e-01
2.438401633897540055e-01 7.967441594113802150e-01
1.774514069819833340e-01 2.718320097413315373e-01
2.318468142909540508e-01 9.314383347647703371e-01
8.359921487759869319e-01 5.341583350984657752e-02
6.732581126407695127e-01 4.782399823652399018e-01
6.166431982259759081e-01 8.818410557308959952e-01
5.502543229080740783e-01 1.399143308158117271e-01
3.667446368187146644e-01 3.979505793558719140e-01
1.237519129523073635e-02 6.300673596934762699e-01
9.426119135833619378e-01 1.236069810573252603e-01
7.693682032792625858e-01 4.238009422918325719e-01
1.526681548784755704e-01 9.065634627523201372e-01
7.583153444775242447e-01 5.027024897366899614e-01
3.995142898218009275e-01 6.906192752551950642e-01
6.410352503770369026e-01 6.872224361927479208e-01
7.449474448077557653e-01 8.786217211229467861e-01
5.764645413936750895e-01 3.915388939784225641e-02
3.654472194141716868e-02 8.215615857585398807e-01
9.516632065056493950e-01 1.453274626032693417e-01
4.304329525171592397e-01 7.987595572591432713e-02
5.536956996325175240e-01 9.573620613867167561e-01
9.449280450606833970e-03 6.632888134727166207e-01
8.247300732666859036e-01 4.257723705405400128e-01
8.540292867671421817e-01 7.934347434539843480e-01
9.820388852050545569e-01 5.325135543049818176e-01
6.062637190246282781e-01 4.996383483349940424e-01
9.270673752631140019e-01 2.289313328891297294e-01
5.348150007414949059e-01 9.624157543913686164e-01
8.208346939036240686e-01 5.192970799494728285e-01
1.799650789160650022e-01 2.409290390234811730e-01
4.658440498581857825e-01 7.038238041070741247e-01
5.540826290335252313e-01 2.475497535820856965e-01
6.707796536508725538e-01 2.938640916729839958e-02
9.572541066341373472e-01 6.189993688318441434e-01
4.777072936857225671e-01 9.711757881709911500e-01
3.542315058473076150e-01 9.625321090003690072e-01
