8.232762501526120769e-01 9.409927279597389838e-01
3.090305768667948039e-01 7.827204569117797439e-02
2.986291148441105880e-01 5.258211179423891712e-01
5.225038286946803723e-01 3.295355828413837895e-01
1.399566330931796276e-01 1.804697501758689704e-01
8.837692394626539549e-02 7.904223398604894868e-01
3.656256078175057489e-01 2.459148191352444890e-02
4.890283731572676595e-01 9.794014759745796050e-01
6.462212508438250902e-01 8.986704269421363911e-02
9.037914816179722921e-01 7.690578662432421275e-01
2.551954584221943767e-01 9.181433037628112803e-01
4.069099199830039648e-01 9.681511893573220284e-01
5.829202592140831918e-01 3.130549141887489784e-01
6.586250441965608715e-01 6.013092928414921490e-01
2.990974453191708182e-02 4.013605465544155537e-01
3.253028729414467746e-01 3.142517953720431745e-01
7.975131898138188014e-01 3.908748503670465002e-01
9.015264425200156806e-01 2.680715668424430431e-01
4.757777744831399036e-01 2.878314682033840111e-01
8.430898616221796926e-01 2.784114873524351497e-01
4.057474996026234626e-01 2.689929559192015818e-01
2.335069324084303455e-01 6.784290637810849178e-01
7.558289256196449868e-01 1.032342118647003870e-01
3.152107363552392738e-01 4.145875371825470390e-01
9.897962562158847399e-01 5.325629338414329395e-01
2.577698877273636446e-01 6.789987969721900107e-02
1.894999964663318659e-01 8.850053042117806967e-01
7.108334237051578963e-01 9.413790896973777134e-01
4.311873472507514737e-01 8.398936767528752956e-01
8.863175059981354131e-03 6.176485065960459764e-01
9.714296088462769374e-01 4.392357896200180800e-01
6.479636105854231776e-01 9.809403710531516829e-01
6.100004170208832566e-01 9.840856544172943421e-01
4.443103305516869495e-01 2.778694968721499570e-01
9.912529847969536734e-01 5.535483804235086236e-01
7.479255322969955433e-01 9.766128652727235071e-02
5.639664781699946783e-01 4.374394946208630675e-01
2.440855319919968403e-01 6.839239832716390577e-01
1.380711417972002586e-02 6.374342566458954806e-01
5.901308580394452052e-01 3.723739009695660185e-01
5.807740403751706637e-01 2.681248881123758365e-01
2.337215865825589545e-01 8.021516935845942609e-01
6.982739707720211353e-01 7.973661722190904522e-01
6.434086754238439454e-01 2.398043602462247570e-01
5.735582391703681893e-01 2.433199440497024746e-02
3.454124605358127598e-01 9.524200325633273012e-01
2.007140677472873946e-02 4.385830170042931409e-01
9.540329034160269783e-01 7.141114438456985791e-01
1.561736370553153952e-01 1.523825329766126391e-01
5.384429435035358313e-01 1.017074482663295754e-01
3.073360551626499459e-01 9.392223915227375652e-01
4.311033359856951130e-01 5.926607035059249240e-01
2.858510670114482455e-01 9.313849802401502620e-01
9.560874976388770152e-01 3.844866795649435343e-01
5.752060573636600393e-01 8.587258786434938118e-01
6.815214409418310915e-01 9.025125391015423881e-01
2.774050982467621829e-01 9.277713731085868165e-01
6.798545698519082858e-01 9.843490188924847173e-01
2.876221026272366421e-01 8.431104847259104917e-02
8.896037401263456879e-02 2.723059244744785445e-01
6.931041008661851244e-01 6.617033610488542994e-02
3.138778060601221664e-02 3.973624296874347372e-01
7.154332411938314484e-01 9.409681216995017250e-01
2.997829214435431266e-01 9.365844391398666646e-01
9.483247652558862706e-01 8.746427359272771485e-01
2.410579710948180798e-01 7.794522579371576665e-02
2.138802877132060520e-01 7.598899396836334974e-01
9.667926248808591527e-01 8.332519355421552643e-01
2.191117895172087215e-01 7.633043542067157183e-01
2.490350657627987407e-01 4.395836696426446699e-01
1.393257648800216852e-02 4.659983417813524653e-01
2.306614804253039053e-01 3.030213547696207765e-01
4.686434861721512357e-01 8.557389819449571222e-01
9.779459908587500028e-01 8.120857938131336162e-01
3.940621389126944818e-01 9.660847020451187595e-01
6.184096081438734682e-01 3.625865058084254411e-02
4.957238947641734450e-01 1.563258565167280345e-02
4.734052921755659837e-01 5.150154145331737876e-01
9.752221247424611716e-01 4.529833583963467358e-01
8.432759656280990335e-01 9.577650768017431648e-01
3.792606203188129133e-01 9.621949630389888819e-01
3.535764726649220924e-01 2.709315850110638468e-02
8.497469595479916205e-01 4.749261254943450972e-01
9.369308623617865761e-01 3.239535764365538695e-01
8.962655127194317783e-01 6.953719897756193147e-01
6.700642222537922521e-02 3.144561930284827111e-01
3.043511303557600023e-02 6.794555087863423104e-01
5.250507485367530425e-01 9.822441344536432251e-01
1.729161599345333533e-01 8.741669654574588666e-01
8.185953628246549485e-01 9.361851368803812967e-01
2.340499670333773818e-01 1.964015716620851337e-01
8.812200131835589145e-01 8.915241147752892559e-01
1.644118342336210459e-01 8.673256239923322619e-01
7.222024849245650691e-01 9.327830785852946338e-01
1.906261686407254574e-01 8.209767789722588471e-01
7.365078121741406303e-01 9.845257660740425187e-01
6.786619083331475455e-01 9.478865813406804897e-01
2.050349638146623660e-02 5.173233613504673034e-01
7.253308141954948329e-01 6.538197493185818887e-01
9.887576552027113608e-02 4.951832538096838099e-01
8.495006882837742301e-01 2.028099022862955847e-01
9.855639512674918556e-01 5.036988720419064425e-01
1.845625521094682031e-01 6.837552300437612640e-01
6.076310266254669745e-02 7.452662632496397377e-01
1.059454833546366048e-01 8.113447140328244878e-01
9.560926160059952661e-01 8.667199684627832079e-01
2.950365905358800500e-01 5.880787419219848378e-01
2.293623812701298462e-02 5.399899274655313164e-01
6.013952889082998521e-01 2.971838435079221519e-02
7.871313246680784470e-01 1.338030155685400180e-01
4.305354794155899500e-01 5.181509509072693143e-02
4.311767808325203122e-01 1.672378356306736258e-02
6.089257077034566645e-01 4.290605758946680615e-01
2.003073676212466792e-01 3.389616383361778729e-01
4.914021939447928977e-01 1.204449960518874096e-01
3.245274112181025794e-01 8.748474255990523751e-01
7.155917205813577819e-01 7.842287551867888062e-02
6.339827193450687792e-01 3.497366926769817641e-01
4.406928728195236289e-02 3.664794064499135029e-01
1.753643348670674840e-01 4.433896329163961036e-01
8.533030386713737203e-02 5.129436667332843980e-01
1.270238412266532224e-01 2.030893452417606992e-01
2.360193062939319741e-02 4.247836845110328774e-01
2.045211813429230752e-01 1.029999639037485482e-01
7.824511741501678497e-01 9.805648265795868790e-01
3.584196423590347846e-01 4.983750300407328165e-02
8.004298319944173068e-01 9.768485523577075114e-01
7.527926756447661516e-02 6.559130422968245666e-01
7.219055866035883895e-03 6.069270245411334530e-01
8.479455644861522146e-03 5.290275869874861980e-01
1.331035895164382199e-01 3.491830327231824072e-01
6.226449344838284050e-01 5.294588764562971894e-01
2.678689444484170235e-01 4.830795902197578817e-01
7.849762190562944442e-01 9.800638415180024099e-01
8.625699294796174144e-01 5.812829279227820223e-01
8.223878725143712876e-01 2.386152301350215055e-01
7.210871949644885870e-01 7.420674062811405403e-01
9.910745267447710338e-01 7.470140598481960215e-01
7.700623966637876183e-01 3.679331626146739032e-01
1.305600918982182668e-01 8.356037544744640000e-01
6.897736308738071642e-01 6.475145300525098069e-02
5.157854857699061268e-01 1.547423392595759228e-02
5.922295227368201687e-03 5.920688482187279611e-01
4.286975483934550857e-01 1.562832650089861219e-01
6.341729046498476574e-01 4.173103679986419068e-01
8.770665646019119022e-01 2.338580777550147705e-01
5.375141723548988448e-01 3.255636468319276777e-01
9.940777047726317983e-01 6.900457458570913305e-01
2.082444092071088493e-01 1.000597020196982712e-01
5.069177130879275461e-01 8.298348281581092722e-01
8.322013237326782997e-01 9.647269203699287976e-01
9.938241335800689358e-01 6.044131225598613488e-01
1.586599154169990589e-01 7.256086076193388745e-01
9.506148698982556100e-01 3.659620140180064318e-01
8.535535685687088980e-01 9.509637469580931590e-01
5.522079591226666251e-01 9.838500940544874229e-01
4.957461680957830907e-01 6.171687811298839366e-01
9.187391835943552465e-01 9.036624034675747597e-01
5.212436356080175220e-02 5.261500487175698737e-01
3.658456609892049571e-01 4.293313853861439044e-01
1.181562982528417405e-01 3.881922121448300178e-01
8.196282357180497691e-01 9.703934226137316266e-01
4.202308530004572606e-01 4.429964290751111644e-01
7.924556326860421329e-01 6.088606647199492627e-01
9.820966362893154278e-01 7.925756452862926515e-01
3.571846150365843853e-01 4.802558385230173421e-01
4.145483693487453936e-01 1.713090513888892996e-02
1.781335416805840399e-01 1.280385487533568512e-01
4.704460711102387283e-01 9.770744860464825043e-01
7.729932726468846660e-01 5.088890904769077794e-01
1.545786398718939081e-01 1.550430104593910619e-01
2.865200517130948588e-01 3.404094014925172496e-01
1.077237675121556215e-02 6.275037712052353722e-01
9.244099340979229362e-01 3.025058477563258297e-01
9.184934593097923150e-01 2.928350230530534226e-01
7.925295298696493074e-01 8.710561957385816179e-01
9.723445443837399615e-01 5.608951133558731650e-01
9.694372731327495218e-01 8.395011191903324343e-01
1.224661057600062719e-02 4.792502417001864856e-01
5.705038619675324441e-01 2.000715215070450470e-01
5.917778812121143872e-01 9.450753921711376737e-01
6.849365304397586618e-01 8.196011170618283659e-01
9.917818796263598857e-01 5.616761792416394838e-01
6.875641906212316412e-01 6.382661090846786234e-02
1.277046682367589392e-01 7.613934702422728851e-01
5.537003442167687250e-02 3.391729582138568455e-01
4.437605277390399561e-02 7.139011748890072839e-01
9.327673945745169615e-01 7.318005052613969497e-01
1.747287813859843830e-01 6.901247511624333253e-01
4.354767687086037731e-02 4.735957070103383737e-01
6.298072798291608487e-01 1.111323808695599547e-01
9.401781878046775454e-01 3.332078987596448494e-01
7.370041627020118558e-01 9.065891826574212775e-02
2.728431199647318728e-01 6.014511695841062711e-02
2.005639855503953961e-01 2.481833530631245011e-01
2.986954713244879822e-01 3.957616155469029229e-01
4.894809200714185238e-01 4.659725353603289544e-01
4.951248321313255207e-01 9.047065964923989290e-01
7.956989979934346868e-01 9.779305021100208606e-01
6.865305378939001724e-01 8.683325994750266119e-01
