9.038994470512136392e-02 3.370884440967361617e-01
9.571222754491865992e-01 5.270204221403143041e-01
9.893809708605070252e-01 3.288818256689147734e-01
4.340126056779153307e-01 2.751620360740503757e-01
2.196534998298453334e-01 9.336002571235074710e-01
6.902916190233712168e-01 1.732814962237505529e-02
4.983954077988799747e-01 9.619747778764817792e-01
2.353163063405150357e-01 8.240580895599156630e-01
6.465675814711415725e-01 6.984130554519039080e-01
9.666997917531876539e-01 7.346767843570952694e-01
6.737160571201407100e-01 3.854480799020293946e-01
8.057740940746207503e-01 9.007956009096647065e-01
6.727546082022031193e-01 3.995462157500841160e-02
8.254501763643113943e-01 4.204723575097903954e-01
6.112963181176561678e-02 3.744630445476356817e-01
4.108729006039094078e-01 8.105608380771275323e-01
9.076997116214163830e-01 4.894015369351663591e-01
1.347611830201715377e-01 2.569146770946868497e-01
7.899382854169320067e-01 9.017842005431281338e-01
5.012223961413748707e-01 2.509150235785029270e-02
3.835219728391358607e-01 9.803135129606496134e-01
2.889717138301928223e-02 7.374962646244366260e-01
9.913372265360411717e-01 3.594537243377716740e-01
3.348158467934818083e-01 8.378267384309706634e-01
5.288578241777568412e-01 4.596321024369620090e-01
9.921177273453778422e-01 3.854642598283566368e-01
9.716665898135192769e-01 2.362261318082286010e-01
3.261408179671863583e-01 5.510261758145963418e-01
9.174660255432852685e-01 5.373966266784634405e-01
7.846872587994273562e-01 3.853531132169052409e-02
3.420316176876532777e-01 8.053517914621910467e-02
7.985404875579693584e-03 5.943390538391921663e-01
6.973620518546450042e-02 6.769959590101392033e-01
2.427930509680475413e-01 9.454298460533729909e-01
3.269414353434313414e-02 4.415385270919635063e-01
6.649473662248557293e-01 9.559756689345024760e-01
1.893419543418489726e-02 4.947123053409044902e-01
5.344983322000419479e-01 6.999535230659086338e-01
8.719615197330325973e-01 5.511725327830117038e-01
1.847783716036160984e-02 6.908653344466070267e-01
7.415060749158510767e-01 2.680575750195279827e-02
2.846865402566958747e-01 9.634930193955720812e-01
1.459455687181330785e-01 2.432671796873714376e-01
5.793602195001943400e-01 1.599707810849049228e-02
4.944344650568635591e-01 7.282352541913775790e-01
9.722658686946520357e-01 6.275968143969969937e-01
6.137929228683995930e-01 1.593213350411160079e-02
4.403702486585808207e-01 3.957843229345725522e-02
7.077215242857908262e-01 1.280689805269832338e-01
8.660424685298643288e-01 2.860000065791765689e-01
8.344702941647955119e-02 4.894709534130948225e-01
6.445142371209864329e-01 1.604919674336213742e-02
7.227367974508274173e-01 9.361269440794711683e-01
8.049092500708082687e-01 4.434021237562985052e-01
6.708588291330963571e-01 1.645592555880259766e-02
5.553112731453060391e-01 1.797255417289944646e-02
9.250855436912120977e-01 4.189867827247515386e-01
7.223829826327259340e-01 2.296640009629657975e-02
6.178992320979266317e-01 1.649754111908970922e-01
9.308212266859277051e-01 1.569966426051051522e-01
6.024638907810869748e-01 5.489181675321083698e-02
3.894354930593217912e-01 2.310236582238052172e-01
7.652839546259671000e-03 6.316426756022717193e-01
5.311989441422528824e-01 5.945806809358432643e-01
6.032851027390655485e-01 7.612155987818337577e-01
4.658621257243149016e-01 9.839154474909757031e-01
9.512076063022563144e-01 7.745221147034443421e-01
4.858153241414935875e-01 9.840678664958883992e-01
2.584278320732146250e-01 1.735012891502924759e-01
3.259297584145726678e-01 9.729637160616216862e-01
9.435395427702063520e-01 4.616775241296221521e-01
8.479063152312675822e-01 8.784632582732202488e-01
9.874620034534089541e-01 3.023625354059704673e-01
1.637875191965758037e-01 2.816018264974401442e-01
6.271287771645622788e-01 2.328925359733298173e-01
6.305226334384027576e-01 7.692317033197128007e-01
9.748443175471306343e-01 6.690406131667596679e-01
4.392946374180953240e-01 9.834994324857047054e-01
2.432878278783371928e-01 9.193848201678948007e-01
6.528271152898037499e-01 4.050444687043347480e-01
7.878625623342452311e-01 9.088715038583377037e-01
9.016432464054677798e-01 1.167586703374512425e-01
7.975133059788197532e-01 7.759253720034957613e-01
3.664474976834456998e-01 5.064494886710930732e-01
4.081614225264266760e-01 9.595414664722722309e-01
2.253884972259456443e-01 7.728074021650799263e-01
4.316139472160022139e-01 5.868003661480515332e-01
7.128522434681656694e-01 9.399143311525143263e-01
4.499906780502044845e-01 3.334026672795128432e-01
7.171119001902246382e-01 2.710138065149274023e-01
8.781092288609814167e-01 4.255380634587939692e-01
9.313490253491676363e-01 8.114783045262220496e-01
7.615224774318275769e-02 5.263093457703434952e-01
1.976005311958149435e-01 9.222872746119690213e-01
9.752287682699922744e-03 5.487155273863314475e-01
3.713098338165067847e-01 5.334623231035495738e-01
1.377786750558535056e-02 6.677455472279713034e-01
6.203382513179185320e-01 4.224259872114501935e-01
2.893003017542413180e-01 9.151732098590934505e-01
2.211727815997062696e-01 3.327799372405778056e-01
3.248411014032293043e-01 6.749261229545852059e-01
4.271429330111745637e-01 3.519368399974032169e-01
3.648493503482518885e-01 9.783618932397222245e-01
9.793651561121614613e-01 2.587875174079455887e-01
9.803754877017480940e-01 5.180741888181363830e-01
3.360917808575575316e-02 7.613423918879949071e-01
7.190487460365907468e-02 7.806030531206887835e-01
9.134326961761735086e-02 3.136476479055482214e-01
9.685115874438003924e-01 7.206969553778684867e-01
7.183381732727022184e-01 6.098454653621262489e-01
2.338320830476952050e-01 5.299556212410172495e-01
1.759310002180383137e-01 9.040242866449896830e-01
9.816935554829226973e-01 6.102856215278863461e-01
5.104967842934073907e-01 2.349986622075694864e-02
7.445380016747271679e-03 6.177389856656696487e-01
3.972078986146242441e-01 5.477230796732255325e-01
9.247332366103359069e-01 6.284453658305709789e-01
5.649942277344972563e-01 5.460674481262903779e-01
3.662709677096193106e-02 7.732197531957549774e-01
2.501526374600488434e-01 3.837006640304502225e-01
9.088805187337589686e-01 8.342260662748540723e-01
6.149428884788611382e-01 6.577577847650123433e-01
9.813349957773738197e-01 2.670146973775545662e-01
4.724187219562287487e-01 6.192148330181646010e-01
2.135170474632834270e-01 1.650895903660050124e-01
1.732212048732679199e-01 9.079366245397151314e-01
5.153332056412599504e-01 9.508948786770873296e-01
6.008510980338298973e-02 8.079905564988389965e-01
8.112097178740347303e-01 4.920273677399233936e-02
1.660026160207007939e-01 8.494421647321357405e-01
7.488301072012013559e-01 8.270204379039467479e-01
8.695723120674345719e-01 8.645317695108896139e-01
3.344116990636631370e-01 8.449536613107244687e-02
6.451745264339103780e-01 3.955274073821607450e-01
2.534612375742812396e-01 8.748587921806038059e-01
2.898555887011581844e-01 1.079290285560218221e-01
8.808907936525764981e-01 9.277070337896176078e-02
9.480014291070870680e-03 5.512904474531169496e-01
9.619451089716857251e-01 2.131010035695382054e-01
6.969316319190538289e-01 2.379659015600863459e-01
9.018170772982605499e-01 8.403067772210487396e-01
8.074171548269226673e-01 1.901678889594778932e-01
9.874231291053818804e-01 5.594175120237934173e-01
8.037321711977435390e-02 3.349798279905124021e-01
3.515462572241621619e-01 9.765747497730642435e-01
7.808464116520733578e-01 7.240157035934698948e-01
8.682903840409195162e-02 8.134477614666435485e-01
7.954884646636430912e-01 3.335152253101340003e-01
3.405604828944406859e-01 1.990896893051763150e-01
1.985831792138520735e-01 8.397494937897065359e-01
2.162251586650247859e-01 4.528461490042873794e-01
5.835990785886238097e-01 1.318584740660351251e-01
8.424761009969723435e-01 6.519918240981115165e-02
3.714180841751053008e-01 9.509947587246254663e-01
8.847716186628480362e-01 2.143042289745104578e-01
9.440672700303150144e-02 7.686982804312207929e-01
4.729415993341155589e-01 7.537941646443797605e-01
5.499477456607151371e-01 1.842183476307401868e-02
8.009499681754157496e-01 3.350358299797493444e-01
1.034186965575710215e-01 8.560560863843538204e-01
4.815193982177518039e-02 8.052100095753584874e-01
7.654804004679331975e-01 3.270145726056450375e-02
8.878953623065705125e-01 4.873017963187851187e-01
5.761753060137347893e-01 5.024833573901487105e-01
4.594143952268930908e-02 8.001932519834094037e-01
2.621138273156132237e-01 1.234077456045967747e-01
6.389803287675374088e-01 9.606016434524085046e-01
2.878557218469192103e-01 2.852582301262723830e-01
5.483576967415173531e-01 1.208165432655929628e-01
6.872654155127022602e-01 1.690744197723970110e-02
7.633303245215747879e-01 7.127859612915197207e-01
6.965849663504700695e-01 3.897485194861715074e-01
4.927728087400712886e-01 9.837321782370932466e-01
9.904596911978209572e-01 5.277357684713241959e-01
1.349323033648225367e-02 5.225776661901269105e-01
9.453343364821431560e-01 1.795606864247356604e-01
9.205990922495888018e-01 1.415144782031507731e-01
6.410393443149604575e-01 3.428475218073432917e-01
8.826371604041477470e-02 8.432156864707233135e-01
6.970679027121001736e-02 8.263627281418608472e-01
8.020809245450789549e-01 6.059452844167573238e-01
9.925546199832526728e-01 4.613219123847372982e-01
9.923988422007090637e-01 4.702072431840057520e-01
2.554905039587845872e-02 4.635878209385251303e-01
9.847489710095842508e-01 2.817040486146533684e-01
8.527764077325195036e-03 5.758044516999273332e-01
9.448093953670372303e-02 3.084511407831841412e-01
1.380861856132704069e-01 8.824726536142445399e-01
5.875646817965909374e-01 9.727312585937873957e-01
8.573966439417008978e-01 8.730528168132545286e-01
2.567506489105965684e-01 1.269117821162777382e-01
5.544574774850080656e-01 6.378522478355694858e-01
4.971701843178383262e-01 1.147069602589114168e-01
9.373643792393917540e-01 2.578042956764242666e-01
3.839927202380737925e-01 7.299200024920217134e-01
5.261012906558040214e-01 9.808596844709517315e-01
2.972760419191009529e-01 5.976013722331630085e-01
6.351318011653882545e-01 5.762436683070427668e-01
3.917100954564730064e-01 5.637500786924709573e-02
4.240420959984248506e-01 4.416352007466062268e-02
