5.273210736038413948e-01 3.136123283618765245e-01
8.098853870670486010e-01 5.696788387936868592e-02
5.146578084712613022e-01 6.360458308832292462e-02
3.503345135096193608e-01 6.732812211913286049e-01
9.999774652680365472e-02 3.154808611551901398e-01
4.177625551642520918e-01 6.694275994135542307e-01
3.842084844890766293e-01 4.217835893379007217e-02
2.756273452690640169e-01 4.410128632291856476e-01
4.746641667575756673e-01 1.105509643237689854e-01
3.302728673625813238e-01 6.891830682214727943e-02
4.487210867034288064e-01 7.002542622194162236e-01
7.189992584225060046e-01 8.920946176212909418e-01
4.284143894975356304e-02 3.977227818371695811e-01
5.729965088460609035e-02 6.869863889380233291e-01
6.210371398534293430e-01 6.964833761718920435e-01
9.076852867247686696e-03 4.882222434553128432e-01
3.991439421886819883e-01 9.968480250023200595e-01
9.902395680536574263e-01 3.010822103465736754e-01
8.297977958066240500e-01 4.550843924106969252e-01
3.857925912347613950e-01 2.557368658994074728e-01
2.498592612929183554e-01 1.363505968972911209e-01
5.662388713151685904e-01 5.916262344738476564e-01
1.597838169206755587e-02 4.552385453300809015e-01
9.916746750754517059e-01 3.065479797889653080e-01
9.419193644696004508e-01 1.815257292222320074e-01
2.226433106984823662e-01 7.404112280785526412e-01
7.557294898292102880e-01 3.372619164830347738e-01
4.085392787118990454e-01 5.435353484224871856e-01
9.927138222112413812e-01 3.131963198310582230e-01
4.817870644885641762e-01 8.341994153504628251e-01
7.768504218016059060e-02 3.405118783919356407e-01
7.908502917615123362e-01 1.067182113675174959e-01
2.868060338099770457e-01 1.032576804237650414e-01
6.249025120989195603e-01 1.088400013538294298e-01
8.955302151520203591e-01 6.084895752954500026e-01
7.873665814008021790e-01 8.444903886264419901e-01
5.007186149023655775e-01 9.877826434431093983e-01
4.414396424257695517e-01 1.442786357483028248e-01
4.580811697697794171e-01 9.957252992513531131e-01
5.484834534486338065e-03 5.274986174521647531e-01
9.754686436177372189e-01 2.540197414175204838e-01
9.262173855988050652e-01 1.529160815639843962e-01
3.778834197274527074e-01 3.729705097820437132e-01
1.467765104804602538e-01 2.407979991685329502e-01
5.183833480853869968e-01 6.874488340141512444e-01
3.322103541724411579e-01 4.982599264290255570e-01
8.250440989573801787e-01 7.575770943324552364e-01
8.061629906698158932e-01 7.525761283984602201e-01
6.011373481389370443e-01 9.068077582457065300e-02
6.209445839372207399e-01 2.352106799531070158e-01
3.469671057637652711e-01 3.071169416106371286e-01
5.051002855211172982e-01 2.741804505203925268e-01
4.609530686239516339e-01 6.771294024435865477e-01
6.813632104372152609e-01 2.395640399865384129e-02
3.442920415955478264e-01 9.820379149705593669e-01
5.232379153241104586e-01 6.052820971098604730e-03
9.848285544298948091e-01 4.633061985133613003e-01
4.108203533042975586e-03 5.733867105673606801e-01
3.752229844517623869e-01 2.616362134242841697e-01
2.827410908271816292e-01 7.730366355696791647e-01
7.217125472419813059e-01 8.906947422473605602e-01
2.410319953340663290e-01 7.337913383484719887e-01
2.371064871968507626e-01 9.068227533162553922e-01
8.858971333957089689e-01 7.589857580216332611e-01
5.523745021312618242e-01 9.688375426793865985e-01
2.360282252325647256e-01 9.080883756965281162e-01
1.167350790888362910e-01 2.836138797888136942e-01
6.175348619854520438e-01 1.074297036989468879e-02
1.560129144533975443e-01 3.111067485362609131e-01
8.678089914128840343e-01 9.270060462932605549e-02
6.674694361674926579e-02 7.030135197541934611e-01
9.013791431991879932e-03 5.911430049904138340e-01
8.590483263089006005e-01 2.693659548573854590e-01
9.316498532691385170e-01 1.618882757584665377e-01
7.828691650374552946e-01 8.555315653457665759e-01
3.986528857410390203e-01 7.389003979251835830e-01
6.582165097236718498e-01 7.355764160182627354e-01
8.081749221769853886e-01 1.075234227954038890e-01
9.678630562112346958e-01 5.687609213985688195e-01
8.323850410986504134e-01 2.844271364014627212e-01
9.254959966098393886e-01 2.131557539881419605e-01
9.954960709127222973e-01 3.366599666020244630e-01
7.616869971189317301e-01 6.912567188551199671e-02
8.693466687280437810e-02 7.367550479072215719e-01
9.041951924646591809e-01 1.295917176586437458e-01
6.700288665039292324e-01 6.011978523571843702e-01
7.643610271031434644e-01 8.666425279900569212e-01
9.206345142115187619e-01 7.049991807573786629e-01
4.870585073284757760e-01 1.325720271674413198e-02
4.429430516221888325e-01 9.968801144319390239e-01
5.828731780604630153e-01 4.123290178995930866e-03
2.974646696193905537e-02 6.363268969285553744e-01
5.077233744085228873e-01 9.853880947311807192e-01
3.743942854642376972e-01 9.934474107587046854e-01
4.144774612684924975e-01 3.237321070594939565e-01
9.705100421507882880e-01 2.383673821681759897e-01
7.351753023852160007e-01 6.893483292508353344e-01
9.426429698090019738e-01 1.825735502499394869e-01
4.170829023790448842e-01 4.885506061607968187e-01
3.617159521868884564e-02 6.498750041920517972e-01
3.768701606869274690e-01 3.269626751687179644e-01
1.607490886628809568e-01 8.344264725146268713e-01
5.542786204529277505e-01 7.741275945728550711e-01
9.514156324282752042e-01 2.010166849646745635e-01
9.716139821760757522e-01 3.865462424737499125e-01
7.967040793123367770e-01 8.464630652935191124e-01
1.134506489146624997e-02 4.690630773643043039e-01
7.265713854189196352e-01 5.952164421573806763e-01
8.727221761482302220e-01 1.636390178512671101e-01
4.933726262127281492e-01 6.100143937823172546e-01
1.354871679637870141e-01 8.039353254544198135e-01
2.839979046796192730e-01 9.451883111536331095e-01
1.735288933187023597e-01 8.483055749940987544e-01
2.139152468326543932e-01 8.885479516849678072e-01
9.805979494468014535e-01 4.904432443159154609e-01
4.266845834497907664e-01 8.366654307391248047e-01
8.372008593085835670e-01 7.038148374321184786e-02
4.202144433116458133e-01 9.974233781727390724e-01
6.346237046072100707e-01 5.952425474175784270e-01
2.276014567272396372e-01 9.013974722307263043e-01
5.081161565250538192e-01 7.511999890437380811e-01
8.321875437892715111e-01 7.777414108138045457e-01
2.131473171406248479e-01 6.805022058391619888e-01
1.879280569527493339e-01 7.406361664631372355e-01
4.757689288624727397e-01 8.635752495760538050e-01
2.044424743463574279e-01 1.788446630382344305e-01
9.931031168666195619e-01 3.781110419771579467e-01
6.507360631398277917e-01 6.270452980309455526e-01
6.281713677266049789e-01 9.361959241950863486e-01
6.430910141244783329e-01 1.585119108134291910e-02
2.180185551950254361e-02 5.401503232538467092e-01
7.149825451049258707e-01 3.121981450695998639e-02
6.957163786359898960e-01 9.035249294577916146e-01
7.748041372518897907e-01 6.660769365832300837e-01
8.578871649291166523e-01 7.886886501315750753e-01
9.340534050018285406e-01 6.746459555243072836e-01
6.482053438592859651e-01 7.621350093753087585e-01
4.953757584402426195e-01 9.891559398370785017e-01
3.977390964175222532e-01 9.967314678384736615e-01
1.714071035695436118e-01 4.917003092773745698e-01
8.528430136865328137e-02 3.290085091232312076e-01
8.108610959417377195e-01 6.510836512608772497e-02
6.147125801243955578e-01 2.863705412562127517e-01
8.041087163947279182e-01 5.745362572384782318e-01
5.406896731631906095e-01 2.900129478414115169e-03
5.724475430889176542e-01 9.475770901746829455e-01
4.713638802776696779e-01 3.599808913454056319e-02
2.289178338579456184e-01 1.556935665351120157e-01
3.459160961134827295e-01 5.929141911944890708e-02
1.528896904717179650e-01 7.124380518826708419e-01
9.958917964669570244e-01 3.428003288255176972e-01
5.480738104858117188e-01 2.576621827260816566e-03
9.084659000259533157e-02 6.592265816712352677e-01
6.105308919104743826e-01 2.670968491702250813e-01
4.742442770488091153e-01 9.936410016126363542e-01
1.642687091121349807e-01 2.191033639102895059e-01
1.007445483599854752e-01 7.583243459499030559e-01
7.543983230960602526e-01 4.050167015046890473e-02
8.797357025904362082e-01 2.270970737058245481e-01
4.419317142315097868e-01 1.140960118904030818e-01
8.973554673534698267e-01 7.446342775835836925e-01
6.070484989185472857e-01 5.062626478938517804e-01
5.638692209888510609e-01 6.552849398034543693e-01
9.561917590868320715e-01 6.206335425434837960e-01
3.028188586033395691e-01 9.587750322256312074e-01
2.949048274610326370e-01 9.470093646459787351e-01
3.375569039828619777e-01 6.428593299702067831e-02
8.720671635389024567e-01 7.742446806401459547e-01
7.665869690608575482e-01 7.176275318849720808e-01
4.127146444559433025e-01 6.232283811888335023e-01
8.470422304984227546e-01 6.029676787587239239e-01
3.123660772044524747e-01 9.383594511626105472e-01
4.465524608465792911e-01 1.551480990640472513e-01
8.217918390013918550e-01 6.148412244229195522e-02
3.292460703713848136e-01 9.436309456011170438e-01
6.997688866185154399e-01 5.648757140636213592e-01
4.582252645818060133e-01 8.232026991898599988e-01
6.305450439372362048e-03 5.847657339477627669e-01
9.239708188904866004e-01 1.501413110104948823e-01
9.127273932153182612e-01 7.208516228408777815e-01
4.192881372551400254e-01 2.980631918549536685e-02
4.954842497690292169e-01 6.745753502737582563e-01
3.247256130939903396e-01 5.793756394617379790e-01
3.612443805264656249e-01 4.206763854736297881e-01
7.357627489761495720e-01 3.124568434307645193e-01
1.327848167814262292e-01 7.004992918989335626e-01
1.124304344692624857e-01 7.737175608479464062e-01
6.648328235022473720e-01 6.402292954824797544e-01
9.717360589095279666e-01 5.450073074632951764e-01
3.187885472125703279e-01 9.690488198866998859e-01
7.779358945552741211e-01 1.144992876659598896e-01
5.382609967805849216e-01 8.477328471531023757e-01
2.404479274336808817e-02 5.499618121559158856e-01
4.999880574138626521e-02 3.839453356638737880e-01
6.315182049875194270e-01 1.259919761033623797e-01
1.440900362660513523e-01 6.185014050333959013e-01
9.429789613737944443e-01 6.531644190827864405e-01
9.868413190551886816e-01 4.482376200558886303e-01
6.474549922588128670e-01 4.166097098065052462e-01
8.092960984178483308e-01 8.378473655179868862e-01
