8.315727787383568881e-01 9.269372100548084470e-01
9.823246131876584020e-01 6.190527008871747894e-01
8.095200353989042696e-01 9.367897125508140022e-01
9.924602775110125119e-01 4.493831258800786710e-01
9.912812934700181433e-01 4.210409299760825563e-01
1.387713034257216926e-01 9.167235590310460758e-01
7.810043226363991842e-01 8.438173634752443864e-02
4.283102903697153518e-01 6.349187159961401372e-01
7.408653305530774613e-01 6.007358954893748937e-02
6.634313672826169794e-01 8.675394582160830259e-01
3.721310264789800537e-01 2.162132719796405755e-02
4.335059806467608245e-01 6.254625465165981613e-01
2.249646037043093183e-01 9.611804461303032898e-01
5.456247619528603598e-01 2.445776616510061952e-01
8.918081718334343044e-01 8.680652526629388799e-01
8.365181970419937052e-01 9.245989656744402208e-01
9.840297796024877197e-01 3.420558345693677227e-01
1.811164637717322667e-01 7.760705883640960367e-01
5.796801365031004627e-01 4.020542497373477686e-01
5.767487205750382318e-02 2.797519685462659389e-01
9.842841717021135750e-01 5.995237272778966009e-01
5.175162984612247108e-01 9.880206419447016275e-01
1.193985830820022270e-01 6.213615574482451720e-01
1.411640347789133720e-01 4.869562806000101718e-01
4.068247191321297529e-01 9.931545778303280114e-01
7.928900794426321230e-01 7.896027291256815239e-01
1.686005425497400234e-01 4.799252093005924591e-01
2.569712785310211342e-02 4.145471959353494440e-01
4.222661998036238984e-01 6.607938723439642503e-01
4.374104222293817568e-01 4.744142046131348267e-01
8.949475454274102848e-03 6.149151185132057940e-01
7.592575613406078450e-01 1.738186302963109497e-01
1.562188164128916479e-01 9.266014882708493161e-01
2.233294366628372218e-01 8.571897140086688349e-01
5.871894149458518619e-01 1.617918094164494391e-02
1.100226399501357671e-01 6.456776363420804188e-01
4.281109726711511132e-01 2.185846665221083396e-01
5.551461827724535336e-01 1.129361427514319338e-02
5.268942325045631314e-01 3.413939917271064384e-01
4.733936541924860242e-01 4.337747970314693724e-01
1.769473737215050968e-01 8.800114117289181692e-02
6.292895321676454934e-01 6.011390679136218163e-01
5.153427477583368832e-01 8.916129851114633631e-01
3.309911785170262521e-01 3.042339977211738766e-02
1.085025852863178986e-01 8.982187388786534443e-01
8.850244396198235775e-01 3.966394888441723832e-01
2.694602794592305117e-01 9.764063335471611094e-01
2.339041581721353347e-01 7.719929888086385361e-01
7.501758155319310228e-01 7.897962685402959426e-01
7.960917531699701621e-02 2.137245444325418520e-01
9.644014593817293868e-01 2.632674634913564349e-01
8.902175143286344960e-01 3.409084224544832731e-01
1.197246100595779489e-01 3.562540503935052172e-01
6.886825748701391747e-02 2.447763583929736253e-01
8.889020159411928912e-01 2.362586588330337911e-01
8.680797964863178340e-01 9.069274892725160964e-01
2.644371501501545096e-01 7.782980869998538109e-01
8.016228441691753970e-01 1.361261095153019351e-01
1.355459621717661767e-01 4.176870118788450492e-01
4.595199425759293188e-01 8.908792132166167832e-01
3.245221289319232261e-01 1.280440768278830466e-01
8.934854341768406760e-01 8.326775157963335339e-01
4.404671852306867863e-01 9.933599786969480316e-01
6.307355102620253451e-01 9.753445224828327653e-01
4.980975838261200717e-01 6.473210761283887393e-01
5.114135916084807665e-01 6.640021303052079382e-03
2.292738867548356763e-01 5.932477646250511327e-02
3.829422485851500801e-01 8.718172470378536543e-02
2.993391370845590038e-01 3.017289670876158181e-01
7.491334671078635488e-01 5.922149323610454985e-01
1.111953226192695099e-01 1.646711113337677723e-01
9.917736971849746563e-01 4.852229101919135479e-01
1.630332562637187843e-02 4.212238865451015668e-01
7.263524892128103705e-01 9.585005822714957047e-01
8.235718688380161412e-02 8.749810499221356563e-01
8.073647594535269256e-01 1.580209462071633097e-01
5.454716079559096542e-01 9.856878252986773781e-01
7.750213428849432873e-01 2.021775508415615819e-01
4.472828908271525572e-02 3.205140729959150558e-01
1.900559887305184881e-01 7.966902992335456180e-02
2.396281176912838373e-01 5.449282176701497615e-02
1.238370685626094536e-02 4.573941696061191164e-01
8.961733046034980887e-01 1.628829932913425926e-01
9.657426657051475516e-01 4.479383267383333922e-01
8.766620861668118492e-01 1.917753651755029209e-01
2.527236626091364236e-01 9.718098647964072967e-01
3.030166454347594240e-01 3.691268827697891108e-02
3.044172437415488264e-01 9.848357852587216188e-01
3.862033152140210146e-01 1.872680554837546918e-02
2.508244799024278993e-01 4.948936748839172228e-02
6.925864533445846849e-01 4.016357242420305895e-01
6.501586705692193879e-01 6.161834483016376957e-02
6.501457234009697106e-02 8.221457571166903566e-01
4.829775680163803098e-02 4.853638107130130996e-01
3.468896911577940001e-02 7.454709115515476547e-01
7.865764603914495723e-01 9.435182693365593565e-01
6.676076392772684054e-02 2.513399896144375978e-01
4.138706845411589952e-01 1.448236454235840576e-02
3.795791735587102922e-01 3.297858568031122317e-01
6.613899876201418948e-01 8.425558879315121485e-01
1.260894285750611687e-01 9.092757357764813531e-01
8.954976388397416220e-02 8.079513615617595068e-01
4.122072596834402414e-01 7.911755083354474749e-01
1.297953888503131092e-01 1.411800747043682192e-01
6.697272723253184790e-01 6.559759511874019289e-02
2.736991452912400091e-01 4.387447310701786396e-02
9.571972735591376402e-01 2.350544151227260681e-01
1.244244969861591776e-01 4.237902074876211400e-01
7.304160565253554616e-01 5.770511892610327154e-01
9.493838478303882056e-01 7.293269990649710044e-01
4.175756666968547526e-01 4.515918201169025203e-01
4.002360069310685886e-01 1.607610776788381823e-02
7.724422796195973273e-01 7.897503363476987559e-02
2.646454737912058430e-01 6.363039981009298574e-01
6.890642245805722599e-01 3.949204955949847662e-02
9.857327407078102510e-01 3.514936658964049609e-01
2.370477264697611053e-01 2.973763831518927980e-01
8.638404681857531076e-02 8.831513815812095380e-01
1.298099938724773805e-01 1.562727924859212136e-01
8.887446219756520160e-02 7.387986946630413776e-01
9.190238396716579050e-01 2.230205724347048002e-01
1.056624931596511496e-02 6.370018758649058643e-01
7.455217236381743717e-01 9.544930681792721527e-01
3.732274680616869955e-01 9.920133105107723503e-01
7.309304714806403869e-01 8.223164626632782914e-01
9.903862622233325919e-01 4.003383363173056431e-01
8.310366298865630164e-01 7.755253743295109636e-01
9.724719722616195217e-01 2.953796079291286514e-01
5.309530141830287597e-01 2.120366536596502982e-01
8.589847238533787621e-01 3.106850151472613231e-01
9.419153128975299438e-01 1.974364508934937090e-01
6.875753149559410415e-01 2.648444661889614582e-01
3.289470910194041697e-01 9.883767819096073159e-01
6.844346273332237995e-01 8.094869372945696639e-01
7.539722488987432580e-03 5.919090316275928965e-01
6.520639333654424386e-01 4.486553227190283044e-01
9.465023931675309310e-03 6.226456426181647963e-01
4.984569092494832154e-01 7.271151827569211079e-03
6.063231912765033593e-01 3.040992859960451322e-01
3.308777005575609942e-01 7.277521581346284574e-01
7.792607774108157859e-01 9.455824401530859014e-01
9.879857837146743815e-01 5.607095973674114386e-01
4.931404183822219456e-01 5.779786561510039666e-01
8.514998011946357526e-01 2.528108336956503277e-01
6.166855987461929978e-01 2.101907334508890113e-02
8.738718160639658006e-01 7.974299970393436965e-01
2.509192533223038590e-01 8.484836738223421049e-02
9.429486057940905663e-01 4.987640475819994368e-01
9.463927046843174651e-01 5.123059383017971591e-01
9.524229665263104216e-01 2.199610565760080627e-01
2.895995544142198619e-01 9.815030127740194121e-01
3.191576624564489983e-01 5.784081289222251510e-01
2.368260119111436635e-01 9.668311719256097447e-01
7.502834980590588065e-01 6.763837673443832132e-01
5.819148385409793345e-02 4.668135370538222806e-01
8.468748011431476153e-02 2.055298584546298990e-01
6.417534206124118068e-01 6.416364802305279946e-01
3.054144163082281316e-01 7.828792147035047444e-01
2.234258544824802017e-01 1.885959779498158073e-01
7.252941094007608891e-01 2.217754620387634434e-01
4.398384967602967932e-01 5.850735456934264694e-02
7.194613019816442634e-02 2.391620856172772258e-01
9.121716165089273076e-01 8.228998748384395157e-01
9.465985953509087336e-01 5.895883998971342965e-01
1.588638348849937265e-01 1.060080275001022976e-01
2.283631986328876762e-02 7.023072068349831554e-01
3.140284171644792677e-01 5.209471628182593683e-01
4.099587502517404447e-02 7.681923815581246373e-01
5.284761426293976827e-02 8.038575111152238550e-01
5.178923293306940678e-01 7.065799840650588415e-03
9.924356024529223941e-01 4.623870672518192171e-01
6.416959072574761613e-01 8.262400006185309786e-01
6.806338696666646149e-01 5.061263997341420851e-01
3.770417376165601242e-01 6.786755776451561251e-02
4.396745042397079417e-01 6.914517476917333427e-01
8.052604216616758848e-01 4.162107731133988797e-01
8.304304102603645710e-01 1.171334142205674445e-01
6.264872299177520754e-02 8.281440350283499896e-01
2.607108043451583090e-01 4.697756656601714820e-02
7.507762827655846405e-02 3.730268702745072051e-01
7.289993680670298071e-02 2.324696471029168432e-01
8.378763645073267208e-01 3.485802365164942240e-01
2.119004592343304294e-02 3.988893511100339850e-01
7.088979536841011342e-01 2.179001175289331238e-01
3.664051091666595816e-01 7.458527692699511435e-01
1.813410250323260198e-01 8.498266387555364343e-02
4.361920659377799270e-02 7.772152947563437664e-01
7.063247711141558138e-01 3.500373305521470857e-01
4.615095873746448141e-01 6.783835134148700208e-01
2.499570556977595004e-01 5.012979892351703270e-01
4.546046430222631662e-01 5.941635133635259081e-02
6.070381819296217785e-01 9.792799021504507984e-01
2.050935417166269148e-01 9.512047616097646374e-01
1.335748582904593418e-01 4.083304218475801717e-01
9.791592316597566015e-01 6.390519979857580690e-01
5.766944435023235727e-01 9.829941414137098876e-01
9.246087594476393168e-01 7.939104195043535928e-01
5.802912434836251521e-01 5.083718377853739812e-01
1.125512035355774598e-02 4.719444437733204545e-01
8.258837838165816736e-01 5.267013162354992062e-01
