2.254761512104986876e-01 1.956680689132869189e-01
2.356531969948733041e-02 5.444663535460130266e-01
3.874966832844217723e-01 3.201587676617481115e-01
6.487710680724860790e-01 9.557936848823295195e-01
7.008213333552097968e-01 3.747599256667377698e-02
7.404648509096862785e-01 5.669027042619634305e-02
4.570190625675001339e-01 3.057237971669810039e-01
2.089298100499067945e-01 1.374036896746698710e-01
8.337284034464733651e-01 5.724683347257016885e-01
9.768325316180770379e-01 4.728596800997031391e-01
9.188421209497092956e-01 4.276321271600093121e-01
4.215275448216794785e-01 4.786225004002034322e-01
2.641602669626447186e-02 4.949796718526456862e-01
3.264763131503474747e-01 9.884824270025711623e-01
6.978440787371026355e-01 5.580938634765619799e-01
9.268634289730353082e-01 7.127145270677199829e-01
6.739570641144665419e-01 9.450757856008621394e-01
4.260647100496677275e-01 1.202729986242136034e-01
2.281221207664478889e-01 7.529232435500868847e-01
1.777385225353592113e-01 4.731216643046127213e-01
6.432195779009077796e-01 1.713778621694472815e-02
4.525557482969672085e-02 6.940403586261295610e-01
5.551406959529445739e-01 5.594660080471061114e-01
3.239472764969836827e-01 5.011844492820172192e-02
3.001457239914056552e-01 9.549417738470865613e-01
4.366922140321496948e-01 9.950100565968101884e-01
5.513313981698755306e-01 5.546014079783834205e-03
5.910409484386789369e-01 4.122792565527914066e-01
1.811386993674327095e-01 1.677488198464383018e-01
7.161518287456023479e-01 4.355383519264233172e-02
4.366871463512190243e-01 1.597795509278532311e-02
6.084376389670747010e-01 6.782403607259124279e-03
3.172186467251917330e-01 6.893164245398504253e-01
2.062474768729429253e-01 9.473224681717116180e-01
5.578554315605629282e-02 4.987985258888195106e-01
2.567384066194568493e-01 9.264864847511211643e-02
3.707061634608988521e-01 9.931182975524579515e-01
8.541832688967709863e-01 7.984302502944770064e-01
7.609257254809680404e-01 8.289876429238247635e-01
2.684103958140432455e-02 5.884602492095026838e-01
9.429691072997958834e-01 6.862376254707930334e-01
1.904948786856760501e-01 5.739917846685295144e-01
9.897290786651892491e-02 7.383660812892324232e-01
2.144934788995791486e-01 7.122606497515027169e-01
7.623054589846772755e-02 3.027283702303227297e-01
3.309749799196214926e-01 2.186023584899928207e-01
1.432670915974120218e-01 7.508689480312176201e-01
6.001057536657827818e-01 9.748156803706627960e-01
8.191606770964285911e-01 8.368847089805572237e-01
8.330261790862050209e-01 1.831000689193395259e-01
7.853975036976153234e-02 3.371437731560383289e-01
3.407226369766264140e-02 6.324243240862774673e-01
7.423578091676880097e-02 8.027662336840494239e-01
6.090057175453883476e-02 7.636362982841155000e-01
8.939928139786919026e-01 1.981392279040428139e-01
8.826503180540776761e-01 2.078807511295037158e-01
1.887661339068725519e-01 8.936345306337043493e-01
2.889102601780875745e-01 9.814951439000015876e-01
1.516027149235086025e-01 8.289743670151292765e-01
4.186733761671296294e-02 6.756200996966540417e-01
9.141981712816155126e-02 2.746217183308167220e-01
9.693845073462008521e-01 3.798300001899700407e-01
6.164149372859962783e-01 4.002136546249498439e-01
3.784330702610521624e-01 2.687817590734042916e-02
5.880442217724410892e-01 1.850287122440349430e-01
3.682095025494276919e-01 2.887142920925367395e-02
6.732663971795055380e-02 7.830279969706244181e-01
4.635284836382537743e-01 1.230478178612515183e-02
9.270931621063244199e-02 8.506607523699721840e-01
5.735170201879001839e-01 7.835508449822816690e-01
4.952331644109112530e-01 7.072111992668113079e-01
2.164050515377585471e-01 2.840813515855373228e-01
5.637367882623176563e-01 2.252581384601775594e-01
8.419173242462202333e-02 2.862548013590796581e-01
1.598852588794852092e-01 5.519558462082563288e-01
3.042993542157935716e-01 3.236584261919196459e-01
4.840603822877088125e-01 9.917602776065629344e-01
2.889396040987988745e-01 7.131881012457774727e-02
1.199272936365041731e-01 8.799655567585829008e-01
3.930049676543816428e-01 2.030372009587639859e-01
4.114454212746738726e-01 3.964751934315313697e-01
4.011941783225534963e-01 1.479419309836537411e-01
2.536953320994257410e-01 3.072402194757267724e-01
8.578105253549901388e-01 3.851542078130750779e-01
9.362668911528606586e-01 6.992731421662982116e-01
3.079437533635746571e-01 5.974848951045845791e-01
7.748626904842185192e-01 2.775353858416278463e-01
4.757520463797674237e-01 9.390632923292273615e-01
3.080806071258482826e-01 6.322992771559422520e-01
3.472984838765825755e-01 7.493657357457077506e-01
6.144048383413502901e-01 7.740817154257015886e-01
5.630475371444498833e-01 5.029531378794926955e-01
8.360047840580512313e-01 6.342000717838176538e-01
6.802764465337752808e-01 7.551902736179819664e-01
4.004593369769188227e-02 3.888560796175569712e-01
8.158600710919016175e-01 1.345215356064862200e-01
7.424611315791528332e-01 7.806428555729465479e-01
7.298294544267602824e-01 5.069331643062691128e-02
4.168613792811387553e-02 3.802941445224238270e-01
4.935156375750441859e-01 8.972222144032504509e-01
9.594774184673662276e-01 6.470991543783455313e-01
5.774720941013385955e-01 9.483520335983823546e-02
4.210266071997825210e-01 6.518730287855949435e-01
5.195330694733027999e-01 7.784403760110468751e-01
8.965745015359358194e-02 8.101489612711849642e-01
5.654966625603252695e-01 9.817767915499526765e-01
4.858238979958875992e-02 6.175269572926376238e-01
8.267997992652256212e-01 1.252233171269879763e-01
6.777445777673063443e-01 4.925525466368624872e-01
1.654031737330937668e-01 8.376496671088689006e-01
7.137472939324702725e-01 8.602386492263802698e-01
9.743007664711871296e-01 6.048833271555162927e-01
4.277300744281055112e-01 5.031979237140413175e-02
4.299665075815565785e-01 2.439973866602698077e-02
8.197747082652293571e-01 8.363078363250495695e-01
5.040950509939861046e-01 9.147618937474774059e-01
8.750304101323924666e-01 1.754135061491813863e-01
2.088891532757641278e-01 6.334226883937250641e-01
8.390779297575137186e-01 8.154509550569226661e-01
1.108280680911424704e-01 7.179338713548915063e-01
9.418827224481601812e-02 8.536544193178050577e-01
5.025940732676298373e-02 7.190184584025061110e-01
7.816745148122161702e-01 4.524168335510632688e-01
7.752774917301308299e-01 8.593002902821811340e-01
8.264523513105342944e-02 8.253636008087721354e-01
2.679684832732079358e-01 8.502659351623309547e-02
4.819544620579327421e-01 9.825698535724939342e-01
1.871285513024865399e-01 7.710659315919549117e-01
3.687680458473702183e-02 6.483050623778990884e-01
2.068801546229412369e-01 1.393875125100645374e-01
9.651088024197901349e-02 8.577909509968693058e-01
9.752837597655674706e-01 4.277563848298631122e-01
5.510649242710862206e-01 3.105385106924948291e-01
6.685675032850365573e-01 9.356792725949636402e-01
9.037801016348578909e-01 7.417364453603070285e-01
4.809087371704706682e-02 3.631964129760629767e-01
2.719775927876601496e-01 8.203310771647435162e-01
9.475984883725824259e-01 3.803064392664926574e-01
5.229992919099604176e-01 6.834950698387947110e-01
5.850683138791874516e-01 4.836443116184363511e-03
1.284686112579854211e-01 8.951279498149044000e-01
3.500683208454655748e-01 2.891777221955208477e-01
2.679097564990041147e-01 9.749779262487465736e-01
1.405715529647859341e-01 7.381196249726987846e-01
9.771365029127896396e-01 4.946947877289027407e-01
8.390619408912044497e-01 5.703865067291049584e-01
9.605856121264613190e-01 3.504078700777014665e-01
5.001063584331522094e-01 8.118957144563565542e-03
5.715980890653560298e-01 4.546626313309931611e-03
5.397001000554246808e-01 9.857663703351797757e-01
9.269413448511485409e-01 2.609572264095996186e-01
2.181857948537681557e-01 5.494831628240921528e-01
1.242784086743295435e-01 2.312001500406790644e-01
5.927535638095100534e-01 9.767268587819520897e-01
7.886621565358109542e-01 8.795373359554148340e-02
2.902820115237714216e-01 5.905717030768888876e-01
9.035764888189341537e-01 2.141613235042169050e-01
4.061595380499078423e-01 9.954533736866900684e-01
9.770318448271138045e-01 5.045505258538495186e-01
9.222324121127092322e-01 2.489089731027519514e-01
5.618690405718991254e-01 6.059761355043667974e-01
1.640217627874860917e-01 9.204876034207282176e-01
3.272178546426146584e-02 4.349164589889399357e-01
5.074067203512478974e-01 2.172322368309442253e-01
8.988750391480951896e-01 3.269624491964288615e-01
6.729100098776249483e-01 2.539097246653175266e-01
2.733586494423677071e-01 9.771901524899239133e-01
7.067172637494166798e-01 9.035457001734074067e-01
9.412761537854426042e-01 2.978914391852572896e-01
3.744531405512357969e-02 4.025889679732709281e-01
9.674183721258641233e-01 3.926809407878907310e-01
8.576948708957193857e-01 4.514507631992692449e-01
5.616700399320989634e-02 7.463558790410385058e-01
5.438059928639067397e-01 1.111795280141818221e-01
2.869671661475287072e-02 4.713104479762566523e-01
3.610857901746415410e-01 9.924282503473086381e-01
3.591934102438961718e-01 3.385150397601932593e-01
8.027485779043905811e-01 8.516052230167560078e-01
3.491134127214099436e-01 7.727590568500417589e-01
7.206612809794312735e-01 9.165053637469704473e-01
7.324610957421411328e-01 4.485399115727602415e-01
7.333070312702243410e-01 2.886286409029596989e-01
8.320255185949979593e-01 3.735048203477976392e-01
3.587977280024499116e-01 2.565701401784955538e-01
3.581747018073032085e-01 3.205563810775324818e-02
6.192198735541371013e-02 3.326591522675081958e-01
6.417920253028663868e-01 7.654081809788473301e-01
5.182284606010946204e-01 2.679802877139335626e-01
7.156824052647124956e-01 7.999380882203260823e-02
9.702108947580512233e-01 3.829120475467482354e-01
2.286349708721041596e-02 5.572150784084205499e-01
2.823417645245760998e-01 9.799084001631425123e-01
2.798833879233363353e-01 6.628192602552167578e-01
9.370472243921439404e-01 6.967363058217800331e-01
1.057960278988672731e-01 8.711011963488641818e-01
1.871891075428913642e-01 9.358651640796856741e-01
2.461653527473547654e-01 2.245297941185593060e-01
9.694521666869433396e-01 6.227406234097472293e-01
7.937719270656589110e-01 9.275311868154456629e-02
2.255023275442928909e-01 8.246055952516212484e-01
