2.710636119454334914e-01 3.800265774787980333e-01
6.763136581929380942e-01 1.176180397569958486e-01
9.153254143837403767e-01 1.714374143508070603e-01
4.865736325504348841e-02 3.849054265881627912e-01
7.005375914761132750e-01 9.866754878221078995e-01
2.271077943345189976e-02 4.255315194336993789e-01
5.178519447776881446e-01 2.980609220967880280e-01
3.051801001215979081e-01 1.337302282856822622e-02
1.180143281266289312e-01 7.968313696033971771e-01
1.360350920493452742e-01 8.254831317880944042e-01
8.844215561031072426e-01 9.385526378487561994e-01
8.822827275655420465e-02 1.707289622688575870e-01
4.171125700103532896e-01 3.045445226767145089e-02
5.067049756257790971e-01 1.066561238991037275e-02
2.490386393354348527e-01 9.089393761933123317e-02
7.322581932073152222e-01 3.876921828433521622e-02
8.029893895549349292e-01 6.643715865848676128e-02
1.430487122972163849e-01 8.324545720912823743e-01
3.249977278756002175e-01 1.187734747762325682e-02
1.280457346955896636e-01 8.133695699341282337e-01
7.765574927871302657e-01 9.767455206770415677e-01
4.252221918123719746e-01 6.751752755333784162e-01
4.031392097133494890e-01 8.576446291679102885e-01
6.195340081561686585e-01 3.181756031019458697e-02
8.480628284983695586e-01 7.328040692022381730e-01
9.807213171190424239e-01 6.773866044899813366e-01
3.193088891468898183e-02 3.394824087083777586e-01
3.526467652848663814e-02 6.401283800004250457e-01
2.216692757898637844e-01 5.240512226344469227e-01
2.997115926385303109e-01 8.274394216196092611e-01
7.704929574493493138e-01 5.327826344859420971e-02
9.396283737513485557e-01 2.239521282645640099e-01
5.662040212571534115e-01 3.987409433376399859e-01
4.211799975324050371e-01 7.051961537036097738e-01
9.597471775616770451e-01 8.458293936751980491e-01
7.418159721476059731e-01 9.818007435778125513e-01
2.174859770883580401e-01 5.865887477276088280e-02
5.810470311727086168e-01 1.923367614841464679e-02
5.580216073055508375e-01 9.934872929363250948e-01
3.664161793886797636e-01 2.976856699284344820e-01
3.993444377207778229e-01 1.217191129688636048e-01
8.281226076304613049e-01 8.530132454672527675e-01
8.381491221146483150e-01 8.351294401645559251e-02
5.958344768901278066e-01 9.675289039604542118e-01
2.801557360061658342e-01 2.252398858745596755e-02
9.023839180040371666e-01 6.960746979408316548e-01
1.025243966753289770e-01 1.511294435427867899e-01
7.450913242329466613e-01 4.335475092240093087e-02
7.749253366854804703e-01 3.188148917946273531e-01
2.957332194804223047e-01 5.922423955014479713e-01
9.780147363243616443e-01 4.054048551314971549e-01
9.169457783139021156e-01 7.239053661489875946e-01
5.965142943595898029e-01 9.934537851702270883e-01
6.777262891988000693e-01 3.098018593376117291e-02
8.902032544892883870e-01 1.287693765940445267e-01
1.840927602356701720e-01 3.951196162326121586e-01
8.688063055553043590e-01 4.478030662200813139e-01
2.570566983538262740e-01 3.504128180763654843e-02
1.130110345173834796e-01 1.389417083388648777e-01
7.901094172403767546e-01 3.210535654196164934e-01
5.623394704081750156e-02 4.558180068866744539e-01
8.621230436868572156e-01 8.578155241272518161e-01
8.769344357312962579e-01 1.134447684180819316e-01
4.896734012066819575e-01 4.083604180890938462e-01
1.851816253867269724e-01 1.697901884570529873e-01
9.431498342690868286e-01 2.363901759511819467e-01
9.727972102291234657e-01 8.065222684773247774e-01
1.285462560273271659e-01 1.266389291195584299e-01
4.894390829189370629e-01 4.366870857134772521e-01
7.129708304459414503e-01 3.529438861606637445e-02
2.646597901670377784e-01 3.067586028066293657e-02
2.441337685623453657e-01 1.473417719666401116e-01
5.587459947976746166e-01 2.531526703043120996e-01
7.633137950906365710e-01 5.232066926133138729e-01
2.488872679245028308e-01 4.159548588609021658e-01
9.753366671308578706e-01 7.829927511329166645e-01
9.622619397119378526e-01 5.057576611482793583e-01
8.275295037988843472e-01 6.853699408184393826e-01
5.154958664724517137e-01 8.798486985477220745e-01
2.510735289381527124e-02 4.026708488413421883e-01
5.228645135398486410e-01 5.702761863622960448e-01
6.639654725233279375e-01 9.900820137849353220e-01
9.637276308663110802e-01 8.350264564781454402e-01
5.806855183498158546e-01 9.940501674896503603e-01
8.592928540804954940e-01 9.624429341760576406e-02
3.959738070552587530e-02 2.936666739688457151e-01
3.477575414466593795e-02 3.181415438013471819e-01
4.369463498294823278e-02 6.636527614152335497e-01
9.348808054095192333e-01 8.171180734442133886e-01
6.078737945511992757e-01 8.919978826760217583e-01
5.983672267766255715e-01 6.679255062949218669e-01
8.532704725896487208e-01 9.526142649627656889e-01
4.512159435901590410e-01 9.120201167773080986e-01
9.088856822229716137e-01 5.083604362620508521e-01
5.088836036077807323e-01 9.903498430098693905e-01
5.268259227620706309e-01 9.636882962332586899e-01
6.645687748662285621e-01 7.047459648813894084e-01
5.444883108548028705e-01 9.439926017666533387e-01
5.625676192751515314e-01 3.984929780623452239e-02
9.261335806511020730e-01 1.932118454880032976e-01
8.372701228621244329e-01 9.590420227518270391e-01
9.804078240570820446e-01 4.783701133933659921e-01
3.494164501729519756e-01 9.646349429786373886e-01
3.498152028721674967e-01 1.004491064468249206e-02
1.583935925687858515e-01 3.984566817250141391e-01
2.402793411555051994e-01 6.752137141237168905e-02
5.381151639341980042e-01 9.927077913983151092e-01
3.067700984958676713e-02 6.112643444513525814e-01
7.496032440099424932e-01 5.265452732266442393e-01
2.023005152703016285e-01 7.027402348007909527e-01
9.626943955305532485e-01 3.230230995817060524e-01
6.698129895031978975e-01 8.688619479716070959e-01
9.933528297556026843e-02 1.550157267377503256e-01
5.546991719614049465e-01 4.903797574676911353e-01
9.127772301092728080e-01 9.202172271087116773e-01
4.001845299146952195e-01 8.054474402753855067e-01
2.303401787385853383e-01 5.847687635738658685e-01
7.645512373320881849e-01 1.163787305235336050e-01
9.052188569776219440e-01 9.264247916621968226e-01
2.752058197165264675e-01 9.297955892480999074e-01
6.043121550121843821e-01 1.707116235118204539e-01
2.672041474794702998e-01 1.445991560563933687e-01
2.123469028820323956e-02 5.271290239241995801e-01
7.816124531673132037e-01 6.400310688273183057e-01
4.491275082177426659e-01 3.119289896193230827e-01
9.357730037700798809e-01 8.948312379602746391e-01
1.780075664532581037e-01 8.623449676890411197e-01
9.745953298547239685e-01 3.768778433474236911e-01
2.016073563721088036e-02 5.081347538030299704e-01
4.093117486128168836e-01 1.297918178432901082e-01
4.819245309941000421e-01 7.576364175444610938e-01
3.890883712229459279e-01 7.703881934792908837e-01
2.538450577337690861e-01 9.156319461347761646e-01
9.483028593379082549e-01 2.583209631300081854e-01
5.007877359232029146e-01 8.189583844736594287e-01
5.141746274041916198e-01 3.686503816789704624e-01
6.710710520980693872e-01 3.310675461655965268e-01
3.453431184148887945e-01 7.630310095353867728e-02
2.831485811920623208e-01 9.347395833858452852e-01
5.389801877701838606e-02 2.439891339835560391e-01
9.086309767932319037e-01 7.742939771420938033e-01
2.874116674249319603e-01 9.373245415183142359e-01
8.806740240149890653e-01 3.909514927070494861e-01
8.726529987012212608e-01 7.947733631578477453e-01
4.641226107538148904e-02 3.527680277262846276e-01
4.474483100725504814e-01 4.739993345193532770e-01
6.121640584437368915e-01 9.641547373660970255e-01
4.251555173801503384e-01 9.794463779110867963e-01
8.606173811284336672e-01 5.981949621661682981e-01
7.793987128987500679e-02 1.878731280753380695e-01
6.577270461817181779e-01 4.221225381711956048e-01
3.766289980673983018e-01 6.189456705798088709e-01
4.798569988680469467e-01 4.848476064119285889e-01
5.620766717061049800e-01 9.655181915411621407e-01
6.246124204264327240e-01 5.666139109669054985e-01
1.985443111697671181e-02 4.640181910095017015e-01
6.459842855229829262e-01 8.638976600827229513e-01
3.498081068237419711e-01 6.742075165870283771e-01
4.014500550537339896e-01 2.389906215924636756e-01
3.678136546934163142e-02 6.466172615253372724e-01
7.431164778821353067e-02 7.230697638778263991e-01
4.359096298231579514e-02 2.788982467945325672e-01
3.223314770179125932e-01 9.192675974733273137e-01
1.955688354626591297e-01 8.754624045756892459e-01
4.687666418683832381e-01 7.997699366484756212e-03
6.268350783135512305e-01 6.948990991269510253e-01
4.304351374685887466e-01 5.949832510349639669e-03
7.221075716345271012e-02 7.190707153051478784e-01
7.241380610521818140e-01 9.821214287333567272e-01
9.009907748384684556e-01 1.463198915536584321e-01
4.805722176881782604e-01 8.812934842595265827e-03
2.972861728468053633e-01 7.341851996492694266e-01
9.805577308623786292e-01 5.029966002609752573e-01
2.203949464900921695e-01 5.676667073326913115e-02
8.330160165614967083e-01 7.206529208330128000e-01
6.952116946982676016e-01 7.019763142059479710e-01
2.966669093168611271e-01 4.651682940835286106e-01
8.814752918167604312e-01 9.401213508110521921e-01
2.307309461601986245e-01 8.998466071711624936e-01
3.262520145965639440e-01 9.559037797242985190e-01
3.245076975823035781e-02 6.240371685459844553e-01
3.628863592966238283e-01 8.825714882270041528e-01
7.187201856299685332e-01 2.583436675111748237e-01
3.964487768886285624e-01 9.744379495670528746e-01
6.229206690624323750e-01 9.922311586090177826e-01
2.287401071088257520e-02 5.500068765599774867e-01
6.963331651826684121e-01 3.333118419620971773e-01
2.155476817377610377e-01 6.535073867814008564e-01
7.472443909963731867e-01 2.834629716166720548e-01
6.482046449437600666e-01 9.126220855880752270e-01
7.496469933160748722e-01 5.468322794207013393e-01
2.865183303072240117e-01 6.818822777225045373e-01
4.109825609275034042e-01 8.111348541123460099e-02
7.534779893859616662e-01 4.652985318894542477e-02
9.788172710988167768e-01 4.294110524707319687e-01
4.291344940516009787e-01 7.580103967877380722e-01
1.908183834449206362e-02 4.817793674524406544e-01
9.809181616555080474e-01 6.029550940172069273e-01
9.757560197278566383e-01 3.944094379964986352e-01
9.797860521267462985e-01 7.119902627115857197e-01
