1.007352796316303145e-01 7.968874077981790149e-01
4.513699725527120510e-02 4.126877244922476651e-01
6.259634687869375380e-02 3.671748914447969803e-01
1.133470517963017787e-01 3.100463817497233210e-01
3.288422193228273116e-01 1.006111709426208423e-01
3.623430354628378591e-01 8.348047119425305862e-02
6.187178965910098416e-01 4.614279090210160472e-02
7.704204853143978848e-01 2.710019221648607424e-02
9.027535998093847436e-01 2.853155096609250041e-02
9.441943065193767470e-01 1.130343964150616332e-01
9.492919176765001188e-01 1.587860790685082790e-01
9.548630027447287949e-01 2.502701192321120649e-01
9.174208007476128968e-01 5.808044338057675171e-01
8.735897179215691422e-01 6.562858641105684399e-01
7.471441436885180032e-01 8.222848987092112871e-01
6.495807669117884542e-01 8.688247143206060397e-01
3.694931833394285992e-01 9.728998077835138147e-01
2.229389551322759067e-01 9.633074319957039000e-01
1.868753715976673169e-01 9.553294796507859621e-01
1.445192571282188920e-01 9.305552801019877363e-01
