8.955760454570627083e-02 6.249991050172426510e-01
9.665469800242210141e-02 3.872526435407612766e-01
1.193402815833944919e-01 2.581697265733159385e-01
1.510435425760104922e-01 1.737762440656457352e-01
2.249448138769790662e-01 7.020192379926615267e-02
3.355981607468264682e-01 3.353998986478001765e-02
5.434054374579176949e-01 5.303830658660124708e-02
6.994869267819582292e-01 1.379993105327147473e-01
7.124250911638281281e-01 1.487390316750943908e-01
8.661958017059546711e-01 2.876666740256020871e-01
9.104423954542937292e-01 4.654830303528663116e-01
8.975006679029344792e-01 5.445512530012557306e-01
8.422695526548086287e-01 7.696446360098199158e-01
7.685737007404809251e-01 8.876709192431184725e-01
7.386441569602034685e-01 8.963341435263877388e-01
6.596013852419940759e-01 9.161462321636678618e-01
5.347422325299437951e-01 9.379988434655852636e-01
2.224011680948294600e-01 9.664600101352198713e-01
1.288221493320598210e-01 9.286825497918090866e-01
9.845176575000469388e-02 7.802484275564346428e-01
