6.284415320558789375e-01 8.422423191804795373e-02
8.185703302776620172e-01 7.962250460948475661e-01
7.120700127266890167e-01 1.383501186836092467e-01
6.336139330309094042e-01 3.793570183822693176e-01
1.264518537985328539e-01 2.128434388073811578e-01
7.679660893971529401e-02 7.965380147083866991e-01
3.893089727209860240e-01 2.942246053760014801e-01
7.889238351468426114e-01 3.132417695490789522e-01
7.851858246803360419e-01 2.706787513269502399e-01
1.340981813725850846e-01 1.760515061307174889e-01
3.849382293906462027e-01 5.208892715362352377e-02
4.674207064012630419e-01 4.694534635836001835e-01
2.867289721760490906e-02 5.742869427533696669e-01
4.910909294139655934e-01 4.420964606221423621e-01
4.274328573533893172e-01 7.122450369151731575e-01
7.303881292764105027e-01 9.690043570897495240e-01
3.069820437472957630e-01 7.978023035795427376e-01
6.005517163198595965e-01 7.120604797923169027e-02
1.139738198884348158e-01 4.329377711170803167e-01
2.490981946867276142e-01 8.284679340149707361e-02
1.423165980836202937e-01 4.345044839135725478e-02
8.033496754423341546e-01 6.995124659977376425e-01
9.208232929951100099e-01 5.725158142618520518e-01
6.302772854646035983e-01 1.743814218040480313e-01
4.525280417236381414e-01 2.793161641084296321e-02
6.074868235654735660e-01 5.005847485366344829e-01
4.919486996751732955e-01 8.772883114138927407e-01
6.182723715317020030e-01 2.747379972132264481e-01
5.843066009355206702e-01 8.597484191566561185e-01
2.728062602462142383e-01 1.227325311552876219e-01
8.765667840755433371e-01 2.643644185431686111e-01
7.885179178705037373e-02 8.008653191134101901e-01
2.260424800140004020e-02 4.758122084314226896e-01
2.615185448363152587e-01 3.647061795060032030e-01
6.627389971333950136e-01 6.760260705740396281e-01
5.254695146831714903e-01 6.428214247077844723e-01
9.054572760940164944e-01 2.705399677392007485e-01
8.089323915574206936e-01 2.044829727760174576e-01
6.619007428474261712e-01 9.720683835891570368e-01
5.618520720722887107e-01 3.374672536506932996e-01
4.950910207828843612e-01 5.040626644804178103e-01
1.693252512010344768e-01 5.933195822484592652e-01
6.543043272941896360e-01 2.622212558530254145e-01
9.773957519985999598e-01 3.276686709300876688e-01
8.023890576597865198e-01 6.345695302102734026e-01
5.039804596825320226e-01 4.571422811749330933e-02
5.890441551719993729e-02 2.577227920563285313e-01
6.083052113788365300e-01 7.743235220720833256e-01
4.335968624855304210e-01 4.401533971398334244e-01
9.511162252456772936e-02 1.065440056029878235e-01
9.639236554673115132e-01 4.160266467897468790e-01
1.132304693931341227e-01 5.605955079812439124e-01
6.457209233403875537e-01 9.516082351206742729e-01
5.670191930469683506e-01 9.443085316851634881e-01
7.687842699211738795e-02 5.598002242754820390e-01
2.401169850668337935e-01 2.262042363574768566e-01
2.381506249432113753e-01 2.992957602808900552e-01
6.773063147385369742e-01 7.155781979628542677e-01
3.837393196590187516e-01 7.366174160144685068e-01
1.513301450587371810e-01 7.704631943827296992e-01
