7.590534338238361656e-01 2.203340629502287540e-01
9.774910767011493196e-01 3.090186390870957034e-01
7.910628963106445255e-01 2.740956251600496496e-01
5.323122909037787398e-01 1.413342858901130705e-01
8.240382164083018823e-01 6.731796593153274166e-01
4.880868575000540943e-01 7.027195303442868024e-01
1.211202365915283186e-01 3.294653369082520267e-01
6.491800782807011228e-01 8.936939707416444723e-01
9.646316886327876983e-01 2.993702592300737653e-01
1.625851338520358513e-01 8.338492962072222570e-01
7.673709673760866767e-01 5.416251582687756638e-01
9.069550467825360229e-02 2.977645662075597555e-01
1.724298602398332270e-01 3.826949417843554802e-01
6.015876052333811730e-01 7.045852971621319183e-01
9.606261026198852360e-01 4.548930218470379483e-01
7.316901971169424979e-01 8.069368223754485037e-01
4.903218551080886778e-01 7.357936088756094062e-01
3.877440854890099597e-01 7.040761093636059842e-01
4.839863211437061552e-01 2.395931421074187773e-01
4.358454502874794384e-02 7.237449556945408924e-01
8.583653255499619217e-01 7.355506219979293103e-01
7.117560526735102755e-01 1.939276293431260456e-01
6.843010179998169074e-01 6.350522476876131472e-01
5.079649928851694973e-01 2.530994355371525839e-01
1.173176686462359258e-01 3.452263932229859278e-01
2.011577855552415528e-01 2.372609270261761827e-01
8.208901753770750931e-01 6.647905349624623206e-01
1.082114193286289883e-01 8.648832814675221359e-01
7.241792538555154035e-01 8.620731483508612403e-01
6.965125125486822943e-01 8.115131391185737009e-02
2.250892329885068044e-02 6.750988550926364518e-01
3.968489123799839313e-01 2.645553846259136588e-01
7.072708891503742823e-01 7.806138835177518498e-01
9.199061952872416015e-01 6.550380284663140928e-01
9.126051347143854242e-01 6.876463261235019608e-01
5.535832367987403302e-01 1.237542645570340882e-01
5.211838049113834970e-01 6.578486255153919160e-01
3.588164985527753092e-02 4.490378700974292370e-01
1.430323669595549574e-01 2.977361613823368836e-01
4.751263508565084503e-02 7.596882254306630555e-01
5.971936169708308428e-01 9.028343290881160055e-01
7.874378857845142354e-01 5.354244589346721650e-01
3.212579073528809559e-01 4.765293278992996928e-01
8.561200789365058794e-01 7.813251091393189629e-01
3.131687579851353265e-01 9.177823030177382213e-01
9.269617572131544359e-01 1.798045064651094815e-01
3.070267620359523608e-01 7.094565905818720486e-01
6.241227957830536299e-01 4.197459689495524060e-01
4.325846156117826302e-01 3.761679131971518708e-01
4.083788556841171369e-01 3.825906101632935985e-01
7.019612305219551374e-01 8.915498491563217387e-01
7.621206455687959958e-01 8.672230967252761991e-01
2.419095386487970512e-01 3.759851016971391680e-01
4.342064110345885547e-02 4.881407355277317395e-01
7.088985205235937004e-02 6.804045070539936901e-01
2.860974710842185686e-01 9.188486860881426299e-01
4.523538452603299564e-01 5.405983061784941368e-01
8.187263146525833868e-01 1.210608607908707501e-01
2.265697610027775921e-01 4.620129346712915641e-01
3.555692205745178414e-01 4.321022560932891166e-01
