5.164529764828120761e-01 3.938033537914147342e-01
5.830310768995425885e-01 1.311436785699697793e-01
7.004835963785327468e-01 5.207026740315940927e-01
8.241332696688097315e-01 8.868420182348136782e-01
4.716539083152995748e-01 1.151217595321005760e-01
5.975984350976195625e-01 8.563909136583385262e-01
7.776955759958097403e-01 6.980876958066221105e-01
3.867083837848763750e-01 1.436413169238054399e-01
8.569070435562633481e-01 4.204735739179701337e-01
1.651974837087792358e-01 8.133331810794388606e-01
1.677922153988393172e-01 5.120675246263477476e-01
8.737390627903274254e-01 5.512104344682404733e-01
4.901289398707078249e-01 3.851704454028898605e-01
6.022421304000782349e-01 2.339681283575942849e-01
1.263376184456655726e-01 6.001946953667216533e-01
3.750224251598763270e-01 1.050422642515486116e-01
3.683455588778761780e-01 7.734639541847790900e-01
7.350760327723961929e-01 2.555951278557415662e-01
7.724068927054801303e-01 8.407113684949071297e-01
2.468685557510226503e-01 5.543945483866775659e-01
5.794862282745043558e-01 4.775025204548212221e-01
7.154627304479727057e-01 7.957698626172561296e-01
7.793598159813545090e-01 4.215961281245318437e-01
7.425367528508111103e-01 6.611255122804728934e-01
6.324339314340907681e-01 6.018778742191157605e-01
2.455727909840098866e-01 6.917663214651121883e-01
8.123937596796606542e-01 3.526154571499633406e-01
6.082728222597040268e-01 3.967976585751441521e-01
8.155830531585889220e-02 4.410877145547729139e-01
1.863759092219580693e-01 1.804659316204497710e-01
5.020392281804159085e-01 7.301295404090211161e-01
3.281157330948600293e-01 1.114208616211715963e-01
8.959768312097291521e-01 7.624812994653842324e-01
1.797469854921693311e-01 3.918591264369509775e-01
3.705581047386946603e-02 7.763809006817997682e-01
5.051284345369305706e-02 6.493874753045258963e-01
4.577704353580648311e-01 4.824578225064988790e-01
6.256353132444184562e-01 4.834803615635930862e-01
3.065672451392886799e-01 6.465773230835649699e-01
1.566454796016583662e-01 2.156298241177539987e-01
3.691226564851342040e-01 2.385435327237557523e-01
5.849112907436084807e-01 4.814678761794325412e-01
7.317028284145439265e-01 3.774583439063565748e-01
8.651221755289574267e-01 5.042407604009536692e-01
8.258264792972835888e-01 5.248042692483072535e-01
4.954729902496698979e-01 8.949577357484513884e-01
6.836331083119808749e-01 8.934679032520113084e-01
8.243755357997781807e-01 4.367010932282670010e-01
1.476200974971919877e-01 6.813669136396803827e-01
4.783379952528342138e-01 3.179707884422394715e-01
1.390949097449521998e-01 2.688241904451411646e-01
1.330702582153146518e-01 2.813180790281964994e-01
1.529425553470109833e-01 8.048649059135968287e-01
4.119882037291440202e-01 3.299622538529802807e-01
8.938032077587294566e-01 4.937032615517744638e-01
9.629441895261305895e-01 6.351452448112357985e-01
7.364056682018570443e-01 4.132960356171302418e-01
2.780850506272511402e-01 8.143433939596238513e-01
3.722342307899885738e-01 2.726064825855731288e-01
8.778611559199139824e-01 7.528096668695748450e-01
