1.234333644648782369e-01 2.187728914846934769e-01
8.797090694493192586e-01 5.562823679971944379e-01
4.228799638616720369e-01 1.088649470663466401e-01
4.064118832617631405e-01 3.573329055468352777e-01
1.419793089883308324e-01 3.342656509421215727e-02
1.172672684604096904e-01 1.514012978037870549e-01
4.348931887576493183e-01 7.784003542886788196e-01
7.230614663174887990e-01 9.057124299692810299e-01
6.722943613489482662e-01 3.635621393790497979e-01
3.872156008716154396e-01 9.522719499396421483e-01
5.536099796921283289e-01 7.451108044061673930e-01
3.603267754178452464e-01 2.635375585786270403e-01
7.475227197894945830e-01 8.702272624616669283e-01
2.342146743959386823e-01 4.135104309431479885e-01
3.473660239834784891e-01 5.649990966030473682e-01
4.454904084668703246e-01 1.388994516567879367e-01
2.106712031083855519e-01 6.030276376138173910e-01
7.467088635944509889e-01 1.904275201593412792e-01
1.785318328976373548e-01 7.122445040036388952e-02
5.957236817765135806e-01 2.298565877104538080e-01
7.341400153134901574e-01 6.320462500042289822e-01
5.646239385887140694e-01 7.644151877734564060e-01
8.308822951678780377e-01 5.959744506139943443e-01
8.914641629602126915e-01 4.883746193569737937e-01
2.609730718868476518e-01 9.362107450230044980e-02
3.949877727720529363e-01 9.665734349057879538e-01
1.860187630684451698e-01 2.450408693442228114e-01
6.758244753455384668e-01 9.375588953386497781e-01
5.471361257252841392e-01 4.405030218861715197e-01
3.361756009122329747e-01 1.248416518771872374e-01
7.373431347213208475e-01 5.983962234270252534e-01
1.085358370397873640e-01 1.030773239487871029e-01
8.328971906608262366e-01 5.092668460941262021e-01
1.737343775310130067e-01 8.812361170932048182e-02
4.590394201484338521e-01 5.077602047439655486e-02
3.900065061278912282e-01 7.382429610657299801e-02
8.202535321040926863e-01 7.362366208820396718e-01
3.846270379602913514e-01 8.449552259216981387e-01
8.689213084829090494e-01 6.159405991279049974e-01
4.089118489450482286e-01 6.726387541706382311e-01
8.565116474982430450e-01 3.851938696531096440e-01
7.833239503985109931e-01 2.136571916586860187e-01
5.027957571916301660e-01 7.052844214579423454e-02
8.083948878774609437e-01 8.231645882212225152e-01
2.629863208149647025e-01 5.235176673033605788e-01
5.917827261311541243e-01 8.358120651290573688e-01
5.629296265497877316e-01 7.034092918292315089e-01
4.426416473816258135e-01 8.805571053383161040e-01
5.452066108225243068e-01 8.133519852393711336e-01
1.819956691176616570e-01 4.462925485931144021e-01
7.043666755910635846e-01 1.658482500018457761e-01
4.120143421907614401e-01 8.877052824477328352e-01
6.423630598419021176e-01 2.948152195753412919e-01
1.620141225145138031e-01 3.626504452417573798e-01
3.050239916639615467e-01 9.157001544115839220e-02
5.196022549733197993e-01 4.102803793393593468e-01
3.170826567669097762e-01 8.705973189860785055e-01
3.508064112924870748e-01 9.643167815407352461e-02
2.327032388294085208e-01 6.588869398074772565e-01
8.473216980891735695e-01 7.039081878405548665e-01
