1.001699939509537174e-02 5.547194841320685077e-01
6.093674059094666973e-03 4.777583831794478542e-01
6.149846132504022123e-03 4.572454781596938522e-01
8.193545954585768065e-03 4.295551676382525219e-01
2.244741966694996371e-02 3.823851776944624525e-01
3.597805378129004250e-02 3.397482373743184736e-01
5.981705993421315704e-02 2.948708451729438185e-01
9.389497700673365976e-02 2.449841254522127088e-01
1.002535205034693622e-01 2.359439241937515419e-01
1.213540672605717408e-01 2.136533970858526255e-01
1.667838271960307983e-01 1.692411427374019839e-01
1.722428737344001703e-01 1.650892592176743667e-01
2.362107305658863732e-01 1.273192698218774677e-01
2.455590741859345894e-01 1.220120965186219930e-01
2.523824808563763789e-01 1.182358899972849597e-01
2.798475505866548918e-01 1.033800870797287885e-01
3.118354795579513228e-01 8.853512245887318333e-02
3.724004011905225342e-01 6.594277357539091167e-02
4.205245788291205322e-01 5.160554965803565430e-02
5.227278243664374990e-01 2.200467740001732508e-02
5.411067431324575461e-01 1.785414811133334556e-02
5.457952296090354816e-01 1.709210609064515385e-02
5.852863391503564383e-01 1.262597259939224337e-02
6.446106549392559559e-01 6.261519605588850013e-03
6.958067139635165654e-01 9.559399690109104952e-03
7.365390862430676311e-01 1.746726607346704707e-02
7.829705468361347620e-01 2.815398892901610495e-02
7.994103857801151403e-01 3.379195309180371698e-02
8.185755104176012376e-01 4.109702634715961533e-02
8.436664309991945832e-01 5.599688809002034695e-02
8.548939161041991808e-01 6.382806553301256791e-02
8.682693124524606398e-01 7.651095957069820042e-02
8.869896722102728059e-01 9.859274110014448755e-02
9.194507992519068695e-01 1.412109133899102087e-01
9.250747921737260127e-01 1.498288184625045094e-01
9.499393507845816931e-01 1.964894105225941656e-01
9.614103264091017342e-01 2.193070050646440672e-01
9.673380529611347312e-01 2.337567957040700417e-01
9.858167808631549400e-01 2.955062131482633081e-01
9.888439454363244785e-01 3.086618316387677030e-01
9.911094117780286927e-01 3.195330378676957128e-01
9.939063259409053330e-01 3.871408568326737409e-01
9.901236199412458694e-01 4.367518847852590591e-01
9.848161699484965226e-01 4.685119162080085831e-01
9.778346873351955182e-01 5.083925315555828384e-01
9.703071417574234969e-01 5.404776440458614051e-01
9.653099163719045528e-01 5.557043563127873620e-01
9.614666025484974732e-01 5.647249285975193267e-01
9.505829027042159707e-01 5.896886597204196168e-01
9.276724899433873572e-01 6.345732236716811192e-01
9.137935797345858591e-01 6.605958499239179549e-01
8.944927885319993166e-01 6.966062046268559627e-01
8.891725515493282828e-01 7.046612122819072566e-01
8.710634491875068885e-01 7.312080076369336101e-01
8.612101080822868182e-01 7.447668690296187499e-01
8.364308947321871246e-01 7.734308449579875289e-01
8.083865910220892070e-01 8.019267653663096906e-01
7.916346843625822194e-01 8.179896186779890277e-01
7.848926544477868861e-01 8.241321794460584327e-01
7.723053662313856815e-01 8.355359627168540415e-01
7.583029502698109825e-01 8.473510667597622392e-01
7.146968828825789322e-01 8.838252026797841499e-01
7.140228148823600796e-01 8.843558208020997347e-01
7.105769691790924103e-01 8.869006133581887052e-01
6.929842909264209982e-01 8.992025656447125703e-01
6.889452632203584281e-01 9.019785001356137588e-01
6.523591542331808046e-01 9.256676571149664579e-01
6.491614527829344672e-01 9.275497705498493284e-01
6.228144877367439713e-01 9.392075156953040294e-01
6.074103633475786967e-01 9.457395589480026565e-01
5.830121114877707678e-01 9.556298043585741420e-01
5.711725598176823349e-01 9.604290424669493786e-01
5.432159601425011752e-01 9.715223472569460839e-01
5.186190257026259687e-01 9.811508329156303221e-01
5.117803123394429887e-01 9.822257946466530498e-01
4.994577327004838807e-01 9.841119475743460576e-01
4.899899834374785712e-01 9.854532477126263235e-01
4.381433459309945766e-01 9.898669708926238764e-01
3.924855609206246987e-01 9.937384803944111500e-01
3.806763870687366325e-01 9.934867826726320184e-01
3.756506511137971405e-01 9.924465454273487808e-01
3.560677373376416321e-01 9.881214078141469237e-01
3.375073783833789642e-01 9.830943599727879345e-01
3.311129994991242054e-01 9.812606262574550264e-01
2.967256201482223466e-01 9.685582512621835338e-01
2.855585867437406833e-01 9.629383910953320802e-01
2.538702399389296538e-01 9.449634934846266043e-01
2.355156835062028886e-01 9.336576240049891950e-01
1.853940249639111082e-01 9.011541808962170164e-01
1.555208629994720981e-01 8.767281700668669853e-01
1.474724524649234647e-01 8.686113276504833225e-01
1.221581393499375778e-01 8.411308026042616515e-01
9.513977615180868597e-02 8.049273547360358272e-01
7.404953698074201451e-02 7.718214477342758562e-01
6.668285963564812846e-02 7.595737189978895021e-01
4.916377809874861171e-02 7.289536158451925818e-01
4.142267910888353111e-02 7.103429586116890571e-01
3.087154276960224486e-02 6.830207571245239251e-01
3.000533021668794209e-02 6.806901850405628895e-01
1.800809841152195556e-02 6.061427080471292195e-01
