7.556025440823876949e-02 3.946918954115473666e-01
1.110856892502493087e-01 3.237508209596079434e-01
1.701947866444327717e-01 2.486371301072587414e-01
1.903383864719994101e-01 2.236741451493942101e-01
2.089011418042713286e-01 2.009754390788957013e-01
2.633336419240450699e-01 1.438626625662798864e-01
2.948380708618421053e-01 1.149449467420868842e-01
3.363888555136573810e-01 8.774210092221024215e-02
3.686812678865371007e-01 6.890840635024531036e-02
3.901737732784925639e-01 5.735749392959854642e-02
4.187570268318177025e-01 4.895244123449804530e-02
4.514512626992689404e-01 3.995959791075054390e-02
4.845776394099143847e-01 3.242358452550486714e-02
5.530596220245853623e-01 1.935248026922076203e-02
5.695735135000382643e-01 1.647690533447376815e-02
6.317866226635718840e-01 1.214633064660419759e-02
6.547392601240247245e-01 1.220766340953793883e-02
6.686701077611210131e-01 1.244325057024486814e-02
7.076033029735813162e-01 1.483925022618770573e-02
7.425461371137382915e-01 1.733267701892882151e-02
7.848175786314445235e-01 2.091564038233717504e-02
8.600819719858808776e-01 2.992628093201898931e-02
8.812743966074116919e-01 3.427284277549125235e-02
8.855629366575358263e-01 3.531657774724805687e-02
9.111660813899480349e-01 4.533872868081667562e-02
9.244340607899684814e-01 5.810713265563816066e-02
9.407182361873512866e-01 7.603397468470252107e-02
9.462643093705248587e-01 8.628009002916281478e-02
9.582982923865932534e-01 1.140262525098703073e-01
9.681638095056595006e-01 1.448640850371192279e-01
9.776635692885639051e-01 2.061630354641338370e-01
9.786926660232320163e-01 2.139996858964512416e-01
9.834206587613595341e-01 2.568896079456753911e-01
9.837913377998007691e-01 2.629028077757340487e-01
9.846920261373451888e-01 2.791424135231923565e-01
9.844843282998547718e-01 2.980135815191183868e-01
9.839901076782856526e-01 3.194090345574379652e-01
9.826697711479753794e-01 3.517423047198590114e-01
9.812049164926717193e-01 3.841787893518616714e-01
9.761237790354616584e-01 4.501104292046943511e-01
9.728629851195044198e-01 4.720541621445032421e-01
9.645046489363682252e-01 5.137941115323718666e-01
9.599189994742584053e-01 5.309006925286730016e-01
9.560343964304770514e-01 5.450474375507595726e-01
9.386277137229326328e-01 5.975287298393362478e-01
9.299944544244813649e-01 6.166859902244382630e-01
9.286750013468498821e-01 6.195633625399050715e-01
9.227913951533960324e-01 6.322840968724028343e-01
9.061249169322632691e-01 6.661430703285257104e-01
8.874397437823494661e-01 6.993199983530352659e-01
8.778026866723371846e-01 7.162816297616917405e-01
8.670378482271028364e-01 7.310200690850242600e-01
8.379260972411667341e-01 7.684507354331440165e-01
8.337859438071822948e-01 7.726410478758184430e-01
8.102548654315224752e-01 7.960990501463882651e-01
8.048983328375151070e-01 8.012997406352733165e-01
7.966777226592385297e-01 8.088726867969583401e-01
7.852764238466590774e-01 8.190872866427370003e-01
7.498857992750888046e-01 8.506658570352739757e-01
7.360939047842189886e-01 8.624009493785766978e-01
7.153959521189440229e-01 8.781101512487011762e-01
7.034823061259967147e-01 8.853013624595906794e-01
6.986849663343283057e-01 8.877068687079582299e-01
6.453929975709344902e-01 9.132532548790892601e-01
6.139125363208410846e-01 9.283085295221226163e-01
6.038827537386947109e-01 9.321706340122327683e-01
5.513348857795286051e-01 9.518857798279897198e-01
4.805899645139236620e-01 9.683548594606132820e-01
4.416188478783781290e-01 9.733329956888515655e-01
4.008121851739665509e-01 9.777626703565889255e-01
3.745612690331201478e-01 9.800180439585793879e-01
3.351403335596980781e-01 9.831851885140264757e-01
2.870816760303865900e-01 9.868642400597076314e-01
2.717020525654741947e-01 9.878536693533959134e-01
2.639152303029080882e-01 9.872655216136962952e-01
2.322034135684021283e-01 9.835690945710651167e-01
1.844605288139052890e-01 9.769626696262174725e-01
1.826845589632968281e-01 9.766934729445282404e-01
1.650880985330066553e-01 9.735784791295304386e-01
1.640784631084540868e-01 9.732339260697703276e-01
1.302940386483220081e-01 9.613044807350674681e-01
1.049908248031345970e-01 9.500625655153775995e-01
9.517966994525461910e-02 9.452233410142270031e-01
7.161308496207974272e-02 9.317223599161060799e-01
6.135720314096360095e-02 9.152094766845657592e-01
3.966932437516546006e-02 8.527589113659966857e-01
3.392277430116308334e-02 8.298600401926782277e-01
2.326797153543702645e-02 7.712048209417223799e-01
1.863177232604640299e-02 7.442808708789647731e-01
1.683553510369717454e-02 7.199751352298504603e-01
1.530797386265481119e-02 6.943488649176384753e-01
1.558996547239133168e-02 6.613030282865187681e-01
1.582129989904468292e-02 6.478038414893921848e-01
1.598213152154792649e-02 6.453680486193437149e-01
2.216047033366996821e-02 6.084540482650574456e-01
4.176393109413745197e-02 5.111466744438805110e-01
4.941637828119016529e-02 4.755305032115270114e-01
5.464530197070349704e-02 4.534505321737475336e-01
5.571368199011106359e-02 4.497899063047137158e-01
6.079434525154758795e-02 4.341852466367527308e-01
