3.783736036731798480e-01 9.784013658191211826e-01
3.136850619860955813e-01 9.613666986839910500e-01
2.614216223533931682e-01 9.411956482442551675e-01
2.548496827293325051e-01 9.385466261061913285e-01
2.343350673087970515e-01 9.278015388726841284e-01
2.219088556735208106e-01 9.201659737828472574e-01
2.192420785711397535e-01 9.182294220511949545e-01
1.983619246484737975e-01 9.015913371048909219e-01
1.896128849310450004e-01 8.945926787340082731e-01
1.807699548968527692e-01 8.861611450355508790e-01
1.569242323127147953e-01 8.618181726924503128e-01
1.224033981922498793e-01 8.199533238081349040e-01
1.095525821287306467e-01 8.027247652855887816e-01
9.579735642754927394e-02 7.815449135047084495e-01
6.976626629581428318e-02 7.222444258847116050e-01
5.820357702475376094e-02 6.884367174030100456e-01
5.684890843142875738e-02 6.841518990819713819e-01
4.782839812514827482e-02 6.550156199933889756e-01
3.108012978220098255e-02 5.852297214025963257e-01
2.712787187263832056e-02 5.667453245384862504e-01
1.217055674932687737e-02 4.885594850237778841e-01
6.014230554592159272e-03 4.488171065452566388e-01
1.287301906397586571e-03 3.995623149622307135e-01
1.806692020963729384e-03 3.847111371294243964e-01
5.740507734310118515e-03 3.525162982986187465e-01
2.010693100941418621e-02 2.978240091273918200e-01
3.576148434028814105e-02 2.490696251482429346e-01
5.831129828336256704e-02 1.961524684188094003e-01
6.876527739371640635e-02 1.726099974169272855e-01
8.224389325924352789e-02 1.523518002975977614e-01
9.251624092185528614e-02 1.404349469146630724e-01
1.090684259652237031e-01 1.235999344183025261e-01
1.311914143481250905e-01 1.027672076444846594e-01
1.516203014331675147e-01 8.924247761392001266e-02
1.555333646994692121e-01 8.741851916291587532e-02
2.072381118268136202e-01 6.505384958457594013e-02
2.309961767145781719e-01 5.490165173104111229e-02
2.695452168534012705e-01 4.046546343000734236e-02
2.716981845044942334e-01 3.971690080795298172e-02
3.290382063722916417e-01 2.103558104193181677e-02
3.373256605838292899e-01 1.838661309372380259e-02
3.722615375121883785e-01 1.179675904582000445e-02
3.811715467211821418e-01 1.029383619992330079e-02
4.057757598476674499e-01 8.457307351570575449e-03
4.721601991605892668e-01 6.891170483999675689e-03
4.889401325657624087e-01 6.901481284554256135e-03
5.084091327350565015e-01 7.450346045812294982e-03
6.266361562054945100e-01 1.861997845526242035e-02
6.425150249172479899e-01 2.105800293228043962e-02
6.802776891545704308e-01 3.167309393850081811e-02
7.406675117374048600e-01 4.925099799974708148e-02
7.594598268524687112e-01 5.507532219576394272e-02
8.003048880922433161e-01 7.163788592188913285e-02
8.420116507969727104e-01 9.464533509071482165e-02
8.544757174821755452e-01 1.024147064684258757e-01
8.797061988755671136e-01 1.311613100868687098e-01
9.239109022166637208e-01 1.893605914021677661e-01
9.334431643997794792e-01 2.028362370986496188e-01
9.537209643431713291e-01 2.324002695454459033e-01
9.592133769207069616e-01 2.415425112360675142e-01
9.687903726919261382e-01 2.625692602816053212e-01
9.799684364147223103e-01 2.970442454272086419e-01
9.804302695525209943e-01 2.995369729717827223e-01
9.906882551165283601e-01 3.680391016468407273e-01
9.936546035320854564e-01 4.046081388245257315e-01
9.957198681614004565e-01 4.718363632800539609e-01
9.970778963243571713e-01 5.264819652410129835e-01
9.982406546251699764e-01 5.845877153734201359e-01
9.987126980936024134e-01 6.348211592438997020e-01
9.983966898503825460e-01 6.608232508385650794e-01
9.983195371244173444e-01 6.662824484791436408e-01
9.981684148539979873e-01 6.703839056414141462e-01
9.930645961603676852e-01 6.838296592533873453e-01
9.766733516881359600e-01 7.241076725944084469e-01
9.739806574210719825e-01 7.300864073395270104e-01
9.569498855698423956e-01 7.646939680298057151e-01
9.528860574765485314e-01 7.723731760614462871e-01
9.502969987325357026e-01 7.761522972713467139e-01
9.083266677015777724e-01 8.366980095159938235e-01
8.882262791787860490e-01 8.546188378832292321e-01
8.597231029277730974e-01 8.794727356466759405e-01
8.295566887343058804e-01 9.052930474870808375e-01
8.111104442774162981e-01 9.190418420410443323e-01
7.811975656599421391e-01 9.379699279887029340e-01
7.731672679192909126e-01 9.425939491951518256e-01
7.595619175933923106e-01 9.487038513330627865e-01
7.400757604102691234e-01 9.558153184335386188e-01
7.197537239484257388e-01 9.624804363008304664e-01
7.163994264232821374e-01 9.634404138341077228e-01
6.812872716784663663e-01 9.710967018874006040e-01
6.761375817618470174e-01 9.720653813164200630e-01
6.282905790400216128e-01 9.786187469335847489e-01
5.960884489544714393e-01 9.829204832544399251e-01
5.329305765605553136e-01 9.908287084029780978e-01
5.151921952953542050e-01 9.923823105148333878e-01
5.061666746100088599e-01 9.931088295160002133e-01
4.721438541971935132e-01 9.926388757087363235e-01
4.575096949506717303e-01 9.917962419928703088e-01
4.309596814642787654e-01 9.876577636709014119e-01
3.925182784865762775e-01 9.814426830670652802e-01
