1.793660915953121382e-02 2.573954636688867703e-01
2.509497804581206637e-02 2.153573755306666948e-01
3.975835160947527314e-02 1.651930506858093617e-01
5.276211253339846419e-02 1.523588030703563190e-01
6.726391010194698872e-02 1.390208477632062234e-01
8.388043499155872773e-02 1.278308700716161983e-01
1.379372550034104750e-01 9.861605274054074943e-02
1.502417397358738471e-01 9.252651847455761747e-02
1.761553995756597324e-01 8.151349395201457071e-02
2.011435787108306616e-01 7.125950240976930417e-02
2.205966615743951698e-01 6.366371064160891713e-02
2.898856135521648003e-01 4.237158636596860539e-02
3.351834682336246596e-01 3.124442185386389070e-02
3.428113202325633324e-01 2.952094795403692462e-02
3.757388617383740081e-01 2.405457313060643809e-02
4.108563964717134587e-01 2.001218145716465724e-02
4.172553823711964149e-01 1.927716487548336577e-02
4.416937845915278604e-01 1.664390592201414609e-02
4.577911617674905731e-01 1.523990255131590921e-02
4.721934771303551992e-01 1.469801438869944299e-02
5.720070725791620569e-01 1.286870631452197156e-02
6.187651643747809072e-01 1.977249413421133806e-02
6.287693216133709573e-01 2.164258387444073506e-02
6.970937411868572964e-01 4.508834511896553376e-02
7.224927123431222897e-01 5.604427659842226017e-02
7.287571860151612624e-01 5.882044912570516537e-02
7.921374017350309993e-01 9.080739891008926534e-02
8.319264465343296777e-01 1.116055459556677398e-01
8.732895935954357869e-01 1.519090299216089290e-01
8.796330041132074395e-01 1.582301261387102365e-01
8.949591181797895700e-01 1.752201498012511127e-01
9.013814670472136692e-01 1.823622236726397672e-01
9.253858201611836476e-01 2.097089003840046928e-01
9.394336726128401649e-01 2.264920833371830700e-01
9.490832669629586382e-01 2.416760236101952453e-01
9.598278303537979284e-01 2.816563657217002747e-01
9.654789583648002438e-01 3.050298310124025525e-01
9.718583848920474555e-01 3.323272317377524709e-01
9.779434666012901678e-01 3.663046019988261959e-01
9.816826684589671226e-01 3.994177735771212712e-01
9.823074680940580006e-01 4.053052043388282177e-01
9.883236292254402588e-01 4.731880996789489258e-01
9.861369153978977176e-01 5.558070692419814218e-01
9.858037440899555248e-01 5.654560029939206256e-01
9.842494277281232939e-01 5.892550581069850857e-01
9.826374871814165246e-01 6.060970210047513795e-01
9.799506113618278169e-01 6.335251839340495517e-01
9.788906965410231198e-01 6.405829659180778402e-01
9.698236133955654426e-01 6.945299936901406790e-01
9.528599872355493217e-01 7.809845672857917975e-01
9.497769366998840557e-01 7.946009396298499006e-01
9.443593378639796310e-01 8.057042509826443100e-01
9.418400378785015681e-01 8.092765158100064804e-01
9.338036724500109464e-01 8.202253891236890304e-01
8.755305421831969248e-01 8.931760072029093500e-01
8.738552662400630444e-01 8.951975692695610665e-01
8.630908580883310810e-01 9.075667847177680825e-01
8.580729147635680620e-01 9.126661686387497197e-01
8.414005430101433314e-01 9.293226095144219157e-01
8.303179967166417486e-01 9.399139047192486274e-01
8.031334227014153004e-01 9.632272369007727209e-01
7.775656948797970980e-01 9.705123271539587426e-01
7.629778468604407893e-01 9.744386469941977991e-01
7.290146431169566288e-01 9.792022757194963622e-01
6.749254829293854785e-01 9.852859739903707670e-01
6.572668267633747785e-01 9.871312936854781395e-01
6.365994929460681018e-01 9.868569742015914636e-01
5.970033291638923156e-01 9.854677462828808077e-01
5.266030699505983570e-01 9.821408038072245716e-01
4.737306849924846075e-01 9.785368186933345314e-01
4.490967676516042228e-01 9.767914011396975349e-01
4.159744954220532254e-01 9.742796131517522662e-01
3.424258279428339380e-01 9.492305815265330571e-01
3.348551701606840014e-01 9.466476509688243057e-01
3.037923389415241315e-01 9.354217500568734467e-01
2.413347980760210953e-01 9.117640502279403814e-01
2.268373281047304513e-01 9.048680496700143294e-01
1.948304466384174205e-01 8.875318357323096485e-01
1.872668869609855902e-01 8.828028484489317540e-01
1.685851895518262200e-01 8.693367291214445514e-01
1.566545655760059885e-01 8.593326444652948926e-01
1.535785668975910845e-01 8.566844387616446843e-01
1.131031044168905320e-01 8.169583625770414637e-01
1.073262458289140353e-01 8.106605648282146914e-01
7.268136197551411382e-02 7.724969013887230673e-01
5.329752100631512945e-02 7.383429905481959654e-01
4.338367324266245717e-02 7.196704223026902936e-01
3.856363230933934627e-02 7.087779897388630790e-01
3.609313555693483000e-02 7.030757640306005696e-01
2.695424126829792932e-02 6.748419451833468363e-01
2.498679454235241959e-02 6.679288780139372994e-01
1.615760633578844363e-02 6.129528376400994460e-01
1.425661367421149350e-02 5.898920861252463510e-01
1.386629410128858986e-02 5.843098276271132541e-01
1.210495033840963686e-02 5.255454132051674554e-01
1.167637077455963013e-02 4.565886339262608118e-01
1.210223794633302763e-02 4.310243303035721230e-01
1.337237161596405155e-02 3.839811652059653690e-01
1.644982567714059485e-02 2.951316917395709893e-01
1.762405190033267122e-02 2.636668695417134778e-01
