5.036827075320937652e-03 3.870968343589578087e-01
7.663420043139579363e-03 3.150089268198060788e-01
1.437688008341875268e-02 2.493603397112759135e-01
1.784404708144582408e-02 2.195093335513680355e-01
2.430981615111271754e-02 1.740430998169034682e-01
4.165628821648281743e-02 1.470080934318555022e-01
4.935253314683785142e-02 1.378938373030615949e-01
8.295322950815264829e-02 1.095058323479373152e-01
1.214226975103100958e-01 7.826208746087981449e-02
1.330652141991350845e-01 7.054449056536427065e-02
1.516915185553923129e-01 6.198027691699570241e-02
1.641596063755945689e-01 5.684106588511506075e-02
1.924408315469242625e-01 4.659011511845356779e-02
2.174722331393552643e-01 3.854087963842556253e-02
2.509848847916801295e-01 3.091029839279413327e-02
3.092838800288727485e-01 1.819857512188471915e-02
3.737460986406491159e-01 1.149436886817312153e-02
4.477557404323987411e-01 6.696433272064483688e-03
4.611917601159039037e-01 5.976642874219284529e-03
5.384363951675936732e-01 8.722576503512713408e-03
5.530999441380417547e-01 9.837740414587181625e-03
5.618130557926781510e-01 1.060166834988274243e-02
5.788147609607396937e-01 1.470356819340634669e-02
5.928912928375891234e-01 1.812944478722999797e-02
6.490173603504613142e-01 3.393913217897270851e-02
6.715988420745430121e-01 4.149270322353593166e-02
7.131112736953055808e-01 5.622476048144142702e-02
7.248449255772067001e-01 6.119277693450064781e-02
7.329526574997995425e-01 6.471103278082535049e-02
7.866301129118002944e-01 9.054329999462173983e-02
8.323930450549268389e-01 1.134167763537783369e-01
8.636514744745928951e-01 1.301123838008295674e-01
8.907253315508142366e-01 1.545307186538389388e-01
9.094189291378844686e-01 1.722781099369952162e-01
9.242462042017235424e-01 1.881387018182083537e-01
9.281476144158588015e-01 1.934688311667897009e-01
9.471264071954147434e-01 2.221081377483674624e-01
9.575356351610960770e-01 2.459388937032207512e-01
9.656850281525363178e-01 2.646028413770054044e-01
9.895541218422483354e-01 3.458253156949863127e-01
9.931872176510824213e-01 3.768797741465755857e-01
9.946565961031014202e-01 3.956168236220712897e-01
9.949631729246789513e-01 4.135415953711162329e-01
9.929381823569231047e-01 4.588863825155464760e-01
9.916599703750538231e-01 4.792987425444020788e-01
9.882407827007615442e-01 5.325471259441126870e-01
9.860199160348963598e-01 5.481284099105138141e-01
9.821403957132527340e-01 5.738703589199245503e-01
9.794301796716320396e-01 5.826825037523903905e-01
9.774163051488307108e-01 5.880133723700469162e-01
9.437062284674014867e-01 6.581959565631366749e-01
9.267582126593132408e-01 6.921420401149281920e-01
9.141617797148334779e-01 7.169530226194211764e-01
8.921633093486700528e-01 7.558149918920187282e-01
8.785975221342647856e-01 7.769749934389947876e-01
8.562037858407026691e-01 8.046850650028289920e-01
8.349653143529321975e-01 8.273214925403364894e-01
7.831713314604163978e-01 8.811787457228693610e-01
7.700055957081275437e-01 8.941604484638354666e-01
7.530049663972588903e-01 9.094326851806715517e-01
7.480320796584872811e-01 9.133746304157447371e-01
7.293227245980852258e-01 9.262940460254394104e-01
6.833321499040394542e-01 9.509182384970832347e-01
6.533835883248154675e-01 9.615018778032602409e-01
6.139594689173163422e-01 9.740546726855100479e-01
5.911249097501428684e-01 9.810326797305159996e-01
5.826794820627566596e-01 9.831672547277618968e-01
5.543376560948143350e-01 9.901500461114177698e-01
5.290917643720796093e-01 9.930927072559802005e-01
5.096399743693449391e-01 9.940233571257808265e-01
4.913166705916781618e-01 9.930450273352824375e-01
4.617885563624681833e-01 9.908302729068009240e-01
4.511697118403369400e-01 9.890522148460112462e-01
4.426874348035757523e-01 9.876275806446308536e-01
4.034313029320354405e-01 9.775011827075251736e-01
3.911406507600079241e-01 9.734218011024096118e-01
3.708575164905374422e-01 9.662271609342317769e-01
3.317205085071351922e-01 9.486881371706868959e-01
3.249931322324213223e-01 9.455854106792583869e-01
3.095935895673639360e-01 9.372171208585826641e-01
2.633000041977563432e-01 9.098689074643693253e-01
2.582417576785712710e-01 9.057083265404836103e-01
2.435896115999961475e-01 8.932336696418178290e-01
2.019229582966032277e-01 8.508194692034529716e-01
1.775378210471216800e-01 8.248077623014373749e-01
1.629925009943639092e-01 8.092365402490599990e-01
1.378255626430444636e-01 7.728965079360849977e-01
1.031023660275026677e-01 7.218048793940777808e-01
9.998170475706946725e-02 7.171692675288053875e-01
9.444931662947642081e-02 7.087198695262584280e-01
7.078592480363377071e-02 6.674364766384035530e-01
4.206259334664219640e-02 6.139139125570514111e-01
3.697554724350582411e-02 5.993826302711700027e-01
2.208639952303159681e-02 5.434699222359793414e-01
1.864521413918784898e-02 5.289912178862736791e-01
1.684481792706082892e-02 5.167352722101907769e-01
1.629298306499604720e-02 5.129286428508755824e-01
1.071387055803973976e-02 4.651025253933449566e-01
7.224158639074329535e-03 4.241854123281977307e-01
5.195665467837007334e-03 3.950895608500075706e-01
