4.012306488819937789e-01 6.510208356014568487e-03
5.086862831692534614e-01 8.532172168038698601e-04
5.766709966903238449e-01 2.346571872587355223e-03
6.549978963265089549e-01 1.120727904644613915e-02
6.856715125968165792e-01 1.972484015157438542e-02
7.256222095956252893e-01 3.554025767676471936e-02
7.526394582059200422e-01 4.647041549801167459e-02
7.790724107217283922e-01 6.246739776077592232e-02
7.925183740128310950e-01 7.079555809169257863e-02
8.191402135141974128e-01 8.950075447428507136e-02
8.246483344138924032e-01 9.357752726525947473e-02
9.241775655092979713e-01 2.111187795701553460e-01
9.400559650941900935e-01 2.348085004360452865e-01
9.468434380935365491e-01 2.486955733881479613e-01
9.504564310619703082e-01 2.565323520520779166e-01
9.560245097670394543e-01 2.712101360826145724e-01
9.646863970817204370e-01 3.006841581856835033e-01
9.655820091059917898e-01 3.038647187192630161e-01
9.714429401907141992e-01 3.263232983739797755e-01
9.766524013409884075e-01 3.514224399642527086e-01
9.874170004781056553e-01 4.191414788729243002e-01
9.896620707915200210e-01 4.426805280846189961e-01
9.896473132787744209e-01 4.545661817775152880e-01
9.879953800457695889e-01 5.231920732645541916e-01
9.855500793077757171e-01 5.573966247355393033e-01
9.772423180540764642e-01 6.220474422761064215e-01
9.643531057564896924e-01 6.562587513910740356e-01
9.553706915975489489e-01 6.793171714582678655e-01
9.537058413431769299e-01 6.827501635941319869e-01
9.388929192379841249e-01 7.123980227840376322e-01
9.199988713763556092e-01 7.410317449785308597e-01
9.058231695021982111e-01 7.617399888860791890e-01
8.989492281155740949e-01 7.717151290043207101e-01
8.971170154063000668e-01 7.743509239634348562e-01
8.811183499531323182e-01 7.960919374917395652e-01
8.649092915166531892e-01 8.179173292840309362e-01
8.564896132678608831e-01 8.290983387311456898e-01
8.399750001350095863e-01 8.506645784417629086e-01
8.090405473140027670e-01 8.905901483693676735e-01
7.868742710248227690e-01 9.093928569380727023e-01
7.478677845965218118e-01 9.390006412468266950e-01
7.303927454073189107e-01 9.504073994477466591e-01
7.122629564610313269e-01 9.599470179416034199e-01
6.821346074313041630e-01 9.732058019594891363e-01
6.479015474331242253e-01 9.845200220483865117e-01
6.204749494932066955e-01 9.923011763144492514e-01
6.095044155887314741e-01 9.944001534301634138e-01
5.895468397357427337e-01 9.980590463693901349e-01
5.827515865516874616e-01 9.991467827831961301e-01
5.038120521424358511e-01 9.976408718266055464e-01
4.897104384396064880e-01 9.966584571150586269e-01
4.374628404861593545e-01 9.869549280082401399e-01
4.116461270953103435e-01 9.813580494854708958e-01
3.878624870907392275e-01 9.759706995228653037e-01
3.610293630082369587e-01 9.695354201998079846e-01
3.302483217031807472e-01 9.594480330124212086e-01
3.148815326498283218e-01 9.539155346576110306e-01
2.825750612352596614e-01 9.421735428891714337e-01
2.742484390129229510e-01 9.380027180111687457e-01
2.406325331980238014e-01 9.208757690314139932e-01
2.286054680810700734e-01 9.123509750575700128e-01
2.103696937115880905e-01 8.980307669040479279e-01
2.000099574936504698e-01 8.894823794063827505e-01
1.708910904969573874e-01 8.649099503692238011e-01
1.650006062482860525e-01 8.598877985107554744e-01
1.443212424712083664e-01 8.418611656508122598e-01
1.230033396932218581e-01 8.189857990425259970e-01
1.074561182896294209e-01 7.954327639730434107e-01
1.009429678959326004e-01 7.823993734960535962e-01
8.002599801088772224e-02 7.394730255036774391e-01
5.674442116956868176e-02 6.869374251439248624e-01
5.307800398884388038e-02 6.782675839274494578e-01
3.533667459588385462e-02 6.275753734823968921e-01
2.869406772248994653e-02 5.964767302559390583e-01
1.933905922896972385e-02 5.415795129241901540e-01
1.464934388242367103e-02 5.099521836775444683e-01
1.194875836022513127e-02 4.713227753632227568e-01
1.033792920847986796e-02 4.306463292372373353e-01
1.189456868060512207e-02 3.972049149283370939e-01
1.344762659096021551e-02 3.789812640463930959e-01
1.529685020391202688e-02 3.607309415351307447e-01
1.787947181547455688e-02 3.464633270986525737e-01
2.999649411943006161e-02 3.083250637978143249e-01
3.039621140788784093e-02 3.073518263014437535e-01
5.687382607867230710e-02 2.689905445292160024e-01
6.353932051686550508e-02 2.593919301543766709e-01
1.041616709811681307e-01 2.089868076274153941e-01
1.534213519999279018e-01 1.509054478467558580e-01
1.577276569705127196e-01 1.463480464274933279e-01
1.927156838730316180e-01 1.111643685275603977e-01
2.095957606185607780e-01 9.625727865529165594e-02
2.302107139924234325e-01 7.983616556000106002e-02
2.377157254618627036e-01 7.450264662279948435e-02
2.500038092045892002e-01 6.643814869570408010e-02
2.620163891291803493e-01 5.891229472821013502e-02
2.764066591145254437e-01 4.996979643917154323e-02
3.220827305991917910e-01 2.788321322673470437e-02
3.369405697154048696e-01 2.205546773688116247e-02
3.695682318477183648e-01 1.153591132418008147e-02
3.721035837315794792e-01 1.094695901305309249e-02
