9.518585088133781902e-01 3.277029275124692109e-01
9.775860216697894733e-01 4.275817745245947821e-01
9.807091184594752820e-01 4.439347921259526597e-01
9.831249006450526462e-01 4.595499814119561321e-01
9.840800718848617956e-01 4.660447455870245781e-01
9.857443067039959317e-01 4.797061248928433663e-01
9.858793446237937852e-01 4.826762451300340429e-01
9.790198533471917708e-01 5.442609809835783352e-01
9.623782442667110359e-01 6.413474457909077442e-01
9.515060783199020822e-01 7.039370529352070305e-01
9.492530671448231594e-01 7.161259773204717849e-01
9.404775574251621473e-01 7.546900798109342778e-01
9.274035773924484971e-01 7.920680875774186447e-01
9.219731952916696560e-01 8.049072680040432193e-01
9.019512174635533341e-01 8.397978518160984507e-01
8.714069465561903316e-01 8.879153028331312481e-01
8.523667788347354390e-01 9.164103560541876359e-01
8.249708313813709504e-01 9.387464811823778010e-01
8.175919070903344688e-01 9.444311493086866571e-01
7.874668092752050708e-01 9.655697265946555641e-01
7.747304364866165471e-01 9.706816262903926740e-01
7.622306803097311789e-01 9.745774062994554399e-01
6.913443538621651951e-01 9.857204821822351803e-01
6.886134610284291302e-01 9.860565039566611123e-01
6.385645742993492080e-01 9.904498214193467875e-01
6.123498671525593462e-01 9.919159972731101949e-01
6.069623227841407509e-01 9.916591993781579406e-01
5.728294541434664211e-01 9.880903712687006957e-01
5.225447507698721683e-01 9.810730181870537248e-01
4.984233364514625286e-01 9.774077541713050987e-01
4.727632549124468619e-01 9.727565360323974231e-01
4.001805033263141631e-01 9.547033813548250203e-01
3.665393468788169518e-01 9.435329189284279439e-01
3.323439975979305405e-01 9.309632995454554250e-01
2.767064332637436674e-01 9.105036485345879838e-01
2.357112924535064158e-01 8.890373432626427208e-01
2.345621766075303150e-01 8.883986349477173139e-01
2.100862392493454411e-01 8.747603214869913435e-01
1.957657458421662167e-01 8.651109954341666963e-01
1.790090272246450676e-01 8.525528109971935997e-01
1.686608104200401081e-01 8.434270672604110564e-01
1.363219616269787382e-01 8.143203633484419335e-01
1.273205602311262563e-01 8.057243706303394148e-01
1.168731214090167336e-01 7.938443608592564704e-01
9.228737327282632297e-02 7.633368921803784790e-01
7.726460392184031356e-02 7.427871034510995507e-01
7.060078137201297732e-02 7.335444853637633766e-01
6.811253432276731523e-02 7.298110422727395186e-01
4.664013484056162007e-02 6.873079895320732824e-01
3.903768952300534778e-02 6.703503750448825960e-01
3.553904514740124920e-02 6.618643233570237205e-01
3.197703957872022329e-02 6.528731177224068594e-01
2.273201766896959519e-02 6.155773810295273041e-01
2.198454925832504792e-02 6.120408932393565093e-01
1.688642414065166797e-02 5.870266925899719768e-01
1.549580611520784412e-02 5.791436957944841035e-01
1.412065537620621480e-02 5.680568254949700524e-01
1.713177366411477998e-02 4.989718723348238738e-01
1.835021298005901080e-02 4.741723170095042406e-01
1.955996550716554427e-02 4.576868894373649077e-01
2.246969419964095493e-02 4.211574466488969826e-01
2.707707165111128411e-02 3.699350747051964872e-01
3.767014717911854049e-02 3.110104784928809929e-01
4.399785254046983951e-02 2.879069311371181827e-01
5.615239819208861505e-02 2.598300286638830503e-01
5.621868248466743712e-02 2.596812022226897554e-01
6.875859127783068292e-02 2.333460378896250464e-01
9.163838399617640906e-02 1.917623220481131652e-01
1.070606412942939345e-01 1.699299700144240033e-01
1.230677380882777561e-01 1.475233896609783324e-01
1.430845970437781833e-01 1.210509415068355965e-01
1.574344922044027539e-01 1.039262982467811236e-01
1.766888515857406583e-01 8.200358914720562442e-02
1.824477063668816790e-01 7.617085213730523385e-02
1.919557171699270981e-01 6.838734997020223805e-02
2.230819682799328740e-01 5.265341674652157522e-02
2.315266374234560276e-01 4.904766887357425720e-02
2.515384658801319562e-01 4.087045729846516817e-02
3.034249501692584117e-01 2.342818542487468125e-02
3.090920954153759670e-01 2.198257348531407196e-02
3.299769095627863580e-01 1.671649736188796087e-02
3.667529534341515962e-01 1.073714491102562008e-02
4.220499319973674002e-01 8.232440848173094849e-03
4.414305881861403380e-01 8.084002726889916168e-03
4.713219760464911756e-01 8.807727459852254803e-03
5.230543471878491557e-01 1.195864393802126280e-02
5.534623310404557239e-01 1.720103707897913115e-02
5.808417861267224369e-01 2.399378432185506060e-02
6.616842605946298139e-01 5.148202301658078017e-02
6.819509780757738726e-01 6.053396025690116478e-02
6.980163449042373625e-01 6.801924156036309732e-02
7.103075399076140828e-01 7.477803308311437025e-02
7.511414401854864531e-01 9.832409251204754508e-02
8.187363983172855075e-01 1.423891292437522438e-01
8.372593834785038158e-01 1.577690923165191439e-01
8.701840150306779931e-01 1.912455543466271557e-01
8.903917286830297373e-01 2.131816814823493944e-01
8.946636897329517391e-01 2.200166792422871831e-01
8.979271540190156831e-01 2.254529149265611654e-01
9.247005320418955066e-01 2.749084816024928157e-01
