1.110472001815032694e-02 5.219552670620938306e-01
1.298094108228520227e-02 4.752894565508435365e-01
2.654228969128136217e-02 3.966139505702878099e-01
2.947499412501330962e-02 3.806046361347502627e-01
3.945423735257469477e-02 3.513018207888854993e-01
6.939229030473181847e-02 2.730764619069211419e-01
7.600158783788035777e-02 2.587005641804616118e-01
8.428831440493855798e-02 2.424408949564514915e-01
9.130497381390656475e-02 2.319864233672672693e-01
9.691676764171741620e-02 2.244954906471082756e-01
1.298163682996328339e-01 1.812742287915589667e-01
1.435341842966724180e-01 1.633583141812620099e-01
1.602495716367700052e-01 1.451148651951060797e-01
1.782118473827061234e-01 1.259368801561597806e-01
1.975935205080084911e-01 1.083561763982023862e-01
2.355767903860661594e-01 7.859489276953646186e-02
2.677256046298818193e-01 6.139212901183754845e-02
3.035505520085810538e-01 5.113000993954186502e-02
3.056860226019454396e-01 5.053714580376156285e-02
3.201416550389313276e-01 4.670017004057835930e-02
3.404460834266056501e-01 4.131306164008818893e-02
4.122816031215341681e-01 2.465446824270711712e-02
4.443460569564408047e-01 1.785900020738262484e-02
4.936739485362509061e-01 1.718112292116324991e-02
5.098749342811806917e-01 1.726405995601776322e-02
6.223346713070098124e-01 1.827509083018052927e-02
6.432706283435418726e-01 1.918423435591909421e-02
6.497439051822075928e-01 1.958115365121759766e-02
7.027127040467259222e-01 2.649105876678126137e-02
7.668638681324968509e-01 3.494682479587352120e-02
7.780823220645168847e-01 3.658138746355099613e-02
8.303621612952789555e-01 6.424288381401110914e-02
8.527696434254550262e-01 7.862474449562495415e-02
8.561841807171280960e-01 8.121796530246117030e-02
8.695397113252868460e-01 9.157035750772724025e-02
9.151668395134959777e-01 1.284113499390548974e-01
9.540155377717396412e-01 1.686209279157394603e-01
9.680222437890273479e-01 1.953405108019928837e-01
9.717941146202895286e-01 2.030420442576530426e-01
9.797167808782437648e-01 2.292260409575579416e-01
9.856752279558644858e-01 2.625652218141661942e-01
9.870423676874158225e-01 2.746047529704125356e-01
9.881252361452935729e-01 2.873687343894371082e-01
9.888952799818496731e-01 3.013665958984755866e-01
9.888225943322703770e-01 3.227540756290599999e-01
9.884478484408656396e-01 3.465627847325271071e-01
9.879621841686540007e-01 3.678461465136387831e-01
9.778665020618401149e-01 4.969763755356914059e-01
9.754772237566475823e-01 5.148695536163532260e-01
9.745907849902816222e-01 5.208493217261531694e-01
9.710229561009644517e-01 5.396349038709716828e-01
9.678771136849301238e-01 5.533832103747007292e-01
9.560167063406850296e-01 6.021630505951873769e-01
9.531709244665549363e-01 6.133117063109598810e-01
9.480875293586339403e-01 6.297110900201428052e-01
9.309846956893073067e-01 6.687806666726746618e-01
9.035193584061214089e-01 7.277049232584164029e-01
8.529393687275405034e-01 8.321754727280192832e-01
8.439876209468167856e-01 8.431827170582177899e-01
8.222879785205993164e-01 8.689335367466843874e-01
8.041401024388789009e-01 8.894052508418113234e-01
7.983401749134509950e-01 8.954277209070106158e-01
7.920879152099173925e-01 9.004333845624201693e-01
7.550415884330501370e-01 9.264771667305899960e-01
7.434851027368896137e-01 9.334692330653640013e-01
7.167508539418626645e-01 9.487436892686500478e-01
6.992926488333824908e-01 9.561709652652815583e-01
6.909705628868696436e-01 9.595373059969453111e-01
6.648130749754822544e-01 9.689145978110030866e-01
6.585982926497063739e-01 9.708126050023400122e-01
6.506636760908395267e-01 9.721802665452486947e-01
6.219516756219304332e-01 9.745660154813186038e-01
5.549515286389390401e-01 9.796815760257375771e-01
5.441121153955225109e-01 9.802059221220141838e-01
5.153902057705296302e-01 9.815915067288151219e-01
4.881909649327973444e-01 9.825716368259915789e-01
4.350194953710609935e-01 9.828188770788366391e-01
3.917444631424877866e-01 9.804337925121699993e-01
3.215132335798339680e-01 9.665029946152899898e-01
3.140242366219111458e-01 9.647473969802464744e-01
2.956417985609073318e-01 9.589183655383872740e-01
2.648606928375690783e-01 9.469477992149571977e-01
2.421544548873859615e-01 9.338710100862653851e-01
2.298194846567891414e-01 9.251838106742075185e-01
1.830418095448852478e-01 8.920230814199177072e-01
1.739149218051759815e-01 8.851933757051477780e-01
1.700907345149554883e-01 8.821486368577378112e-01
1.263290972026540615e-01 8.458387075853497361e-01
1.229264579147680836e-01 8.427343107365780073e-01
1.037866761421033512e-01 8.185359291158899042e-01
9.422952154419750315e-02 8.055016245812431919e-01
8.651473421985544920e-02 7.937548033020698224e-01
7.246146822385857167e-02 7.644915177361367720e-01
6.098445645434591444e-02 7.401873319852055877e-01
5.624876699910030808e-02 7.260151694700797131e-01
5.132621468989073676e-02 7.100089071432570398e-01
2.629025893561476312e-02 6.151421509699811496e-01
2.266863844411814988e-02 5.993769760755821574e-01
1.279090189278930811e-02 5.444896110078616402e-01
1.188445321191211601e-02 5.359947417597713537e-01
