9.765870170900790015e-01 6.262538206407787245e-01
9.623779906010655472e-01 6.723888947511440506e-01
9.449425021645095901e-01 7.135585588032089532e-01
9.287967217349756277e-01 7.509265943408465205e-01
9.083071752994005266e-01 7.959398872499852118e-01
8.894548014580132556e-01 8.342961325728381894e-01
8.749781615335370244e-01 8.569493641857255373e-01
8.739551881155533941e-01 8.585445235993778290e-01
8.607764417451355676e-01 8.784421339255145122e-01
8.519334570265065798e-01 8.914975318268637539e-01
8.462331754041059195e-01 8.979953803277586077e-01
8.152963344011058267e-01 9.204602668524579645e-01
7.939244442127808554e-01 9.356834879636248825e-01
7.845785537082009542e-01 9.414569864158806034e-01
7.575144575309140649e-01 9.566996648318720764e-01
7.185076533893157702e-01 9.721360598395071273e-01
6.904400760697306794e-01 9.776833703181533330e-01
6.481426722489913583e-01 9.786038659945228702e-01
5.666214332036794143e-01 9.730687231827536143e-01
5.458386593083098814e-01 9.706548409660071819e-01
4.894755005208234477e-01 9.593548503999491661e-01
4.805368945113690504e-01 9.572685177131570189e-01
3.949290767327696683e-01 9.366998728467603730e-01
3.897255806960262525e-01 9.350836062914371638e-01
3.714815241728915973e-01 9.283950082230226775e-01
3.550062887825855551e-01 9.196982067943508810e-01
3.247725765787159435e-01 9.032594737877525093e-01
2.901553316843064056e-01 8.843031794043011429e-01
2.107981261078363255e-01 8.406559163193314532e-01
2.000811159449136234e-01 8.331727219829631048e-01
1.917270976348149913e-01 8.262174075880310831e-01
1.635944073043728020e-01 8.020008136831334733e-01
1.400820808663755246e-01 7.796493209692026971e-01
1.354550785117448752e-01 7.743024918818210978e-01
1.062222891606919850e-01 7.397583813351771287e-01
8.306224686765217857e-02 7.117775513612499827e-01
7.771768915743171302e-02 7.050395982062892530e-01
4.976365533520343831e-02 6.622111431173314244e-01
2.924302736301831462e-02 6.303080827884639525e-01
2.436613434032308678e-02 6.189691721497654342e-01
1.195679066858845729e-02 5.740377051631840866e-01
8.945367780575863570e-03 5.513722706331589674e-01
8.704899212052308322e-03 5.493942705877561394e-01
5.946000948851781764e-03 5.263556499551856893e-01
3.817085321133339981e-03 5.031114497623068171e-01
3.292998184901363423e-03 4.970637974527217784e-01
2.787463031340919883e-03 4.905447748892661775e-01
3.137669748628058031e-03 4.789321922497564721e-01
6.783773024680361807e-03 4.422554466623691560e-01
1.582456335280124637e-02 4.100355591849833559e-01
2.479660722112553284e-02 3.849548064048310403e-01
6.155210015603040929e-02 2.835244749708598633e-01
7.767291953450805586e-02 2.405336016121480958e-01
8.433371235365183516e-02 2.246662968812360717e-01
9.328143092513763168e-02 2.124426338644167522e-01
1.046676493229750093e-01 1.987806187875741371e-01
1.469193253701341906e-01 1.622238920153540320e-01
1.731693690383112605e-01 1.420657329028489624e-01
2.103832340390042743e-01 1.211124083784488326e-01
2.670886522529500873e-01 9.794361968955955788e-02
2.825602579549834070e-01 9.290743344824214933e-02
3.202663189540134736e-01 8.447775889304509622e-02
3.372475756237587330e-01 8.097141080016312387e-02
3.872872484547352778e-01 7.145907938423889938e-02
4.452290006276327095e-01 6.077974422407572686e-02
4.882270843557439122e-01 5.441033000239414719e-02
5.036754002030470190e-01 5.230198892896475993e-02
5.370754985551299265e-01 4.778072152467593980e-02
5.654740444146858502e-01 4.397469274047072219e-02
5.748860696906475942e-01 4.278788196443561453e-02
6.946735174126021928e-01 2.880589008002787388e-02
7.004966555217632118e-01 2.832551397757487877e-02
7.784878318538380748e-01 2.324877599888741653e-02
8.221054145182919992e-01 2.191432150221539477e-02
8.429587766154440498e-01 2.139613400547712985e-02
8.477765748862509110e-01 2.153239379246929541e-02
8.498950266792396624e-01 2.175198595793670364e-02
8.593225348597237634e-01 2.275780175676811456e-02
8.677195950625602450e-01 2.669069306780813555e-02
8.961125827796602161e-01 4.060241505901085457e-02
9.162198446885794212e-01 5.101430627476211122e-02
9.173594963518476586e-01 5.208993962890573481e-02
9.199250403052394720e-01 5.531408568786611024e-02
9.355103167042531087e-01 7.596618144206801482e-02
9.527686508930388598e-01 1.041243433048096856e-01
9.672448413530596589e-01 1.317545306971096286e-01
9.756470756672737110e-01 1.488714749548262217e-01
9.806831008081761114e-01 1.682986851639500792e-01
9.847001540108587525e-01 2.038285551392093886e-01
9.941149423607179569e-01 3.031418048167298096e-01
9.946072405518201487e-01 3.096272408615015070e-01
9.962510553084668041e-01 3.327837863236352556e-01
9.972125369686589691e-01 3.793514291115881454e-01
9.968641115627462357e-01 4.535200869988872396e-01
9.965195332047382948e-01 4.717103306571956978e-01
9.950539131874742704e-01 5.007361661801077446e-01
9.941149611135212671e-01 5.103764200664892003e-01
9.877029615850944078e-01 5.734595866855283219e-01
9.871662465969849309e-01 5.770813259974875153e-01
9.858912875734875403e-01 5.838067057167206642e-01
