8.037289110606768427e-02 5.964064755565988696e-01
5.876209907917029351e-01 1.476150031475981228e-01
3.825038982555716283e-01 4.701165453735065003e-01
4.906351099865500220e-01 7.793194811005674794e-01
5.138854973346107524e-01 9.941510368941030018e-01
8.199968565395514553e-01 1.374066132228253245e-01
3.417964119549619234e-02 5.467695141417474591e-01
7.102281668957695082e-01 5.285808401972243997e-01
5.881666884424504582e-01 4.959376842602870872e-02
6.931596860944647664e-01 1.680637944837031217e-01
6.775213407592718395e-01 1.014210895401770063e-01
3.965606306761121358e-01 2.634620978583725459e-01
7.232058417985427479e-01 5.154162134614393986e-01
7.954907125379824251e-01 6.889028620914463552e-01
6.803462266208686327e-01 3.668677027873645247e-01
3.475386675831793754e-02 5.332061262362075560e-01
1.560396321587948498e-01 2.708265874209737079e-01
7.647106209443678138e-01 6.918516649576760269e-01
4.406882889167870188e-01 9.622643006278519540e-01
5.700274847380978338e-01 3.223187855086273590e-01
6.214238864287392472e-01 8.711453163903676300e-01
1.402649736178732953e-01 2.499894088479572840e-01
5.584110216827923301e-01 9.711259225788748672e-02
7.511556432406754080e-01 2.090264839163076815e-01
6.017949271494620334e-01 2.117399012225888166e-01
7.563901881782789660e-01 7.379354111442565367e-01
7.556273076118515952e-01 9.811560390510611074e-02
5.038781569576162855e-01 5.157193410389883104e-01
7.745992768406104734e-01 1.754500517842569329e-01
2.472559392331752370e-02 3.751714348599466398e-01
7.243273565680385939e-01 1.497679313960062486e-01
8.485166970118008800e-01 8.175974964512457976e-01
9.475755043720823778e-01 3.224990144230207578e-01
4.817372468870284585e-01 1.670370235419204319e-01
3.493998820422020146e-01 1.473005189404339443e-01
4.081324758179546430e-01 9.833693033161323704e-01
5.007355513165916427e-01 3.177316458257490872e-01
1.381939402975644327e-01 8.424348951330494772e-01
7.130933270909201038e-01 3.059460628342329236e-01
5.299282131956815078e-01 8.184365315525637952e-01
5.560598223205220902e-01 5.508560499851501424e-01
3.316141093215159152e-01 1.673739394204426245e-01
7.245845834551749576e-01 6.408379903866352478e-01
5.531510638284260484e-01 3.464291153268702073e-01
8.882107792231578314e-01 7.545380838909873100e-01
7.656675409281559208e-01 7.086761073008407408e-01
1.910590297515523395e-01 6.818376169824166277e-01
9.098830194280915773e-01 5.477476336323483519e-01
8.335540947390792654e-01 8.388105207185265755e-01
9.859406187046414471e-01 4.781382468966074439e-01
6.097115372246951770e-01 2.671990347514430209e-02
8.818519163141369521e-01 5.746250871557737616e-01
6.875164604204748731e-01 4.737207923730559211e-01
6.649398390760786759e-01 8.529392819473786691e-01
6.214121831542155361e-01 9.287774082142898902e-01
2.551675837993366280e-01 5.885595818443063454e-01
4.523039729670936815e-01 2.857722955676274545e-01
9.207351272103837525e-01 5.770323377454338321e-01
4.153475558769112452e-01 8.126295475593200424e-01
3.921713593666063535e-01 6.164843069403390663e-01
9.510371315262409198e-01 3.367645227683532250e-01
5.282167264512052096e-01 5.942964008509898921e-01
9.609482463945474562e-01 5.793376485320804736e-01
7.612093470566018150e-01 5.691364028067320557e-01
2.677946992393135939e-01 2.992397489002063815e-01
1.996456650828298540e-01 4.694258930992435408e-01
6.876816291659355596e-01 5.458590907240122858e-01
5.554921667340237956e-01 5.106965998027058751e-01
6.200824807733208432e-01 9.129749439630874264e-01
7.452672673060681263e-02 3.352947381000191962e-01
1.005139481502778098e-01 6.917742213275352992e-01
4.828771626199241385e-01 3.062006443394681421e-01
6.108923905044352232e-01 1.624270056279051022e-01
6.918593823470717830e-01 5.445112450666580450e-01
7.609649197516683561e-01 4.807557959542406167e-01
8.110810895225430972e-01 5.875075549387527296e-01
7.717967827599055974e-01 8.690856369019368532e-01
1.547735006283811332e-01 7.591361068364901321e-01
2.024838078254540541e-01 7.232753797557402997e-01
7.052038574117545089e-01 1.021777597064006532e-01
8.812680858521142468e-01 6.602384337986826335e-01
7.525028509921647402e-01 1.712844743757077626e-01
5.122309446702901781e-01 4.188559237892797160e-02
8.299979394894296814e-01 5.238317991791675565e-01
3.388141384585564575e-01 9.221060169505681525e-01
8.978912444929989523e-01 5.939000954984194891e-01
2.891871122404702787e-01 4.900792603977209838e-01
4.250845363905137592e-02 5.271769068292257998e-01
7.257323352592311982e-01 6.689197979679650796e-02
4.713143455537725096e-02 5.233138767410032699e-01
4.905298870113458110e-01 3.952322028909562857e-01
6.092486455259731315e-01 9.822397607712833878e-01
5.055601126614663876e-01 7.887453624756755044e-01
1.981024599062474745e-01 5.045314519003825104e-01
4.624627456764013322e-01 9.716603188528039059e-01
3.230025732512029624e-01 9.529677517998624836e-02
7.244433548087590991e-01 9.012294950396181337e-01
4.492658864522355300e-01 1.691202549152727719e-01
2.262836999032837304e-01 6.599220448605364053e-01
2.756584416787709046e-01 2.290087793167110419e-01
8.169750243994692296e-01 8.608183439489329736e-01
8.134755504911254098e-01 2.691041980956584978e-01
1.888336985905184895e-01 6.764985158332413873e-01
9.298116248959276131e-01 6.107965216358547389e-01
6.805590163368261392e-01 4.987287942430729260e-02
2.245455931264600802e-01 3.353904095883046277e-01
7.203413712224711052e-01 1.086957604824307227e-01
7.359077776215559030e-01 3.208866101937142279e-01
5.423836000028189330e-01 7.425159760910287066e-01
4.031168873935813135e-01 2.151355430579478534e-01
2.480709949890882726e-01 8.950236245028502235e-01
5.532762265323212247e-01 6.666716779130854587e-01
4.242144927803315202e-01 4.801428050123337510e-01
7.558202166800750410e-01 7.293160672936500610e-01
4.662957515282600274e-01 6.662048676874961217e-02
1.221887787158680988e-01 2.298533011707136198e-01
8.721383836737790496e-01 7.801931132124657609e-01
2.646206520894481828e-01 7.318681723360688229e-01
5.767131410906557454e-01 2.144968413057783130e-01
2.388268654359654575e-01 3.279664712588334918e-01
3.919554836588095559e-01 4.754240631134774575e-01
7.344917892082963862e-01 3.918806966051119889e-01
3.733751850369986247e-01 5.891457847143476423e-01
3.608554071660397544e-01 9.031186478907459181e-01
5.738285204353030799e-01 2.031335738700779103e-02
8.665580392580970459e-01 2.988222708823327078e-01
2.412101637270558374e-01 6.357084873802225644e-01
5.529454557668861403e-01 7.939256018442234497e-01
1.856082017118914629e-01 5.682752935888371049e-01
8.105980634826543962e-01 7.806627686334797200e-01
5.561534388562734410e-01 9.939068227552805279e-01
8.142115624679673314e-01 3.448927015395869544e-01
8.695474759363091000e-01 5.167949226887889047e-01
3.820459403297755685e-01 9.771504022694623703e-01
6.290036260060006823e-01 3.529904112973760721e-01
2.594968644651591827e-01 8.033402509147409276e-01
2.285809381652354477e-01 6.727722227905859054e-01
4.720928368831252969e-02 4.673420556823653649e-01
9.299555019037932801e-01 5.708234127611006015e-01
1.892434897494204571e-01 2.588182273351620766e-01
7.974482080188358690e-01 8.753753092648771661e-01
4.631209492867753852e-01 1.011207180941229578e-01
6.240674108449875135e-01 2.091129478535064257e-01
3.373906847767846884e-01 1.623538571321314627e-02
6.958299339461299082e-01 8.684403666085012130e-01
7.831679813036708238e-01 7.088812690698950147e-01
2.664627179398069146e-01 5.802687872799705548e-01
1.102688968430463184e-01 8.044121832969823860e-01
3.492077558679464455e-01 2.597712224397170644e-01
1.272626800610610065e-01 7.738722456591404786e-01
2.654385925298553550e-01 3.743530602168675947e-01
5.307112883660564107e-01 1.496691614019540761e-02
4.646837783966484281e-02 3.496591847953000043e-01
6.428513681735913421e-01 7.910180669521023056e-01
7.652460998796735137e-01 8.162166714606768902e-01
2.371208070360362741e-01 6.587989400124359962e-01
6.745701435035869054e-01 6.852193814612462797e-01
3.300248255932812791e-01 9.086074057517419256e-01
1.737590814880651813e-02 4.167361528478734645e-01
9.044834008404737391e-01 7.190153746457691453e-01
2.115899261225803740e-01 2.016698918958346465e-01
8.081874411294097671e-01 5.232068269774182712e-01
8.875889156205383212e-01 4.609045365022731433e-01
5.201551098029799647e-01 1.949627038084000286e-01
4.216931960061971463e-01 7.519213714859174225e-01
4.936193926893307493e-01 4.571718797248510713e-01
5.891182531649444831e-01 5.535692789792974189e-01
2.012387976204509377e-01 4.742758388386855151e-01
8.105842191507950378e-02 2.244374595412853557e-01
2.185977894263596566e-01 4.720284585142510703e-01
1.939829813564263872e-01 4.711868028943909104e-01
2.516392553358755557e-01 1.097537524592476776e-01
4.012566417036484978e-01 3.004280754593497971e-01
7.307532254779391945e-01 6.952450642648415613e-01
9.700280642257270713e-01 3.692353571963690184e-01
6.708558576538974361e-01 6.018772006093955351e-01
8.005183736631643621e-02 6.399310200056804732e-01
7.428027724919661345e-02 2.375021186476315993e-01
3.309546076338978349e-01 2.103487692646375529e-01
4.928121361992920946e-01 6.297127992957460840e-01
4.710574198533733215e-02 5.089408881302266430e-01
7.481048099340141810e-01 7.067481466960638947e-01
8.817514233577126159e-01 4.204220033440557169e-01
6.297691242649177124e-01 7.599168820198591856e-01
3.565291371922100216e-01 8.100733523111670886e-02
7.924992982360825611e-01 8.918345176219912851e-01
4.675738848210042042e-01 7.882197779630191470e-02
4.586111308376235041e-01 2.955407630548226305e-01
2.751479639484206707e-01 5.004019478632784623e-02
4.713454432590385990e-01 2.722971278205131851e-01
3.319650956369052386e-01 7.291376650629501910e-01
7.457020145084936047e-01 4.316499330831231052e-01
1.800604348194932702e-01 6.349542681384597875e-01
8.740093426383747088e-01 4.845202579519730657e-01
6.018579425994864396e-01 5.578698857059831706e-01
2.675833364661180935e-01 4.711320784730669287e-01
5.159438105389724250e-01 3.406027499146139781e-01
5.015152416812791447e-01 2.713735963431350706e-01
6.093806723176441453e-01 6.317193324040524249e-01
2.012941195477479031e-02 4.559120664236236964e-01
4.359173061300778418e-01 3.146936714429219850e-01
4.688116253360744556e-01 2.687510605394252683e-01
8.097579352326496060e-01 5.979491581868686678e-01
5.185040047026114873e-01 3.023798206480854400e-01
3.915296304462160260e-01 4.870124646286440040e-01
1.953119952410506122e-01 3.229014742619882861e-01
5.529040317227640333e-01 2.863663695973803769e-01
5.012745564520016961e-01 5.341523699405783532e-01
3.504902870595055786e-01 4.059093015447873265e-01
3.436717288158412931e-01 3.535124566778325983e-01
6.366522115952901739e-01 8.639830307042270507e-02
6.193186991316756984e-01 1.816652086694164614e-01
6.551330505450698727e-01 6.401234284876085034e-01
7.489187378171944243e-01 7.961401817838786865e-02
5.003356961294392891e-01 8.829548623204287461e-01
9.698586429432909384e-01 4.463601022585129696e-01
7.999944485764081126e-01 2.899354074998322095e-01
9.640431382797152171e-01 3.607032062200527522e-01
9.011239705058844418e-01 3.590563151731965830e-01
6.624348399133885845e-01 3.172548347614419506e-01
8.088260069134136643e-01 7.347113741591846381e-01
5.943705653060212812e-01 2.665324555618482291e-02
4.523072155583365284e-01 1.928232111541579030e-01
7.862818496541701396e-01 8.102883732330811162e-01
7.411711059136621982e-01 5.317379454480014589e-01
4.147600510096104420e-01 9.609123756467344291e-02
5.014549469460861664e-01 2.031277008444727639e-02
1.281397144177865710e-01 7.108970202725224397e-01
7.724728018045161626e-01 7.745208092261384181e-01
6.684405066553997798e-01 3.519021474114878423e-01
7.875946430217704020e-01 1.778382750047572958e-01
8.624347065522049993e-01 7.974268212751634000e-01
4.377983834460396073e-01 9.890124191856610736e-01
8.660565190744953235e-01 6.448374127957605673e-01
9.069528080648494583e-01 5.788712129297838294e-01
2.388282695823608914e-01 4.474455778274531448e-01
6.532061885186956074e-01 3.887836932057126549e-01
2.039561286173608989e-01 5.188117873783326672e-01
5.250646218348645755e-01 7.463646231653811025e-01
3.790577351581041476e-01 1.156753395448703037e-01
7.787665301400900075e-01 6.363472509547681844e-01
6.338200568982851335e-01 1.646529551271632696e-01
3.755401375678780185e-01 5.665561800197826958e-02
2.488689063705403770e-01 2.260798694720391744e-01
3.879332868919147526e-01 3.603436573418368760e-01
8.288326280257790613e-02 3.984169260521946976e-01
1.800330598615885735e-01 7.386795988401289037e-01
6.320347266148826915e-01 2.511294616185166806e-01
7.668819015168514275e-01 3.215263158393740217e-01
8.738032801328121657e-01 5.216333070811585149e-01
1.838104164467239954e-01 6.515159112156286847e-01
2.914425718048812008e-01 7.658167613429787135e-01
8.331677058438107242e-01 6.214639272318729368e-01
6.342709529113530476e-01 8.242633932784100281e-01
7.844226007822305835e-01 4.246327517554858710e-01
4.746747852089306940e-01 2.611454157990625857e-01
3.131360916847784059e-01 7.858400651363308675e-01
9.462966783547364091e-01 4.163946587028845014e-01
3.113074278521621996e-01 1.158925125031872172e-01
4.629948684357744759e-01 4.679405008286587342e-01
2.451222036140273119e-01 7.691196068726892099e-01
6.031043504451714110e-01 6.728257772015147076e-01
6.682989949901771976e-01 7.995996981817719007e-01
7.294145983354323182e-01 3.595554132630161548e-01
5.538298620845785170e-01 7.691896230490590236e-01
6.469832371097794521e-01 9.850336087662495688e-01
9.227510464222209441e-01 6.515280198764311637e-01
3.291411370893478350e-01 4.904611372199665364e-01
4.797584945406313528e-01 8.776387141659691693e-01
5.335967437104024436e-01 6.877480734594011436e-01
2.358602889409886771e-01 1.751422727165740656e-01
8.174210325314723580e-01 7.230009844761652316e-01
4.199486891731458171e-01 3.616532593444935495e-01
9.059857402291761064e-01 6.901705231058242740e-01
4.397583991390200953e-01 8.925322971604143785e-01
8.265727471741166621e-01 1.445436434048045227e-01
3.313321384752121457e-01 5.136964310330256467e-01
5.544227686743987693e-01 6.077788751405992507e-01
4.347260924105685875e-01 1.817525123086025374e-01
1.427354567659225859e-01 6.189515859452814350e-01
2.317606357408475148e-01 1.610312802645565422e-01
5.678252552634587280e-01 9.936636290655483927e-01
6.014861643210798331e-02 4.543060896626602840e-01
7.889236833164869900e-01 8.952278239327816634e-01
4.415545634100265238e-01 1.979880223818372698e-01
7.811253873844004048e-01 6.762346378898168586e-01
7.891838946032324609e-01 1.868549913577728372e-01
2.679451423961812795e-01 3.589004735598940732e-01
9.347372055385226863e-01 2.977472662215921995e-01
7.284868884051745042e-01 9.433476677703684921e-01
3.459157843946891048e-02 5.807316422951713797e-01
6.294125431556417682e-01 2.063881402794969511e-01
4.709477662384645158e-01 9.551755971778087551e-01
9.780491509026528751e-01 5.176671910039092328e-01
7.635306657039373501e-01 6.079410196889258877e-01
1.037175990679816973e-01 2.184091316744200539e-01
6.674117835770198015e-01 8.596919969779854842e-01
4.322052148468853439e-01 3.821584899574650418e-01
6.699651442069064489e-01 3.167647031832852567e-01
4.494749181743047939e-01 1.838857559057216762e-01
3.140648075287322261e-01 7.916513244742118260e-01
7.145368284526364133e-02 3.095148795294967448e-01
5.332339665668031081e-01 9.365029098129284968e-02
4.185253177563677540e-01 4.229916293173020536e-01
4.012809177753472178e-02 4.538930129148714965e-01
9.719073881362129130e-01 3.747071626963976998e-01
7.264936185359401888e-01 5.698080757375941774e-01
5.026920057520544161e-01 3.449789982324755200e-01
6.423908111873048998e-01 1.725782305918965032e-01
5.405291003114058856e-01 1.940910788233375373e-01
2.286863934834236223e-01 2.710055587874675709e-01
8.916258962409727706e-01 2.460427733184143428e-01
7.955513448596379655e-01 8.793410069428119202e-01
2.262002343441549823e-01 4.928793018814775495e-01
7.262886141794290262e-01 7.571381798761718240e-01
4.814853763765038486e-01 1.577892415145033256e-01
8.596829308609459375e-01 7.775669742078265001e-01
1.971498382348025880e-01 8.958652441167508362e-01
8.688765134004275970e-01 7.803998091803765469e-01
3.637164310598510197e-01 1.187579918005239876e-01
5.708020392565109624e-01 2.390423356613806949e-01
3.371493560752195640e-01 5.430049215433838672e-01
6.228978269013029090e-01 4.134657735682214369e-02
2.083309691367966898e-01 8.433861536824194260e-01
6.536423897497315449e-01 9.824937806555077424e-01
6.652902126989906906e-01 3.821399174171967172e-01
8.574624726823230070e-01 4.447232298376535553e-01
3.100111331003387316e-01 1.767208268429332207e-01
9.535577114032578461e-01 3.461375163565443280e-01
7.551931297774909790e-01 2.646563839633288007e-01
3.336673730775233104e-01 2.525709005021579134e-01
2.499200198612347434e-01 1.545214228838295012e-01
5.461104041971516221e-01 5.544624894402806481e-01
1.529438276891386672e-01 3.769863047926400590e-01
4.565745082655481291e-01 5.544262146136338387e-01
8.364307754891822100e-01 3.769387026860879786e-01
9.142346251599426932e-01 3.496122839206642907e-01
5.011623233656334886e-01 3.587220981008559795e-01
6.372810063213312226e-01 3.166709578192554719e-01
6.995758461665192440e-01 1.590372658623359636e-01
3.538774165316444509e-01 7.791843115186053437e-01
6.745983358702400956e-01 7.632254767604562673e-01
2.576640651069758148e-01 5.424321338765089040e-01
3.294480120503470166e-01 1.967087400309275314e-02
4.196968854446483377e-01 5.480151394171551837e-01
8.189514577290463171e-01 1.887140551435471936e-01
5.337790522116736547e-02 6.901305657443247421e-01
5.013577958257846579e-01 7.269147069915593562e-01
7.164327676344541818e-01 2.004147216516484475e-01
3.075126192356230637e-01 4.003441222838900471e-01
5.737286346997394482e-01 9.403028146495066020e-01
2.898074865320922067e-01 1.282467412268515072e-01
5.144009506578085117e-02 4.415518373141865682e-01
3.941051547452600889e-02 3.175889795171006336e-01
5.135548760074803987e-01 5.700729592364511822e-02
6.889938451030441779e-01 7.661334802631194485e-01
7.030101083129357553e-01 3.403329543298844739e-01
1.500761114385647799e-01 8.600885729684532022e-01
1.902860035097754809e-01 3.320078054832339975e-01
4.420991566038189741e-02 5.781309563365792936e-01
5.792910256229926169e-01 5.794389113453946027e-01
7.855356030924649513e-01 7.316211511384350663e-01
3.217532136117760566e-01 3.897725740205983946e-01
8.792073193481841908e-02 4.507317739835710046e-01
8.926701879557996655e-01 6.708623238913222764e-01
9.525602213656598760e-01 4.998076096560910564e-01
4.207885014328104356e-01 8.509269074315007897e-01
9.715709500585778535e-01 4.819881215015282550e-01
6.822022336177128166e-01 2.504339426585954209e-01
7.691018529754479749e-01 1.631061118255125175e-01
5.153714897643395521e-01 6.789828531767361230e-01
5.654460289478391299e-01 8.938432264751055012e-01
5.822505760291100119e-01 4.421192315385173432e-01
3.871157606018112984e-01 7.618669626670849793e-01
2.957267015312014524e-01 5.368800388375674082e-01
5.246679778298168895e-01 9.942035093317056482e-01
3.238311518316906445e-01 4.211074279314863111e-01
1.554098163175448091e-02 4.422374289056634211e-01
9.385418333986836892e-01 5.750315155459618799e-01
3.247277042600167363e-01 6.429919874980598582e-01
1.694753268243101574e-01 1.615165312068920500e-01
6.146428399880519144e-01 7.341050635488848009e-02
7.420061352973064128e-01 2.519286700420531044e-01
3.787373835686652090e-01 1.875837471646944754e-01
8.971008496625513251e-01 7.352447804328180458e-01
9.029858443422618119e-01 6.123063320978907598e-01
4.866015496127030771e-01 1.772382536431348909e-01
3.487944434529597904e-01 1.844102670243302211e-01
8.822883341337624252e-02 7.259825787416549492e-01
2.753973032334054438e-01 9.324710777287961161e-01
5.520135047072953771e-01 7.410473582871086595e-01
5.049578905891651814e-01 4.726266510906170226e-01
4.044739973632937025e-01 8.986044063457269138e-01
6.123296778908120519e-01 9.295372420515459755e-01
3.609003530482318145e-01 1.563105444339157601e-01
2.483416812082632208e-01 5.919435264532870722e-01
1.796180276981204360e-01 5.981740183520051213e-01
4.907960165764617688e-01 4.579349398057822595e-01
4.601070216597799578e-01 8.090751118072105064e-02
6.075762585725313913e-01 5.221772996193850824e-01
4.393809393868637336e-01 3.481300921659524206e-01
5.837506968637286020e-01 3.505195346442941950e-01
7.594527910909636415e-01 4.821005802455675671e-01
1.424082677372952577e-01 4.134361067937850631e-01
1.711710585878866153e-01 2.887906242191615735e-01
5.931735536071600645e-01 8.736430253372859944e-01
1.248838838954796776e-01 7.672147752912362728e-01
2.999279724714351558e-01 2.781857515050571994e-01
1.902753664770311381e-01 4.167347731364987595e-01
8.843486300379596043e-01 7.470989703085978428e-01
2.210421417989398840e-01 4.472322914697354768e-01
3.561694086263700876e-01 1.086480046586562609e-01
2.227699279533320587e-01 5.270949206734752979e-01
7.635420068003089256e-01 9.160852540000239408e-01
3.404105096138343445e-01 8.662944775553044208e-01
6.649265200540690479e-01 5.327233701124014509e-01
4.191548477060635380e-01 8.008092351850741863e-01
6.375071859357764881e-01 7.340114358642858550e-01
8.854194848123525530e-01 2.146209550976744262e-01
8.605497742157088847e-01 4.014729921470350238e-01
7.141707681758246995e-01 1.997042849654114272e-01
7.138177572910420210e-01 3.852756961380295886e-01
9.470062145571450651e-02 6.647865442664198099e-01
6.679894637896800491e-01 7.056374653393989727e-01
7.853045253283170712e-01 2.134510963511218051e-01
7.441536274239772819e-01 8.040388471411388793e-02
4.562345774821536804e-01 3.340288519736832606e-01
4.217569816864864540e-01 8.728918181618805505e-01
5.124192515672552073e-01 6.975620632230861151e-01
7.359949289637679470e-01 5.961186598047151231e-01
2.230737015669064516e-01 2.365376433251492883e-01
8.000266086507450414e-01 1.199577686528056075e-01
6.188860383190526449e-01 1.520284583856428284e-01
1.866953475179168875e-01 5.509565999334615771e-01
6.177123700915696514e-01 6.895340118745210134e-01
4.211270114643772544e-01 8.722155230579863028e-02
7.349874679252260679e-02 5.172092246894525180e-01
7.304741351020380691e-01 8.883306855692927329e-01
9.340274217016355518e-01 3.988304652608610223e-01
8.279144817618585561e-01 7.450558320811503377e-01
5.380708977091983591e-01 6.833204988527716850e-01
7.741928527057763132e-01 6.816926212246543493e-01
3.035129027806234836e-01 6.016575009651907724e-01
2.261655720190843821e-01 8.986950932229829103e-01
2.639747907587285947e-01 8.330072089675234492e-01
5.412383430482825553e-01 4.019958665768239570e-01
1.905124631303228844e-01 9.739373675731277658e-02
5.679431088758670754e-01 9.722270304125359974e-01
9.160178266751007881e-01 3.782495563126557769e-01
3.790611240550331162e-01 9.488845675495823917e-01
8.584543419108281448e-01 7.174539608400721802e-01
9.521086962408231713e-02 6.413000248854631158e-01
4.933221576138521192e-01 6.053995325919471204e-01
8.088973851084052535e-01 8.633147585800579060e-01
6.181119300824460261e-01 2.488200105790323580e-01
7.760129119839479506e-01 9.060932153222689411e-01
5.404799710673552360e-01 5.210320181225826935e-02
5.008572816536696060e-01 8.263062846738360445e-01
5.376465136997127248e-01 6.576640273341418652e-01
2.302265606134882292e-01 4.412419035697413561e-01
9.186058927022482390e-01 4.428087869989787428e-01
8.866489366010023021e-01 5.925703710092373733e-01
4.792716638392284234e-01 3.609287278443106678e-02
7.544879600631648753e-01 3.543642330015019937e-01
2.681213597959316575e-01 3.079550723126088796e-01
4.701658340445825646e-01 2.614135087315160033e-02
4.265686895660061317e-01 9.356759604879143488e-01
4.123427775550015939e-01 5.698820370393638951e-02
7.760716279339425760e-01 8.937903168319988323e-01
3.342178030960213375e-01 3.551562837488374536e-01
8.341231390305403615e-01 4.578889855640281281e-01
4.959031342021046340e-01 8.419097247980908971e-01
4.867109476671220292e-01 5.880229061320849659e-01
1.122900354908659137e-01 4.311714922197577016e-01
6.667527217359645597e-01 4.738169514886968470e-01
4.544272346998556311e-01 9.062176837793256556e-01
7.210025391626282421e-01 2.051337670460824658e-01
1.743623833490441088e-01 1.392848715786672853e-01
3.307327777734976326e-01 8.916014884574528787e-02
5.428558199205901769e-01 8.077708257152975690e-01
1.549485264493329906e-01 8.680900250984378008e-01
5.879800344140443391e-01 3.541443689120481464e-01
9.658066928206051616e-01 5.643635297216405000e-01
3.163647017724187660e-01 9.498389419997479433e-01
1.065752350235357748e-01 5.602109146459990363e-01
3.341785044914682978e-01 6.231725079823361435e-01
5.559436025041660789e-01 7.975177824852406339e-01
1.300156429192695640e-01 3.943107208036421563e-01
4.335480781193004063e-01 3.735963566190202423e-01
8.099932845709160167e-01 4.759094920781399840e-01
7.964592389011735385e-01 6.715255216997000343e-01
1.351434872315083191e-01 1.836076681477340489e-01
1.068643456025818589e-01 3.298725684886139042e-01
3.471494921946932100e-01 6.233735258109942556e-01
2.922613417402115665e-01 7.353596568841592740e-01
8.409439495901137596e-01 1.775413638195847410e-01
4.089066685449159744e-01 6.117151233581648029e-01
7.002021141543495197e-01 5.380330385262668269e-01
4.178940390635333957e-01 1.006592492376505582e-01
2.464024760768716571e-01 1.106071271437340381e-01
2.399552694952568066e-01 8.789795399574359402e-01
7.960590207927642492e-01 5.523130560403084477e-01
8.433395611647130918e-01 4.133362320971880610e-01
6.275732948443468739e-01 9.719361973899885709e-02
8.931262430174626843e-01 6.042763737062074592e-01
4.488645003179676518e-01 5.678217416815268814e-01
5.092177005667468670e-01 2.159856597847440995e-01
6.447309107154786112e-01 7.790669058923051227e-02
9.678716268883862384e-01 4.244356698918768656e-01
6.545622993986065508e-01 3.630875444169451294e-01
9.220985170986630841e-01 5.028817799545108880e-01
7.392540567448556699e-01 7.335496896969773140e-02
2.180920093909074209e-01 2.662101781259796351e-01
5.123091441757847697e-01 7.367123642772048786e-01
9.007023437414524158e-01 2.384721777634463136e-01
2.756921743758597998e-01 3.483013711334851381e-01
5.620126171361615741e-01 2.549317011080167727e-01
8.685065936240186080e-01 7.362299075800847747e-01
1.461344886285226574e-01 2.493183728852956249e-01
1.250050822804968098e-01 6.830451788898742604e-01
3.803007768794720023e-01 4.085939127902471490e-01
3.144545181995162531e-01 9.310784399066622807e-01
6.596257942181242839e-01 2.855623625474404403e-01
7.142065195706254199e-02 3.705032854582152591e-01
6.640006950058632285e-01 6.336732799926918513e-01
5.498447180589103311e-01 7.160310761959676196e-02
1.959933577412975581e-01 4.200068572447897552e-01
6.298938749172378060e-01 2.226939721268575978e-01
2.770315760086314305e-01 8.760131798602909248e-01
3.201841167022689838e-01 7.718199655765568545e-01
5.874554813840185963e-01 3.218159089523668359e-01
9.661410846520988027e-01 3.610502613263659732e-01
6.129966660670858047e-01 6.086376194906246706e-01
5.529319063191345807e-01 4.801219094132134213e-01
8.967238029933531640e-02 4.700853506697919570e-01
4.633187233655868265e-01 5.930633178088591528e-02
6.797812257619286758e-01 3.011046414751294975e-01
7.064858277092981309e-01 8.831884102636986533e-01
8.461304153336375311e-01 4.029347225533142507e-01
9.284093628457334990e-02 6.733150836107882897e-01
1.050821201088333323e-01 3.073599353039099258e-01
6.310731946671476189e-01 5.997676558597917484e-01
7.318410271768566178e-01 7.524425664207344822e-01
1.073192922469717869e-01 1.850122849678306203e-01
4.797559158304668392e-01 6.014226070423586146e-01
1.756118224528555594e-01 1.255133106690862199e-01
7.851444897507295906e-01 7.399391635759171582e-01
4.703824826201432607e-01 9.593071481976160886e-01
4.630470735444527919e-01 7.356398338266373349e-01
5.216369268953469085e-01 5.050597661230215030e-01
7.087160780995634957e-01 6.088792899531050296e-01
7.059336667598963277e-01 4.765656318859201046e-01
4.829475160904097564e-01 9.728208615838956907e-01
3.582502198837185792e-01 6.472322984421916559e-01
8.770747268852920886e-01 3.988469514619742418e-01
5.779327382296992610e-01 9.484413436070759928e-01
6.002622071858147029e-02 4.414461821463604441e-01
2.133713965239500965e-01 3.615982274168452193e-01
8.552716040093734096e-01 6.340734723856239485e-01
2.549653004624572450e-01 8.391320561481181439e-01
2.735634413044288338e-01 4.416011920229258036e-01
4.406296931314529486e-01 3.229495023377360607e-01
7.719875505369614421e-01 5.880838420341866213e-01
5.024228054537740462e-01 9.936896596996155351e-01
6.242089565685200458e-01 8.296756923465907485e-02
1.822708056468671511e-01 4.433439624324749806e-01
4.886171420696704959e-01 6.238813183788487482e-01
3.349886513530040966e-01 8.121527927248267664e-01
5.031716686316898279e-01 4.212745648859677061e-01
6.362326674419028771e-01 3.488320242610587485e-02
9.165649873063743680e-01 6.085123322768399845e-01
5.643891558519291696e-01 2.217024885464063400e-01
4.169650376582676454e-01 6.421304983805886657e-03
2.085681374719527414e-01 7.637128515704876275e-01
4.934306588951579697e-01 2.782367059429331768e-02
9.531886174952638457e-01 4.034786072434142223e-01
4.536870679974539522e-01 2.364297856987973290e-01
5.960595032795724668e-01 4.601529381373601346e-01
7.582920033157931616e-01 4.366878110962478798e-01
3.005077011553702881e-02 5.838588130252955199e-01
3.919453805693402515e-01 8.247730972120574933e-01
2.949957327822378961e-01 8.181940619250563373e-02
8.516152805311067997e-01 7.282948582509510826e-01
5.969377776929877255e-01 1.003943720614271645e-01
9.561255752169690592e-01 5.920904374785773694e-01
5.208352899811751202e-01 5.535573251728523880e-01
5.313741047592965838e-01 8.406810643532349747e-01
3.721021655122108696e-01 1.517428239181933258e-01
1.231026445671956904e-01 7.458659743974024314e-01
9.192706096558103113e-01 5.040029761125033314e-01
3.518509801689995165e-02 6.142024629803534141e-01
3.134875812148480989e-01 2.740721977729988490e-01
2.829684417416672426e-01 4.208215330001766064e-01
5.387741538349170023e-01 4.405524887941594803e-02
3.947046383926932633e-01 7.890520810157998222e-01
3.840432785561002094e-01 8.796087865177186771e-01
7.732400617406974819e-01 7.566028297897974264e-01
7.706284872464707059e-01 8.176641828358658382e-01
7.735078988158756719e-01 7.803712934886137820e-01
2.941320497486911087e-02 5.620902772795661750e-01
2.530712229423780490e-01 3.121298686429301861e-01
5.076240389659785190e-01 2.478539802916467916e-01
2.003392407735689051e-01 7.260722127589980257e-01
8.436452479947097183e-02 7.096333706484337922e-01
4.264860925520696511e-01 4.197600988572381953e-01
3.720040496618041148e-01 7.894033710670105009e-02
2.745782397950191633e-01 2.318113390526771456e-01
7.374758801003373776e-01 2.454732870553843482e-01
2.294178776657004037e-01 3.796375475178445091e-01
3.276729518910034833e-01 8.870808922808777197e-01
7.095991215184689338e-01 6.752977773461643629e-01
6.036898918102373557e-01 2.962840036868543553e-02
4.804329313815518532e-01 1.116283195097460268e-01
3.843959086874784159e-01 6.419237328833171663e-01
8.183925364221316112e-01 6.511287329897398335e-01
5.263785153635788250e-01 2.082595529932276812e-01
6.811805199526337340e-01 6.876272262349503173e-01
2.015275297592485637e-01 7.959058116014239292e-01
5.348452192132212568e-01 3.231626428710209775e-01
4.190576470456364166e-02 6.511439792974148544e-01
7.843717386202629926e-01 1.109910659092804147e-01
4.175446749752434461e-01 2.793136099383447535e-01
3.126560808828265925e-01 5.298918569343562535e-01
2.427406434403922564e-01 9.231846873249808239e-01
8.388014668840813037e-01 6.081459061357354923e-01
2.010756706404859817e-01 6.983489737512749151e-01
9.828035296038042379e-01 4.469954037755470289e-01
8.888322294626724851e-01 6.619490207801863590e-01
8.489723961293965671e-01 8.175952393437397880e-01
7.273583950546599342e-01 6.763921170690245788e-02
8.002608051139248335e-01 3.198219024892484108e-01
8.820191877884762111e-01 5.803194473770096895e-01
3.358655300989554782e-02 3.343294412436449425e-01
3.730646366209068310e-01 8.832097749970491130e-02
5.196919029110851351e-01 4.080097593547133972e-01
2.904603734840048856e-01 4.552740976025608788e-01
3.487778186140134129e-01 4.722524974661858610e-01
5.603893412787007700e-01 1.160307080072434383e-01
5.518677687585150649e-01 6.886837521417490393e-01
3.050975067155385356e-01 6.548620966897251705e-01
3.413998179293868951e-01 8.011077586599248956e-01
7.268363224976003290e-01 5.185120638236364599e-01
3.249102065519680060e-01 2.299042602949019076e-01
7.693298681399892702e-01 6.416727376144403250e-01
8.981168620765290767e-01 4.356842541418320947e-01
5.247392598358064930e-01 8.305965957445686776e-01
1.880514425273384638e-01 1.430879870174177615e-01
5.180866620549681167e-01 5.212975859869775075e-01
7.968394179802313904e-01 1.441262026290051901e-01
2.349277319170343103e-01 1.036677766638331444e-01
4.716445346085195167e-01 9.915564725850171124e-01
7.720321394301297158e-01 1.015876400495589749e-01
6.691301008905727876e-01 4.749034262605605905e-01
6.920486165561686720e-01 7.531248703150745794e-01
1.805900678582033347e-01 1.527412825825616716e-01
9.778376548019295234e-01 4.095176399096440711e-01
6.062611543808163472e-02 6.058308432067717186e-01
4.278034918046610957e-01 7.161914015098901354e-01
3.875103904476316641e-02 6.314015285242257081e-01
5.768759257900067938e-01 9.657317124439098732e-01
1.095853486159661938e-01 7.621430774531311458e-01
1.650390441950779774e-01 7.782496893014860806e-01
7.594757225789453559e-01 8.120704693581413114e-01
1.751723791117087703e-01 3.639201355467712173e-01
1.340703265515791887e-01 2.666976141225873009e-01
4.751739019641272876e-01 9.604566677228847382e-01
9.850359076263466296e-01 4.650364385960299440e-01
3.785369464204694778e-01 5.390619011346958755e-01
2.721493137561212805e-01 6.181223065560029761e-01
3.188562718623845216e-01 1.122353053433323700e-01
6.517149489927163142e-01 7.432477022243637599e-01
6.678850645577927292e-01 4.299009144763997758e-01
8.710082680024268109e-01 6.109961302625950275e-01
5.086166216744948398e-01 2.646477444562589723e-02
2.650884662280105220e-01 9.357901996313244819e-01
3.165459818388521862e-01 1.824533089342882941e-01
9.603943180142718306e-02 4.412581998548839035e-01
6.710824741835581531e-01 8.686872685461199950e-01
3.055854728939015885e-01 4.917799550539801445e-01
8.023748557499819911e-02 6.891894152050475064e-01
4.887895161372385333e-01 8.595544485082586839e-01
3.939334468137609679e-01 1.927329962907808891e-01
5.552333480898379303e-01 9.025971500983085427e-01
7.276649183679593236e-01 3.058019923240947735e-01
8.828340515330292959e-01 2.129195461253264310e-01
8.493048028945666683e-01 4.079838008593361098e-01
5.059859728688731462e-01 9.017687584683703461e-01
6.130568883687541604e-01 3.145316386360667571e-01
3.276695841117399088e-01 8.696161152673786976e-02
2.807839587081297772e-01 4.416948967058957343e-01
3.657438476877726830e-01 4.135830346500584120e-01
5.060492793819957313e-01 5.382853441881050305e-01
5.060244380422307398e-02 2.875357221690693077e-01
4.682898278938114611e-01 6.097303612141022899e-01
7.694500036549747346e-01 1.450030854717395401e-01
4.658161870726390541e-02 5.916347451795920254e-01
7.043520468625448228e-01 3.752331211997683713e-01
8.545010157447947841e-02 6.545322506082158487e-01
7.673456778291781744e-01 9.328478989388366838e-02
3.294059228662445937e-01 6.753891041651260974e-01
4.850196339589979422e-01 4.951493024706494772e-01
1.035950510183565598e-01 2.657198010716478875e-01
4.138939849648424207e-01 5.384831229861319207e-02
2.488915775192263591e-01 3.919328227062039982e-01
2.230651134584740736e-01 7.529601565800512208e-01
6.474254756511828024e-01 7.021308034827158373e-01
1.800096829847514235e-01 7.093717550929924398e-01
1.579771389062974984e-01 1.266109302032453199e-01
3.246192721178499663e-01 2.492521983387551709e-01
8.735797638195642867e-02 3.084644053019310883e-01
2.182969886562268202e-01 7.919613635399591622e-02
4.975527300933620944e-01 9.763690420020401106e-01
1.545942761062693849e-01 4.115007196785741561e-01
2.924990541923717657e-01 5.881516215676650949e-01
2.967989948778618770e-01 6.159846312850085770e-01
6.737999669117744617e-01 6.230641671928228709e-01
8.926459190118104514e-01 7.448323789451360977e-01
6.231852046131367562e-01 7.056511443660667959e-02
2.991872394984159689e-01 2.727888804222867725e-01
1.451080139797767121e-01 7.826461242118781803e-01
1.497620890019883133e-01 2.675875862655083814e-01
3.539310959819754743e-01 1.777838481418052979e-02
5.187841657467863188e-01 7.363960910654514525e-01
3.687381718585328594e-01 8.710838362823832837e-01
5.823358237380014124e-01 9.457371834753885986e-01
4.600694232040716258e-01 3.308438438486185351e-01
3.878557822285774725e-01 4.832050101042290602e-01
3.757594080530664016e-01 1.958380876629408907e-01
3.818477287202425297e-01 5.762603244510806633e-01
5.002156974336020578e-01 7.184685386576032951e-01
7.840629140030770383e-01 6.585968447589718444e-01
4.858701471956735629e-01 3.084641116566112784e-02
4.370278949804027868e-01 4.645721405390161873e-01
7.288703757079999512e-01 1.333498419072452201e-01
7.657673243028475518e-01 6.065417616507052800e-01
1.346260218400816833e-01 6.415283049207157751e-01
4.554396198620111469e-01 2.158059629327136464e-01
1.514228433155372922e-01 3.247324917285953072e-01
1.799650715185479033e-01 5.928386984591655917e-01
4.034734177060887994e-01 8.304545953092951072e-01
4.780244352539711472e-01 1.683207984920847833e-01
3.928157531765981147e-01 1.272865586954127493e-01
7.056067365854642448e-01 1.583749038121453623e-01
3.548651195377324763e-01 7.915816253161481741e-01
8.940811982326308804e-01 2.275806135372971939e-01
2.552507904063270328e-01 4.480186300802661004e-01
4.910047164609538939e-01 4.920848996550007959e-01
4.762548784542535163e-01 6.909534441032165741e-01
8.739610988066615072e-01 4.327573925355591711e-01
7.834664326357001496e-01 8.586593599024340273e-01
3.178328287043223899e-01 1.678744654879874010e-01
2.050203820455371861e-01 8.788294672419671993e-02
7.185493285591669499e-02 7.271975021487979696e-01
2.124002753202563487e-01 3.437825605628503922e-01
8.451591576215432555e-01 2.319719572481959147e-01
3.321952040528983185e-01 1.501229277454628197e-01
5.608627552476851408e-01 8.026640409694881795e-01
6.329792709864375810e-01 3.383833984079809287e-02
6.136150966759247316e-01 9.103084003486071607e-01
7.115250844852353262e-01 6.054310339944779518e-02
7.039855412456602624e-02 6.322541032499290337e-01
3.598482085147085008e-01 2.438170802837628937e-01
1.253919154286861071e-01 6.226336130771219501e-01
9.245245392417573704e-01 3.058434814892859177e-01
5.291592090333947507e-01 6.456600868988693342e-01
2.917842606503925351e-01 8.332812968343575322e-02
1.935767333812124513e-01 4.925648282172388481e-01
6.514393080849629758e-01 1.353804416906692343e-01
9.120538581534307632e-01 6.469403249149910939e-01
1.290038285034728061e-01 1.555885947564142890e-01
1.702045223793256512e-01 6.707072129181514963e-01
1.252402026733480944e-01 3.695830488244396528e-01
5.495534297116362321e-01 6.632432214223605849e-01
5.642137983166173321e-01 5.993278431767430359e-01
4.509014235953943128e-01 3.761131199404658676e-01
6.593793899250598445e-01 8.617436602506586274e-01
5.896246557877293792e-02 2.670989082416753702e-01
3.682427339872380023e-01 3.893267839887868953e-01
1.334526208123357760e-01 1.509709998286242749e-01
6.870447447497245175e-02 4.333766787594283687e-01
2.959198561393498461e-01 4.795965826292171441e-02
5.673322543338161772e-01 4.089819239405234619e-01
7.377280249132175394e-01 9.090492272351626823e-01
8.593107553785298003e-02 7.629705004432774107e-01
9.724328412564576807e-01 5.424196140351436046e-01
1.614490183872596685e-02 4.808896724852246285e-01
2.240442646229472423e-01 2.617321713641628245e-01
8.197082138170082022e-01 5.358546226986430350e-01
2.463146059351711548e-01 1.853314911411779731e-01
8.048130534113911994e-01 4.400974277084694908e-01
8.124243998875192441e-01 5.008641852804236461e-01
4.586790652796177703e-01 4.231036778216994421e-01
4.682264291726128125e-01 7.883288552096523460e-03
7.031027078575063927e-01 9.563687451558178232e-01
2.941836755815246396e-01 2.612848621180139386e-01
7.308332333824374416e-01 4.308001542400540784e-01
8.246669625425878669e-01 6.550739238040398371e-01
2.440392685830453656e-01 5.543628670707512196e-01
1.363080342675054846e-01 6.746963025677772396e-01
1.914904192838847163e-01 4.954518790081640089e-01
6.818616762046448843e-01 6.645874320172185934e-01
1.854716423121132163e-01 2.724066901822647102e-01
6.349152678666518668e-01 2.245604952692478729e-01
6.057596204674606938e-02 5.207412856729317641e-01
6.004543890915519100e-01 3.015491354116380252e-01
4.841343346108334389e-01 1.245866588454392909e-01
1.660181811330646018e-01 7.547214305367875298e-01
6.001114011479041777e-01 9.139699130468965649e-01
9.573862426190451469e-01 4.892694525879875966e-01
4.789124135736910204e-01 9.306211867572901086e-01
8.236468685594122707e-01 5.526257505478788801e-01
4.825521522928556406e-01 2.493222890831404276e-02
2.726302250896479040e-01 3.007438868105012375e-01
3.531507634302082921e-01 4.019158674160504541e-01
5.882011085301944719e-01 2.158247746243141529e-01
1.774555701641382655e-01 2.960765156182920688e-01
4.377738055213462598e-01 6.767272423351622379e-03
3.131425748177765755e-01 7.995047008776755559e-01
2.447797153180500118e-01 3.676920245628234607e-01
2.594796837422372882e-01 2.287344467014494898e-01
2.382639307438503828e-01 8.879729240310916261e-01
9.315304629930010183e-01 4.579926876644238032e-01
3.886710255295159899e-01 4.882069193650483419e-01
7.879315364053781634e-01 8.339772253229585930e-01
6.375748924266806394e-01 9.863791950381036733e-01
2.841611259885811203e-01 9.448135124515738559e-01
4.094153867212027564e-01 9.514481528218267092e-01
5.080901180690671204e-01 3.635027099189966915e-01
9.659977841197744941e-02 4.103067849106198928e-01
1.211927574158771087e-01 3.531254405663034612e-01
4.531255814633327050e-01 2.703560186924026665e-01
2.387215697023731820e-01 7.269379572302411274e-01
5.472208455216747147e-01 8.938982427496307004e-01
9.104391270689795590e-01 5.498819664268009832e-01
1.129535187942657393e-01 4.781034831116587336e-01
7.432358950771453809e-01 5.547027101084617273e-01
4.312934706495992199e-01 4.621324588682772516e-01
3.415654570036109061e-01 4.456445436942303440e-01
6.674660779299922408e-01 8.724167541765113221e-01
4.667969835008553003e-01 6.051503556106963000e-01
4.622585309038897416e-01 5.659468970538132915e-01
5.582676574076675946e-01 1.093104318185935675e-01
3.556577708888758460e-01 5.813980697552175725e-01
6.117965090162731379e-01 2.235277565264879862e-01
3.419713492160304513e-01 3.091424494232278830e-01
8.326460588650633765e-01 5.925414396331215583e-01
5.229708103852366285e-01 6.303084094119301151e-01
3.777074529164655137e-01 8.792490676655486670e-01
9.761724688768692870e-02 3.160333636852397099e-01
2.429226997833692780e-01 7.868511580479028433e-01
4.662834739222941893e-01 2.291215900801417404e-01
6.053645429728509164e-01 3.493005041983830439e-01
4.485079812538634858e-01 4.520494594684931200e-01
7.192736147156940651e-01 7.061189555790234884e-01
4.845508032012832977e-01 9.424087420167894802e-01
7.580413436563842033e-01 8.171159751988422704e-01
1.952053582380564034e-02 5.116710490055779159e-01
9.048065107842855337e-01 4.084872341963656783e-01
8.513418811162859479e-01 5.710695758203835348e-01
2.250541232340157460e-01 9.127346643160479944e-01
7.566582383807709533e-01 6.682422623264899775e-01
3.729151370785551700e-01 2.067156603344861010e-01
3.103830847569799545e-01 6.166787164695063383e-01
8.510287718037552462e-01 3.585818519860249909e-01
6.727813037212672098e-01 9.524273975649579782e-01
8.795951986739906081e-01 6.710067298307115236e-01
2.694073928472018875e-01 4.023830837416385031e-01
2.337279174705984008e-01 3.805635196322795233e-01
5.965702137948699635e-01 9.129776835353947684e-01
8.120114256570238886e-01 3.122569800500341053e-01
7.276963732770637128e-01 5.988618130526559558e-01
5.882105684301239812e-01 4.315054358891171615e-01
6.904164130388759091e-01 2.468408515060580566e-01
4.813392976218409114e-01 9.862170132167012992e-01
3.476959175545291103e-01 4.261504148154980354e-01
3.757422936472940567e-01 9.621761428746029576e-01
3.839287152295427497e-01 9.035958213269430495e-01
2.398601534412731495e-01 2.183591646479395854e-01
4.118801807010359362e-01 4.476424355809127675e-01
4.399237124403133636e-01 8.176984491070857786e-01
3.704781916977385459e-01 5.796490668294462800e-03
8.396685645222925487e-01 6.963634679240963132e-01
4.925696023457127870e-01 7.401639051175157302e-01
4.202688032207887447e-01 4.442072659883941621e-01
2.969658598077805078e-01 4.094122528870197675e-01
5.786944090712549116e-01 9.880089895788010113e-01
1.646669922874401670e-01 7.626177685599802025e-01
9.309236581615103479e-01 4.248778397214467151e-01
8.424228362926471092e-02 7.461435898909026809e-01
1.110240897982199548e-01 6.292834681786966256e-01
4.656748971408417037e-01 8.447350714846704189e-01
2.094298501672241797e-01 6.053211893586161185e-01
4.586954235120832002e-01 9.668529011986501942e-01
4.663651974964981295e-01 3.051625482634123809e-02
5.502480041808676114e-01 9.830021222331287722e-01
7.633689651821652378e-01 9.014660337110369515e-02
5.389556207450595382e-01 2.329775643663794804e-01
5.883550262408782094e-01 9.925929563471640460e-01
5.272960149316031631e-01 2.773555160175938394e-01
5.655497232753031733e-01 3.680168467177942770e-01
3.146874564460884205e-01 3.733547177475651790e-01
1.771663804002021059e-01 7.696538108765336172e-01
2.870517676598042245e-01 4.943025272862513475e-01
5.203746695337319039e-01 4.534879567079213025e-01
8.047603727253720418e-01 5.291348998057658903e-01
6.561888987755181146e-01 9.407478715157133742e-01
1.206551869731736781e-01 8.441086640219553905e-01
2.553362893364675146e-01 9.103914302395510472e-01
3.803336171408133737e-01 7.109056587205744293e-01
2.627942406764309236e-01 2.818213693458756497e-01
5.465810853355174137e-01 2.664225122247498856e-01
6.452365547050614714e-01 4.605845306530845784e-01
4.499844092180143029e-01 9.266996063863081057e-01
8.691676800657832658e-02 7.896805624333075313e-01
6.990393776561210082e-01 9.277055577171826606e-01
2.973552535421357668e-01 5.955630798353366284e-01
5.613485740316281891e-01 5.439102542560412257e-01
8.527946907066864812e-02 4.376881775696594423e-01
3.777918391010846588e-01 5.980095331846601026e-01
6.482386920850355949e-01 9.205045761040727692e-01
5.256635843965993260e-01 7.034752313532319778e-01
6.136661324610849233e-01 2.078330258998634383e-01
7.633065497078147521e-01 1.568421440306721759e-01
1.410452937097131931e-01 6.617014019718229223e-01
6.479006967085044755e-01 4.695985384300562782e-01
2.522348824094848840e-01 8.679943456809291469e-01
6.168325313319944492e-01 3.925583960004874751e-01
4.784600264873659081e-01 4.156330594456714156e-01
4.809672448942238221e-01 8.295635710445222744e-01
4.843962939132103740e-01 4.476696436157319159e-01
7.815995244656229191e-02 7.271664473848229449e-01
7.449515392419477078e-02 5.409072153232080682e-01
6.030034677365332385e-01 1.850370788062316585e-01
3.006858341475789898e-01 7.150978786176835911e-01
8.747163993405393523e-02 7.480948829663105482e-01
4.896387814363908353e-01 4.040880011963551288e-01
4.187888771996871040e-01 3.573135556797295970e-02
8.164674717705366902e-02 4.751877693667532765e-01
2.600155673136657075e-01 5.040813316077862316e-01
3.552815593951123563e-01 5.021450481140399269e-01
2.948177247866454742e-01 3.765884349180370627e-02
6.072867231457498294e-01 7.762368861981594481e-01
3.844413569498850713e-01 7.507454042305496122e-02
2.965341653831581881e-01 2.449293140284310721e-01
5.957004410657706917e-01 3.053055968650780772e-01
4.746844147010950143e-01 6.709739268955012825e-01
4.712504677786311658e-01 6.209584881702801679e-02
7.594178812007746915e-01 6.311791180661382450e-01
2.301142040248959908e-01 9.084591480855311318e-02
2.307628838052589448e-01 3.834920043787639621e-01
8.118922532414010185e-01 3.858823267461879980e-01
5.096596348971566687e-02 4.965463667605983789e-01
3.605542119602344470e-02 4.964210534844525347e-01
5.067750350800420689e-01 1.917136882043772861e-01
9.192765608501658470e-01 3.660181308275896050e-01
3.792932252539467641e-01 2.825577508843644114e-01
9.852162188974634693e-01 4.854403914965604860e-01
5.830035349097405506e-01 5.090162691191117972e-01
6.689813050822754903e-01 6.735942883850770668e-01
8.636731012855158873e-01 7.502253112667366386e-01
7.156377317954180084e-01 8.654607888753256262e-01
7.861564455111758054e-02 7.653326657974637293e-01
3.531771821404056655e-01 6.240378752826092335e-01
6.808160551496375001e-01 3.528193194755373518e-01
6.947202398801310963e-01 5.186934625979032765e-01
7.002438496140115376e-01 9.640145369185403323e-01
5.715983537681831317e-01 6.558268900008917823e-01
5.344094714246641065e-01 9.446380497452919189e-02
7.873907340118112552e-01 6.251791328824155558e-01
5.206844214310208940e-01 2.926066999810630898e-01
7.912567020430596454e-01 5.376226693927915745e-01
4.851964282622148739e-01 3.542766786150655656e-01
1.104531837972128061e-01 8.338055124019074782e-01
1.405938129535866388e-02 4.571246353380735705e-01
9.035832202854828799e-01 7.211421666406441222e-01
6.888286004319318367e-01 9.977727991696189180e-02
6.616110355509741137e-01 8.174439599033389570e-01
6.037795089131279269e-01 9.143371785081642056e-01
3.623729154762501681e-01 6.177664659323847118e-01
9.372299273432107558e-01 6.035196354514128503e-01
3.527571991975566035e-01 6.448342639179303060e-01
3.686689518823015876e-01 3.954601424811787780e-01
3.036468502724442020e-01 3.207161045205720873e-01
6.971229898915316525e-01 1.912347840073851113e-01
5.468609104647463859e-01 5.958247178080617878e-01
5.651440458398835354e-01 2.730793541351472786e-01
8.713604542197872505e-01 2.913628025526617815e-01
5.826643577684531561e-01 8.417217574262771951e-01
8.191498720269525524e-01 8.393112728986141802e-01
6.871338969796664253e-01 3.968857520781515769e-01
8.326595673318559765e-01 4.442346319877958361e-01
3.106818688860373823e-01 7.141865072954833860e-01
8.852079919862922974e-01 3.546292310891092647e-01
1.915768786810274071e-01 7.781740590464849561e-01
6.130026135107834451e-01 4.081783920930998066e-01
3.619756296325744027e-01 2.564087650902457383e-01
2.559896747300067221e-01 2.025508120957322244e-01
5.396715929103290676e-01 4.329355906379645513e-01
3.713043374474065961e-01 5.151184673824660276e-01
9.351288543205413806e-01 3.234045420385169844e-01
