5.229294177605932070e-01 6.212817916435005028e-01
9.871077334774041034e-01 6.540071378470801999e-01
6.164243810798152312e-01 2.969432531619204396e-01
3.081669967367992591e-01 4.731741761888028641e-01
4.473651706607045808e-01 7.387801718045318156e-01
2.876321773884800148e-01 3.558360991838882548e-02
7.106485081956170902e-01 4.920600544660809206e-01
4.953129511422876274e-01 2.935275560346423118e-01
6.081871201641527724e-01 3.121144672024583899e-01
5.948098913348466299e-01 5.237812419559429999e-01
6.605200260748195218e-01 1.451775830178744786e-01
2.289498143805807073e-01 3.628295523900136321e-01
3.523221696136651371e-01 9.481759598860335370e-01
6.426766699587173060e-01 5.722983750356742672e-01
3.725020702805952877e-01 7.945634571657723688e-01
7.020193779496182174e-01 9.928822450687465606e-01
2.960309242842565358e-01 8.899486682482777855e-01
6.488924231231892881e-01 2.254351373994191443e-01
3.150741218835815260e-01 9.357547793566861616e-02
1.361041312394133396e-01 1.156927756898148418e-01
3.701626356894809344e-01 5.533248317493533186e-01
2.370434145090245248e-01 2.913131274071231180e-01
4.144769268873295665e-01 4.460616571134466968e-01
8.229417190219141531e-01 9.584345093718571462e-02
7.882103578321910664e-01 9.048735310195060721e-01
5.750010743851581285e-01 4.074393070619819479e-01
6.501004245224712985e-01 2.466125021508569493e-01
5.371990406026658782e-01 3.098344905917027603e-01
9.364775572085917155e-01 8.115895468530022194e-01
3.098730002754002816e-02 3.773069267670566829e-01
9.184390241291946477e-01 4.909667215322248701e-01
9.137746991531260354e-01 4.076432814521245285e-01
9.011805132085330960e-01 5.906265113557033208e-01
3.165288454396037454e-01 8.800825307497507355e-01
9.125186392280079106e-01 6.951485855595798125e-01
7.171380786080112646e-01 1.756653441090065548e-01
3.715558126074131051e-01 5.312570541412399150e-01
3.857458506962235245e-01 1.934256160719383666e-01
3.642266723247983840e-01 1.299365135001462057e-01
9.085594882114094162e-01 4.369863155400570132e-01
4.442721796153719094e-01 8.852705670560556683e-01
2.404860630368583219e-01 4.366527094543900533e-01
7.996765398818984627e-01 9.564029291152460477e-01
9.113590921735140737e-01 2.719766746965356918e-01
9.934172249905479091e-02 2.656818927822395815e-01
6.392734121608231179e-01 5.863335501576395492e-01
3.724728621641287818e-01 4.133670091134717950e-01
8.615674007282474456e-01 3.961558060531427672e-01
2.019510528122024917e-01 4.280215200097055028e-01
3.176580163263250656e-01 1.780677444028752887e-01
4.658557047496217907e-01 3.033936380164966584e-01
2.937439963699517778e-02 3.337672371524693649e-01
7.978612764975570038e-01 1.955333170642758744e-01
3.481040647195436932e-01 6.669759661760221725e-01
2.264326683161611009e-01 7.439542553193925767e-02
3.999814271687501810e-01 7.577201880372819165e-02
8.118806598184431511e-01 6.358669302391471989e-01
8.725025094841135087e-02 4.926953057562400984e-01
2.228948708364649478e-01 6.160878468086672388e-01
1.674228688621670624e-02 5.806454410857077031e-01
4.946791401523304987e-01 2.761466051072098971e-01
1.896401581300946049e-01 6.948289946506847059e-02
3.408499118612839385e-01 3.318511036257266178e-01
6.229157964858713648e-01 1.874072234038015317e-01
8.853728961921348839e-01 8.887882748496783725e-01
6.872650831466835530e-01 5.829765392409044233e-01
6.974898793434103350e-01 7.161477819933741440e-01
3.012273795212467298e-01 8.965723579531431620e-02
3.886833443163574264e-01 5.954767822651215736e-01
5.997635119393549541e-01 5.152677465750586938e-01
7.189661370550280983e-01 3.704001119768790540e-01
4.014234110396835975e-01 3.906950145987386769e-01
7.127321151720610315e-01 5.250025963072045831e-01
6.889651290430470754e-01 3.643607573386020704e-02
1.779610036390164574e-01 2.799922784022949029e-01
5.621624556660143046e-01 3.695698187089454523e-01
8.886344790848625941e-01 2.149816351537390258e-01
7.797042988957558762e-01 6.398200483475814382e-01
2.330476332403265127e-01 1.930816565826165288e-01
9.324946325839780226e-01 5.444324975814573975e-01
5.345390209374325519e-01 1.384552300737821318e-01
3.299534700570498358e-01 4.592133399773944968e-01
9.299818019100429822e-01 3.747957685061747979e-01
9.374681108939583174e-01 5.068274586611226651e-01
1.687562151935595445e-02 4.236131129387965544e-01
8.913085366542123911e-01 4.682148236038460309e-01
6.027764753023725497e-01 5.762375798220746581e-02
2.354324842104499327e-01 3.708505105845190664e-01
7.003422676916130074e-01 1.197899672608967597e-01
8.074353778438885243e-01 5.559271375065465426e-01
8.445837126917765669e-01 6.877021638484683841e-01
8.891764845071926660e-01 5.173391349843311504e-01
5.436044498856054119e-01 4.238489437037738505e-01
2.158051225490581482e-01 2.481682145363682812e-01
8.886478802229729190e-01 6.908435508287862348e-01
2.067854381015512000e-01 4.773592217454747377e-01
7.304874270155423122e-02 7.045625306890739292e-01
2.298798010116963608e-01 5.176861828300626245e-01
6.971365334147799908e-01 9.559051023844068462e-01
3.150946735520428477e-01 2.550575122977781772e-01
3.668264930235337062e-01 8.215735820917263732e-01
5.953131216164612161e-01 7.593988874726206317e-01
2.816147728018595364e-01 1.968020294027592043e-01
7.497536477758680595e-01 5.129606656371490381e-01
5.845573910668186990e-01 5.805810975879299729e-01
5.350807410288036525e-01 6.947080038936894741e-01
6.807620246296941513e-01 9.035369681283740295e-01
7.214857359325503872e-01 9.889473440478944166e-01
6.893766223130182169e-01 6.613615050834120712e-01
5.226600328239419113e-01 8.127383432874706326e-01
4.652939097543199454e-01 4.651135365098367225e-01
8.752003187631921532e-01 4.541479828446352562e-01
7.276835392621874288e-01 7.196602843197419386e-01
7.956111196952352360e-01 8.543589247556055977e-01
9.167163998747926978e-01 2.671771415328018096e-01
5.682699073727396494e-02 6.332831235895661770e-01
6.209098749527985905e-01 6.133834686592491980e-01
7.984045236011283464e-01 3.880140086570801894e-01
2.986162397589491868e-01 9.438361117636243636e-01
8.255546362365842050e-01 9.428649070720570569e-01
2.552774102991357541e-01 4.329912117736900434e-02
3.242392034274080292e-01 6.495850458721277310e-01
6.464751131829099551e-01 4.788850148931340228e-02
5.991169454236572323e-01 3.699414489247220689e-02
5.125297915658981462e-02 2.984197172072549087e-01
7.706211360363980356e-01 8.333470013357830997e-01
7.589355455794306593e-01 8.320832834684867008e-01
4.439644443533957152e-01 2.497157863213218809e-02
4.670843595926898462e-01 4.583031444773226770e-01
3.697926307719308636e-01 3.782614866000220122e-01
1.209558358278022272e-01 7.773750993806034515e-01
8.972014541000172816e-01 3.800191090615012701e-01
4.394843131017792670e-01 4.704486553158390705e-01
7.011023086310306240e-01 6.255332966672535466e-01
7.122946265968365109e-01 9.913975181423700933e-01
6.395294498334320732e-01 8.495824831426399548e-01
4.470929069804944755e-01 2.739746129737187785e-01
3.849238253387708975e-01 8.530436939350510839e-01
7.273859837525801231e-01 9.788684145434211059e-01
8.652802044378524737e-01 7.932282011769955510e-01
8.354600749038156027e-02 4.405124818304309575e-01
9.855126831514799957e-01 6.722932548157237731e-01
5.650957745050677605e-01 4.395378729693545372e-01
5.996882722295235890e-01 3.134353341590950803e-02
1.894244661059179269e-01 1.747336723021361560e-01
3.353569826043553137e-01 3.017181768814573006e-01
3.937455645752574451e-02 6.609148052981163035e-01
9.848312219950963176e-01 5.597573264904752710e-01
5.674012295338146661e-01 9.680023641493270548e-01
8.902679319847726092e-01 2.578587119323053622e-01
3.889148960955496337e-01 7.416057062329459715e-01
7.879922110642409994e-01 2.803802399114468380e-01
8.832502582305168382e-02 2.206253379541138204e-01
4.531705779412521506e-01 4.165649398712155116e-01
6.018141052560818105e-01 4.809047740810614147e-01
6.435608551804864463e-01 7.040881357811268337e-01
6.174195518390663828e-01 1.818031055110946870e-02
8.079871504603630683e-01 7.931146503354371546e-01
1.841857313082818637e-01 7.254372329381819640e-01
6.921749282415190496e-01 5.578395465821706090e-01
8.451590085537945551e-01 1.151676671355856829e-01
5.376757118646123823e-01 9.971837672855107249e-01
6.781735642872378511e-01 3.749600759966731367e-01
2.371330162566189503e-01 2.334970194098692775e-01
5.602449285071181562e-01 8.489288818321414354e-01
1.248282803691566911e-01 2.011252156544606762e-01
7.384329387603321138e-01 8.850633994168399798e-01
9.193384091267742253e-01 3.706827269696523208e-01
7.929641293880942410e-01 8.599594886112432723e-01
8.144500545973568650e-01 1.992071449130927985e-01
2.279211088574120692e-01 6.084674697449257152e-01
8.716348369568546195e-01 4.855638009454268378e-01
1.998575321493746837e-01 7.093189099023138322e-01
7.896939791448039925e-01 4.575381221615161809e-01
7.832902005170000459e-01 5.218690876757079433e-01
4.314025070135144024e-01 1.073931919075006847e-01
6.504568881364494182e-01 3.757730816385098649e-01
8.391928911676889147e-01 4.943663796102586439e-01
1.027900731717342475e-01 3.942004802617647408e-01
4.918374787280391236e-01 5.777792889886492755e-01
6.360884457375162171e-01 6.031462520960937379e-01
5.243945506226030950e-01 4.699511115466761813e-01
6.912259105417348781e-01 4.623604698496280863e-01
7.566327198913711527e-01 5.383006116904875960e-01
6.499801863498528842e-01 1.515325641317115113e-01
4.137749438983632788e-01 1.957338618174590816e-02
4.725031704696507351e-01 2.981660033740127780e-01
5.664807850330892958e-01 9.720395957654184294e-01
5.778344028795338039e-01 4.870777557312112593e-01
1.779714827088070273e-01 4.581392060901900987e-01
8.795275480226062426e-01 3.857901008947769994e-01
3.597331194961823631e-01 9.734294445241383764e-01
4.339357592117879525e-01 1.711480725408289286e-02
3.102509623543580064e-01 3.206488956259355705e-01
1.605482329745984704e-01 1.062366876737059485e-01
2.905073327232809421e-01 3.033628000203834052e-01
3.980512190379219550e-01 5.705126069168889869e-01
7.964617345988000974e-02 1.968876914357724495e-01
3.864222853072405428e-01 6.614667528705907573e-01
6.003410529264612272e-01 8.629937663648989954e-01
2.984381046453803421e-01 2.384776440728159919e-01
3.574920769457112790e-01 1.537350699143799904e-01
6.357634036664524535e-01 2.827717081359581996e-01
5.349475828733049054e-01 6.590849329407021118e-02
6.064308632903143703e-01 9.540076563721141545e-01
7.662347272292326927e-01 7.411030755659469005e-01
6.076176126633273666e-01 5.420584208760986789e-01
6.918164128819332959e-01 1.468343179376034313e-01
5.722134200665350556e-02 6.007291610259123393e-01
6.059707158127207727e-01 9.782856115483893333e-01
4.141508178660187611e-01 8.051887440519576167e-01
4.292238850363195857e-01 6.735926658057282967e-01
4.515480632035214215e-01 8.501214373014222003e-01
8.258014018026937908e-01 3.942280890138655236e-01
7.775593148413920686e-01 2.018436179232426242e-01
3.742715181600974050e-01 1.712208308855345251e-01
1.466651121061176566e-01 1.040689442406256271e-01
8.558456320579872489e-01 9.167288661110309933e-01
9.476908165003492535e-01 5.830234367975134502e-01
3.619471137534551186e-01 1.086013324323565482e-01
8.795352605083434083e-01 5.589743721445772362e-01
1.173269844842113885e-01 3.849222421815290951e-01
5.864838850481524091e-01 2.275708002316280121e-01
1.179881295320972245e-01 5.453214239129778873e-01
3.021103672739684498e-01 9.502969986761659049e-01
7.184159694399190332e-01 8.555369969798747309e-01
5.234329647081890080e-01 8.172047172320275887e-01
1.486539291030247213e-02 5.080051633601481154e-01
6.472152700914725054e-01 3.907873777324057940e-01
7.846003827813312625e-01 3.683631458329154618e-01
7.264667205194162980e-01 4.716842257413100814e-02
3.144879177295133443e-01 9.073621564355747182e-01
9.843618594076029016e-01 5.464037270575585747e-01
1.615724172035488682e-01 6.244028750992570709e-01
5.803079375118512795e-01 8.762008985023186369e-01
2.109967160335271541e-01 7.267117038305490051e-02
7.691881103204296632e-01 2.453538770295392302e-01
1.221534109321742306e-01 6.908760746631054106e-01
8.548285033993583415e-01 2.361860651961588675e-01
7.832342763287593046e-01 4.709065400456703410e-01
5.305287430518518255e-01 9.097202924300722415e-01
8.972781463254208001e-01 1.788262328418230851e-01
4.335694570049752894e-02 3.096199326860561984e-01
4.618882401225686829e-01 4.222880779175801347e-02
6.186003442535094043e-01 5.957412016791711062e-01
7.228866964269152762e-01 5.428496864163120383e-01
5.272678476617927157e-02 4.981715211518452646e-01
4.796737627693721251e-01 1.342201632525332755e-01
8.852939913405317718e-01 5.269995652210921477e-01
9.701696171281827541e-02 7.352038858052473147e-01
5.670325495411191463e-01 3.664324054930224728e-01
3.052224674339587551e-01 4.907418682774933871e-01
4.522677840669928617e-01 1.708925947147794389e-01
6.612601663283165232e-01 8.288003281396004729e-01
5.849544033203823989e-01 2.303289238658075833e-01
4.140596788806358841e-01 4.405552785450333464e-01
6.502693915425367122e-01 3.269733923658991737e-01
2.212975290755114233e-01 9.635136777973529743e-02
2.156028478484245114e-01 8.209233839678666822e-01
7.305530568049184437e-01 3.438521669572466299e-01
8.826188617315178231e-01 6.640287400502845605e-01
7.357832900417426991e-01 4.918817188930892925e-01
7.688833148285401098e-01 8.722070005667454939e-01
8.454076400677367209e-01 5.427713108082478088e-01
3.519371354361097159e-01 8.650913565288954610e-01
1.170265366991911637e-01 5.122655861868915528e-01
8.196998286693107927e-01 9.397837227241112590e-02
4.933870364426833355e-01 5.068485734235382845e-01
6.271893178012859504e-01 5.708168212928255159e-01
8.677974923830187315e-01 6.228055810860834152e-01
9.265229106329675446e-01 3.930662583937895027e-01
3.831554586546080943e-01 4.317980632817364217e-01
9.826036249266537626e-01 6.953788908825171422e-01
6.803928219989922033e-01 3.410028679434615739e-01
3.073202091889546406e-01 7.834578135327380233e-01
9.618911353444874468e-01 3.477061674135034641e-01
5.895435587833299795e-01 7.711700821394142924e-01
2.086749710311107397e-01 7.817293463248718988e-01
2.867444597918155091e-01 7.577931242537417900e-01
1.890967947780571312e-01 1.343447093099990053e-01
3.611738094510187347e-01 1.315707465536402609e-01
8.834523563223305453e-01 1.545464944906144167e-01
1.083078541245863224e-01 5.400736640391801124e-01
9.443723756378978873e-01 4.644552210299341954e-01
3.777507063596665660e-01 8.887448704982101599e-01
5.610160507804068386e-01 3.648412066601455228e-01
8.090545939549813603e-01 9.518369140169693488e-01
5.610889431700369911e-01 9.979658759301592852e-01
8.335119890578341906e-01 2.353628390228759693e-01
5.352153220677560164e-01 6.712019705752770848e-01
3.476064004643277805e-01 7.520204181192566839e-01
4.337689567072716690e-01 2.909634087829093829e-01
2.319767451842587869e-01 7.955489513633696719e-01
6.157199266540198668e-01 9.189024799891611917e-01
2.781232069103599103e-01 6.293434056414446420e-01
7.794576282514823484e-01 9.654542719723433475e-01
1.955096209793081297e-01 1.886496556222845289e-01
8.627231783645031848e-01 2.415921028509212531e-01
3.157471244202975647e-01 2.591869299703440932e-01
2.340784816979216421e-01 4.481891025089169700e-01
5.843969479363267938e-01 1.418167964664709957e-01
6.357189576021987643e-01 6.777219448986050443e-01
3.333384174947311984e-01 8.300224106172532368e-01
1.567142175247746849e-01 5.500809443656956566e-01
3.121716259878901667e-01 8.834544086328738333e-01
1.271479285514911794e-01 7.225993268133226177e-01
1.004073595727212748e-01 5.353331516318972083e-01
6.835576979010299370e-01 1.250849193057704811e-01
7.681485346355749755e-01 7.377534296820554838e-01
7.149737493189597393e-01 8.564627024780333553e-01
9.796218478108457139e-01 6.553665170152012109e-01
1.687588693773827975e-01 1.349995929403274286e-01
1.901113405737184237e-01 2.019637758542082717e-01
7.225375692708769781e-01 8.733746237312209892e-01
4.943365248673261547e-01 5.888138707022723128e-01
2.254698144697311057e-01 8.146919629656318440e-01
7.615085380688109140e-01 8.263502520982110022e-01
2.872096781150000333e-01 4.925941520467924661e-01
6.926013023190346063e-01 2.870193745909387362e-01
8.992211084650856279e-01 7.360589009144791195e-01
3.354921207125909355e-01 4.108225708178006585e-01
8.206013809260074288e-01 7.258574191804830766e-01
3.202653433106842362e-01 3.212594810887834940e-01
2.082856725440532589e-02 5.543999575290012860e-01
6.278461734235225578e-01 7.748441050198149327e-01
9.815167502970197078e-02 4.261805314013200618e-01
6.540920180442992837e-01 2.946547932801778513e-01
9.827201460815663259e-01 5.092839986507954331e-01
5.370918252497782763e-01 5.651996510898091852e-01
5.164954393512930508e-01 8.815301239388270149e-01
9.653282111352137207e-01 7.375341276415877667e-01
8.305730368554807563e-02 2.606877917313331627e-01
6.542575447957179602e-01 8.319822400514332861e-01
5.692133519811017894e-01 2.531436243518839224e-01
9.172232704938250158e-01 6.908721405498016166e-01
1.221658344486160203e-01 3.802925883245246719e-01
1.270892362095385197e-01 6.473949828888035940e-01
1.323875780626599941e-01 4.806601347861660933e-01
6.224729073455588235e-01 3.432855173217841949e-01
7.885753172458336291e-01 7.933363242878183064e-01
1.171676002636911074e-01 4.329672186036686021e-01
2.114590585857087923e-01 8.712856081766230387e-01
6.278882045702391945e-01 7.151208983240650019e-01
9.207540997415137873e-01 6.967085297354161932e-01
7.660224414570671048e-01 1.140802298768033851e-01
2.691014094889199182e-02 3.283444155751426008e-01
8.829286765296290307e-01 1.736890489819175321e-01
7.535948733946449263e-01 8.463570715516327558e-01
6.223598548498981975e-01 8.631749772710975988e-01
2.781492895476000982e-01 4.084998034709239056e-01
3.304089567657345627e-01 7.172044253757744459e-01
1.936273949184154353e-01 3.875423806314758357e-01
5.260237798374400864e-01 7.688827935285974524e-01
1.437063979058040841e-01 4.577694342397410354e-01
7.411953667246878874e-01 3.608697030806635730e-01
6.088288654613792650e-01 2.151452944937415068e-01
6.915126584464238446e-01 4.952997378743959622e-01
7.869291039546099098e-01 2.745651119820149422e-01
6.064772954454407117e-01 3.532744072243119149e-01
7.098436457889618634e-01 7.087478690172078766e-01
8.851256130661702137e-01 4.500343021856830217e-01
3.337223042546864638e-01 1.673731103173641266e-01
9.169905332469062698e-01 6.145508101213372765e-01
2.565208520880777887e-01 3.285093056808647827e-01
6.043754017970901504e-01 8.681169423101543492e-01
6.779909281848708336e-01 2.289095229295645406e-01
7.376053831025826124e-01 8.971100217253665798e-01
5.312481531696202630e-01 4.990670945554298576e-01
1.760791911914234564e-01 3.609561535776720786e-01
5.540722356831659923e-01 4.849585114830512467e-02
6.193012040544192409e-01 3.292553680948882566e-01
8.496130642522816689e-01 9.221068197216067963e-01
2.953565952440113662e-01 3.657459741287795718e-01
7.856061922166879263e-02 7.222033339345218517e-01
1.289226652259589656e-02 4.885628613415343713e-01
6.716873300871226693e-01 4.614309091193476986e-01
1.181119411726144625e-01 4.776290808738293814e-01
8.721228798005862259e-01 5.307670347074018302e-01
1.709323793401896219e-01 6.863338228702569044e-01
5.633607779210199062e-01 9.734605077059774181e-02
8.225015111614448760e-01 2.830872295996175736e-01
7.648427116615162946e-01 6.190930008760416881e-01
7.605418121352778282e-01 3.068481430851755509e-01
6.305388482243758919e-01 7.441166574229229891e-02
2.622985864103211107e-01 7.607000826306352659e-01
6.450038640092408126e-01 1.968117365418701192e-01
4.681405815332579934e-01 6.117357152968128098e-03
9.779276360296584869e-02 4.831229376358266991e-01
4.986307948026467707e-01 7.681450628122374891e-01
2.357501682241924801e-01 8.945470485337727595e-01
5.474980515237547196e-02 6.565100939810327718e-01
9.671621378001363789e-01 4.351852430424371088e-01
7.727141980728828852e-01 6.895275258328913415e-01
2.824776882601292560e-01 4.481594665127052596e-02
4.834474141349662801e-01 2.959695171634028066e-01
8.484485800388860133e-01 7.545588565279610638e-01
8.348361952901690586e-01 3.125690437473927497e-01
6.115383979719930529e-01 3.938307865161839727e-01
7.277857361997440711e-01 2.343631990390884212e-01
4.967507793617921830e-01 1.651096494571498985e-01
6.344835677778541960e-01 3.854382882593782034e-01
7.771374108047340856e-01 2.397912869781680667e-01
7.847521141394370181e-01 1.369090077338988021e-01
8.441705803276357001e-01 5.620545488860069216e-01
7.697126629602246695e-01 7.644169205834836500e-01
4.017819412442845128e-01 7.285102697499263869e-01
5.337086647540412176e-01 8.026848464275808670e-01
5.339461676031334036e-01 8.912781729036899359e-01
5.789689402802595808e-01 8.633256967757551026e-01
9.640293826931778387e-01 6.338058098486227809e-01
8.177022841506360606e-01 5.629132440096318302e-01
5.187921653347545847e-01 4.352998938708675936e-01
5.556471288803147557e-01 1.859338038348428562e-02
6.859308500612559811e-01 1.735053816352540024e-01
2.999279106440864151e-01 3.236599447660630791e-01
5.270176330786642549e-02 3.708579056344243341e-01
4.739036038495456626e-01 8.002139954810180700e-02
2.237647569047133966e-01 7.737292008089002859e-01
8.730464400556283699e-01 3.801910517579503157e-01
5.277653678850603713e-02 3.384892157874643259e-01
6.526189556668995362e-01 2.899219685197616109e-02
8.650560440173351573e-01 2.012501504907880934e-01
6.298599198482798256e-01 7.136301130895390532e-01
5.665155346279276971e-01 3.390900027583088061e-01
2.489445727353337412e-01 5.398911564768649196e-01
3.909959694905054128e-01 6.419045486486458785e-01
2.383479431994882380e-01 6.136617675643003533e-01
8.163977164736279102e-01 4.740836861968135141e-01
4.449117768357584435e-01 6.826575557310078368e-01
7.385841922920522995e-01 3.538180371849857786e-01
3.395920478030736156e-01 1.598998936230228707e-01
6.214880632562691520e-01 5.638671887799066029e-01
5.621773339619637877e-01 2.878493002101295550e-01
2.737044385606335895e-01 5.069763162643422527e-01
4.327879383979174599e-01 5.270802439136971218e-01
3.426982501499399314e-01 8.790050596006351302e-01
6.665459112931797492e-01 1.950855950631754654e-01
8.496108502008077601e-02 2.945741267725577317e-01
7.644637097916335833e-01 3.890416482782754759e-01
1.527184129816351044e-01 2.510702875657943589e-01
3.229346255329689219e-01 3.342510569623191041e-01
5.720893563797384562e-01 9.782635528665178937e-01
4.935085082314956129e-01 1.650941307156900129e-01
3.380194569206944055e-01 5.382286249965712033e-01
9.256236958394232772e-01 5.906120154592346960e-01
3.171550489857051236e-01 6.552479075741530767e-01
9.742714812277230019e-01 7.334924503584006050e-01
7.972266141379840132e-01 6.665652458481163833e-01
7.323286320434361230e-01 7.739240446848298927e-01
5.882242677813068754e-01 9.762035698918367643e-01
7.608245736249820146e-01 2.551302596486794694e-01
2.983840613929937824e-01 4.698151156938050743e-01
4.115851041775141494e-01 5.643187007128709354e-01
6.298386825074854256e-01 6.338447552815907882e-01
3.847758039020416354e-01 6.943254630780644199e-01
9.678433380509331441e-01 7.487327585639766969e-01
9.157045350093515612e-01 6.812862878351624296e-01
8.969707759719857121e-01 2.765819810315192084e-01
7.878166111935360760e-01 9.820886465166475676e-02
2.987663325709518092e-01 3.550469911172260962e-01
5.662438322195970652e-01 4.348679655291884383e-01
4.340131160480935335e-02 6.037074135177338263e-01
7.902220430607950208e-01 6.427193136914464144e-01
4.291521957784097951e-01 4.389053751285821314e-01
8.111076986265580713e-01 6.895924204156830273e-01
4.733390777478665989e-01 6.432691682895533836e-01
3.585540134446605909e-01 7.388542162723916729e-01
3.444257880994466836e-01 5.222217176771268843e-01
4.041526245668008999e-01 3.709694505975984491e-01
6.589034723475034605e-01 4.347892671400673814e-01
9.834416034322781552e-01 5.255876164099553272e-01
8.654669844435762815e-01 2.461127764661488193e-01
5.284871710007558177e-01 3.567585970775251081e-01
7.971256962579269245e-02 6.878567668525112921e-01
4.416548431594646829e-01 6.705362454791147231e-02
5.735777333272851219e-01 9.594439077911174341e-01
9.228859037713494917e-01 4.116421131652263643e-01
1.750628390193801065e-01 8.072481023532498412e-01
6.586432114416750361e-01 5.695508805393297846e-01
6.500907159655562317e-01 2.375845094470782626e-01
9.912887262663484800e-02 7.281630238187603021e-01
3.211666641922890086e-01 7.901241173144313290e-02
6.468311014052265939e-01 2.553908696602802397e-02
3.054368192292162276e-01 1.571161846525926942e-01
7.957307361217229591e-01 9.111934235541108151e-01
2.110723251693176206e-01 2.530982921532656249e-01
5.087534878701555074e-01 1.847928347696211060e-01
3.449580077730144967e-01 4.829336652351302606e-01
3.515430213775890267e-01 5.155316542987985473e-01
9.575053277400111806e-01 6.735374898451021997e-01
9.680402905196788810e-02 7.328842147868814827e-01
9.470265246365623391e-01 7.023267987772685572e-01
4.131562182176847786e-01 5.900021895947220596e-01
6.546347788860962247e-01 3.431444689288568606e-01
2.547682725759720102e-01 2.535957057058407793e-01
4.061397951144720131e-01 8.871540315422039580e-01
7.847887839884574168e-01 7.514966344465456860e-02
1.465939677685060838e-01 2.896417390871708353e-01
1.609088298754227653e-01 3.439996344548265084e-01
1.895843468153779188e-01 4.435227662159911821e-01
3.627972897243925687e-01 6.301541067965711340e-01
4.159484896242328089e-01 9.393534253736508521e-01
3.023318506842541109e-01 2.510047933793769226e-01
2.153018479021846510e-01 5.199200160840645735e-01
8.596404422424792913e-02 2.519868690215719687e-01
2.341879195602831198e-01 3.769455405094798151e-01
2.349655149276081434e-01 6.591336022295564145e-01
4.608036029401224587e-01 3.181078021885314078e-01
6.108959276848260345e-01 7.975886339775002387e-01
4.832526963369295769e-01 6.103338663074493464e-01
8.130359456265786600e-01 6.936739709462043102e-01
4.336789946903476523e-01 4.952268202073827341e-01
2.617697603180941801e-01 1.348180422303093262e-01
7.579911600312987385e-01 9.125899250777368410e-01
5.979143218699252138e-01 3.252223437129554418e-01
5.655181338052941431e-01 2.647894369663456038e-02
6.245088133964347143e-01 5.502952789657263866e-01
1.025965400979775288e-01 4.322261842434070855e-01
4.743012519731723553e-01 4.801787948769243863e-01
3.251632839921261842e-02 5.253340080678767787e-01
6.011988883400725125e-01 3.173094187861510429e-01
4.320928877851972771e-01 9.199856585194861047e-01
5.990440583562455235e-01 2.225848971301507551e-01
7.048713069962164735e-01 9.582283173787089492e-01
4.889572111849500580e-01 6.272604228889184785e-01
6.549882971452554159e-01 8.748064821476400077e-01
7.086273710264926473e-01 4.183459809174372435e-02
7.319632388501515763e-01 8.969876794697304589e-01
6.971586426170994777e-01 8.745243321874686115e-01
9.120208410630246121e-01 8.516857381843381258e-01
6.074580728347704905e-01 5.755125853105076406e-01
7.318681323627020952e-01 8.009012897598326575e-01
5.040000880401047934e-02 4.917788070028831227e-01
2.414307323682637896e-01 5.897298471342195259e-02
5.374334578889634617e-01 2.219704449573276506e-01
6.047320779211124570e-02 5.752832553162268159e-01
7.816378286503535833e-01 2.572586604154675771e-01
8.104320839052442382e-01 3.677055032908875254e-01
5.136025789804979924e-01 5.863504945700557247e-01
8.779795178398152045e-01 8.012773580596098677e-01
9.199338760552664418e-01 2.194968809258572850e-01
9.695258957661764820e-02 3.431404067134419256e-01
4.477918809829858349e-01 3.938595745571678020e-01
6.055524923573218921e-01 8.481428457332970128e-01
4.307875988982186044e-01 6.713006797854179641e-01
2.461214360856374683e-01 8.177694351499041892e-01
3.239470575734505475e-01 8.945280312683410173e-01
8.232216501299348677e-01 4.231153409862916659e-01
4.339510981393303046e-01 8.381982017326396195e-02
3.404618032634310065e-01 6.182287883755579472e-01
2.830479923998001635e-01 5.594918355811653310e-01
6.146077582604486667e-01 7.004785627308406371e-01
7.117470303642362550e-01 9.915398408018220033e-01
4.012653543142855606e-01 4.005864338162011540e-02
8.770231083472483924e-01 1.706261710400176768e-01
4.818506193532242632e-01 2.169334672093473637e-01
5.207121541302675016e-01 1.764361048295600143e-01
7.372924821132962325e-01 9.017828219843376791e-01
9.201684803401516399e-01 6.376774528304778311e-01
1.827504071064649585e-02 4.239741754458414280e-01
2.547575442175027405e-01 4.679561735825026325e-01
4.539872239122535458e-01 6.485167652102313829e-01
7.404124866038406250e-01 2.014602339939422782e-01
4.880293203690322934e-01 7.280311809677083579e-01
6.346653597425334636e-01 9.469664331180459582e-01
4.983578304731762776e-01 2.315757059823686792e-01
3.249014119278330615e-01 6.510398748093211285e-01
5.035950340203901865e-01 6.677535977523734179e-01
4.799852889735649053e-01 3.692294182287066961e-01
8.190165035896006529e-01 6.322384615616277737e-01
4.500148433709905138e-01 1.741229453014998541e-01
4.675410262896116942e-01 5.274096190911028437e-01
8.135903206769801166e-01 8.636881250588089864e-01
3.755734821887846131e-01 8.326675458252074113e-01
2.700170307252335311e-01 2.037807170416531255e-01
3.415146397473524664e-01 3.140410678389001231e-01
9.157070018515675036e-01 7.210216117821766080e-01
8.232105808223038057e-01 2.689196742764525250e-01
3.226714233274644572e-01 1.570603870854099804e-01
9.736045107288517908e-01 4.056597460593188709e-01
7.728476866151712255e-01 6.861713628522497777e-01
5.274067994618466537e-01 3.858316987767962392e-01
7.651921429557586585e-01 1.201371123830887594e-01
2.326683425252632498e-01 7.542109032182986450e-01
9.082743923233913552e-01 8.051080645736902186e-01
1.162990799433046563e-01 5.986358441142523024e-01
2.424716933532853336e-01 8.688386388521950054e-02
2.074826557246007286e-01 3.592709460767744556e-01
5.288302639491823109e-01 7.862285378441582484e-01
8.535791807660019215e-01 6.322772783569633459e-01
5.970067845388213890e-01 8.400164593913201916e-01
3.405864616649534327e-01 9.381464496171054712e-01
3.815258712140876529e-01 3.979650318717443125e-01
6.847943991304490385e-01 3.208502850840925236e-01
6.093333090605335123e-01 9.317360207376969017e-01
4.234618121003804747e-01 4.498730486677030016e-01
8.530740470697607547e-01 3.748319619528575064e-01
2.944479612769857479e-01 4.240054801377705074e-01
8.043706482991328510e-01 3.730763470056631115e-01
1.615757152732857915e-01 7.804349304347644178e-01
7.293721441934625238e-01 4.714604504595242274e-01
5.859793019104453382e-01 1.445144275122263178e-01
8.831211503249692951e-01 5.673379361670181087e-01
3.060663574079405258e-01 5.215950081020610529e-01
6.766270406577138408e-01 4.775473719782530324e-01
4.316741828408814374e-01 6.037052676142281582e-01
3.763258583583339867e-01 4.921101128415418802e-01
5.978959049019364480e-01 5.726858128538281356e-02
4.031657008810506787e-02 2.772032198874960218e-01
5.305164590078988995e-01 9.054299224229536147e-01
6.105781312354425783e-01 3.737187378270833138e-01
7.016256708568507916e-01 3.991560632574585044e-01
7.577869291488635861e-01 5.966892646458958893e-01
6.536085120194641274e-01 1.417689219263717215e-01
3.193048887559487570e-01 9.602055131631136442e-01
7.595136039394145833e-01 8.123340038582335110e-01
5.614389882507324625e-01 3.988426442292208329e-01
6.526975387364664094e-01 2.428595896782772545e-01
7.041304861599359532e-02 6.487742841223353985e-01
2.127828424651649897e-01 7.759706548340132848e-01
6.445617665110672800e-02 2.516945522960961634e-01
7.870551589243136581e-01 9.442424697687030744e-01
7.265227178907557315e-01 2.640202533838807430e-01
1.802015167360230263e-01 7.556390197661020380e-01
8.939017082390997571e-01 6.610785148311750792e-01
6.433114337525204229e-01 6.010099349308253291e-01
5.939539505463150570e-01 5.205848335665421711e-01
5.006935719536023122e-01 9.428066990112650148e-01
9.384822850373688574e-01 7.228155312604153115e-01
8.208437358151404739e-01 8.680618084633218157e-01
6.906924150812095153e-02 3.015847243096442254e-01
8.407924478964949877e-01 3.367886820455874841e-01
8.413639092312943379e-01 3.764078663289944782e-01
5.801046619272476335e-02 2.382351765634219687e-01
7.424456903280054476e-01 5.106543719796025060e-01
3.237574714746471183e-01 9.365860589960927074e-01
9.614445866907151972e-01 6.046926100901177659e-01
1.683679144386441284e-01 6.957627963684703820e-01
2.314378564001683403e-01 8.906317412037751957e-01
3.611064160692971647e-01 7.971165790449995514e-01
8.813469795515066485e-01 1.513280582229324933e-01
7.492541347142558372e-01 2.328418704891829782e-01
4.309700167048134967e-01 8.724134823393601135e-01
8.420802428480056445e-02 6.058141410185274855e-01
4.631256013319431930e-01 9.286143451023625150e-01
7.472681462884128711e-02 5.865166478722386723e-01
2.228090909572917888e-01 4.908573428582093112e-01
2.095148355179015098e-01 7.836154988546023548e-01
6.586478415688367116e-01 7.350274311108587755e-01
3.596316726991041213e-01 8.054929416629806882e-01
7.762293605965427945e-01 3.996423187140750177e-01
6.020168355848707353e-01 9.203759763504597569e-01
5.825783673206170743e-01 2.038673405878140277e-01
8.924927106734658055e-01 8.801779754821488222e-01
8.444854376030684895e-01 5.436266500189499418e-01
6.914511645990653044e-01 4.373986909819487234e-01
2.895495496656390610e-01 8.856446087920638588e-02
3.289393151026329676e-01 9.140766408201780324e-01
2.678837959951865244e-01 9.227194756049849067e-01
1.473566057355556458e-01 6.745797474892811785e-01
2.374800716164524317e-01 3.017010538193177216e-01
5.167817893408411800e-01 7.437184414235196162e-01
5.373778709216978644e-01 9.214314699480127269e-01
6.914939093347055588e-01 9.941474973797861381e-01
1.143125660251323727e-01 6.192144140694795240e-01
4.597047035761743783e-01 9.527908187742512025e-01
4.164563012727874325e-01 7.892587526668708442e-01
9.814367930510569105e-01 4.910926770065121572e-01
9.378525300106727025e-01 2.698730462409801856e-01
9.386227284476852395e-01 5.715425755805008112e-01
5.457036677386583046e-01 9.587813184874180994e-01
8.891328465736496600e-01 6.636306118958655853e-01
2.193149736384242265e-01 6.868722294077594936e-01
4.863213991184702212e-01 9.480864344656334541e-01
4.242096342429014233e-01 2.308494884433667238e-01
9.769718586654043690e-01 6.837270273758334627e-01
8.707268802735932400e-01 1.628902723688049892e-01
5.556040454217012758e-01 3.289957519987113388e-01
1.683186915015034424e-01 1.600871937092349651e-01
4.637817626540047256e-01 6.877155562119523502e-01
8.330331133439169422e-01 5.180520586806990346e-01
6.853000752588788158e-01 3.377404890149862116e-01
5.614672285370915228e-01 4.019037805685807818e-01
8.962654756946559775e-01 5.003448327542878715e-01
9.693287337587438435e-01 3.764198312465593110e-01
7.613321801071696315e-01 9.744560340707870694e-01
9.879378461846446968e-02 5.547590063688087048e-01
3.339832729215996832e-02 2.970288629804921365e-01
8.922449526227518857e-02 4.478231688258852428e-01
5.660626008863195446e-01 9.865370517779381565e-02
1.888482134921301014e-01 5.605228291392481133e-01
8.933752655075798133e-02 2.951327081702155297e-01
6.953226616559657902e-01 1.240203554578708234e-01
5.270845551327639766e-01 7.001589405105281827e-01
9.269110500720246781e-01 3.155916220993921217e-01
4.075918573318206839e-01 4.420377040372857058e-01
3.984082486210249185e-01 5.384159267386943171e-01
5.722109261115259082e-01 3.010305734457012772e-01
6.746294349177827110e-01 6.429638963316861577e-01
8.184473446728013357e-01 6.258685706073054966e-01
8.705838581724202330e-01 2.101933028595195652e-01
2.923482000095418698e-01 2.181070097373781769e-01
3.932702894763200341e-01 9.643167922144277870e-01
2.069819493773792374e-01 6.409595897201649795e-01
5.883672819967513679e-01 4.306995315654779111e-01
8.879488671681079470e-01 1.994491582318888012e-01
4.048676141353378666e-02 6.041164783419306072e-01
6.722397656607933536e-01 6.616279880800628455e-01
6.686608691079818367e-01 2.221754748961620729e-01
1.964389938832440674e-01 6.121462107888883120e-01
4.022943087957580044e-01 8.269694855979999870e-01
8.777820868924248732e-01 4.008738573647623316e-01
3.682178331589467946e-01 8.966753550207091639e-01
6.351344843236766957e-01 9.713821350464559856e-01
8.150004244288686639e-01 7.028616023221374576e-01
1.551904533755512072e-01 2.283488647146588446e-01
5.950640059402809712e-01 2.759007747748853934e-01
2.845266912528059411e-01 7.360252319537334831e-01
3.250525944764373065e-01 6.252490746240223496e-01
5.780733111134216395e-01 3.309532508010954444e-01
9.958518937457450093e-02 1.597072223586889494e-01
1.598964041442096917e-02 4.330341858083688322e-01
2.621354890472721855e-01 7.819686895818833694e-01
1.886103066703301301e-01 3.632582376768286880e-01
2.678994473778067431e-01 3.271515633052344829e-01
2.250636579544335880e-01 7.307677445576350739e-02
7.837150619045821776e-01 6.176357356263555420e-01
4.787180909738530943e-02 6.749027503663977967e-01
8.227129848841381321e-01 7.522172148541923509e-01
2.327308374438824268e-01 5.531092232322032398e-01
8.711899670378220328e-01 9.028410856884102609e-01
2.635678548338175539e-02 4.260194210823169403e-01
6.734088813965170006e-01 4.703484084808725596e-01
2.419949555643413630e-01 4.701918178082753474e-02
2.079492193469723027e-02 3.842625061618256677e-01
2.637771367478987106e-01 4.099508186244182895e-02
7.554063211723820448e-01 2.971607721010304792e-01
7.591395791128832116e-01 4.884568262055760668e-01
8.932260630714863314e-01 5.569639111192093983e-01
3.950997246736364099e-01 5.751338360469255839e-01
4.319059538140136989e-01 1.416660707425415611e-02
9.648944527608387389e-01 4.567298302392761578e-01
2.684476654460268286e-01 7.133005397933005476e-01
2.208138097035430847e-01 5.344352205210499696e-01
4.909985601307219616e-01 8.571062696201326991e-01
8.054749133944320016e-01 8.926593777028660748e-01
9.549654769718390890e-01 4.491876980786002616e-01
2.491590040208648826e-01 5.133977930553224045e-01
8.419760153832238636e-01 6.428403274155426450e-01
8.975547944197220795e-01 2.694242800583616648e-01
5.915335693894805402e-01 2.826614584280373599e-01
8.749397871092761125e-01 1.813980540484662340e-01
7.891688335745578042e-01 4.284042759669679512e-01
5.292381719277627905e-01 8.101274626153358582e-01
3.200537458265052537e-01 2.889724021406692156e-02
8.196843942228821955e-01 8.240915259627479283e-01
6.068924034761566944e-01 7.868332040325385357e-01
8.939664378869701666e-01 8.783136701000716640e-01
4.156381430892353013e-01 9.851151277652873128e-01
9.773934774356626831e-02 2.615711819392386728e-01
8.988426778615382640e-01 2.296937069967830425e-01
5.713439298995311999e-01 4.190399589743269981e-01
7.791860923892182100e-01 3.992420166828590800e-01
7.047938088861958050e-01 8.273486609552599402e-01
9.800669338802582287e-01 5.584504315324712032e-01
6.712441902669878946e-01 9.121329707120539032e-01
6.714321496823936197e-01 7.957530449091052560e-01
4.059262896033442036e-01 1.402745368314828323e-02
7.010409953287146667e-01 9.097104405647662428e-01
7.777674057019694498e-01 8.443511700131806075e-02
3.499779734600018122e-01 5.852579803848456663e-01
5.834833049005727634e-01 6.876285282372058827e-01
6.806059253861546088e-01 3.447505804762280857e-01
8.784827592947757058e-01 5.062546744296387846e-01
4.786598735767524371e-01 1.535847679787976094e-01
5.933767999376912128e-01 7.685375284001840779e-01
4.773373877597392179e-01 2.456548210032341029e-01
4.955428900583802032e-01 7.258863510796645380e-02
2.564811828683828954e-01 3.935052515647698979e-01
7.556233190742698280e-01 2.101925116925117409e-01
2.781202520039518511e-01 8.230041220865712548e-01
9.774856002114832298e-01 4.413495439852106461e-01
2.720943705602494322e-01 6.418892052429823192e-01
4.703069963268334264e-01 5.108340780034853479e-01
9.743123308100823943e-01 6.549018367175769573e-01
3.063489473761799586e-01 3.220523239793521286e-02
9.201636944636158999e-01 6.567314565170527807e-01
7.168433811166566860e-01 5.342856961625315204e-01
1.820021828813855880e-01 8.421801621615357947e-01
9.074952078139246758e-01 6.980642275711785860e-01
1.725984236579891640e-01 6.542666203008110637e-01
6.878441293079251562e-01 1.235003688950181144e-01
6.276833611001143565e-01 1.274670420830642248e-01
8.089721899993872478e-01 7.378999745117502673e-01
3.434059522520980234e-01 8.685738007706760300e-01
6.024562184813141430e-01 3.673546982047484061e-02
2.621395429078221539e-02 6.325488491246509248e-01
5.569777632541952350e-01 3.593381811702441864e-01
8.987642283787589115e-01 5.999285699004265338e-01
3.013647850942718920e-01 3.950948152250208789e-01
2.087591647018438579e-02 6.126121825170860458e-01
6.289226763809865339e-01 1.670574106416788940e-01
1.082140662544739396e-01 7.614376649777782058e-01
3.845480783435922811e-01 6.730598040104018853e-01
8.009389393526142875e-01 7.268452835911562993e-01
9.284752185673907920e-01 3.813106985814140870e-01
1.039497241996423238e-01 3.784455763055795119e-01
5.638263430935450682e-01 3.778553031556456387e-01
2.176655164358087813e-01 1.648525693810055925e-01
6.378828639992201177e-01 8.911055144659178751e-02
2.590416138429272874e-01 4.013367257895488760e-01
7.774914121723717209e-01 9.668653670098895647e-01
8.184494368360774041e-01 6.201425672361087216e-01
5.759075714217103403e-01 4.177525834484314693e-01
3.155313057978977320e-01 2.355737762086221321e-01
2.220601002945143398e-01 8.650071151364099320e-01
5.902393912031314027e-01 9.302733002088711123e-01
8.460287122538374671e-01 8.236592122462076393e-01
4.767118424852330727e-01 8.291909211413819314e-01
3.580044906385661529e-01 7.540651296421799765e-01
4.589892005202717562e-01 8.071221967702517375e-02
6.541638672947324151e-01 7.489545090149325457e-01
8.440494960729050256e-02 1.879876332796439620e-01
5.977045708724957329e-01 5.029671683843033314e-01
3.670124928964855204e-01 1.931087371889328441e-02
1.519858107875866615e-01 6.963197339655798901e-01
5.707187169717875541e-01 9.090259347156277592e-01
3.593994521976263679e-01 1.540832446501043118e-01
6.963067869516488262e-01 8.464146743061959910e-01
6.206072498156199879e-01 2.552045983116157934e-02
2.519473452636609156e-01 9.088549105539428519e-01
8.406216522546259284e-01 6.599627703759460839e-01
8.080981905202075932e-01 7.462357728168032001e-01
5.639517512194550664e-01 7.215230236846376100e-01
8.432981265146081151e-01 3.967498954566793246e-01
5.469755851868014496e-01 6.358212333841284369e-01
8.041445108912967932e-01 3.797072489275069573e-01
3.301411456801313093e-01 2.976166947652690298e-01
7.578882858936071276e-01 4.014605673758562254e-01
5.410965074962563737e-01 2.633366653947768476e-01
3.040923695421285378e-01 3.944958046155905285e-01
1.808715490928524128e-01 7.545371517960597352e-02
4.475260481723450923e-01 3.310535529716651659e-01
9.537716052262433797e-01 3.624238603419640548e-01
5.556766328218776252e-02 5.041305979243300150e-01
3.022468907286574025e-01 5.408607249209083090e-01
3.352230211552863492e-01 9.666957974919825336e-01
8.506982256756515648e-01 7.378440644855631669e-01
6.307968252263705944e-01 5.669185636292056740e-01
7.402601180189676278e-01 5.893002176628748812e-01
2.222885823508217173e-01 1.995462418379989056e-01
6.514056996967190205e-01 7.427190120991082889e-01
5.211117480581614059e-01 2.034124069840825833e-03
8.180361810960377067e-01 4.953252841983661892e-01
3.463086931966246063e-01 2.342877929635425460e-01
5.702792867448629455e-01 5.341992369484197534e-01
2.829457282806361329e-01 8.791673281007714724e-01
8.819806743166568319e-01 2.368470145281367234e-01
7.249788884087253749e-01 1.149810587446929155e-01
8.594240126559642423e-01 4.327762260124841109e-01
2.686435651044375428e-01 4.127568739474729576e-01
3.461391336674742303e-01 7.263087322968067028e-01
4.201306088903977165e-01 3.279925594793131616e-01
8.871205726668025537e-01 2.025664531787842171e-01
1.247199092936034093e-01 5.566606760695648193e-01
3.597408227622127530e-01 9.689093422131220268e-02
3.969300826526322989e-02 2.756073205760029010e-01
4.929085398544834629e-01 1.728265523870691767e-01
9.816544383255534356e-01 6.482566977632200356e-01
7.821888428660057624e-01 5.960634509427282790e-01
8.309528176038030178e-01 1.860403430312296824e-01
9.594732819528307699e-01 7.669447488385167100e-01
5.046044107118866640e-01 8.236453987330345783e-02
2.137557850249761082e-01 6.563500913292459327e-01
3.665456567847539260e-01 9.727843935656181884e-01
2.633664266936987519e-01 6.742754599058351506e-01
3.223910724892790070e-01 8.919388428087300369e-01
1.468888276559280059e-01 8.009726746352999749e-01
9.774411682471353391e-01 7.244549776701509902e-01
2.864847497243055985e-01 6.903596960878690680e-01
1.331214913312289139e-01 4.025553096283356336e-01
2.282723978282902855e-01 3.226327025116979552e-01
7.942243986711068349e-01 3.770587539720616221e-01
6.713811116451251504e-01 8.449835634507510962e-01
3.469490317862814477e-01 8.567098515758246879e-01
2.931215921084544540e-01 4.882005166553295417e-01
5.218701814621033996e-01 1.462936152974871618e-01
9.471351947714744257e-02 6.684649972893124126e-01
6.706059421749317462e-01 7.484936270735631503e-01
8.230882984974682293e-01 1.958638424744579831e-01
8.458662242044669988e-01 7.826939197590409014e-01
6.888800408333832503e-02 3.408242241020965069e-01
2.863615717510252234e-01 8.027169759716865638e-01
2.930057428150765197e-01 9.245272023659416583e-01
1.101408782035444289e-01 2.129933452845648167e-01
2.630463844715974497e-01 1.783222348168150562e-01
5.571545094578191915e-01 4.068714631231007406e-02
2.074759976038884624e-01 4.927858991607898531e-01
4.713383894244106420e-01 2.178751768542180334e-01
4.745052012071134806e-01 9.921783863901428857e-01
7.316388750870357338e-01 2.802600148523278767e-01
7.084092112173724365e-01 7.481862714168546757e-01
6.664533415476640021e-01 9.716020902175827034e-01
2.505422890806090486e-01 4.181782969955305518e-01
6.278892923739860521e-01 7.702020602554225936e-01
7.732185197878278515e-01 1.834949781134819213e-01
2.030489296358369694e-02 4.976723942543003765e-01
3.839428602738553797e-01 5.514780758387409776e-01
3.891387070287342653e-01 7.238847478644878652e-01
8.942545508845123337e-01 4.433836077046067192e-01
3.667514410283354009e-01 2.150746501763146912e-01
5.500898915587126847e-01 7.040866198553877853e-01
7.908757025854943334e-01 4.120681365105506311e-01
5.266814495714121636e-01 9.255636934743433075e-01
2.286365004173502580e-01 2.164010487631549684e-01
4.065757296741821791e-02 3.204313374048149976e-01
7.476734954179133918e-01 8.530079356976211225e-01
2.254862498959981920e-01 5.240810690613839640e-02
4.174927004912614703e-01 1.568919713272510230e-01
9.470593800096627213e-01 4.250231606037162546e-01
7.232297701294121417e-01 6.229507425279363214e-02
4.456794101620872306e-01 3.072034500726502082e-01
6.342512610955273189e-01 5.670881546873056678e-01
6.228395214418929182e-01 1.251609326346335149e-01
3.151433050224564658e-01 2.019793919129914128e-01
1.499501075467285782e-01 3.526412017823735701e-01
1.957671126098996794e-01 6.691521491923780873e-01
8.812683157032791259e-01 4.250810909161108486e-01
5.225810968184340100e-01 9.408822675529838753e-01
4.405621220218883805e-01 4.318391026536753663e-01
1.513274459961504725e-01 2.002508830079915980e-01
6.461960773112949141e-01 4.019898442740024169e-01
6.676975872947106261e-01 8.652342175764828058e-02
9.310767168277120920e-01 6.949081616139266560e-01
3.874547468524124905e-01 4.620108455521730606e-02
6.261007677960614970e-01 8.473108784895909684e-01
3.268401029378943390e-01 6.194892681303311166e-01
1.501314030373678277e-01 1.010526046346529316e-01
4.699141355849462687e-01 4.324610583317131107e-01
3.816050878099886412e-01 1.634861781222815003e-01
2.850471585815949616e-01 3.178343902046198433e-01
2.228853354908224282e-01 3.960315650608533522e-01
2.694739457008630268e-01 3.947129596924081607e-02
7.495649306752535379e-01 6.882438502613554832e-01
5.482277541016918887e-01 7.673836335910562412e-02
3.557486730553284793e-01 2.216044555751857659e-01
9.024881823874457698e-01 2.071109591177565934e-01
6.905906424740149152e-01 1.756196053015773306e-01
6.507594948171294691e-01 9.717770662461194808e-01
3.372988398346695171e-01 6.858704976393859010e-01
3.324035408425807248e-01 9.190370485593365446e-01
9.465372814049954897e-02 2.796520590370922266e-01
4.462110267262099361e-01 4.970864257211558002e-01
5.679773943713390949e-01 8.124221500974810883e-01
5.454667002357163064e-01 4.884721857843721260e-03
4.302411855071986424e-01 6.584804350687067931e-01
8.166350119249934369e-01 2.205749992973116413e-01
4.465048636296021778e-01 5.715338913552228117e-01
4.892313889851098163e-01 8.372005410606135900e-01
8.636050927968439428e-01 3.662848269673265600e-01
6.457104606770598387e-01 6.165196706415907446e-01
3.432023771258452260e-01 3.589310874957706288e-01
2.293961575572679434e-01 6.444384485276166696e-01
5.381073392075981232e-01 2.466662856269566939e-01
3.478706893683729540e-01 4.143305190809616900e-01
8.063816797868488262e-01 1.906908610247948777e-01
2.256574688424564656e-01 2.309652809296679488e-01
8.696841821629184288e-01 3.437963478550321028e-01
9.732034431557622378e-01 4.450989758032411481e-01
2.333794053404172342e-01 3.552699370671499324e-01
4.179065871349461059e-01 5.307625557087812807e-01
6.108370331624578542e-01 9.974172289278466774e-01
5.592517794003133424e-01 5.083684452270756937e-01
8.898288779139473803e-01 2.540259225975513568e-01
8.463131936497023666e-01 4.796122691266340166e-01
6.995264418252801208e-01 7.541284793347329263e-01
2.979261072099488317e-01 4.475601800023283339e-01
8.317920418240638547e-01 2.942585724211874698e-01
6.413727115567400272e-01 8.391088635810465268e-01
1.202831298488444833e-01 1.333129576144617134e-01
9.131961275680859913e-01 8.481365952973494160e-01
3.694443700297197486e-01 8.702142641058153716e-01
7.363268080999731957e-01 7.625809146320805532e-01
6.064451896840916678e-01 4.314005132294400635e-01
7.012460383741302428e-01 9.167508782866067296e-01
7.655108803251903238e-01 9.505385629501901246e-01
7.390119018754528479e-01 4.060857813376340109e-01
1.887230296651097317e-01 9.677150992714815547e-02
7.054762468283248822e-01 3.419501640182482372e-01
5.832876458374927076e-01 9.193850992254536392e-01
1.777979452968084795e-01 5.734581045837082725e-01
8.725256061053003886e-01 2.461757392300002734e-01
8.291078325719682951e-01 2.378079780109337016e-01
6.695869763224355786e-01 7.145856996952586471e-01
2.275177250825440034e-01 3.075169483006079951e-01
9.589666080585378394e-01 4.260702182219528455e-01
8.508634893199027438e-01 1.267704308193015883e-01
8.928961475315271290e-01 2.342910376122084026e-01
5.439172898709427884e-01 4.553708312370718381e-01
5.374321775805663837e-01 9.246268844322649283e-01
