4.016830329739567440e-01 4.474426030704959922e-01
7.920910212332979983e-01 3.715517971941436071e-01
4.563138881898813892e-01 7.236984718308948905e-02
2.139540481150112583e-01 8.479227707437890782e-01
8.777035647936844986e-01 5.116652320438132007e-01
6.694930965216676633e-01 7.856835135411455173e-01
5.564688096488151769e-01 2.827644801444167411e-01
3.936618648036219192e-01 4.619150514560049769e-02
4.153843289267192262e-01 8.123803897441252975e-01
9.895149504350295722e-01 5.873973440220670028e-01
1.420504903664584484e-01 2.640802572707657281e-01
8.896354209431700522e-01 2.511808003544396817e-01
8.627934517021774719e-01 1.882648799886208479e-01
9.316427921588165129e-01 7.226555544642280227e-01
4.500569830378871039e-01 7.080669362395646260e-01
7.175159232080922100e-01 4.789081837332062053e-01
8.450860607681709435e-01 9.012962474518829703e-01
3.091023052357579903e-01 8.993215689363218690e-01
9.656251099738253352e-01 5.688560748134672274e-01
3.786941446818796186e-01 5.897008072849609928e-01
1.463225793892932169e-01 7.016748334513933649e-01
4.760836650646209645e-01 8.211886320995376298e-02
2.769239538725223881e-01 8.900870449552701347e-01
6.112849396876649521e-01 5.249946558123117502e-01
3.183820609354312547e-01 6.361087375956269163e-01
7.397499761484430669e-01 8.161021085681743337e-01
9.174717269516232676e-01 3.507863884241837482e-01
8.087215628467863127e-01 8.504993717298821032e-01
5.722415709564628861e-01 1.723815928043526124e-01
7.581460425731637587e-01 5.938593233373867797e-01
3.557909544272236380e-01 9.137413566497232242e-01
3.867547799147530996e-01 6.964525478550516180e-01
1.101460125458695039e-01 6.764412790416892696e-01
4.687697737724972336e-01 9.033186657894421989e-01
6.041942450839853374e-01 2.529039266456206136e-01
2.064800194882598916e-01 4.887893119979522250e-01
8.530193602083526727e-01 5.484322182381733413e-01
6.342225230177449269e-02 4.541624871503059935e-01
5.538679265646851979e-01 5.838718295106148232e-02
1.097540699689760757e-01 1.563506236093242796e-01
9.866124142036987177e-01 4.655690243010259799e-01
5.222930145906279353e-02 2.881633020347028618e-01
8.602753860534825270e-01 8.101547726221931534e-01
3.175898441714408160e-01 7.178497305376443371e-01
5.256300728922979060e-01 8.803955126275897491e-01
9.317310551962623144e-01 3.813125168218597927e-01
5.869754346387113797e-01 4.869255156028882703e-01
2.395202183449541833e-01 4.974165214529548962e-01
3.157453419207590373e-01 1.959474979792726057e-01
7.741292719451460247e-01 2.470594475376873267e-01
4.311808012355756725e-01 4.698133692645098392e-01
9.413185886645214495e-02 1.871397512487559256e-01
7.654102866549049589e-01 7.894421479646505091e-01
3.948257137680535878e-01 5.711763890341253758e-01
4.817222215930205276e-01 1.274108106326593548e-01
1.705447515978354978e-01 4.775949914406303343e-01
8.997629443509257419e-01 2.013004403336961790e-01
5.223959573420751124e-01 1.824130720229137914e-01
9.630394167469126243e-01 6.917178559577203956e-01
5.291590821102734044e-01 9.916146168977095499e-02
1.541024030409593182e-01 5.507921775507162998e-01
3.538104708008576460e-01 2.052731399453319172e-01
1.522242723319558455e-01 2.465523315288454809e-01
5.688225110012057328e-01 6.963064211075371546e-01
7.640223688167316896e-01 4.767614538053756013e-01
6.846445104342261390e-01 2.467465229330317172e-02
2.824446932906768959e-01 2.463165805607114844e-02
8.440915153228997214e-01 5.910166342367000336e-01
5.455559141724725114e-01 5.331158273909281098e-01
7.794424978653107239e-01 5.462641196641175867e-01
6.826115208752498997e-01 3.027739198210331328e-01
2.491487310917414044e-01 1.872997716020454451e-01
3.996860382330469919e-01 8.282042927142583277e-01
5.282732573903526907e-01 8.393162830401154073e-01
8.431385570620631986e-01 6.294737922822191134e-02
6.457893339835776292e-01 2.220966194922046610e-01
6.475558193033774668e-01 5.023581348117163170e-01
9.501599835881154865e-01 5.152336833525629212e-01
5.193695010242284082e-01 7.538097761461827195e-01
2.855633265941759924e-01 3.424456387629220000e-01
1.371209446110678021e-01 1.586617931729816799e-01
5.145463750889432974e-01 7.750353823850724133e-01
6.740719228910357907e-02 4.845805077585854104e-01
5.827289524281173971e-01 2.748154711433767883e-01
7.631962267074170470e-01 4.468074799552697041e-01
7.114207738797277969e-01 2.259058238336381641e-01
5.911947992418612463e-01 4.274254777433127983e-01
3.489458565511568966e-01 9.160465252699956373e-01
8.847803139855795473e-01 8.422283026880702517e-01
1.527765828721032726e-01 9.202808183559818556e-02
4.855530620279878140e-01 3.377188922757147493e-02
8.823653292094664202e-01 5.564476738488220997e-01
9.568927713130029322e-02 5.994106131170263696e-01
4.165438854213024955e-01 8.941431866132107942e-01
3.135440615401968723e-01 9.638166239517510503e-01
5.583624503407966788e-01 5.284765578694056165e-01
5.676778022641491006e-01 6.223155322798771261e-01
5.186580107950101992e-02 4.049111938955705092e-01
7.514908234139258125e-01 6.104650277240935008e-01
3.255997829478373129e-01 9.674446209821535581e-01
8.225309038839720976e-01 1.085414948662008772e-01
3.262491085297263838e-01 8.566742180454546274e-01
1.750606488677217409e-01 2.433943184657086922e-01
1.634974095678228823e-01 6.354124466871140520e-01
4.560115335008764759e-01 7.877808106634006657e-01
3.235897367621427129e-02 6.217452890079012695e-01
3.804476732841164388e-01 2.519433131913720869e-01
7.639126058406772168e-01 6.918384579808763979e-01
7.892363028973509165e-01 4.863807198871328286e-01
7.798516782635298572e-01 3.513226121978964556e-01
9.603819801474592355e-01 4.943744323506699123e-01
7.398593304659475400e-01 7.684881610865931800e-02
1.250346756081183869e-02 4.413211852423382653e-01
9.231453724514766535e-01 5.534484403494048799e-01
6.180123506593256932e-01 8.714798752697487660e-02
3.469363404069844559e-01 4.486470938683388976e-01
9.954098338692529691e-02 1.759766880020984248e-01
1.918560799895202285e-01 1.749196069884639826e-01
7.692236309111316617e-01 9.363296033873717006e-01
2.779438777805116612e-01 5.360933862257933891e-01
8.978310869157910545e-01 2.278588654559750848e-01
4.347161260224300383e-01 6.596460164814113014e-01
1.497350274537273540e-01 8.763161061712605449e-01
8.207530516707537416e-01 1.535377140225553105e-01
9.250311402385000825e-01 2.478791575734815289e-01
6.822130974978487528e-01 5.912162161006829786e-01
5.313920710640703815e-01 4.727154075421795554e-01
8.550221741627099803e-01 2.823698970544597509e-01
7.749311523490953757e-01 2.572941640281680153e-01
2.652870494576335392e-01 4.918048972994042423e-01
7.152880431121139138e-01 6.002458419463908568e-01
6.097203793338322741e-01 8.475739031396467560e-01
8.981959130523167190e-01 6.087659636443003563e-01
6.398380816014062056e-01 5.344314147853056474e-01
1.063401470537234106e-01 8.130130512121914732e-01
3.186581303255774933e-01 3.929116381768438249e-01
5.725397900104166604e-01 5.456324180627861731e-01
2.283258139690635680e-01 6.870074927035414447e-01
2.753234769787477609e-01 7.429804009696765466e-01
2.139582268002952481e-01 6.241922018096049962e-01
8.033753896477375811e-01 5.342388918014437937e-01
2.437940064172801347e-01 7.616699596849005882e-01
5.745456215492914520e-01 3.542807372014434852e-01
4.558075912907636473e-01 9.890565103497177546e-01
4.763920174625422277e-01 7.174452406674567406e-01
5.071305046174014175e-02 4.759573951340398956e-01
7.735669214677496353e-01 8.316346272343968504e-01
4.429316616372901416e-01 3.100123232670779494e-01
8.936434822438697745e-02 5.760776045594365735e-01
9.312416024080588661e-01 5.644760244721551690e-01
8.458230048985455607e-01 2.617562856798269499e-01
2.817275812538077573e-01 8.465179641114066733e-01
6.381606456154214069e-01 3.795985846167627686e-01
6.110184734769622539e-01 7.550432865257040715e-01
7.372085578476429424e-01 6.519581773981040218e-01
6.870022157770017124e-01 4.983593983648493264e-02
8.204164201068699924e-01 8.195518989147692057e-01
6.212842806885714442e-01 5.166563477139630295e-02
9.665541566134748797e-01 3.549769222000517255e-01
8.117055609437249242e-01 1.814794292904748363e-01
8.808898057500977874e-01 3.415822484563766914e-01
8.842828510965834443e-01 4.569331184581262306e-01
1.833443128049029314e-01 4.962497132923533449e-01
8.739754217087993826e-01 5.445856354449730707e-01
4.935583637001031976e-01 3.280147878810325546e-01
7.360313864969239006e-01 5.399929225156456791e-01
6.863060330096665274e-01 5.000888888856815928e-01
6.087544859705642519e-01 3.913956165154403033e-01
3.481197051265447207e-01 3.887886273870128639e-01
1.355634184566851808e-01 1.142027714452714671e-01
7.320958036595077711e-01 8.089451634701083638e-02
9.847916644385233953e-01 4.228890357931980315e-01
2.630337186946604122e-01 7.734561456846043015e-01
4.725408927237141898e-01 7.356745814028582409e-01
2.161773050545223451e-01 2.531681169656809782e-01
8.775436261591487153e-01 5.528953674296449572e-01
2.474492160369646809e-01 9.407831696955347711e-01
6.963296558102179956e-01 6.361625965670667515e-01
5.520018743242809389e-01 8.355966880734563285e-01
4.166756328970780410e-01 3.453268474426803847e-01
6.738200385836181638e-01 1.933264211003839772e-01
5.227079736645926511e-01 2.757536621825258383e-01
4.039608740585166058e-01 6.166862644395924853e-02
9.350171768797076455e-01 3.300386798774146979e-01
3.070455499466972493e-01 8.634280810172513254e-01
8.670002791499884509e-01 6.597639038192109062e-01
8.275750023488581686e-01 7.279869637228888468e-01
3.731762244686873120e-01 9.582671332505854345e-01
2.955441539514380711e-02 3.490577302675647031e-01
6.277440892748631374e-01 3.255610682766620911e-01
3.308421949369758641e-01 9.684595752897562360e-01
5.429721745293074608e-01 9.926623276271453467e-01
8.401263276453926343e-01 5.554196171816845329e-01
5.551849629820352350e-01 1.523696406905107881e-01
8.810355418276181183e-01 8.941975439135652071e-01
8.609303811824582375e-01 1.209164688902909235e-01
2.485031436957137185e-01 4.233166866533685235e-01
9.700659570232039730e-01 3.296602720768140315e-01
6.556697446611526869e-01 5.624936572178012018e-01
4.433355016635564527e-01 2.483717709297576792e-02
8.131194215396327918e-01 1.434280619093575015e-01
8.631060536488674995e-01 9.117210812810940812e-01
6.778248917168890886e-01 2.956189465626396506e-01
9.727830299594656394e-01 4.877289597172963509e-01
5.505609200504986145e-01 1.202607874567898361e-01
6.654133474206175292e-01 8.570203224737190650e-01
1.249949827487246701e-01 8.428660237588671000e-01
4.397134249476086776e-01 4.773398252957956056e-01
6.238758823931334074e-02 7.216945657619464605e-01
6.959829771279036903e-01 4.971427041533627023e-01
3.325103684863134346e-01 1.570191943834991499e-01
3.821434797902808489e-01 2.149895398164868854e-01
5.372061701605315709e-02 3.195351509078412366e-01
4.134268560347771904e-01 8.006107516623245379e-01
5.605136717444237915e-01 4.032270597996746586e-01
8.716564648762372691e-01 5.465299450738423381e-01
2.800031656002228697e-01 7.722452293146897517e-01
6.885979113379229188e-01 2.451282206469839464e-01
8.227681507924987647e-01 5.461860392263839792e-02
3.046593946685204890e-01 8.963272735692703330e-01
3.601604493290088693e-01 7.071689520184305522e-01
3.041393746731312353e-01 9.607017643622852709e-01
8.299458003605536538e-02 5.386324934582664703e-01
5.883194802169472437e-01 1.562108441571570527e-01
3.631440804082896601e-01 8.183138364242606433e-02
7.914790201220143206e-01 3.182524476493627796e-01
7.262630175488293816e-01 3.890445847689329995e-01
8.610724438283031690e-01 7.629474189142670948e-02
3.299055426481949937e-01 1.239782990165749083e-01
3.023968912215055926e-01 9.008579928107677270e-01
2.216533672231041641e-01 4.077291542877767294e-01
1.432404851314832139e-01 8.177907096543604037e-01
1.576807960007975129e-01 4.919260709286407129e-01
7.759216942351236934e-01 5.151455138357803332e-01
9.523298190360702797e-01 3.500726219256832805e-01
3.271639686409892889e-01 3.561328713391619383e-01
4.620515645367073154e-01 5.844351715888079779e-01
6.057021652698507674e-01 9.052772428318714981e-01
6.057542382720748630e-01 9.912991637416450619e-01
1.531438086514779473e-01 7.424485440212644782e-01
1.758895584542618518e-01 5.159986571425795310e-01
2.904885381628185548e-01 3.563766198723485878e-01
3.101569710852736250e-01 1.287733075067686861e-01
5.690959097762108287e-01 7.659046882848723481e-01
1.758190616414532226e-01 4.489687164135208186e-01
1.192614512530500437e-01 7.635623610375544823e-01
9.416369410480628366e-01 1.855706456328124476e-01
9.396550061136040854e-01 8.080276102985435305e-01
1.820865933704142736e-01 1.646034656478209679e-01
5.017514954642812164e-01 9.207854788155075410e-01
6.247984903488097430e-01 6.080862169879379664e-01
7.149346983821185386e-01 7.413249897687972101e-02
5.307790102972128610e-01 8.192856208111075622e-01
7.198781334910307750e-02 7.412499454473334692e-01
4.853764490566138123e-01 9.850629740774732301e-01
4.955870720420485487e-01 7.279404509574316506e-03
6.292459436182464838e-01 5.838652950363505401e-01
7.201328280392245151e-01 1.885693062005890930e-01
7.719865464818573830e-01 6.833027386772937140e-02
1.191609324062091607e-01 6.250235571824371839e-01
5.153313579820265611e-01 7.488469088193098200e-01
3.131895622704259502e-02 5.827447580211803091e-01
7.550293654537083843e-02 6.142685844353400482e-01
3.842017494758817597e-01 2.169020534927104671e-02
4.805355352475770836e-01 4.391575534746742226e-01
4.830511525641445481e-02 6.860773270973499205e-01
6.341679160044919605e-01 6.623275072407872610e-01
6.625202194577448633e-01 8.576966946914401646e-01
5.379336642018791581e-01 5.506446087828232860e-01
5.964113949599791908e-01 5.247500021968809492e-01
1.150814149881610737e-01 4.312651800787621337e-01
8.297158917756506380e-01 6.630890580714873250e-01
5.485366327960080612e-01 8.501484292722777392e-01
2.997881830290221594e-01 7.273692627945924638e-01
4.448633201279725280e-01 2.609043922732217635e-01
7.115171045418885454e-01 2.281605899394197889e-01
6.426815404206535076e-01 6.876154890601365866e-01
6.829846325516883976e-01 2.556916110449549556e-02
4.616771936264223997e-01 3.522431972766814079e-01
9.797049452893917820e-01 6.227693456661941296e-01
2.318702105129072932e-01 5.458489086332146689e-01
4.345774802940414183e-01 4.810702099736288706e-02
8.355348687423621579e-01 5.160048863852395584e-01
4.516724533112571605e-01 5.851384153784950914e-01
9.064777510225673351e-01 7.359794594157684777e-01
3.768159756583708830e-01 9.444195299429063439e-01
1.254463113994938039e-01 6.075955172960709749e-01
6.060893640107688496e-01 6.808659822631842884e-01
1.836059425250383126e-01 1.862536996494592034e-01
1.709464574028343176e-01 8.019334879890225309e-01
7.176366303077420516e-01 2.226830144648515308e-01
2.743598639931158489e-01 3.910159029601246727e-01
6.929782565192573740e-01 1.071332912103468843e-01
2.372769930091293833e-02 5.207429422600157176e-01
5.682114037494244707e-01 4.788055054231708796e-02
3.493505756905830872e-01 1.909065588602495422e-01
4.286573951041370290e-01 8.682062548073938846e-01
6.495763611599804088e-01 1.700808758374024177e-01
8.152151237436175979e-01 1.123973778322406025e-01
3.507373247617179279e-01 4.747723132232124776e-02
8.339670877250358050e-01 6.118629597188297575e-01
6.528458996215519283e-01 7.796978198401377513e-01
1.597214673127623497e-01 3.503683868146472147e-01
6.426564940221926037e-01 1.605601161972887991e-01
9.028212509875028768e-01 1.978012671782645171e-01
1.254279399222233971e-01 7.137434911413228500e-01
6.865365923392994230e-01 8.634458146198031869e-01
6.954382290872416217e-01 3.910637187161071782e-01
8.100950685386685279e-01 4.738806253407291114e-01
1.404186382010891854e-01 4.262716082566544440e-01
3.411633316651796477e-01 6.687993106104552776e-01
6.707114423103541778e-01 8.457936117249538199e-01
4.106117279841779433e-01 7.151949533176257812e-02
5.244376451244978643e-01 7.107484561031450765e-01
2.941504266690936897e-01 4.051208480481505170e-01
8.308455232646645428e-01 1.216582789085323135e-01
4.598711417499978804e-01 9.410284613633442818e-01
4.036652179855332312e-01 6.067042826439159597e-01
2.760387594377143872e-01 6.432897766806621176e-01
1.719032084741341782e-01 4.516223573274692482e-01
2.247190370440713125e-01 7.490122286122500306e-01
8.709615134779704615e-01 6.023162292360807468e-01
4.061079713216513287e-01 4.607973305855191937e-01
7.314954913385218749e-01 5.408211443519723716e-01
4.749603993963618653e-01 6.878284937117480347e-01
8.220532792560060198e-01 2.343541873425535604e-01
1.274240176447094530e-02 4.955640568333452567e-01
6.835912915440138793e-01 4.765847937816646285e-01
2.248496721348291483e-01 6.532669002506610312e-01
1.709341927896645685e-01 7.729607283020878405e-01
2.271490124878020600e-01 5.021754549399382039e-02
7.720388510145220762e-01 9.583107884760319051e-01
7.093120530800413048e-01 9.115840612660867093e-01
8.238027518270342187e-01 8.201547777174391651e-01
6.363515258999313806e-01 8.071719557430626635e-01
9.648506767329994016e-01 2.953639607889091412e-01
6.837231069983348286e-01 7.066063448190538221e-01
6.947645054605546822e-01 2.403397869367018824e-02
8.276434563830993296e-01 3.010239528927866615e-01
1.348265073371785472e-01 4.979244814858294066e-01
7.243802969986310458e-01 2.273163657891819067e-01
2.406128226972674977e-01 7.306607317841566918e-01
4.969993738286851981e-01 1.903858181852855491e-01
9.253974628858522289e-01 3.991564483148437592e-01
5.687466970440805403e-01 3.839891030401186289e-01
3.381932418986436928e-01 7.795383048873811838e-01
3.728386235466499832e-01 9.504590745585794753e-01
6.899768039970838318e-01 8.152823055531159824e-01
7.334191031475072453e-01 7.702277788498986810e-01
1.819932766513784328e-01 7.323102485847405863e-01
9.128097770203623673e-01 5.161050570008853811e-01
7.498230731925046300e-01 2.888608556177176823e-01
6.160831564141254768e-01 8.414563703475648193e-01
7.808181129894918859e-01 4.191761560097762018e-02
6.763797537992803921e-01 9.771519265008432598e-01
3.407994294450302775e-01 1.401927573508898739e-02
8.819031089521551792e-01 2.038731861402729439e-01
8.401146289845539128e-01 7.251294676483746038e-01
9.118609409819055100e-01 6.701955146304675592e-01
7.482575208762000107e-01 9.656578430560408544e-01
9.140291057854709189e-01 3.568425374294761365e-01
6.238719773323460061e-01 2.985322093365783691e-01
4.883504239471998520e-01 9.073489181253533431e-01
2.750297191589029522e-01 5.446543979610629638e-01
8.797547325437378163e-01 7.900595461991595236e-01
7.364985529297647382e-01 2.228316440559961753e-01
7.390248346245875677e-01 5.131732116978071634e-01
5.615566570188949003e-01 2.816222484779704049e-01
6.038560683579785593e-01 6.629626576447325559e-02
7.831533246188709940e-01 2.501039593063715261e-01
5.982188384854842944e-01 8.908126127240434400e-01
9.670613273395161080e-01 7.476801624203974761e-01
4.670320015525229740e-02 4.347689818005208706e-01
3.249193112327788402e-01 7.282989998143214461e-01
2.475561887220265045e-01 5.326500023862045241e-01
4.962488575007455993e-01 9.917389507372150748e-01
4.517953793688300745e-01 1.962115087154041315e-01
7.677804165499092504e-01 5.982845908039969851e-01
2.482317652611577552e-01 7.463862261202887094e-01
6.434175099387152708e-01 7.623958213818012863e-01
2.544457191569754473e-01 5.725668668660197635e-01
7.242745693719823130e-01 5.770135525302116930e-01
5.144817719723426830e-01 8.578042064858256710e-01
3.800223736850850131e-01 2.410784942204547421e-01
5.504571161097114862e-01 8.640537112848166723e-01
7.861034708027697659e-01 4.328339055777608024e-02
6.202187118312209035e-01 8.753798054965404862e-01
1.481775493465997129e-01 6.896173903114223291e-01
4.035575059188507563e-01 8.267909008225676759e-01
5.778846241457959998e-01 5.921696170551418170e-01
3.641535587590574718e-01 9.134123993583778134e-01
2.875930938518126423e-01 5.401105820151514969e-01
4.417234417866200413e-01 7.978189014304470916e-03
4.564250085718459249e-01 6.827179860490162344e-01
6.300841492495736773e-01 6.566897606720724367e-02
6.891123156146565509e-02 4.001014125025401658e-01
3.217047776808850679e-01 4.505836036017829560e-01
1.832592163161370774e-02 4.945981128118173142e-01
5.289718073141721488e-01 5.282393997827404819e-01
1.052518951650831536e-01 5.623580255686764229e-01
1.012270716033647766e-01 6.855962970949490698e-01
9.464838105339043461e-02 2.593694769291552404e-01
3.580273181138518002e-01 8.996278046898943670e-02
6.130460609737795608e-01 4.166791087017160389e-01
3.339887217879418668e-01 4.798125323850525037e-01
3.839205971488947045e-01 5.535318407716899314e-01
5.281636958375214297e-01 5.721630426374622047e-01
6.089015535752522607e-02 4.371806658743854213e-01
4.430481237856973009e-01 2.937599176612160079e-01
8.209504524793392877e-01 1.782425412576159052e-01
8.632823663061891528e-01 9.112859973659561685e-01
2.738294183603075527e-01 2.111095062720513282e-01
2.082936531755876786e-01 1.008711353398343974e-01
4.892775334615513394e-01 8.949734070001774677e-01
4.808845506818444360e-01 9.919974400832204386e-01
6.184315461782197154e-01 9.757529060690725009e-01
3.913164957043697156e-01 7.211780351838756875e-01
4.005096112251243512e-01 2.788284790239266009e-01
7.644905095073426526e-01 2.614920455993800519e-01
1.717064244265125716e-01 4.469120011477165644e-01
1.472001561774372580e-01 2.396915337712748062e-01
1.140249186916960644e-01 6.137425054771031840e-01
7.137873052587770384e-02 4.929205717677602738e-01
3.484803067236139640e-01 6.606466223543864258e-01
4.714261452969398247e-01 4.382325993524094354e-01
5.796663605513927564e-01 9.260613181620060974e-01
5.309181432456500094e-01 2.974204030553120326e-01
6.489966982532798800e-01 3.390082388641884048e-01
4.857491214360587506e-01 5.834565092840069411e-01
9.027892488738240573e-01 7.676746795391505840e-01
5.956259785675070972e-01 1.043428151844296853e-01
3.342085630806227448e-01 6.493093328799275366e-01
6.152527621257725121e-01 3.486779567102153421e-01
7.617363797664662428e-01 3.137681200853483232e-01
5.021002276764107153e-01 8.013575691365093512e-01
1.680418955919491530e-01 5.856755870206703518e-01
5.476971247443455093e-01 4.930335614275946909e-01
5.726636509558390431e-01 3.234102009386339849e-01
6.563071475594142168e-01 3.567041763711829572e-01
8.701751441685761090e-01 8.735319402511932951e-01
9.898729333325962942e-01 5.687144197963471814e-01
8.842719837132420047e-01 7.454156649290476500e-01
1.801101726493488098e-01 3.548520146517152307e-01
9.465421049571547396e-01 2.786075584645569259e-01
6.446529019138226291e-01 6.640198119204290261e-01
4.959564064805485062e-01 3.690505003314255017e-01
4.425458024192362450e-01 1.720683363532872837e-02
5.241114537030671094e-01 3.989272183319532150e-01
9.894197354599012506e-01 5.507077377504003834e-01
4.289194046739217003e-01 2.334234152465804735e-01
1.983302420926034704e-01 7.796597036183201546e-01
7.100710795188945879e-01 6.326276055738152548e-01
7.397434396206097329e-01 7.857992829345052943e-01
8.652459583027550805e-01 7.092725117967878523e-01
5.285207184463707186e-01 8.325881800723747839e-01
3.171947988572668131e-01 5.087075779390198838e-01
3.606730125276441101e-01 1.600327761732944221e-01
8.773092428894523342e-01 6.036929415491317785e-01
4.941176483122580176e-01 3.124691038711931990e-01
1.601690110870241934e-01 8.331441125753169530e-02
9.402858230706805376e-01 2.857987309558131517e-01
7.592042805615795142e-01 6.308791076979847201e-02
7.395110139213378897e-01 8.447655360376205014e-02
6.818755818934253421e-01 4.348273554374371130e-01
3.748061896061446463e-01 2.259808712207576897e-01
3.700524401114317352e-01 8.845274627269535117e-02
7.991835161597840020e-01 8.806286875945597004e-01
9.520433705058823914e-01 7.827842630913026678e-01
3.681163507431468584e-01 3.212027000036686286e-01
2.080051155442565747e-01 1.291228729926159058e-01
6.646146367706603497e-01 9.575132171209428389e-01
8.574377623747777566e-01 6.682585097964219845e-01
5.433978507254475510e-01 9.908070575466841889e-01
9.196759130651285252e-01 5.477718480573319226e-01
3.238907277906256654e-01 4.391801945751047098e-01
6.194029026768603785e-01 8.478024886548164440e-01
5.436671876108685186e-01 4.261769767748219140e-01
5.821068226527918998e-01 3.357318030815707455e-01
8.085665898771329796e-02 2.562493086697545941e-01
5.732197736928179577e-01 6.865085560864675474e-01
8.364796521395910789e-01 5.863598709359995054e-01
9.418818894341191017e-02 7.022860071536582982e-01
3.316623888416649346e-01 5.819711445607481659e-01
8.430456395349759102e-01 5.029471445043856015e-01
5.424205813068692095e-01 9.598372147271716504e-01
4.629203829231702261e-01 1.609759357044356909e-01
3.409159266170239122e-01 2.690581730127910021e-01
7.141730797133929443e-01 6.772001260787691157e-01
4.495717941180738531e-01 2.158398743790332641e-01
7.178933493804969812e-01 8.472834546453870130e-01
6.236582467739956170e-01 7.278996458441637785e-01
5.658011698420741808e-01 7.685840028527619605e-01
5.169010202869427362e-01 6.835255718997400309e-02
4.707835098281094588e-01 6.277986453841899461e-01
5.387724284020184440e-01 8.613586738875121662e-02
3.650788087434431173e-01 7.600577234451276754e-01
4.371692043650611814e-01 9.535412540523807712e-01
4.613415538566481566e-01 6.014352308839554517e-01
8.328674275438386898e-01 9.315959665127102607e-01
9.327235650804047706e-01 1.862819468066451156e-01
9.265227982619176350e-01 7.129553378918314088e-01
5.866343177862562985e-01 3.831342506431404948e-01
9.879230017835146649e-01 5.024079059717579954e-01
2.347205451220299721e-01 3.627371846214053619e-01
7.818129484249872752e-01 9.398534735460501999e-01
4.759520487401955324e-01 1.926438254899655034e-01
6.687947703419053758e-01 2.478105359392791252e-01
2.920178689305289454e-01 3.514620637436534634e-01
4.861457367346753711e-01 8.385197481928795549e-01
3.263531138947350918e-02 6.298777437049009054e-01
4.770852897103490808e-01 5.373980880492849055e-01
7.244865750199869225e-02 2.358107589740717769e-01
4.011173852317135857e-01 5.333757986498525172e-01
8.918133263076297723e-01 1.703932166946909021e-01
6.831471173944904107e-01 5.531161720890050842e-02
4.897607810027259645e-01 7.007120544684477537e-01
7.667591282832615374e-01 7.266445873766019803e-02
7.929947455643454601e-01 7.773948049933192550e-01
6.367425528411421176e-01 5.287948081564776137e-01
9.188465331545339065e-01 7.622788951457901696e-01
2.767507373044215679e-01 1.718322685734861022e-01
7.057486505431914692e-01 5.160431992272335178e-01
1.181787521671751051e-01 8.322225841711624605e-01
2.652023485568207328e-01 5.021739241776532747e-01
9.604037771915049371e-01 2.455672974278410026e-01
3.879834840223985726e-01 1.008932670580675595e-02
6.771894967576461699e-01 1.250984477089532310e-01
4.697611517594249553e-01 1.733921714750658039e-01
4.203114097046393161e-01 3.483545099731000239e-01
9.621787967110723150e-01 7.286691976471402210e-01
3.097193881423574990e-01 7.736353976322253301e-01
2.454410925056983717e-01 5.416426092710464602e-01
2.663815048761064563e-01 1.353527070164277368e-01
1.638480266057129597e-02 3.947954321085146434e-01
6.662699929753014283e-01 5.183305704457428220e-01
3.735408146704066179e-01 2.676408440236251879e-02
6.387752854120799517e-01 6.597435010677605849e-01
3.852056100978866748e-01 3.133816274005869484e-01
6.232349245318655750e-01 4.846228212233844590e-01
5.208479973633848292e-01 1.502605114434686362e-01
5.632201753519386900e-01 8.070493310021504829e-01
4.685988196329507471e-01 7.910745320931883429e-01
8.050754183043387080e-01 2.251297270362076497e-01
5.231249095391082848e-01 7.224779611588960648e-03
6.336349323986751880e-01 6.575064666582495221e-01
6.840765707648610583e-01 3.038745464479329361e-01
5.540488550010627122e-01 6.971781200573365922e-01
1.702437598535229413e-01 2.417693351128880064e-01
3.995666862002713593e-01 4.935223703716849486e-01
5.644264955714105580e-01 9.825947324526795867e-03
5.257156225809589412e-01 5.198186770594742656e-01
1.498822103030176267e-01 5.176575460829242470e-01
1.012706666740370576e-02 4.399098996349339874e-01
1.005311555248765421e-01 2.319369622606280990e-01
5.863903621214716644e-01 4.382445257346426759e-01
6.484607259412227265e-01 8.403711398843907165e-01
9.802302221865838439e-01 4.893034003264655762e-01
5.138000912644499207e-01 4.189257376745095796e-01
3.487700503796329343e-01 3.296202080310374205e-01
6.560523831350806301e-01 5.893242478789353367e-01
5.707819592719809432e-01 4.469590615657509369e-01
8.454674039269548524e-01 5.255429177674204588e-01
4.178897058053444025e-01 1.660371883679311045e-01
7.997976911055307836e-01 7.890414641133587370e-01
9.115587848608353028e-01 8.611693874067548604e-01
8.185125276518874227e-01 4.998648631620197791e-01
1.411826256508297295e-02 5.110617201190965631e-01
8.746879397212719010e-01 4.057029242537368852e-01
1.144709404609100395e-01 4.677282490872616827e-01
3.972990340225703021e-02 4.169185521385259108e-01
2.761791311991778075e-01 1.791066493362621914e-01
2.621151757898435575e-01 4.097145301137150586e-01
4.516585039547419966e-01 6.277953636649530322e-01
2.178085754741521107e-01 9.241894443144189619e-01
2.789152739365134970e-01 6.585371829614077022e-02
8.129019813772004888e-01 2.686852521018485151e-01
5.206726735078652801e-01 5.627003563135812847e-01
7.145463357253312164e-01 4.152197566343840962e-01
3.017238212715498413e-01 6.300374333552618555e-01
2.066070133318899105e-01 3.820061227719177555e-01
7.504558558653817713e-02 2.292423812777022452e-01
8.194577735578596478e-01 2.617017867151951727e-01
6.156775942952371627e-01 8.055309448890175528e-01
5.913131718695434635e-01 8.170340107065631186e-01
2.526105381488646384e-01 1.672187454548372532e-01
5.010430333934928759e-01 4.674561624590919395e-01
3.789728122632542995e-01 7.012575339217248516e-01
8.464290858006816576e-01 8.048165911120047644e-01
6.309682722252625275e-01 8.424772283989920840e-01
6.347305922853309079e-01 5.070852364644005128e-01
3.042125356766651745e-01 6.529170750483603847e-01
8.487974870466228339e-01 6.551191407716323578e-01
6.185416930400461366e-01 1.538991573874050611e-01
8.257798809298787512e-01 4.786784545348938824e-01
5.963406392810262080e-01 8.469425030459722115e-02
8.216013621294109281e-01 5.054810239663777294e-01
3.341360857460014544e-01 7.348414076982578980e-01
1.427839344603468452e-01 2.617874037732245140e-01
7.062841705297503436e-01 2.754887155922360054e-02
9.361553273767060368e-01 2.457490740702850673e-01
2.697052171793597464e-01 4.210019878878347721e-01
9.889059510525343155e-01 6.017573512667390156e-01
7.360532433440571953e-01 8.288048270249565030e-01
1.866579649435265720e-01 6.145218457371536269e-01
2.741249820945065307e-01 7.986949627975414856e-01
3.875039091130491054e-01 3.402128450227014933e-01
4.801294670036316270e-01 8.271540011645068802e-01
3.497025948654072791e-01 3.187853145005568600e-01
1.760330226278356558e-01 4.746203961215728628e-01
4.475638717607055561e-01 6.416860948428830813e-01
3.234651540014512050e-01 2.641275174331264575e-01
7.460042608114485496e-01 3.542700626459644453e-01
6.447220144113244844e-01 7.296653302024931342e-01
7.971030675557894130e-01 2.578706718326989611e-01
9.883539043197403506e-01 5.768164103435408085e-01
3.930808056844651843e-01 5.567827810735831440e-01
3.369647326311745461e-01 4.431427313433637938e-01
1.632058384435145781e-01 3.478410987454256253e-01
2.496480643556948931e-01 8.287079086148927409e-01
3.655785130780688785e-01 1.725140359279858926e-01
2.480757831656306422e-01 6.869443003693700422e-01
1.959100481834260554e-01 7.190882617328239190e-01
4.400596090398103399e-01 3.656907329776033500e-01
9.622336621623365227e-01 2.527326135176405364e-01
3.458454186613508785e-01 1.183479524332063937e-01
8.074824208055561559e-02 7.496814356187156969e-01
6.225255395673494618e-01 3.491122184090649228e-01
2.293275321525120869e-01 5.341647880262141435e-01
1.744665424637733553e-01 6.411949947270586536e-01
1.626383755357357908e-02 5.090110797336605541e-01
2.861578483882428192e-01 6.252356248319230758e-01
5.725777787924775097e-01 7.871932217344900229e-01
3.421562962121488805e-01 1.836390852322716816e-01
7.452678150875159391e-01 3.550864336919912212e-01
4.862048032016028087e-01 6.841017117568330974e-01
3.493818709469280193e-01 9.303748151637960540e-01
1.709934802681998267e-01 1.950268657114845039e-01
8.414278175354358291e-01 5.534629772346808529e-01
8.312555233643690311e-01 5.057184241181088558e-01
6.772581998956900273e-01 2.161467595460364599e-02
9.517034877740531140e-01 2.148596068827626215e-01
3.845492759575965813e-01 8.191859052646353057e-01
3.308115708885481232e-01 2.599648244266709596e-01
3.993623022021957625e-01 6.608280204003507130e-01
1.898915868353445169e-01 1.126403567157372859e-01
5.698449173716456650e-01 2.880749422628754997e-01
5.511682634962997707e-01 6.187326523577918458e-01
7.519073731924312831e-01 9.123421260123805165e-01
8.886301574430602868e-01 1.028738744112196457e-01
3.923431099632129770e-01 2.712305579509812631e-02
6.322138031310848838e-01 9.891808781198765388e-01
1.857844249076738286e-01 2.031898258886476183e-01
1.535493475970010346e-01 5.921775777597502177e-01
2.028441060986545252e-01 1.660511967820534340e-01
4.831987819565334297e-01 8.573077743895398672e-01
2.795024124861297254e-01 2.976568494688369149e-01
6.371291099505584921e-01 1.651755848552560746e-02
3.384589005159086006e-01 5.401923147168337103e-01
3.757772358671168655e-01 1.078593291150808930e-02
1.917530267959228207e-01 5.531698776621687408e-01
5.542773385219293969e-01 2.549111073026196217e-01
4.626007864918139645e-01 6.297331719394679839e-01
1.465568559139225346e-01 8.733923851152342044e-01
4.079557837249590535e-01 9.570342662911701659e-01
2.625285212948815228e-01 9.345976838505156703e-01
1.344635165491519235e-01 8.397160111518311432e-01
9.653866321587004640e-01 2.664470240708057824e-01
6.888651512796205578e-01 5.928910565480556283e-01
9.501934199986261653e-01 4.231932623592425946e-01
2.577280070849144455e-01 7.610219951908102631e-01
6.865072379137245884e-01 3.377000103698100109e-01
7.681446151445288362e-02 6.453461021415429766e-01
6.261049127049783669e-01 9.624031057973795322e-01
1.043563724462788361e-01 5.122630922394108000e-01
2.911056532180550382e-01 1.199361976600623464e-01
3.291664202899381997e-01 4.124559718972879985e-01
4.341335821567833819e-01 7.210888037986782351e-01
8.620944045379385079e-01 3.765490997937647188e-01
8.373622536639361291e-01 2.246894574991922799e-01
6.894444883600507890e-01 2.690116662999306185e-01
6.248387716062920871e-01 1.210339614317831602e-01
6.763383405788404579e-01 1.187280157573643441e-01
3.796133713753272465e-01 3.031790628929676990e-01
1.227533775644446823e-01 1.805381781211564951e-01
2.963370017439180826e-01 9.053804580059473528e-01
6.594171832846364989e-01 7.639688416393347614e-01
5.591838181178943046e-01 6.066347247585468505e-01
8.186988771762326866e-01 3.656289239055485751e-01
3.151139571963045283e-01 8.175081268053734362e-01
1.797646072851833143e-01 3.393331495545061083e-01
8.722576996514883607e-01 6.753447411216539908e-01
5.371856191929091917e-01 7.917452762350868367e-01
2.043274158926146611e-01 5.703803483456522105e-01
9.801924587606581918e-01 6.701466970528529021e-01
4.046974206624445181e-01 5.812114361663609508e-01
8.733098188393962902e-01 7.271573271110032266e-01
7.363649992518668252e-01 3.156132154040858229e-02
5.182653590913048891e-01 3.047625058095141393e-01
9.157535980092994521e-01 5.101340493331445458e-01
3.472263188525618882e-01 5.316399617909528530e-02
1.078373522771348958e-01 2.486858742531457278e-01
8.828912172924999746e-01 1.685601850784385625e-01
8.652880382125103242e-01 5.835334226699164795e-01
3.809530357016299718e-01 6.153197882451131306e-01
5.605741108903059544e-01 3.913974389645555885e-01
1.912847862023043799e-01 9.068993591646257180e-01
4.032058020588640268e-01 9.365473129785972795e-03
2.659784336150829431e-01 1.557942969008555001e-01
4.156855420961587666e-01 9.033338765305349849e-01
3.328391196748507475e-01 4.261539575666191126e-01
1.238860717199864875e-01 4.430761812584290693e-01
3.432384028962371381e-01 3.324627362486536758e-02
5.850411773355184142e-01 3.022950882349942914e-01
7.992602748699705328e-01 6.238796696674944187e-01
4.017743054606937037e-01 5.391530602610479228e-01
5.720763156337048683e-01 7.706750336436515858e-02
8.837207823277118957e-01 6.461620322467986899e-01
9.032345690183687936e-02 7.663350643555312258e-01
5.326115319648460078e-01 4.929701140020240069e-01
7.407123798597186060e-01 2.251742404544658793e-01
6.859588059583257014e-01 8.470410943079679233e-01
7.035420784769581548e-01 7.161404749869131336e-01
1.274055232202104815e-01 1.267695187090999154e-01
5.022347417179302553e-01 7.011897238941121602e-01
6.694184328932150096e-01 7.869745794113188753e-01
2.497792781212542779e-01 6.797469586916360385e-01
9.607706652876203401e-01 4.526767276700278120e-01
5.613784789022500110e-01 3.997456407086946717e-01
6.995549725346477121e-01 8.391545179071240312e-01
6.709590688156155114e-01 5.003802985399961045e-01
6.281509811689032219e-01 8.400954058634008126e-01
8.540908736824491809e-01 9.196562937913516089e-01
6.499349550697998135e-01 5.120872730454267829e-02
3.684868606439082317e-01 4.619362866459636452e-01
6.447931709576194548e-01 4.116490252645186310e-01
4.003700833235247503e-01 7.098124038680944103e-01
2.441271608753132205e-01 3.200390629183522129e-01
2.788471536583909671e-01 9.530886094044088708e-02
8.213272641056650336e-01 8.521941251257870720e-01
5.928765010233831845e-01 9.920769967035992787e-01
8.526056963521312371e-01 8.320288527868836548e-01
3.247212308094556410e-01 5.867080409932363266e-02
7.400770035817363368e-01 7.637275431969582362e-01
3.576285017022817203e-01 5.622786160318720139e-01
7.572771186104521046e-02 6.092916471332205930e-01
9.637595524454967144e-01 2.753856219059257482e-01
6.112950499791367509e-01 9.734537337248090338e-01
2.444951565651109771e-01 7.224645783311159919e-01
3.881183004217448884e-01 2.306363675053276496e-01
8.262349460244599042e-01 8.522223790274054966e-01
8.077592336218131219e-01 1.878636726641336741e-01
1.201749621552223313e-01 8.310059580834230353e-01
3.611506778297269848e-01 4.907489126364744658e-01
5.978226710381281395e-01 4.239032779722143873e-01
7.199299336654632064e-01 5.949714166782273939e-01
7.979325300694635192e-01 3.533725386212652753e-01
8.753877870372075432e-01 6.873763582396332783e-01
6.535364943131370952e-01 2.239578628342155930e-01
2.547358435265464349e-01 2.662594613115550346e-01
4.074058045590436272e-01 2.191379055176243540e-01
8.958719211659327275e-01 6.896738187929937203e-01
6.102458487869538706e-01 2.235407359928176796e-01
7.252869931165902839e-01 5.741372811131987414e-02
4.396487693060849855e-01 2.579129070903239396e-01
5.406247275293923904e-01 5.354687061108473478e-02
2.975492523621167673e-01 4.981687368980585173e-01
5.890691756360619813e-01 7.663277411402651396e-01
7.551814657931344987e-01 3.596520640182447603e-02
4.392329638456549668e-01 8.780798623712116058e-02
7.663739007239850354e-01 8.158254079838537232e-01
3.972465956034900159e-01 6.227409210198502354e-01
9.354914486266435736e-02 3.319183750444913983e-01
5.408852757678299650e-01 4.291127795089307723e-02
9.775477681132618279e-01 5.959127741624747898e-01
3.241028624174985828e-01 8.321865173380309511e-01
5.333085671956484530e-01 7.336386015868356925e-01
9.178249556464979086e-01 5.635290556097255488e-01
4.782726696317717296e-01 4.027025383310084417e-01
5.438590160150592601e-01 5.698325854588062178e-01
5.162807606977065644e-01 3.862543059963635672e-01
1.521090642684725103e-01 4.365288892116989672e-01
7.655398174348860829e-01 9.604421020538990161e-01
7.821740521386856271e-01 4.260567487377778795e-01
6.687266031489310647e-01 7.821148381403549843e-01
1.913356878478130740e-01 8.026894188016823195e-01
8.701043816458258195e-01 7.860487727036371552e-01
4.307149932795082403e-01 8.273195449869439333e-01
1.506751743315576653e-01 7.954008451454657180e-01
6.128874633457525034e-01 6.054954419176515612e-02
9.243800765700743716e-01 6.248317786546634389e-01
7.260881322162914264e-01 3.248277111697899788e-01
7.568014558076960885e-01 3.128764840543546977e-01
2.843625459395480171e-01 9.291949667203962537e-01
3.209238810065432879e-01 1.733355471432143080e-01
8.006819765810382905e-02 5.083471582805429989e-01
1.439179921629544223e-01 5.253251150844138184e-01
2.067797187452787289e-01 4.300059049111595311e-01
1.550192212308741380e-01 7.060324410902845127e-01
2.215879491613183538e-01 6.981594422618695450e-01
1.681232959988198938e-01 7.140749680593049264e-01
5.821198014206169224e-01 6.536484301544986941e-01
1.328396458660408008e-02 4.124957718146152752e-01
1.873701210479400137e-01 7.427687014620162342e-01
4.268589809960244286e-01 5.786580578921498574e-01
1.364715872017417952e-01 1.984725087068287264e-01
2.876165083585361937e-01 1.230073547068069734e-01
7.635480498624630519e-01 7.214567789107815265e-01
2.871222379025645255e-01 8.118352042304510796e-01
5.793981991880029492e-01 3.817802563334490307e-01
3.997554205601818733e-01 7.532349405055819291e-01
3.277862864311386071e-01 5.007500028305840178e-01
8.932903034449889423e-01 1.082745825670545781e-01
4.903542755802668962e-01 2.570040516692514432e-01
7.222372346395895537e-01 7.593483089479848847e-01
1.636192607434109325e-01 8.881340329532759759e-01
6.493961982046524417e-01 4.193265779380774827e-01
7.239342308446095053e-01 1.494964625566546634e-01
8.984908997539520215e-01 3.963904006683348635e-01
1.827371776277089133e-01 7.118256660713373485e-02
8.706351122241151597e-01 7.457071532943087000e-01
8.011454810508300550e-02 2.169966029014783748e-01
1.872421679821475171e-01 1.374196493797346375e-01
1.197405414693835657e-01 7.036851961437358138e-01
7.247484868721261186e-01 8.773791147519539591e-01
5.396746005159917814e-02 4.104851854419027113e-01
4.956211241383927102e-01 5.444860803033826357e-01
9.268338272554219603e-01 3.366068629907109644e-01
5.613796812729572316e-01 9.298517728650891323e-01
5.902392719142574018e-01 8.645484610357478950e-01
9.795739753924943560e-01 6.175617891476004040e-01
2.709828756228740421e-01 7.802943343527357634e-01
8.284888058008104128e-01 4.992736833223141990e-01
2.143426762198515634e-01 6.763437042387702158e-01
7.218409869739855766e-02 4.995100067546294764e-01
1.558120725863486600e-01 2.625089826841529028e-01
5.250970272581173548e-01 6.367426307831419718e-01
1.509966412103359024e-01 3.864293311860886315e-01
4.201891429787001364e-01 7.868812643266588358e-01
8.431450204520967162e-01 4.501872359093907483e-01
2.571442246736205250e-01 5.313298380203058668e-01
1.085270468383608411e-01 1.860991535767770044e-01
6.125670589765942475e-01 9.331757237284179496e-01
3.626585651323678827e-01 8.499046492595668800e-01
6.735619481528213326e-01 3.215228144344122185e-01
6.367258127666631795e-01 3.164511777620889199e-01
7.107494453387274147e-01 9.400369951221254627e-01
8.193963619546678068e-01 8.458248577968776605e-01
4.646848844208167351e-01 2.316720476007986251e-01
8.037046207837968970e-01 4.401276771528414011e-01
8.966638386131027261e-01 5.239067718416957620e-01
7.903626724339033460e-01 7.257089341872979826e-01
2.502019217873607815e-02 6.005642555772389146e-01
3.682088075521958159e-01 5.020456458942392786e-01
7.716666471069774103e-01 6.648875541694603264e-01
4.857258526022264489e-01 3.921129699568070004e-01
2.023286021033980364e-01 3.858687146634554588e-01
1.899809421820871091e-01 1.931542555108730075e-01
5.639410293148606340e-02 6.777286343555307679e-01
2.913895681954726258e-01 2.593096356352066478e-01
6.141571703453965192e-01 8.348559489820799318e-01
8.698356504131674605e-01 1.479476828244895015e-01
5.607434570491478532e-01 9.928217043425946464e-01
7.423964616946675532e-01 1.829008610823625036e-01
5.504856129250207397e-01 1.697175621669826662e-01
6.749055642177532732e-01 9.849140586545730436e-01
9.700210276073477633e-01 2.970661316393934381e-01
4.220981532019374427e-01 2.983093749782800286e-01
2.441846858161357270e-01 1.023657266631142898e-01
9.834434546565754554e-01 4.042122727014436645e-01
5.093950214940926591e-01 5.000859730838984329e-02
7.165550372886512198e-01 5.319316955171488059e-01
6.159742755081731858e-01 1.104252552599543913e-01
8.566199072577011797e-02 5.687261854270153627e-01
9.613036662328728887e-01 4.052922053896365617e-01
3.169694943648363461e-01 9.639709377027489978e-01
3.840080624994376413e-01 6.932661938580391148e-01
3.999945352749101346e-01 9.804808265161518710e-01
1.635343884101809753e-01 3.233517934893111456e-01
3.469579867912829241e-01 6.680214258729026966e-01
5.477825166607130924e-01 6.841580379384007982e-01
8.338135667812830443e-01 5.909563066430101319e-02
6.468646912671906224e-02 5.091257313756745173e-01
9.064340718491122884e-01 7.058819759528947024e-01
8.038170673931547272e-01 3.033274859069851614e-01
5.366549403848657196e-01 4.919059455566372474e-01
6.849589348939494338e-02 5.159438102903364243e-01
6.606715953606763225e-01 4.624291326664918267e-01
2.521281821171029724e-01 7.248946921247866049e-02
2.744931083052511989e-01 9.246751159472726966e-01
7.806587829126669931e-01 4.416036499808464327e-02
3.001943265501293423e-01 8.651346309987602012e-01
3.920578282377068513e-01 6.592221997808426215e-01
3.828220819195608526e-01 1.318852800135396908e-01
4.087299021277391309e-01 9.695819145250637039e-01
4.075019087823320563e-01 2.761653231702317912e-01
6.894000690328385694e-01 8.637529521819016232e-01
7.389777505996009133e-02 7.466102171359096928e-01
2.309704039814851617e-01 4.171237081961302051e-01
9.726838994870752320e-01 7.204508631531540974e-01
4.215103428622199999e-01 4.347787356505387057e-01
5.459561233821056403e-01 7.310033527872934478e-01
3.660601423626320128e-01 5.963468825714856036e-01
8.900650363912723795e-02 5.512238286133700482e-01
8.001271098525860603e-01 4.898812033937587351e-01
5.698998195014385315e-01 8.552015531535139825e-01
5.527154131700932060e-01 4.651930387380572851e-01
1.777885143071910035e-01 8.979947701100626789e-01
5.319268229599096731e-01 7.593587675503108425e-01
6.974823209070527552e-01 8.614408211695083750e-01
4.025393352807584146e-01 3.297288630205802429e-02
2.986722552210470671e-01 6.964284398212312599e-01
6.831379798039783902e-01 6.906168298468466915e-01
6.011796672771265726e-01 8.005087791343054038e-01
3.927193628065251407e-01 9.153126760044961729e-01
7.192091165539415965e-01 3.135125661985959655e-01
5.695684984015078056e-01 8.200355182822240963e-01
3.190005736212077614e-01 4.740193046218741380e-01
6.127347891996411944e-01 3.509828125890608330e-01
7.662428715449499661e-01 3.341345894886696422e-01
8.484737445474851425e-01 9.236522679021692550e-01
8.264464725631816000e-01 4.888082947692584113e-01
9.198114027424351968e-02 7.027226084003435069e-01
4.747378323047238835e-01 8.273360552416698654e-01
3.197433338122204760e-01 6.741394135513624208e-01
4.517727637619606829e-01 6.297855489494812442e-01
8.079395306364420271e-02 2.729670129329483941e-01
5.125835378685141830e-01 2.626399586505779871e-01
9.702839538033056765e-01 4.196413575162926679e-01
1.288107173865967736e-01 1.244825530232311905e-01
5.350518959579829703e-01 8.731533962088380840e-02
4.054172702472725320e-01 3.753209907979132565e-01
7.564628428215387501e-01 5.187258177478604182e-01
2.612497027336344035e-01 8.801281588431826286e-01
3.883143926490538189e-01 5.310783461226117330e-01
9.048066055107468753e-01 8.108603977154854592e-01
9.449782020119619208e-01 3.307258091267125666e-01
8.475450549590137772e-01 1.363266429133161428e-01
4.676919558386901654e-01 2.117896554064170322e-01
7.297668365884359964e-01 9.708238222630676262e-01
4.471856610348923233e-01 4.841593057339235173e-01
6.181884738310879923e-01 3.068243612521153740e-01
5.619184614345105189e-01 5.529550609142620116e-02
7.423642544755698625e-02 5.200147782349118231e-01
9.661245599756516089e-01 6.554032781434405708e-01
5.570770081449479827e-01 2.497751254676323640e-01
1.358572000979337002e-01 1.182900976413002320e-01
8.966591812821738117e-01 1.768824952966085717e-01
6.408649173576993485e-01 9.368291435037419124e-01
8.060435504457794664e-01 1.528133270220393136e-01
8.289320479764300531e-01 1.878291737588427823e-01
5.743277478374274325e-02 2.956940450854905755e-01
3.397752085028485358e-01 8.792593326543806098e-01
3.486245355057230322e-01 7.179617528234061297e-01
8.794689525092634907e-01 6.894675821653892811e-01
2.514080090295540693e-01 7.548003143914490121e-01
5.877438338334166623e-01 1.716916370263093725e-02
8.957738596811890552e-01 3.820877394782516978e-01
6.640341731494597832e-01 9.820067023394040140e-01
4.309314962157591578e-01 7.540819224718424696e-01
7.834649392432047055e-01 5.145366629694042571e-01
5.005778900511803631e-01 9.366586280498245820e-01
5.110661784867771562e-01 9.193556441080302788e-01
8.023059571959104685e-01 6.208253101548119046e-01
5.976846614888541298e-01 3.093398376907935399e-01
3.388197210323438124e-01 7.103591226158842975e-01
2.019071130855257801e-01 3.055666630192946931e-01
7.600210900460310226e-01 8.205064477774537401e-01
7.984308076147662581e-01 8.405408736128410219e-01
3.393537667186073969e-01 6.639984039301298768e-01
1.733703691259801810e-02 4.891131962652410237e-01
1.928433768976364204e-01 3.542927776104370929e-01
9.250282908523673742e-01 1.492319773214503265e-01
6.132830239553872520e-01 7.698684992808110250e-01
8.534233439343443806e-01 1.213761075309290199e-01
3.404092830302778427e-01 8.398630886277028695e-01
3.906646820258117270e-01 6.890216001521041189e-01
3.437719445374849969e-01 4.765605966376642022e-01
2.775921307848099318e-01 4.011122330031252625e-01
7.898251204068356124e-01 7.884552727604289268e-01
3.263013202077336139e-01 9.215685112013187741e-01
5.080693871327878197e-01 7.178295657405242558e-03
7.286102428343543824e-01 2.922259249944453852e-01
4.580117345557370712e-01 6.563779706930710223e-01
5.641508072988727918e-01 2.215581377084692785e-02
6.594083814827788048e-01 8.777133125154683579e-01
7.733528099564604963e-01 5.251679798405970434e-01
6.198100317023276240e-01 4.101687521479946419e-01
9.780002098404110278e-01 4.929124236485122323e-01
9.929627558230183504e-02 5.917487548873014980e-01
9.326954877561616231e-01 7.011188051418794087e-01
5.065442520169424201e-01 6.488196485909162314e-01
3.433748754857691710e-01 1.282136625279223785e-01
1.698653194026099045e-01 8.362270228078050316e-01
8.674718704061319396e-01 2.020105263710365584e-01
2.520767352165503850e-01 8.824908772267734403e-01
5.681120185222052754e-01 4.139947783553074023e-01
1.852111018854856461e-01 7.281062042354781438e-02
7.433215769521160921e-01 2.092137716907335465e-01
7.917079486954465839e-01 2.051062808785763247e-01
8.447976244383463840e-01 3.322473887174519636e-01
