7.812786473127838471e-01 2.234700790421382255e-01
7.667087530297646003e-01 9.570880301821576008e-01
4.212115754201820050e-01 4.884979911360686211e-01
1.034183590316525292e-01 1.440097838991610812e-01
8.157350448027669287e-01 7.786263407546527571e-01
9.879006435136152842e-01 4.659712458305353966e-01
3.565308291662602214e-01 3.700936895008555827e-01
2.526543938930670974e-01 4.203671870521329401e-01
5.046380532588146117e-01 5.553629279479390668e-01
5.536966153647805422e-01 3.115375490517663382e-01
4.172941902144925441e-01 9.163476265958160616e-02
5.042673111630893157e-01 7.285637500782189413e-01
6.336462953126559272e-01 1.592270502760219919e-01
5.487109553273736839e-01 3.606636537677797016e-01
1.619305501210437925e-01 4.489627904693549998e-01
1.863938928161687214e-01 4.401076354886601094e-01
6.526374367819862687e-01 1.349735261221222116e-01
9.441009411498627601e-01 3.373488563586258815e-01
8.573722846823088606e-01 1.958372422273882141e-01
2.104531456083225116e-01 2.664205203333657179e-01
3.460502039649847039e-01 8.783566215577117697e-01
6.300850657348708861e-01 4.597767472741697281e-01
8.961678669502889383e-01 8.528899015062484379e-01
3.587304122691251096e-01 1.427175423154473100e-01
4.840622823261599983e-01 2.880331943483157575e-01
7.009339058447475734e-01 5.438653949676991450e-01
4.316535222725872978e-01 6.159001334077369716e-01
1.841278268899947390e-01 7.559154377394494695e-02
8.529830636080588668e-01 1.773670700074142514e-01
7.264616128584524546e-01 9.724248650844786734e-01
4.564954535029059901e-01 9.843773494367088484e-01
3.911441738371638221e-01 2.873524123729379598e-01
5.148061214047287004e-01 2.485203873834647692e-01
3.030651825877182515e-01 7.474911956500623900e-02
1.626277752877163529e-01 3.019426614847519619e-01
4.712005387281669733e-01 9.507517512137806381e-01
5.111929502862025965e-01 5.351800766131900033e-01
5.917517277058812475e-01 2.892262639538236910e-02
3.019805177691088915e-01 5.939422101924782815e-01
7.466744821391498865e-01 5.176642778832708514e-01
2.721660685356108722e-02 3.103170304436720928e-01
2.366298039397364550e-01 1.292414038259117326e-01
7.374052342230391632e-01 6.226936383635417460e-02
6.374535000209484714e-01 9.261875907502599148e-01
6.911139315151317852e-01 7.767906864135480927e-01
4.928571712830220330e-01 1.741350506469510340e-01
1.968739362757327416e-01 5.594284328861980349e-01
7.752905271794866549e-01 8.064817571946750752e-01
5.930975244581332406e-01 1.801100141468239546e-01
5.461914520292006081e-01 6.580012219705222432e-01
8.642152018174430461e-01 2.363922505280692254e-01
3.595036813089126371e-01 3.293349470811227642e-01
8.882348665582838754e-01 7.644364544640389614e-01
4.605565728145213922e-01 3.202541862976883702e-01
6.401072782993294519e-01 3.900430913639821306e-01
7.438037325979167669e-01 2.290197991329214755e-01
5.535862908574296082e-01 5.357926240757235892e-01
1.410445940230743989e-01 6.799764241779713281e-01
3.761410541294118448e-01 3.650484569453149031e-01
5.636370136963926580e-02 5.847070194932257881e-01
9.603148862615242809e-01 5.322295832452967890e-01
5.283322598700874728e-01 4.616413694793530809e-01
4.668546218349250432e-01 6.546776337185007399e-01
2.191084910930463647e-01 4.531119064116690409e-01
1.365242054505115821e-01 1.619048790944981886e-01
5.517144094405653787e-01 5.818387622246173896e-01
2.388906289314318143e-01 3.327223418398514432e-01
6.159711111162676778e-01 1.193304831653352327e-02
2.002027387099971634e-01 8.556797331373748872e-01
6.641082722409499262e-01 8.747198699230545049e-01
5.317242577780176838e-01 2.759099078473264410e-01
1.939138314294620580e-01 5.596087054288725327e-01
2.695971480758381222e-01 4.646714478184142405e-01
5.641649454091300919e-01 3.628342106715085058e-01
9.927490664225807615e-01 5.741372933269818235e-01
1.461615986176931781e-01 7.945209663834993385e-01
1.485982990382028468e-01 6.811062390065314442e-01
6.166693636495010900e-01 5.685654982239887190e-01
8.652606211302815709e-01 2.765772885821970450e-01
6.742283970321457653e-01 3.698736233802805140e-01
8.701530944127362499e-01 6.391682719122760981e-01
4.595052238967914926e-01 6.241454405541354555e-01
6.793206723911413558e-01 5.411457047629766315e-01
2.644545199538380631e-01 4.904566354001679285e-01
9.525404834146936617e-01 7.274709258094774755e-01
9.755399261039039427e-01 6.620792753265393182e-01
6.204100735220418050e-01 2.124082294993358266e-01
7.979990649329907759e-01 3.687426946735120059e-01
5.472949044113676331e-01 2.473275755745504012e-01
1.669930853600992138e-01 4.254134127304740609e-01
3.761402785322248699e-01 7.723814301292536433e-01
5.413777527537517731e-01 5.086211615089328841e-01
4.785305858496415876e-01 6.165322299169440079e-03
6.149938539220389799e-01 2.593415510330194795e-01
6.998867304642828469e-01 1.147731216016319306e-01
9.009143395944403387e-01 8.256366424291776696e-01
8.164512654700625260e-01 1.452372884917280671e-01
2.821778136297263817e-01 9.026385865699130262e-01
6.845283501502513746e-01 3.111713277875688410e-01
2.894072712402933067e-01 9.384979958708495884e-01
7.464253982247417429e-01 8.751358576724277416e-02
6.922089963038535743e-01 7.483345617455040566e-01
4.849131859291994640e-01 8.301633576466164177e-01
4.980530821060195068e-01 4.223569328411700408e-01
6.798784792379369835e-01 5.548679069183068968e-01
5.782245098215761381e-01 8.762725980923209423e-01
5.848254841789580771e-01 8.707417187471988562e-01
4.880522060621754754e-01 1.379588698446921613e-01
8.849669054642537169e-01 5.766487583889305935e-01
7.534778345885473350e-01 9.428072823373984113e-01
3.409767547614321326e-01 2.201772258787489112e-01
7.621518382694498772e-01 6.173957701777108564e-01
5.596785754653110789e-01 3.247770234171512560e-01
5.589722454493377679e-01 3.217213622217277025e-01
7.844147356542652272e-01 3.654167274990391956e-01
9.136312701327659047e-01 3.794737043880374028e-01
3.277472960392029400e-01 4.164039936855601365e-02
3.037541129459789824e-01 5.606246268763074303e-01
5.923751632502125553e-01 2.404518362734388640e-02
4.669658702789170057e-02 2.542054107939099028e-01
6.396405345231251927e-01 4.786792764951436352e-01
5.682030745072715883e-01 3.537034948268867329e-01
5.748187210194017904e-01 2.433986892238795274e-01
6.102552059452343025e-01 7.673948131881498380e-01
6.222022077093516401e-01 9.940368858934036655e-01
5.390160334016331767e-01 5.543776455375142298e-01
6.714672066998932376e-01 4.236583577320259808e-01
7.096033098202059186e-01 9.225041831267122294e-01
6.680599681731467232e-01 3.711482991472419557e-01
7.062431751631369492e-01 6.174837705799454124e-01
9.799497955173326336e-01 4.181328412390729055e-01
4.275971282802909501e-01 8.251461985758069551e-01
6.145852522191715961e-01 8.329196376592725715e-01
1.530309522617768758e-01 4.015702201588512987e-01
1.942547924239255153e-01 6.733236404083823290e-01
2.688114377889090911e-01 6.902789523377862446e-01
9.274915271882215873e-01 4.655983079899110311e-01
2.877075309668408742e-01 4.547876982311591654e-01
6.297111532412613677e-02 6.734778890476806890e-01
6.133205513569340850e-01 4.812028897613919165e-01
6.264475469100159177e-01 4.165906497043629364e-01
9.346138387753668564e-01 7.892566392078983473e-01
9.585170920947854167e-01 6.638003591551713267e-01
7.248989837093979816e-01 1.443963752400235223e-01
7.665131668938428289e-02 2.583976765477326576e-01
8.912531930325439111e-01 8.027561027818734818e-01
2.248637792467526042e-01 5.775740764312720099e-02
3.269104017529941286e-01 5.366362893068243878e-01
8.323404846519414368e-01 9.259462858429388099e-01
4.362171569804701443e-01 6.409409781112141991e-01
2.931400260546911940e-01 4.283096837972906745e-01
6.170425573523268259e-01 2.182234101773345980e-01
8.069310524040635979e-01 4.711207325266499324e-01
3.336967526116906835e-01 6.635153201692840785e-02
3.763615638690775977e-02 6.069501386777355068e-01
5.944496972372799171e-01 3.229642020673509917e-01
3.450349108198987325e-01 8.731780112356594126e-01
1.264795877961949477e-01 2.926580710692460174e-01
8.873346230324017370e-01 4.053872880426329095e-01
9.461466897172301493e-01 3.236520581876968228e-01
2.994542590856810738e-01 3.421699279604401012e-01
4.044443309396957287e-01 3.092223689201268888e-01
5.623456430146448609e-02 5.473046589817170959e-01
4.503405200628844973e-01 1.275023381042096060e-01
6.575188343708879835e-01 5.100600039107292538e-01
1.798211274175573818e-02 4.505465757809801741e-01
6.778945641863372007e-01 8.552867965513297754e-01
6.841510625863687078e-01 8.238512173515929460e-01
8.783206848449635062e-01 4.146004226324728204e-01
2.388239368064486445e-01 5.277516694070272241e-02
1.688390112142946764e-01 6.315928227012648222e-01
4.300484849838748236e-01 5.098094974789658673e-01
4.882883261946903142e-01 4.172055539021211207e-02
5.837704619300356779e-01 5.643477222251760406e-01
2.344239059729322228e-01 5.715434534140572120e-01
9.656084776514695101e-01 6.231979125803968067e-01
4.207144726330751539e-01 8.197877964718906785e-02
4.839383098671095618e-01 3.452844992864104179e-01
7.554620592575447269e-01 4.518146386824337668e-01
8.241768941743536914e-01 4.691898890052824123e-01
4.054423013547694410e-01 9.147583882870672367e-01
6.041531111010245425e-01 2.083234072454922536e-01
5.507663558887777588e-01 2.454550041456525222e-01
2.510750843339523142e-01 2.705124219702063626e-01
3.652502847399807240e-01 2.654168624737263116e-01
4.973742344114650549e-01 8.077250306958859705e-01
7.590303845329945398e-01 7.536479211308610981e-01
7.917226532180797749e-01 3.245142595878754976e-01
5.303431024219608381e-02 2.872730012896473339e-01
8.361317489271264947e-01 2.755968462496315441e-01
6.616320374214014199e-01 1.666353249658870939e-01
9.264787649756803245e-02 2.773923132412315362e-01
3.676345028136941417e-01 3.228551538598044557e-01
4.252859464275034473e-01 3.611091211747312069e-01
4.478286485632587133e-01 9.426340405320853266e-01
4.867324368837067650e-01 8.348004510832734981e-01
8.234432166486910232e-01 7.824267042183377097e-01
5.784271601759742865e-01 8.412337988402562861e-01
4.048410865690891258e-01 2.049201551848587044e-01
2.383658832254346716e-01 8.636207690230559564e-01
4.689882807345077120e-01 1.358912776295683467e-01
5.171463157184915671e-01 2.684076257716905833e-01
9.054954117046073447e-01 2.476196065620445141e-01
2.509566713514454483e-01 2.443650142844468187e-01
3.918529385311192992e-01 2.988144681117213541e-01
3.813351045312587950e-01 3.008063244957496774e-01
7.470332047490096938e-01 2.424961505906052250e-01
3.001181748609982880e-01 5.793296315026170706e-01
4.511546150980673131e-01 4.065635328907092338e-01
5.394201714759291333e-01 9.753192626680271538e-01
4.860882035433881088e-01 3.926453520391774699e-02
7.387836621434813456e-01 1.332307597415016975e-01
6.852445100200466044e-01 5.065195201362252542e-01
3.020976526514361216e-01 8.339877330944459599e-01
9.350877702380133716e-01 4.813567247664701232e-01
9.922028965906944942e-01 6.360678591907892310e-01
4.097273217017166624e-01 1.752817758843859264e-01
8.145212410613150711e-01 7.579784038399590695e-01
1.659005314339314086e-01 1.643823049360863819e-01
3.079392544834671508e-01 9.370364467946040721e-01
3.198201032702220892e-01 1.390831971524671140e-01
8.393845493602780650e-02 1.753891288034113982e-01
2.001597104011648975e-01 4.172211207086145568e-01
8.187877986864888769e-01 4.095571877158047380e-01
3.464520029476836349e-01 3.734987667309755399e-01
6.251815113818186553e-01 6.434840838680024877e-01
6.840421696885125025e-01 4.766210243494147791e-01
2.668210916228930252e-02 3.123913826739027622e-01
2.960475169811733753e-01 7.649077487689988075e-01
1.644854757708704984e-01 2.688653767369469927e-01
2.979019796917091734e-01 8.811062843593328031e-01
4.633251309967504339e-01 6.737657699880241768e-01
4.658828723937978311e-01 4.541864767913270651e-01
3.389031561187185737e-01 2.607227621857134969e-01
5.423477363941197060e-01 1.930101961161348190e-01
7.630549928617238464e-01 3.607060175833987081e-01
6.808426152956404964e-01 6.254220572257007671e-01
2.327807319236262218e-01 5.333565425739625887e-01
5.075804537792709681e-01 4.314749997330682429e-01
1.126543128056201049e-02 3.883889778895428524e-01
4.019872141917364416e-01 1.624936579339225917e-01
3.626682252646115656e-01 9.536221315330690729e-01
7.830180564132374066e-01 2.545031408944793405e-01
5.341670755304290807e-01 7.822125582167028801e-01
2.767436709905704006e-01 9.503750257260806800e-02
2.960751002494199646e-01 1.084061488877777063e-01
2.361922600002625827e-01 7.269629977447514824e-01
7.706304300948959574e-01 5.847521900709973242e-01
4.494833287158195301e-01 9.470740183571443316e-01
6.420325255189399671e-01 3.278130342007401499e-01
3.146085791265914589e-01 4.478673724720387828e-01
7.514669139830645328e-01 1.174621451587941207e-01
5.776489373302449160e-01 9.979672494815106099e-01
7.910580147425598785e-01 5.511767345848277433e-01
4.823657963028448736e-01 6.347685168082917162e-01
6.895619576903760928e-02 5.604515205581575010e-01
4.771819007368351406e-01 4.142968681202731651e-01
4.013749977215625431e-01 1.562763431409335269e-01
5.606526877612338922e-01 8.121778116253811630e-01
5.841325587826209365e-01 1.317666226204827207e-01
7.073603381025135306e-01 6.122473369402197108e-01
6.605423511629553157e-02 2.517259954662544041e-01
5.776035494706257545e-01 7.805997981192831503e-01
5.245001316043964579e-01 6.727866270355026268e-01
5.610764297183110649e-01 2.930515390063336278e-01
2.770794813700259152e-01 6.701352816114432009e-01
2.453106862145544020e-01 5.698090739223972134e-01
5.992759450653024622e-01 3.765524955063208612e-01
6.602711406133605632e-01 7.444765727328117588e-01
2.755142329925822642e-01 3.182404478181023455e-01
8.942485942208442395e-01 3.776834702502221974e-01
7.000367707290507946e-01 5.124074574811642302e-01
8.433154672591325340e-01 5.635758065395782834e-01
6.430488004556514925e-01 5.449405184389295442e-01
4.064876799223319237e-01 9.467022016467758760e-01
6.148386558066767371e-01 1.454562554724032342e-01
1.337310700181391365e-01 1.734898687635663683e-01
7.408390961788866580e-01 4.942879873550999337e-01
3.120986462821650348e-02 3.441337849364493606e-01
8.331179993040800369e-01 2.018714622225094846e-01
7.597903549447404536e-01 9.409872455298478044e-01
7.016997036228024287e-01 6.417290824994065224e-01
1.121232272358114734e-01 7.653602194864181918e-01
4.553060727931369511e-01 5.374215225101754978e-01
3.003270209198565244e-01 8.175447240702388152e-01
9.581254907430154510e-01 4.674250992341115740e-01
3.088705990955375458e-01 5.171359276975215913e-01
3.328645177675715328e-02 2.924992720303460914e-01
7.511486419453926588e-01 5.419051120193443261e-01
5.661664402018977693e-01 7.972557743697304966e-01
4.082772955888105404e-01 8.843877000118565146e-01
7.142129653507936493e-02 3.035850940849483259e-01
6.106215595944021191e-01 5.630645715674708063e-01
9.349786209964218164e-01 3.927449328534126094e-01
5.507234499781574755e-01 1.734045351568245519e-01
3.409982814780971871e-01 8.304974558184616829e-01
9.484951253939919447e-01 4.394878208319253354e-01
7.585798476083305264e-01 4.680026461148315553e-01
1.403705392876759273e-01 4.154618767889078912e-01
6.311992830439441260e-01 7.200631616107385780e-01
5.260661548262919318e-01 4.972319090752907456e-01
5.214234459822629786e-01 2.138434390601031965e-01
8.560233028965148483e-01 3.218327052934836230e-01
1.594128721363178014e-01 1.974808291942202476e-01
4.448131331390811627e-02 6.145827908253700400e-01
2.613430361260078993e-01 2.899784855973402409e-01
2.037642021961909022e-01 4.721003002672604087e-01
2.411658450403613707e-01 3.632188766206037589e-01
3.899253888066510632e-01 9.711320218323475917e-01
2.159041210515816045e-01 3.369648017667424278e-01
7.349619590550396930e-01 7.183126814387477133e-01
8.875119429264031190e-01 5.522698957626911431e-01
3.389720756385029149e-02 4.028919966279576048e-01
7.295855254723642158e-01 5.619588091691984921e-02
3.794703243265029058e-01 1.928914871935688002e-01
8.761006787451740552e-01 6.873304869466458911e-01
6.996137417846736151e-01 6.496504425718651055e-01
2.471345877534955049e-01 7.147535266460746106e-01
7.386864624236196830e-01 7.420261938262429080e-01
1.064940184534360762e-01 7.412438697105196983e-01
6.185537573062045436e-01 5.984477054695713782e-01
9.254584086798654796e-02 3.513892351715999784e-01
6.459615600741269725e-01 4.129131860250094821e-01
5.650012483894462090e-01 8.599947115892266070e-02
5.245999325644574718e-01 9.942770964226578245e-01
9.952186840418648650e-01 5.159798216237364565e-01
6.665552916705971276e-01 6.391354556394699404e-01
3.529234673732166705e-01 7.007838303870880803e-02
6.737818780084758874e-01 1.470407113404608168e-01
8.798998104585907809e-01 5.011834149602476529e-01
2.872594035467611051e-01 2.756520693295074209e-01
7.894579290594884169e-01 5.962686191908346256e-01
7.124836873868918286e-01 6.473225252069598756e-01
6.582131487108465739e-01 2.226861370476685975e-01
3.619184504728038126e-02 5.835081575082530225e-01
3.982398113761714820e-01 7.064495372669837847e-01
1.489962062727853420e-01 4.938118893336981841e-01
6.301479290591753823e-01 9.683161716235694216e-01
5.501586923371775129e-01 1.318701920920721804e-01
9.489318588584039205e-03 5.002027784921729836e-01
5.169379237365379076e-02 2.413086521399513407e-01
6.251358409779621539e-01 7.171179391381332646e-01
7.627690538880929072e-01 2.929724044571214714e-01
2.745275063847004704e-01 5.382662748801207986e-01
6.536069398839232658e-01 5.330549528182892960e-01
4.208261483178799001e-01 9.269494856595313914e-01
4.753726165005328630e-01 9.623830107356228236e-01
3.109492459177098933e-01 8.420784701441618170e-01
7.556639591819662716e-01 4.757832389244222027e-01
7.381450433367370279e-01 9.682265683345993024e-01
4.981060721447980733e-01 9.748882387626762736e-01
7.349588246367342315e-01 9.146961846925159845e-02
8.063528004923554704e-01 5.099287761943369635e-01
5.236108998184076935e-01 9.852250022351474179e-01
7.228513191465286702e-01 8.446206570927861090e-01
7.666242404240215524e-01 4.673256492628851122e-01
4.230933904887957953e-01 5.919090075309517696e-01
4.102398626955691685e-01 3.965018483269268090e-01
1.220017665132809015e-01 6.135754899820697883e-01
1.877930396112238998e-01 7.334574522708674493e-01
5.114313525400370208e-01 4.252744922442652786e-03
3.244475345622912510e-01 1.635377724559260171e-01
2.042000380903876977e-01 3.618383358721245502e-01
3.930028197078654362e-01 7.139905972663715961e-01
4.731710528709869856e-01 6.527271199679052227e-01
6.866219664359215491e-01 8.148636665691081360e-01
8.219128464973899373e-01 2.646830958723220273e-01
9.149058022423113279e-01 8.249795171528021553e-01
7.294779232648544998e-01 5.619112457509682912e-01
7.227749650955386240e-01 5.205515792835534450e-01
7.421776332203516846e-01 5.580810032717322677e-01
4.688510723290826854e-01 3.602178541182217697e-01
5.664830183379802042e-01 4.328908953230151124e-01
1.751320561423400368e-01 4.471658678052546354e-01
8.058582522981678764e-01 1.296534211962097061e-01
6.836579236907135426e-01 6.231146908034014276e-01
5.277175505218396623e-01 6.204418212264366239e-02
1.138161462298566962e-01 1.326994500128191312e-01
5.499555761558818645e-01 1.734409751587021389e-02
8.270408531687885034e-01 5.293597830091796297e-01
9.822323794414021814e-01 6.709286709734615384e-01
6.738032460095804144e-01 5.101834445980788502e-01
9.059332555438637247e-01 3.656509195512512300e-01
5.868754709849172135e-01 9.506036973918978727e-01
2.996116653172754551e-01 4.987837506344799943e-01
8.662314239413078099e-01 5.191524928225297320e-01
8.559280282072833090e-01 2.677131900644241780e-01
1.533685553188948447e-01 6.988681035200472458e-01
6.910916856769644401e-01 4.906874087569289278e-02
8.147336243061299443e-01 2.801964358774752251e-01
3.782457008058243697e-01 9.125998964194924623e-01
9.562671985886157522e-01 5.582314888458806967e-01
3.512264971104457345e-01 1.861175908861756323e-02
6.161524839776504336e-01 5.244202896805262304e-01
6.218661726027421288e-01 5.064461265569550896e-01
6.798416409884234790e-01 2.812850476200634553e-02
7.206691948371543033e-01 9.595998698229518675e-01
4.864711088737244671e-01 1.012896698380177651e-01
4.781315958135134991e-03 4.448539603677136300e-01
7.172408395087662702e-01 5.542308587028623723e-01
7.502449814259348759e-01 1.430750339896215972e-01
6.502109080631808258e-01 9.453572637265601486e-01
3.052157389078209992e-01 5.494366679310515034e-01
4.274789468233901046e-01 4.178561935878600808e-01
6.426638150776542435e-01 2.900283440281340580e-02
3.245618284544147247e-01 8.441562592143501131e-01
5.597156084218821714e-01 5.900830286407879877e-01
4.572536098033621044e-01 8.841183921205048035e-01
5.488152338291274468e-01 1.051232795558959127e-01
9.385137568019868981e-01 5.760580839006902432e-01
9.529311797501754944e-02 4.256764099390600853e-01
5.538161403893542278e-01 5.642924282075293396e-01
5.300872922633520501e-01 1.382284768478195813e-01
4.606044778925993954e-01 1.614058200722482683e-01
7.279880997176561008e-01 1.821609286765875080e-01
5.650722296785737342e-01 6.048895653294059649e-01
4.874307414885091783e-01 5.619593267557561056e-01
1.884264903578917461e-01 6.966920566364269707e-01
1.977478896757893789e-01 8.593775930378070305e-01
2.849367409530728090e-01 2.535924857294082346e-01
7.909649123517249469e-01 8.092594697826016592e-01
5.179246050775825339e-01 2.309970623039203919e-01
9.194208729118944490e-01 4.274905029384875044e-01
5.693030390099319549e-01 6.248938120612296254e-01
5.799898780050999347e-01 1.778397951707845204e-01
6.883499471915108803e-01 5.654983580162607076e-02
8.198884699342758875e-01 8.636726368256258946e-01
6.194368617256360565e-01 9.942980766395910219e-01
3.432342846890266697e-01 5.551306683371317607e-01
4.373498587192606868e-01 9.268446430625632004e-03
4.073075179424375802e-01 9.380459586094895830e-01
3.923620438793076204e-01 1.608366606118895592e-01
7.520970211437248976e-01 7.679539295656887532e-01
5.017968576338363018e-01 2.184027393812317253e-01
7.029731600425385141e-01 8.326344382231225527e-01
3.343796528654608413e-01 9.528576614161647917e-01
2.234831834905885023e-02 4.348621057411516944e-01
7.275115980671534865e-01 4.785381288266355448e-01
3.015980115299415898e-01 6.047102825986092750e-02
3.530507994309264874e-01 2.113481706060305609e-01
4.517082695534174741e-01 8.210746763059484365e-01
1.317792822542138420e-01 6.046751990319120251e-01
8.581846128534899032e-01 6.118680186938514343e-01
7.257319831828258350e-01 3.864629053073794784e-01
2.287725890661038153e-01 2.783393948154644360e-01
5.791276805044783815e-01 9.938184026961198736e-01
8.611077414334465940e-01 4.297886385447308166e-01
3.359225234650410341e-01 6.340270789122297579e-01
7.203524591249905740e-01 3.182253122152642888e-01
7.474555370846855951e-01 2.430301052564261266e-01
9.088580495182027041e-01 8.349613183301629604e-01
8.141478057798939849e-01 8.768777959264917321e-01
6.813668559371149902e-01 3.150239720334438998e-01
4.121461323021890499e-01 2.110594987110706588e-01
1.571360013222062868e-01 1.417425902360054113e-01
3.835367666365910311e-01 1.229354475048159423e-01
1.741436951063145624e-02 4.551285028988215076e-01
2.085562507740450489e-01 6.922215339952882962e-01
5.706582914516589167e-01 8.395288219636422022e-01
5.912588958786237914e-01 7.235971018169976565e-01
7.395621152440601254e-01 6.472050950708307937e-01
7.288270287005109704e-01 7.017328797120399031e-01
6.737172176196945528e-02 5.132175630182241877e-01
7.301390958081827032e-01 3.387882548758240908e-01
9.377074091501917952e-01 5.968774305311554951e-01
1.884902021877573886e-01 8.311076170343481007e-01
5.294234854784668487e-01 3.249299124500842351e-01
5.563465756926124772e-01 9.642624810208579866e-01
4.066897976939836679e-01 5.002750239663127374e-01
7.104469330272573657e-01 1.847531081904187356e-01
4.189727776049870789e-01 8.294796269052610027e-01
1.086103318841846466e-01 7.266859061929012986e-01
6.555368175977585032e-01 6.473039604920929890e-02
3.341144159073763387e-01 2.189671816521099323e-02
2.597742302025666250e-01 3.213541071050833309e-01
9.404949417799683964e-01 6.640558447369107054e-01
7.669651030838650074e-01 4.897490669470712099e-01
6.658355851834052430e-03 4.832771697915914100e-01
5.377614176000843349e-01 3.694910950676456585e-01
9.311329676977255776e-01 2.897914409409813041e-01
1.086554523410754869e-01 7.163829897405834535e-01
4.290144326696789800e-01 5.921261164961832968e-02
4.489449665284372393e-01 8.428008522843690731e-01
3.678545904757257734e-01 5.040791036104416145e-01
8.040972465765241495e-01 5.170196486012008652e-01
8.188795908940303958e-01 3.771967617664822581e-01
3.169647555927453952e-01 5.507093508810232407e-01
3.037315434232115141e-01 4.902371008083396542e-01
3.581290692827692190e-01 4.926597032894918793e-01
6.941726640027712225e-02 2.027997926741459400e-01
1.181490325450068046e-01 7.569585983234901061e-01
3.379836012351183361e-01 8.991100681454757826e-01
6.124638173440798417e-01 8.690109171031952170e-03
6.970400699400003397e-01 9.009818545604617590e-01
2.304396031688991098e-01 2.088234532490017281e-01
6.265078139536182089e-01 7.916860414142175006e-01
4.456152653543305475e-01 9.457069401077546900e-01
6.375115904442938408e-01 9.306919173315559846e-01
3.527358835796823300e-01 5.489160827619660177e-01
6.552946420459153654e-01 9.527550085985118100e-01
1.695840650654001913e-01 5.869191852283740518e-01
2.119771396242612072e-01 3.447487498488880919e-01
1.519011443697930730e-01 8.118277051893283414e-01
5.218054837130793322e-01 4.797518148233330115e-01
6.804981050757816785e-01 1.092289122992478045e-01
5.119288719957171274e-01 1.487475644027259625e-01
3.346044591660621292e-01 8.936763045562876595e-01
3.013743033638247026e-01 8.571367513721737941e-02
1.731224247331364374e-02 3.540136679982852641e-01
1.792993839786869159e-01 1.130916940138065041e-01
7.781657101362787765e-01 9.269396711054771476e-01
2.166743599185517177e-01 6.942960936047571918e-01
3.058713305079793776e-01 6.034535978022197433e-01
2.428936306718139371e-01 5.807076494340291939e-01
2.413632596811257081e-01 3.214564952383779373e-01
5.356085267869163946e-01 5.191846101616934828e-01
5.193920216928387124e-01 8.169823843604469005e-01
1.131818334327062692e-01 4.771744448408594130e-01
5.647671963334391920e-01 2.323280295397509854e-01
2.667564052094411609e-01 1.219841998106473147e-01
8.373735324442743710e-01 9.212493637662831913e-01
8.996071531640965624e-01 6.604949730200987412e-01
7.887935625262566530e-01 7.727125871878045560e-01
2.510871815480985036e-01 9.081769442274376658e-01
8.176502632769998558e-01 5.651187719547317023e-01
5.806360402085353201e-01 2.934387700799966914e-01
7.087436820702240903e-01 1.738099837496370481e-01
2.874302312615822919e-01 3.689334430252428909e-01
1.786313295791641942e-01 1.712320104078157990e-01
3.670007829079407480e-01 4.861929433359706287e-01
7.813541602288238686e-01 6.752691830308987786e-01
7.569559315374485564e-01 3.099289641908093973e-01
5.064277740032313568e-01 3.887299756896910319e-01
3.839570554958707804e-01 1.434898232746384394e-02
6.778216709753740465e-01 1.793620350729064339e-01
1.088639882737233999e-01 2.517050550927770192e-01
3.582283195909646278e-01 1.440885206736369495e-01
1.932957251841229684e-01 5.509306950435434169e-01
1.177260146878071345e-01 7.486541090069028792e-01
8.873327339263119562e-01 2.678260572704519449e-01
1.816073491086944713e-01 4.752395355465969251e-01
7.311954191177972850e-01 3.002048610346388369e-01
3.961060629773561770e-01 2.739372429483634130e-01
1.418341218941041315e-01 1.848137855437845256e-01
1.707243779432670305e-01 3.613543651412970403e-01
8.661210668059533824e-02 5.844912569055562557e-01
3.084293798617394056e-01 3.126603075080178207e-01
3.283781271016039671e-01 1.638789284000803648e-01
4.353659457766707042e-01 3.483321589422781056e-02
1.770457560062273505e-01 7.789268502539998806e-01
8.223014142749067446e-02 3.230042448570549785e-01
4.859955763602696321e-01 7.142179585730873415e-01
8.348603613119839340e-01 4.849820034922061596e-01
6.873863164913982526e-01 2.437561445349700762e-01
4.124280475108140775e-01 4.937080502441829610e-01
3.410748384065425132e-01 3.986439388617188384e-01
6.033638463723400847e-03 4.195330614386261203e-01
3.981747093332157345e-02 5.192640246169875073e-01
7.464976483406723373e-01 7.863819152687001601e-01
2.594806764797707999e-01 7.393798126030948215e-01
4.078093192640559472e-01 5.262370975796253347e-01
4.919570214919599671e-01 5.675956541548541345e-01
4.719010344049261452e-01 9.266229789530807670e-01
3.617666680805254886e-01 6.264837918661970706e-01
4.806930033611084840e-01 8.057837834052232751e-01
5.851772387144257292e-01 5.279574015313579505e-01
7.895620177524322880e-01 6.462218693720040985e-01
7.802989464828384847e-01 7.773467168057779375e-01
2.048375707981821003e-01 6.613649212931616006e-02
2.675161292052076201e-01 9.077634490156906155e-01
7.979250268996898043e-01 9.312573532606164273e-01
7.829456444207649746e-01 1.595301105956642984e-01
5.615907176559106206e-01 3.539406416583142923e-01
1.515439490190606253e-01 5.535825781588706862e-01
5.277899458820136669e-01 6.586508298080760715e-02
4.080505079038588834e-01 7.199822938709038445e-01
9.875953020811192862e-02 5.544927158484710406e-01
8.940731218458999319e-01 2.648257552543030746e-01
6.574322248098061205e-01 8.319491967088064044e-01
8.924243483436393731e-01 3.651885437167032844e-01
4.974467494178855809e-01 5.219021002434289791e-01
7.714712533843207654e-01 4.249487391508443013e-01
6.360849389452233327e-01 7.270442192046033814e-01
4.074548272971414420e-01 3.094705010405281453e-01
4.545550210752639098e-01 9.293355379555707785e-01
8.642238005772026055e-01 4.978412771823975125e-01
2.807029704747283638e-01 3.813222735760568582e-02
1.916397234233163938e-01 7.471868584658646339e-01
7.800681422982891355e-01 2.516696641009030788e-01
8.931630362882652108e-01 6.545675284735086308e-01
7.342031762098588654e-01 6.783213097989934104e-01
4.804165255603918272e-01 5.502304751428224172e-01
7.157933200353173708e-01 9.753987507040481342e-01
8.663895391494951248e-01 5.586315585072272327e-01
5.646525667440643881e-01 2.782772102837434147e-01
9.209531374707048412e-01 7.441176730989395027e-01
7.224151296659769850e-01 9.231524940725203132e-01
6.619333248145340409e-01 1.973659482290346379e-02
1.839211854731908069e-01 2.544392255686824256e-01
8.457770070433765497e-01 6.270259518467968807e-01
5.581899836383688029e-01 5.064282666865382865e-01
7.629886355509576390e-01 1.556606092271318187e-01
7.590442017760258286e-01 7.110683348689936789e-01
6.743953542098649612e-01 9.851248003402104381e-01
9.759056506470156211e-01 5.142378668575471323e-01
7.615432986693050632e-02 2.993252807687287742e-01
5.860456294010831790e-01 4.867552261666268643e-01
2.216521941247985572e-01 8.626168722596024852e-01
1.237738142846859790e-01 7.544755199163346582e-01
4.641225309744357874e-01 3.187623602524765620e-01
7.880175707767859139e-01 6.476874711574411858e-01
6.951371654312898940e-02 6.878453852305049798e-01
6.180912653343830776e-01 9.211748957586136932e-02
3.321279309420451797e-01 4.507849077076554467e-01
4.237434045164876206e-01 8.770015101800996415e-01
1.022342625275210193e-01 6.019375011475150972e-01
2.894463632819925247e-01 6.320079831930688341e-01
5.839135017139375217e-01 2.289435647389822526e-01
4.811573232886718898e-01 6.860646518099204894e-01
3.515957797140751295e-01 4.781568120675600553e-01
5.430027452511422270e-01 8.162022656806023901e-01
7.678397924672122343e-01 4.298289727470451793e-01
8.539417862059801578e-01 8.933462832628589201e-01
9.812081159992969148e-01 6.645631894019327079e-01
4.165170848199600262e-01 6.132123060654274260e-01
9.414465947111634314e-01 3.125189483629923215e-01
9.358792362108760976e-01 7.257805324574029271e-01
6.623555116005552801e-02 2.097068165659172756e-01
1.573268202228961243e-01 7.487744450212284741e-01
4.853016473859887991e-01 8.207738755744763415e-01
5.869614473176095748e-01 6.553886217016802185e-01
8.537978502704599570e-01 4.153301631066661503e-01
5.868142891884127188e-01 5.822328080048064791e-01
1.779758101679825844e-01 7.966453984047905390e-02
9.167573998218424558e-01 5.837965976021830539e-01
9.718422587767105991e-02 1.532647237610520463e-01
3.644719275712384188e-01 8.500945904094280303e-01
4.082192484406483302e-01 3.693230672697183636e-01
4.431307692968924350e-01 5.223861999966723513e-01
3.056522750785655163e-01 9.469223265389091759e-01
3.425349260149633812e-01 3.331067324165167265e-01
5.538505097572279379e-01 8.787874457666300376e-02
5.516814661524328534e-01 2.032750518489390146e-03
2.971091721453976153e-01 5.262509048553993818e-01
6.282535358974832285e-01 7.547411929765072136e-01
3.035105658589728472e-01 1.311432988246605258e-01
3.786752688020083579e-01 1.571024167792058057e-01
8.793049568081959810e-01 2.077847555596924467e-01
7.692053053724441369e-01 7.154593415691734570e-01
3.486329407333819685e-01 6.221901794861979251e-01
8.489403459518295170e-02 6.384658343233055033e-01
3.108416337193161127e-01 9.278534212255803437e-01
7.633699083135758734e-01 5.442412734084304260e-01
6.003694136910884271e-01 8.200307049489291567e-01
7.698214984622153700e-01 2.395290475905396121e-01
5.940931750938019951e-01 2.070486025947491093e-01
1.272816172251245159e-01 1.341579067284432991e-01
4.270051756161397094e-01 2.179380014851654002e-01
1.240325559126797539e-01 5.143557203346488249e-01
8.149210081879955103e-01 5.535036571692562024e-01
3.229492953622521423e-01 3.227933061508674872e-01
7.495140719673255569e-01 3.821718979147780693e-01
3.809519992659445853e-01 2.607564726959987755e-02
5.916795999944086670e-01 1.880786854713120682e-01
9.441046623711354946e-02 1.789120321660524759e-01
4.013653317497770656e-01 5.391071472273976095e-01
2.948896167208392427e-01 7.645325941617653331e-01
1.010466744818220297e-01 7.509238322018038092e-01
6.276050832306795391e-01 2.840957139536535170e-01
5.072112408319341403e-01 4.748358593467177369e-01
1.193277941464004621e-01 5.970866905711341710e-01
8.748811657691424326e-01 8.633010837665819892e-01
5.869501950010191926e-01 3.721025296942761518e-01
8.234975611681694119e-01 6.234703673396142509e-01
8.175460414121591413e-01 7.440065515906997273e-01
2.892081368525964979e-01 8.509208086038146934e-01
7.677520072215746061e-02 4.542015827914177573e-01
8.610293574073065725e-01 6.039696036262505174e-01
7.498853037319308523e-01 9.208868144321665783e-01
7.031017384221021072e-01 8.118727395516269763e-01
4.784304754155983552e-01 1.454164936825716459e-01
4.469985948697564049e-01 4.203451177711677866e-01
2.847740934584869765e-01 8.723352449847606715e-01
1.828630042053020210e-01 8.207472398153450310e-01
6.987360506974326091e-01 9.752938937860166080e-01
6.486731440101695112e-01 5.088158592972561456e-01
6.573012343961108783e-01 8.449685415755491258e-01
6.995010447338604331e-01 3.972397641364943111e-01
1.802267802397528040e-01 7.354866022415066373e-01
1.244421793546623134e-01 7.002010231343710478e-01
5.303462766938100703e-01 7.931245733093074124e-01
6.253725815918147468e-01 1.227723970984450769e-01
4.168647513794528914e-01 1.933635643553274497e-01
2.997777861532031074e-01 4.814446529671105868e-01
7.574753044146885772e-01 4.921316221355601095e-01
6.400705118032865570e-01 8.581918312187510889e-01
4.337249902377792177e-01 4.570416408284792009e-01
4.537210339297511053e-01 3.319669530456733075e-01
3.136952248547311695e-01 2.440569752148179505e-01
1.071956515429443035e-01 6.278169882250150824e-01
5.156950442280726632e-01 9.931718713886529271e-01
3.788527168274962165e-01 3.342489187214155166e-02
2.414246908204273623e-01 1.871713238917755984e-01
5.499913403536682566e-01 1.171581872725839801e-01
7.623172916168303725e-01 8.061924034775739267e-01
3.231243792681989802e-01 9.156803485726496827e-01
7.703124320869013664e-01 9.555514919950703900e-01
8.231944664636244857e-01 8.548384592325015685e-01
6.055972139994204584e-01 1.354545673221551338e-01
8.276610268514622559e-01 5.529364358510786559e-01
5.909767020906671331e-02 4.990629138273903753e-01
9.397276854985886496e-01 6.411635384836730234e-01
1.810518527282811707e-01 2.668059029047719077e-01
4.990412602028826417e-01 7.840595683551864203e-01
8.603904600440910322e-01 2.924266030716957676e-01
5.927497899004063875e-01 6.275709335942965261e-02
5.947634840335030981e-01 7.100155112613731889e-01
7.698124118475256905e-01 9.284466025735792494e-01
9.246324723916701793e-02 3.062091590624819171e-01
3.789732338146884483e-01 6.128028432507995893e-01
7.627747568031770786e-01 2.233502532186500411e-01
3.663308030891067046e-01 8.260334197253782484e-01
9.260689155942385120e-02 3.004013239530628487e-01
8.263341637155751096e-01 7.086745558097130582e-01
1.839957269961218222e-01 7.135795111007043889e-01
5.535113515628965475e-01 7.078076586628955225e-01
6.748438193384662664e-01 1.165046340792410262e-01
4.461093799782405167e-01 9.827290981202181364e-01
5.244762077417604307e-02 5.556647515760634315e-01
9.471474476772090423e-02 7.403167864442863344e-01
7.078658921497472667e-01 4.224390224414042994e-02
1.243378265381789582e-01 3.895218185806603728e-01
3.843364251283020172e-01 2.241948051497428748e-02
2.529996904400086954e-01 7.592756612574814712e-01
2.125626251013306156e-01 8.736459975979272707e-01
6.403633142003988254e-01 3.250560270537033447e-01
5.670836467872697462e-03 4.246766911211602435e-01
8.752230189854391940e-01 3.847447146293535569e-01
8.917764295986519985e-01 7.723569214757890489e-01
7.463782831953769126e-01 8.617434779862511718e-01
3.168433628658033352e-01 8.270118810356753558e-01
2.632591600622647410e-01 2.119342704036271396e-01
3.766732947042268353e-01 3.593492274733971481e-01
3.885011940035543176e-01 4.781134784074244082e-01
7.797396953202514469e-01 6.054745021351302103e-01
2.335375076813327178e-01 3.219680301301554581e-01
4.630611001837190988e-01 7.646759802427758324e-01
2.439963319073650272e-01 8.201344590986437977e-01
9.692533735967183706e-01 4.704381136343024905e-01
8.995024552561572961e-02 6.810882071086934442e-01
7.623418784999914655e-01 1.114819497158281852e-01
7.940242558184100741e-01 1.344990765443697389e-01
1.455163292011206200e-01 3.024946821067072689e-01
6.699652150777830606e-01 7.540761076728665080e-02
2.316613901048279467e-01 7.668375333284414008e-01
1.994122299737649262e-01 2.844296320089429453e-01
5.032002619687385714e-01 1.422715782669817797e-01
5.396110715635510369e-01 6.544754839331600182e-01
3.945316004909000807e-01 4.768084711501435757e-01
3.677227725604412245e-01 3.770355083762720327e-01
8.993455536936918460e-01 2.376056814199043465e-01
5.251617994623871688e-01 4.802960000957844922e-01
4.018494393800814968e-01 1.628509044208846235e-01
4.571857444965338191e-01 4.440374719499349809e-01
6.189825004428279875e-01 6.732235171525042805e-01
3.875308879163638087e-01 1.239403730231710410e-01
8.580506789787987199e-01 4.035922208128419619e-01
3.491780812208191143e-01 4.086022917086801209e-01
5.356986887606054459e-01 9.048531516430642352e-01
4.021782674086920029e-01 1.937731253481986549e-01
4.486447993806244594e-01 9.280820709812391822e-01
9.355941081815953853e-01 7.387835150007435736e-01
3.838173670236772472e-01 7.232368924197185578e-01
6.967265920979371918e-01 4.873819090358484929e-01
6.754432007880886157e-01 2.614244144558979244e-01
6.049550476984195679e-01 4.055578428320996687e-01
1.026060761109901798e-01 4.878502398192222089e-01
6.002732601855033101e-01 7.222368238654538475e-01
2.388876762700067879e-01 2.335941886652016519e-01
2.250901586382769715e-01 8.850760405088557992e-01
4.613549829060467067e-01 2.801520808475217450e-01
6.417382500270919499e-01 4.661483364651130001e-01
3.462495803993535515e-01 3.491856582958683952e-01
9.345814246415907744e-01 2.968148814855784412e-01
9.308808141028019900e-01 3.552168769604974741e-01
4.496915117238585724e-01 8.399085272035452521e-01
3.042442600204397496e-01 2.161753465919145911e-01
9.956550820096787824e-02 5.807555495612670704e-01
4.088654205083755433e-01 2.526242047923322187e-01
1.352255619320403834e-01 1.135550547831843948e-01
4.318122126504420066e-02 6.240827200232269556e-01
2.123436821449669054e-01 8.355296644167449216e-01
3.595508952953254678e-01 8.782901872389418108e-01
5.602408689624071014e-01 5.207058436985066013e-02
8.790465629588638530e-01 8.266496292620848507e-01
4.954749536635327800e-03 4.575944039869411784e-01
4.362224009817597947e-01 4.952365944794898112e-01
3.059730480402002017e-01 3.002019185348880903e-02
2.906218364964147649e-01 2.877701959996434855e-01
9.416471385134649319e-01 6.016876025507276182e-01
5.500012758637321530e-01 4.552888308701258935e-01
2.806080771676337515e-01 9.080401526058501371e-02
3.087380167685487842e-01 2.824064409518687313e-01
4.102704823195645334e-01 9.753977805378313271e-01
5.620102809399103450e-01 5.669338568924886523e-01
6.127375178540268585e-01 5.132839835342229984e-01
1.763478126592263329e-01 5.189323545716548747e-01
5.600371511086371656e-01 9.976078789031767036e-01
3.089601039865464416e-01 7.709181088770934442e-01
2.950998376158318059e-01 3.547071718374453786e-01
5.239017100984773023e-01 4.232101464089322862e-01
3.865926483580427453e-01 7.896200505457456886e-02
5.865990689970252969e-01 8.956877289140445786e-01
7.736098151885540952e-01 3.787739061077156077e-01
2.107994631452928813e-01 8.664446484282904981e-01
4.565989400066484682e-01 1.569583346060518247e-01
6.389226615373745366e-01 3.403718051138424072e-01
6.170022904976117939e-01 8.367854351321939443e-01
9.511244956816493623e-01 4.709269594522756397e-01
1.536111038583405364e-01 5.974670380374721423e-01
5.520407830263710514e-01 4.555757694096195798e-01
1.412717812742790846e-01 4.391333678677439289e-01
2.371942523722050389e-01 3.574634203740440497e-01
4.895879762397545854e-01 9.702636740007286598e-01
7.064619737697406254e-01 7.216743467737597451e-01
4.870089403035771092e-01 6.106461312066997493e-01
9.781822507231655028e-02 3.877598791779790499e-01
5.084186327952597839e-01 3.284477529608207935e-01
9.187606698166912722e-02 3.370222076667158673e-01
7.021090751883266590e-01 6.103742112195521541e-01
4.592002915707000255e-01 4.048230356499594729e-01
4.318328224987423303e-01 3.091792783471177253e-01
6.470072338511700938e-01 6.494275032737021336e-01
1.849641921895423813e-01 1.429374525714443012e-01
2.601981800528067601e-01 5.620528527372783412e-01
8.656359696687672134e-01 3.332036580896797218e-01
6.441087203832325248e-01 8.237328237740466630e-01
3.337911977185397672e-01 2.566477676321753387e-01
2.575048763486568193e-01 1.779537202071596047e-01
1.768291977733851827e-01 2.507412471944217014e-01
7.721355479847882286e-01 3.343034013064730692e-01
8.525552556530394677e-01 9.055136889345167805e-01
4.150585654134104630e-01 2.442297365177557578e-01
4.104645482975819992e-01 1.988373085836698806e-01
3.509290447723730777e-01 2.024687115216444455e-01
8.997572790591530367e-01 3.379716078746652919e-01
7.676892178886749463e-01 5.624656846079353345e-01
6.742234956403634349e-01 1.913283461939760399e-01
8.860068083651714277e-01 4.613688114426798270e-01
9.261126096133748264e-02 2.292255326469505305e-01
7.648658515173613059e-01 4.890124201431359507e-01
2.413704689538750947e-01 4.630417340966493933e-01
6.848289737634913887e-01 2.877674526546926126e-01
2.843322292657020078e-01 7.844535591378334338e-01
4.413941265547002279e-01 4.344846752084927100e-01
2.941589322998114930e-01 8.894165722393552187e-01
7.775981106203079252e-01 6.942248434054238970e-01
4.819527149225364404e-01 3.077528894706462737e-01
5.242111499312103184e-01 8.895582285433689673e-01
5.238116201834717156e-01 6.698491308363929697e-01
2.281288649056075757e-01 3.068346608562823041e-01
3.441231105540353274e-01 8.040845301762905573e-01
2.692095364468777285e-01 5.289542186954060421e-01
3.479274261400279733e-01 4.930682336184818298e-02
9.096849049271331644e-01 6.497239237466937434e-01
6.993592849715832838e-01 2.166807376483052272e-01
2.717706343610100106e-01 7.645560067598531351e-01
5.686302822047690775e-01 8.891454084911101230e-01
6.472173775131582207e-01 5.984815559948420960e-01
3.850375326169809265e-01 4.225711701251528840e-01
7.430847344438125113e-01 1.569704198900007674e-01
3.268681983556910864e-01 5.231505190805617600e-01
1.711929533104270679e-02 4.347521562818050800e-01
7.846166995266956601e-01 6.068424903523719216e-01
2.864955438547718281e-01 1.699252023014959367e-01
6.640624368444997261e-01 1.748057996801184177e-01
7.185610901479480006e-01 6.302103597359003384e-01
3.095022240250070444e-01 4.992843839459855104e-01
7.773167149451731817e-01 6.301699132811569015e-01
6.243562920036582753e-01 8.634219430415347452e-01
6.207037976442700278e-02 4.693369928351994735e-01
8.947170247996862891e-01 2.443202899118371019e-01
5.511853192475030250e-01 5.452802702781494038e-01
6.577278598329132642e-01 1.614894657442605130e-01
3.292688614809237135e-01 4.064005277701239205e-01
3.415146109894617865e-01 5.583260012783489712e-01
4.514860383627052887e-01 3.073377042394055958e-01
3.606055515252302723e-01 8.615825763930577974e-01
6.632911762836906089e-01 1.779413481387588369e-01
8.038240810520843604e-01 4.396340171743169933e-01
6.225527322566019039e-01 8.886111970118015790e-03
1.976245628373795582e-01 1.494694059736859371e-01
5.528404756571078105e-01 6.444409991165548357e-01
7.261621678913151579e-01 7.625679071124604747e-01
6.316846383606449233e-01 6.893067667377997809e-01
2.783136216135917995e-01 7.927055665262449091e-01
7.247269898632022755e-01 4.636110494644096747e-01
1.493648759135105808e-01 4.602061216937529675e-01
8.937506155238431615e-01 5.471551006744759249e-01
8.258667645290556081e-01 4.549831721271865859e-01
5.619342156352570283e-01 5.846552476824872224e-01
3.407736331577044808e-01 2.212284831675724595e-01
8.168243788266216221e-02 1.971305727371236993e-01
9.331446904870789316e-01 4.591689480390200861e-01
7.112761073696620695e-01 6.838111212523710902e-01
1.571829535758586804e-01 8.105554217074524281e-01
6.774212742724091685e-01 1.732574875373117107e-01
8.550456566975035422e-01 2.466423522072155039e-01
6.121143767132549707e-01 2.880871029283385565e-01
5.920805137857624301e-01 3.817482897867430225e-03
4.939385002216154508e-01 8.859715540427258729e-01
6.022481215748917149e-01 9.437855504583424204e-02
1.361156949477947409e-01 7.949362671707784767e-01
5.227725676081451667e-01 4.955683495241904879e-01
7.497507262845564124e-01 7.275838231173568094e-01
4.088850350856867988e-01 6.720535044718323192e-01
4.448026775514933862e-01 8.423648345502087187e-01
6.048900626028055338e-01 4.808096384467773488e-02
1.544077849714509398e-01 2.111077921963862569e-01
3.072152732699027777e-01 5.214802127119384512e-01
6.654770165981255259e-01 2.177260018050243551e-02
5.354879840423892867e-01 5.368236661750293015e-01
9.937898304676204830e-01 5.748697120617961565e-01
6.236634860519632007e-01 6.771395227189449528e-01
5.161512010865711986e-01 8.877237698884563599e-01
5.679216019417052674e-01 5.283269745182407329e-01
1.549865078230783233e-01 9.711619092470180625e-02
9.712867821685428060e-01 7.003686904376060784e-01
1.494028772634807267e-01 7.900065663373710967e-01
1.700737264215856914e-02 5.393696181063849515e-01
2.685799153186251842e-01 1.148994410996257431e-01
4.267636372544016954e-01 1.193656050796379625e-01
2.696626293424776999e-01 8.031569432867241565e-02
3.377220703488857945e-01 6.041965306244755363e-01
4.776453009914590764e-01 7.431848687969062617e-01
9.118823031657025124e-01 5.677701031238473472e-01
4.978255936471387422e-01 9.332514599470718153e-01
7.220695497008762231e-01 3.864679097063291602e-01
3.011767924998379753e-01 3.570160221533530409e-02
2.552065762495973056e-01 5.585897090375369078e-01
3.899242855718673129e-01 4.088711921673474081e-01
4.805428354524097778e-01 9.729502054994986215e-01
5.659234986038521598e-01 1.045683684775293582e-01
3.486390367211438246e-01 1.901068270931561277e-01
5.737484173386251385e-01 3.898082841676774324e-01
9.850195363005288529e-01 6.618180596675785621e-01
7.280005607032670190e-01 8.476290517132729629e-01
1.522186014486053285e-01 1.112440075042328974e-01
3.399451583164438961e-01 4.905320076130990081e-01
8.655636213122152034e-01 4.731444455094615531e-01
5.161717983814875232e-01 4.598430184373250573e-01
8.656124357407247727e-01 5.675726521214569109e-01
3.310593896686213622e-01 9.544745485780385952e-01
6.383072430735430292e-01 6.825020624957490734e-01
1.818598800586265773e-01 7.028797148754695190e-01
1.658486263077609824e-01 7.672408263808981888e-01
9.023751342964404509e-01 5.484414190953205148e-01
4.914849393624645124e-01 8.602512600609145688e-01
8.846606998637895902e-01 5.721023335391262066e-01
7.896237804176364783e-01 3.623332864118005148e-01
5.154208930387259996e-02 3.994747573516747030e-01
2.897856040310184955e-01 4.658546896154543149e-02
9.041699537416166832e-01 7.895336416347580322e-01
3.615003773101471696e-01 9.181688955301585686e-01
3.292450248692965209e-01 1.312306189635499831e-01
1.362592253006176812e-01 4.380843480083252417e-01
2.531877974356724348e-01 4.192425308138166273e-01
6.238051739856069755e-01 2.380869933148412609e-01
4.093892661618471207e-01 3.036536564594473631e-01
7.536279292271400587e-01 3.263737412551743766e-01
2.689917215663550354e-01 9.372251686869856324e-02
3.730761232873853750e-01 3.278546386345768671e-01
7.128705461162966606e-02 5.417740873038859872e-01
6.293984107412673445e-01 9.953073733313480553e-02
5.731389523716459156e-01 2.648873809359897358e-01
8.393911264437377007e-01 8.614969199056663474e-01
8.590174984306130357e-01 5.089256197508778001e-01
4.852127365470231268e-01 3.698604548128829883e-01
9.190500577854499031e-02 7.040514509431615719e-01
5.928491473492119024e-01 3.983030887983525226e-01
6.323077684540678867e-01 5.832452249753777851e-01
1.680786028198597015e-02 4.231151468125535775e-01
5.032785841691792550e-01 5.569053458699866344e-01
8.466157041255479854e-01 2.133593401953540469e-01
7.258389599507935053e-01 3.850863863111474439e-01
2.444285882578443037e-01 1.435720197667103293e-01
5.943473068700231288e-01 8.691149174716845671e-01
6.136192979948187354e-01 9.690397180561369228e-02
4.251628396549556738e-02 5.679694856472471409e-01
7.250794626330065995e-01 4.998646522130528735e-01
7.331535161167326287e-01 8.410727366203860633e-01
9.407000628211924509e-01 4.814804351354080025e-01
1.161532879392006556e-01 7.703526179510895577e-01
2.682458799567646879e-01 5.785892673457104785e-01
4.064641541351485809e-01 4.447767251544246792e-01
4.661798468657498140e-01 9.359457507366403251e-01
6.410950089112084083e-01 9.128673456847151424e-02
5.166622181178135431e-01 9.107978615346679074e-01
8.933360508454994964e-01 6.814100965815502731e-01
8.932621443164209252e-01 6.780305631477262507e-01
