9.362021527525585807e-01 7.690617458434345632e-01
9.316739945409482360e-01 7.768896941458026673e-01
8.939845183591257349e-01 8.270383089198322102e-01
8.912101365028476385e-01 8.297793924283297651e-01
8.404101984834988492e-01 8.736443998100523745e-01
8.053635650279433733e-01 9.030549317126931319e-01
7.807935986268975670e-01 9.203047652096328912e-01
7.682949757284250891e-01 9.289997748018972157e-01
7.075641946405050176e-01 9.578156057796713974e-01
6.983231680996158097e-01 9.620954995436755697e-01
6.761884318609098221e-01 9.719595314286998411e-01
6.534006551535967988e-01 9.798220260005835458e-01
6.435794665435202733e-01 9.823881776902485541e-01
6.275347471931770338e-01 9.850823912359779611e-01
6.248584177712606103e-01 9.854963342208058474e-01
5.981648247069244473e-01 9.855771643342841060e-01
5.468614166069748483e-01 9.854489322554197406e-01
5.249422475755323170e-01 9.836372749857195119e-01
4.710930748171943128e-01 9.791488927976020884e-01
4.142349519691591597e-01 9.691176229147515642e-01
3.647925617565234147e-01 9.599299626698132304e-01
3.556736680844514442e-01 9.569142718130759784e-01
3.154029660351014286e-01 9.403887076172999793e-01
2.555236592297873699e-01 9.149210389833185575e-01
2.220664144108738247e-01 8.995704871522526291e-01
1.832878731041258646e-01 8.788046326798963914e-01
1.332715813222938861e-01 8.500672638961823679e-01
1.275466569430203645e-01 8.448233085228721295e-01
9.360287621250729106e-02 8.128909645545956408e-01
8.714065254838809782e-02 8.012005820224179509e-01
6.694255662664472251e-02 7.623399321086384850e-01
4.194462151287647877e-02 7.077656192717901584e-01
3.277733736681653909e-02 6.840241848670934877e-01
3.034228822709239548e-02 6.772763890707309553e-01
2.835908568744094360e-02 6.697534089600775120e-01
1.159449460307127033e-02 5.981506304120867146e-01
7.129119534665884217e-03 5.725069358342234072e-01
6.642620692871137322e-03 5.693404076151047377e-01
5.965580903305234273e-03 5.564803876327095722e-01
6.398207721657334091e-03 5.463051900685674811e-01
8.708481766036335614e-03 5.194950977047034790e-01
1.376807410892932904e-02 4.753509459858494823e-01
1.968446774616228190e-02 4.406799524397725376e-01
2.361113042430484921e-02 4.246126593605545896e-01
6.248683513273767254e-02 2.818439302129116530e-01
7.138937915619525398e-02 2.563553655119841235e-01
7.614225573655086787e-02 2.427883421741089398e-01
1.032846123570164698e-01 1.844144344760790810e-01
1.088859015712390077e-01 1.732767945293729461e-01
1.207902883384376347e-01 1.560215710621786211e-01
1.325801654242448890e-01 1.407951786749842560e-01
1.463688089916317381e-01 1.238281956521791738e-01
1.589902338594588738e-01 1.083313010563110579e-01
1.732919997514946742e-01 9.252603404494752493e-02
1.849053130215679852e-01 8.413257026497855673e-02
2.082818870907251485e-01 7.253953868265883287e-02
2.281114880182512072e-01 6.361530612568921939e-02
2.400115685174923907e-01 5.959890144951207613e-02
3.030712209426245085e-01 3.965665169935028711e-02
3.054584186954192315e-01 3.891069299080507360e-02
3.446318044247552725e-01 2.738918497759446069e-02
3.842061859460005335e-01 1.771004844743262474e-02
3.910242962406542677e-01 1.701518172915650329e-02
4.069723489724618171e-01 1.595881286026590296e-02
4.408874978704151459e-01 1.442283566571600506e-02
4.550880489967465969e-01 1.449754026499161519e-02
5.184068087466964236e-01 1.530448245768012416e-02
5.821740801148050926e-01 1.740609529415249046e-02
6.244819725748875783e-01 1.991189252770331208e-02
6.847028683976745800e-01 2.611114359236588189e-02
7.136537641837550350e-01 3.160229413995152559e-02
7.283689654024682048e-01 3.475860232907479475e-02
7.567588819156456648e-01 4.242085201115841642e-02
7.736864331727498767e-01 4.898325622061416862e-02
7.797979762001261417e-01 5.230491749180266048e-02
7.978940970970673785e-01 6.295642018609548529e-02
8.172914011261189771e-01 7.830666584089618354e-02
8.336206489689148569e-01 9.189863850047608196e-02
8.466977839937819272e-01 1.034258213932894854e-01
8.602382754462213343e-01 1.184703256627210877e-01
8.758254337958594204e-01 1.370298820370184911e-01
8.833311353362682805e-01 1.471313964808478314e-01
9.142571040926854575e-01 1.934038445318239097e-01
9.236041404231969398e-01 2.079644218892537921e-01
9.309347681847175426e-01 2.200747869753127972e-01
9.470738503597462277e-01 2.500228659916353680e-01
9.636594011524260983e-01 2.847619820980682448e-01
9.773819771960872149e-01 3.253159753723234848e-01
9.869282746509756565e-01 3.598044402517092122e-01
9.915969965788005158e-01 3.878800183332916651e-01
9.918760309510593620e-01 3.924956878451811848e-01
9.928341642436655512e-01 4.164994222890552322e-01
9.940344190966948767e-01 4.688981385579482630e-01
9.938555777513032874e-01 4.891723722384100359e-01
9.930835674992347650e-01 5.099279934890976751e-01
9.885009396180395314e-01 6.091245496804117421e-01
9.854702609745905617e-01 6.447044005524416033e-01
9.849348497280464576e-01 6.498422351881887327e-01
9.809679390318452041e-01 6.716014578123792322e-01
9.584945510140709946e-01 7.211312886171663550e-01
