3.695675639426430070e-01 3.462259827083791208e-02
4.317755399336983269e-01 2.753938862664329079e-02
4.761243775752491691e-01 2.582440215644488113e-02
5.147362890732771756e-01 2.491947343358613676e-02
5.439613217808579870e-01 2.458281495242997661e-02
5.610865424096771470e-01 2.702392704314127148e-02
5.791322696281133720e-01 2.974881195971912362e-02
6.072133724265433852e-01 4.152796913939815759e-02
6.378982286333666485e-01 5.573220900665243338e-02
6.506259228378068471e-01 6.162917185313376844e-02
6.823891397754264787e-01 7.993415774578427335e-02
7.201938000696996856e-01 1.025878404758975293e-01
7.561393704617210831e-01 1.267883814648719243e-01
8.073418824262355020e-01 1.619875323941185608e-01
8.280883184333326374e-01 1.821146695501576485e-01
8.553034948890739786e-01 2.126914725922464111e-01
8.940595323004995043e-01 2.694567294468281915e-01
9.200220580611906396e-01 3.179622329778368783e-01
9.497497324227448523e-01 3.803156317817601995e-01
9.563903822775328134e-01 4.042462035270332210e-01
9.725245974196834453e-01 4.656911536415119235e-01
9.813666019893623194e-01 5.004239853259221382e-01
9.880158698367602632e-01 5.305395753369940293e-01
9.893605768770082909e-01 5.578409841578672035e-01
9.895282222753480905e-01 5.880832690227913995e-01
9.883204321608071163e-01 6.044549816273989684e-01
9.876104551655591202e-01 6.115658121819023130e-01
9.800325286176623241e-01 6.579422912671913926e-01
9.787654470957439790e-01 6.621617246415415492e-01
9.667054952969318382e-01 6.936119791442320048e-01
9.489546290715380472e-01 7.323709998132463816e-01
9.479710613898253424e-01 7.341708446222658946e-01
9.367908034074257095e-01 7.544362395312333991e-01
9.276358780597185882e-01 7.701401810346358845e-01
8.887504531119282403e-01 8.243317385713372358e-01
8.757350070126715957e-01 8.423926883660342035e-01
8.490115209499701221e-01 8.725280401913962924e-01
8.398513951133880218e-01 8.828445200908661139e-01
8.250230194541504636e-01 8.945264920836576428e-01
8.142881374133258410e-01 9.021211869381131621e-01
7.701659213788643044e-01 9.327263369574432250e-01
7.567334091327380108e-01 9.415080571958081013e-01
7.323932119577993838e-01 9.494641739310276662e-01
7.047569937028461684e-01 9.571164547180416315e-01
7.024391252510826522e-01 9.576427175454520491e-01
6.530993094395614040e-01 9.653069989007193596e-01
5.766791998786123807e-01 9.747470834264999606e-01
5.624755024159969752e-01 9.754154560066831126e-01
5.518168116248092225e-01 9.754171850475700234e-01
5.315412715464226112e-01 9.752050426801417427e-01
5.146436563849285939e-01 9.749746307224052000e-01
5.130379081614709902e-01 9.749124931297523666e-01
4.063613701341409756e-01 9.703136026977030593e-01
3.547820045210116069e-01 9.658288840987970802e-01
3.102726370216860596e-01 9.609294909879615432e-01
2.327586273317052701e-01 9.441955871885904239e-01
2.198197969636642712e-01 9.413128653295381731e-01
1.998499283165063867e-01 9.352840147702357054e-01
1.795635162089678216e-01 9.261363782538318823e-01
1.564194140193035931e-01 9.133019957758012897e-01
1.426564783452971552e-01 9.034653511149774996e-01
1.313459705939213906e-01 8.937317631294452447e-01
1.177656283252288549e-01 8.807591250052010379e-01
1.147842462850634515e-01 8.770589626999603095e-01
9.546634275195897690e-02 8.530355389363685203e-01
7.936167083438483427e-02 8.299986313321603415e-01
6.713381321651623601e-02 8.111324299850972697e-01
5.632517257586133752e-02 7.930246309094305390e-01
4.691721327132414299e-02 7.741510431045738327e-01
3.144365598456388966e-02 7.370749782500368719e-01
2.838633856708983050e-02 7.235638562883625058e-01
1.965609292087799886e-02 6.834270301887738208e-01
1.701786654941939148e-02 6.592444172920599588e-01
1.479659382952147606e-02 6.388150742996803189e-01
1.248700284283610351e-02 6.065538826913661197e-01
1.115667194166358733e-02 5.868733456981979346e-01
1.102976586781390100e-02 5.808494543616593564e-01
1.047177772465190948e-02 5.466516100662005551e-01
1.238745392110407462e-02 5.199419752958809315e-01
1.319924437572739251e-02 5.104869774014743067e-01
1.881932377682304924e-02 4.529785888439169517e-01
2.057623389244245260e-02 4.402894499334124578e-01
2.271374030621975404e-02 4.275260130406374204e-01
2.996598262879568431e-02 3.866276937059024421e-01
3.681672181069028937e-02 3.499954484598631899e-01
4.271292496874290467e-02 3.234778458741897067e-01
6.801412290708219732e-02 2.682151213919125032e-01
7.711613424725649590e-02 2.515803361333489585e-01
1.183483667136820960e-01 1.957384495151418546e-01
1.253679904919707822e-01 1.871036997651248646e-01
1.428534704824877544e-01 1.670636124377773424e-01
1.608741182870908615e-01 1.492017102537042117e-01
1.623858627595713422e-01 1.479693753916435650e-01
1.876396529825112847e-01 1.300679264403479252e-01
1.990412375538064271e-01 1.222250270109890291e-01
2.197986074877241736e-01 1.082259384335678698e-01
2.258008414617939108e-01 1.043538156518631910e-01
2.674918794574205894e-01 7.915761092526185649e-02
2.954141136720278560e-01 6.342533135709182979e-02
3.207614749080343053e-01 5.074183712657998058e-02
