5.794556340761681801e-01 1.724075316337403407e-02
7.375091994904876547e-01 8.400837369110014663e-03
7.612562830457217933e-01 1.646366878059002392e-02
8.117886120899201474e-01 3.753116425870028916e-02
8.343214624982658867e-01 4.960239441535818639e-02
8.356035888441571968e-01 5.046438797023111711e-02
8.484509959353002673e-01 6.169429677624449493e-02
8.827875722153700755e-01 9.453025344161125609e-02
8.949284783985576031e-01 1.156669135600884024e-01
9.315699499434990649e-01 1.904078651071293704e-01
9.530553818789724296e-01 2.360357946226548931e-01
9.560129953532111591e-01 2.459529972606416814e-01
9.612211830277935798e-01 2.648974381613935503e-01
9.631888744354101251e-01 2.727999860231712370e-01
9.727746775992920369e-01 3.188832770338109190e-01
9.763205079601717795e-01 3.364977462993301582e-01
9.804394288080462427e-01 3.627591094191262577e-01
9.851151978482575178e-01 3.968044169097904028e-01
9.853600550370407163e-01 4.036500092329443623e-01
9.854895564407538666e-01 4.286102175946664428e-01
9.853896134988404665e-01 4.553476424509214082e-01
9.852075111078896219e-01 4.586280121361689943e-01
9.782992167382601467e-01 5.594493275370271412e-01
9.776899367755623738e-01 5.677779217718214033e-01
9.734196764174165573e-01 6.051597311026307713e-01
9.699303735947649718e-01 6.292146441143797730e-01
9.665564681948913828e-01 6.426007130356664598e-01
9.622877958919340280e-01 6.574665267464082641e-01
9.536229599064487417e-01 6.861102019039544420e-01
9.391395894702688762e-01 7.278512530431348049e-01
9.249314459275052025e-01 7.680649965019846759e-01
9.008752553587483503e-01 8.249584403099503582e-01
8.986532500570740822e-01 8.291661857138760139e-01
8.754044185252332078e-01 8.724592169256444318e-01
8.682792960512324409e-01 8.831481643549256022e-01
8.537586065976021654e-01 8.959890048810488228e-01
8.285351909556943895e-01 9.160022653232704481e-01
7.985200691669150919e-01 9.389767172252514449e-01
7.676694906512708805e-01 9.598959615056582573e-01
7.659366426785164661e-01 9.609887992069164886e-01
7.610568102331650708e-01 9.630032902558655072e-01
7.451833634519225980e-01 9.675727647270971898e-01
7.342009873952890509e-01 9.705330401866031353e-01
7.264890209350151062e-01 9.723129792409994643e-01
6.489064847557620697e-01 9.868204779880973554e-01
6.441509031416927655e-01 9.874050783020139610e-01
5.876608137636172291e-01 9.896584704504076679e-01
5.484425353426511940e-01 9.911459024994959677e-01
5.251805119627165341e-01 9.915991626308899853e-01
4.949045793909410129e-01 9.907168224421256664e-01
4.214495287985349226e-01 9.850684830212372844e-01
4.138633673773182142e-01 9.837784804066345146e-01
3.605194981181429892e-01 9.696637561799698046e-01
3.153662244925530267e-01 9.559546815838922962e-01
2.851672125988944373e-01 9.466721105182387408e-01
2.758057118878098901e-01 9.432256590485375014e-01
2.488440470467814247e-01 9.328754699371227810e-01
2.272233144108218861e-01 9.230471930918673351e-01
2.169478277011198664e-01 9.175647368597484865e-01
2.083932975759953399e-01 9.117576352875410572e-01
1.899983814752200795e-01 8.982993460546848663e-01
1.805097219077221871e-01 8.903179773603480118e-01
1.632616043217919310e-01 8.734860782652404954e-01
1.322727782640595873e-01 8.415097482978911581e-01
1.185610563576277032e-01 8.267653331272644124e-01
9.157165056802474279e-02 7.973616580194516912e-01
8.596312571414332915e-02 7.897704002350072194e-01
6.878525791372580578e-02 7.663548831862732058e-01
5.942927737869974081e-02 7.450985982210236447e-01
4.480032085907748041e-02 7.118324439838762396e-01
3.839784429837700408e-02 6.926529600569433232e-01
2.920081112167260962e-02 6.592368791999035915e-01
2.610173824426320621e-02 6.440613895473399353e-01
2.133273208780572805e-02 6.147987094819228338e-01
1.688714026681403801e-02 5.599935074147627256e-01
1.554749734627181024e-02 5.329671065359051774e-01
1.451044355924613338e-02 4.914065759522995291e-01
1.464538269976245477e-02 4.835483539326149716e-01
1.778239945879733774e-02 4.632812772344930830e-01
2.351923808879397004e-02 4.282856201806619634e-01
2.528158235207578208e-02 4.182815326424775826e-01
3.224217047824917692e-02 3.891238769863462066e-01
4.503273328602053205e-02 3.439214857078582988e-01
5.980119649028825535e-02 3.035776109850061300e-01
6.976664554265032958e-02 2.774752896935083202e-01
7.283537772105697083e-02 2.709826920551564600e-01
8.955144161110417667e-02 2.356834499397247873e-01
9.549972374726845015e-02 2.299847718953897946e-01
1.025829053050940631e-01 2.236991720794603289e-01
1.225166100693383386e-01 2.077918638318282385e-01
1.843943235656866353e-01 1.704946946549104059e-01
2.267385599659788031e-01 1.459577880662542571e-01
2.303876830742739301e-01 1.438652787096779129e-01
2.860607352243330626e-01 1.163032253489665324e-01
3.226517286709726928e-01 1.003756409809577477e-01
3.335343805481556512e-01 9.563973471254649805e-02
4.340443774218402107e-01 5.518739389252624861e-02
5.086981464002910958e-01 2.515034303409535710e-02
5.169820394058516344e-01 2.294939819043295692e-02
5.534532901453381726e-01 1.953391211271793271e-02
