8.701140601196267754e-01 1.739812008428511803e-01
9.035756529654682678e-01 2.218446409439955858e-01
9.163666014439522112e-01 2.492393507590803248e-01
9.280494229341551549e-01 2.755024947881120623e-01
9.309268359934188553e-01 2.820519060215845863e-01
9.422596467477979409e-01 3.110382883886980698e-01
9.443519656685736008e-01 3.170003663782386960e-01
9.459973774006730229e-01 3.222793640405866578e-01
9.564003086463351844e-01 3.665801867054152563e-01
9.709079391704011908e-01 4.337268994224308116e-01
9.827939741382337724e-01 5.131406693877191838e-01
9.872448761894521141e-01 5.867344647573856653e-01
9.877768144934546690e-01 6.175710709471129434e-01
9.879896158329531941e-01 6.354672142191818418e-01
9.869634665191003853e-01 6.503830269404295983e-01
9.828174306916970249e-01 6.977158141964805438e-01
9.789069525181286480e-01 7.396201772821344722e-01
9.754496224248746516e-01 7.593899572995587155e-01
9.620387713844064104e-01 8.188511234886811652e-01
9.438494698884751788e-01 8.507287480349593478e-01
9.268439782556120443e-01 8.725480077122529377e-01
8.985615718400967733e-01 8.965255518002056556e-01
8.536436196588154113e-01 9.254469073232045595e-01
8.187597947423096434e-01 9.462638785387427198e-01
7.759874147410155132e-01 9.690691619592515238e-01
7.338934782923434152e-01 9.836805810718979304e-01
7.113277038641275807e-01 9.881333476344661415e-01
6.908272475237930976e-01 9.901500320757876672e-01
6.106331266207440933e-01 9.957203165300552161e-01
5.986038427903102033e-01 9.959494451347079558e-01
5.472699265866960427e-01 9.960272933055871469e-01
5.070264595087022874e-01 9.943711505430503639e-01
4.732313994509851351e-01 9.911329095127708877e-01
4.241386373175373148e-01 9.824596743649196551e-01
3.880760890768610860e-01 9.748284041393594501e-01
3.632645801543629149e-01 9.694671394160897515e-01
3.553628294195285697e-01 9.677223002210079139e-01
2.818974814480988966e-01 9.390014868134188841e-01
2.600303361176286021e-01 9.294719893279236311e-01
2.389034199494590727e-01 9.197443414994593835e-01
2.190630905022339370e-01 9.090630094153416829e-01
1.965399739868552986e-01 8.942089205258724194e-01
1.880258887541846891e-01 8.869362984994121346e-01
1.446966086285563780e-01 8.428030523935521323e-01
1.091627503620641315e-01 8.047640081906761722e-01
8.363078779553534403e-02 7.719414933363738518e-01
7.042250966637608744e-02 7.545322164540747556e-01
6.802214391205096966e-02 7.511900322170173006e-01
5.173011158548312949e-02 7.231951761975541348e-01
3.920931731664545339e-02 6.993811316065517980e-01
3.666479301423408721e-02 6.890894283437306589e-01
3.178472306736346287e-02 6.681867587956152876e-01
2.844728309358857121e-02 6.532634554487627421e-01
2.291668660321921625e-02 6.281905182095792739e-01
1.646280674610567374e-02 5.985058560880421874e-01
1.303275151942906440e-02 5.704088101340958339e-01
1.201038416704691691e-02 5.522714821466577773e-01
1.218828524778170497e-02 5.038390279953720574e-01
1.230225141893714902e-02 4.977561426988870164e-01
1.907670412879858279e-02 4.020338069376165890e-01
2.057935018845780117e-02 3.936810058911738297e-01
2.834243807139102955e-02 3.539244721477636801e-01
4.295695752752493046e-02 2.928431443463365147e-01
4.978159130156656342e-02 2.657947725505747094e-01
5.222413593308472546e-02 2.587467781429417801e-01
5.622029370275705151e-02 2.489743438933093023e-01
7.361299181096658817e-02 2.126344629763254890e-01
8.114917754016504059e-02 1.976491160844754402e-01
8.320988962284758816e-02 1.937251436303948360e-01
8.535484501315981909e-02 1.896525043268562083e-01
9.879125019296597365e-02 1.661737652314831948e-01
1.047937817496152890e-01 1.593361786740883357e-01
1.506428355870864655e-01 1.142874282547956533e-01
1.830047204661824356e-01 8.479931746484492550e-02
2.188767333637305912e-01 6.205561812728710436e-02
2.408766045141496059e-01 5.066885718715519182e-02
2.943892173238752408e-01 2.495403502803528184e-02
3.293568631879961739e-01 1.568518645462846361e-02
3.358442004995624286e-01 1.436967854457815719e-02
3.569216437780712292e-01 1.119361288339160154e-02
4.069370787380607313e-01 5.436726331387808919e-03
4.305811234580863012e-01 4.178083895506001788e-03
4.371456165451286235e-01 3.972706694412853068e-03
4.709322405443872039e-01 4.299324533084569744e-03
4.912997724401153565e-01 5.188962035328814615e-03
5.371632669094550394e-01 7.729862046713997792e-03
5.515200003734701539e-01 9.728822597716568765e-03
5.812418240741658026e-01 1.406229416679682931e-02
5.991216323707632130e-01 1.867750188454708749e-02
6.105989637101036926e-01 2.258838644016536445e-02
6.466641127673538048e-01 3.635685993032644614e-02
6.577017459749947559e-01 4.084716821853096036e-02
6.652421521165500229e-01 4.402847975437895744e-02
7.040845256956171916e-01 6.133284154263851651e-02
7.527555766547290306e-01 8.604915113038191787e-02
7.554488491756230495e-01 8.751423835559335451e-02
7.932179656538991264e-01 1.097999530965868553e-01
8.067405852046763970e-01 1.181628369584455385e-01
8.195895703388680342e-01 1.285662439350866437e-01
8.394610407767747473e-01 1.453830395235740092e-01
