9.928959176526586106e-02 1.199452856575036197e-01
1.344028353512353169e-01 8.576017514960254662e-02
1.554526986907154296e-01 7.269833812700698950e-02
1.690950255193895968e-01 6.457001726873345948e-02
1.815559729051157145e-01 5.831434309874961031e-02
1.880656071094981563e-01 5.546495529683315162e-02
2.254056604460342728e-01 3.962216394738737879e-02
2.292953714396730458e-01 3.850081303080687967e-02
2.946728478197924161e-01 2.200739453810551804e-02
3.259853560973934306e-01 1.631108819404936128e-02
3.317473584305044021e-01 1.533948853153987990e-02
3.674361250037242455e-01 1.153384481399721828e-02
4.470875355095613735e-01 1.013173417380031083e-02
4.842153273906610877e-01 1.053717972742784781e-02
4.967436802705035293e-01 1.282220990637705782e-02
5.110570174860730175e-01 1.590699607267509474e-02
5.160871869013620161e-01 1.711830341941189548e-02
5.186756939375676279e-01 1.781513110607124695e-02
5.440707935107498283e-01 2.465208309433963851e-02
5.693691821754013338e-01 3.599286573637627829e-02
5.961689815065924769e-01 4.941355841667049997e-02
6.277045751782276417e-01 6.572499783456153821e-02
6.746061972818554464e-01 9.168730615493481118e-02
6.914346148148794446e-01 1.026522663036145699e-01
7.790130757358122437e-01 1.699284218975716243e-01
8.068804143136448781e-01 1.924686969703114370e-01
8.765411260210183020e-01 2.526317887040748777e-01
8.850346549042309441e-01 2.601084457173373776e-01
8.907361977354598670e-01 2.653046937718919196e-01
9.031369972603374707e-01 2.801902734337893275e-01
9.286045462235651415e-01 3.133355960136532392e-01
9.485273894824080010e-01 3.458572667751250718e-01
9.564026295863429228e-01 3.592527765571893461e-01
9.648212498741638443e-01 3.882091245295926640e-01
9.770028275227352621e-01 4.379972088951578080e-01
9.839326921014650562e-01 4.782241355390345339e-01
9.880706933588747631e-01 5.288693300075535397e-01
9.912204853465519383e-01 6.162159883674492855e-01
9.912384316208135981e-01 6.503528157207271176e-01
9.909009753076196692e-01 6.590250841961142747e-01
9.803810203491132302e-01 7.099784304419610725e-01
9.737175439863039461e-01 7.290532596853840364e-01
9.712707967956920596e-01 7.342236845187032346e-01
9.576561412185178312e-01 7.603592945317102503e-01
9.525017514581586298e-01 7.695318311476443407e-01
9.420664022709799301e-01 7.853948529980238069e-01
9.349034778993339234e-01 7.941310397913958763e-01
8.966524496250877219e-01 8.406871898602559234e-01
8.911847773113331650e-01 8.472767521886016562e-01
8.782994508736404748e-01 8.624631491846206366e-01
8.494051057502320923e-01 8.937717073496748155e-01
8.397154027719316849e-01 9.025712672592007824e-01
8.380894409509126453e-01 9.038595484600572272e-01
8.164422507840997101e-01 9.168241841385046387e-01
8.109590042093315354e-01 9.193193942151737241e-01
8.037074057782115366e-01 9.225108793261447282e-01
7.838852722426639108e-01 9.301126604684489818e-01
7.797242296023079167e-01 9.317030818476038645e-01
7.459747973316170899e-01 9.417314623234889215e-01
6.863816556491612042e-01 9.587809382802976454e-01
6.635909195558837848e-01 9.644060404898293637e-01
6.100146645884124696e-01 9.765667771668097297e-01
5.957296737288676480e-01 9.785997704225113392e-01
5.603424203313890350e-01 9.831186704536664100e-01
5.230449150493431398e-01 9.856624659522321696e-01
5.028729419737999473e-01 9.866332589979570633e-01
4.496520532285028793e-01 9.879023084990853354e-01
3.339879499541377195e-01 9.898682658261996892e-01
3.071590042125387221e-01 9.861829294185550099e-01
3.002520879286181277e-01 9.852187395322077323e-01
2.890995968590043264e-01 9.834217661393575005e-01
2.789070978633382270e-01 9.794708697169820510e-01
2.162549513442327820e-01 9.550689111406576171e-01
1.621730368529398225e-01 9.271030677745104587e-01
1.488317231279014941e-01 9.175142952389732098e-01
1.373211274605234955e-01 9.088106602132655087e-01
1.232682132042307588e-01 8.979329619419461617e-01
9.238849582449026876e-02 8.726311884489752480e-01
7.955968567102211786e-02 8.547551677253608648e-01
7.636131571493209869e-02 8.494619769619172756e-01
6.808966029739604853e-02 8.319728597390181335e-01
5.668029731344814692e-02 8.067722908860323061e-01
4.471862622123523590e-02 7.707248230012239132e-01
3.381493450276262802e-02 7.375075599274178995e-01
2.600358728790419516e-02 7.082759015948287828e-01
2.124805670606999541e-02 6.866662826897952376e-01
9.761429211155303598e-03 6.265250798934883791e-01
8.891122672143758621e-03 6.162333916112837651e-01
8.761568379186401856e-03 5.636998596626593416e-01
9.712975589340588911e-03 5.109814496865965339e-01
1.116271445521910266e-02 4.653526179583613587e-01
1.489346156102833163e-02 4.143252771272801782e-01
1.570829303004706023e-02 4.066344865330139280e-01
2.418396472044659351e-02 3.510898108713871313e-01
3.256927888309568697e-02 2.969881902953482866e-01
3.900590152409655342e-02 2.622217520297026594e-01
4.112635171359158015e-02 2.526752566204086836e-01
4.313680575910072701e-02 2.449257052538799107e-01
4.934462017330698558e-02 2.286457860538730902e-01
7.550587998073632345e-02 1.671941695883321088e-01
