2.643053980475932319e-01 9.828608352413619187e-01
2.121191744957767744e-01 9.545447764630781151e-01
2.033246063368052692e-01 9.480994221480566475e-01
1.701823855328243873e-01 9.149536809712414120e-01
1.561585772867385424e-01 8.996317251831517092e-01
1.079907395169048545e-01 8.398311474195302440e-01
9.316358473820218755e-02 8.197397501561352051e-01
8.837136045689308883e-02 8.099999270902016324e-01
8.161915464339641879e-02 7.953038461502962564e-01
6.680496311292527523e-02 7.624429295654635563e-01
5.786662232431560859e-02 7.420184264011375763e-01
5.473079727897622870e-02 7.334220052390020284e-01
4.251379935317256553e-02 6.980341199924194884e-01
3.182570905753834278e-02 6.669961297369797482e-01
2.956644191356128104e-02 6.544449371261708004e-01
2.689900644878084890e-02 6.385391223575468400e-01
1.353115541809946087e-02 5.532194686816296336e-01
9.920976230905154125e-03 5.282516743960804506e-01
9.096941152424986576e-03 5.191210565663721965e-01
4.379856893521272276e-03 4.403472321274922718e-01
3.763387547173757675e-03 4.261137956250227177e-01
4.226633002111568338e-03 3.937881755875666245e-01
8.844697042120763797e-03 3.405640890631513873e-01
1.720518231866952075e-02 2.604944340409659498e-01
2.055755726180552578e-02 2.442139895023867080e-01
2.492578304002812661e-02 2.237784754332778903e-01
2.821761505543751714e-02 2.125784490726495557e-01
3.879130183691226197e-02 1.885826686340070779e-01
4.520412067690937619e-02 1.752694030697383720e-01
4.660521513804283256e-02 1.727864868950671484e-01
6.157079251820518628e-02 1.506809036519929368e-01
7.175156587258124663e-02 1.387489040827145637e-01
8.784024586484362462e-02 1.227625334924861145e-01
1.117030090029434986e-01 1.039017713341706672e-01
1.408902672772667231e-01 8.652584766967152952e-02
1.867672726804135985e-01 6.478016307505318760e-02
2.359493195201668447e-01 5.269738451701100335e-02
3.564453891233213545e-01 2.888485473914115254e-02
3.707123135440764106e-01 2.611502582167535280e-02
4.414205662658596818e-01 1.433293303994542800e-02
4.789851861353267015e-01 9.199354240734147758e-03
4.977861937503813561e-01 7.495964492406193003e-03
5.275381741109008704e-01 6.841095505529248832e-03
5.642404968191113701e-01 6.923944304287332763e-03
6.091162589398606553e-01 9.128066679560786767e-03
6.527087851296533572e-01 1.181421999303977621e-02
6.709152612775340918e-01 1.307079483931050667e-02
6.774006359740318839e-01 1.367047919469788209e-02
7.411415488638207760e-01 3.328214117387673365e-02
7.462543705162535401e-01 3.579830887540325079e-02
7.635575603716466819e-01 4.577304962116235387e-02
7.720963618906253600e-01 5.074848616248595068e-02
8.286658278914272868e-01 8.864392544571786381e-02
8.466297298280309747e-01 1.009815895719936574e-01
8.846949975579508907e-01 1.271636411138409306e-01
8.930802155350801019e-01 1.336849379529626569e-01
8.950343990294479246e-01 1.356407155271114329e-01
9.117947375396484588e-01 1.535836941790581500e-01
9.413178143062594927e-01 1.856224146632804439e-01
9.707451748134101610e-01 2.265017748040146772e-01
9.781018140038331143e-01 2.521301689280387448e-01
9.845249106645689308e-01 2.791003926784850764e-01
9.939906414218695474e-01 3.546328230380570989e-01
9.958979638213513175e-01 3.784872807271636441e-01
9.962366124528262423e-01 3.994530189569711620e-01
9.953705518774699224e-01 4.428706283073576833e-01
9.951707289674567303e-01 4.455925947688885724e-01
9.941962691879208114e-01 4.564293241081802677e-01
9.905152305777102928e-01 4.758779225438576344e-01
9.861453422880602782e-01 4.973767254441560093e-01
9.763461599593749041e-01 5.404966347477494493e-01
9.670313321303583010e-01 5.775935567298364770e-01
9.564000416594398146e-01 6.008852051075737055e-01
9.531335966439254959e-01 6.079604258678690254e-01
9.385499595783385329e-01 6.374309302953700129e-01
9.199886119687418207e-01 6.722918364908541111e-01
8.809565572135311662e-01 7.430116225651907103e-01
8.683605560256530964e-01 7.626575398239585635e-01
8.424653451334682686e-01 7.973489369645787583e-01
8.160112773896742722e-01 8.302673434588576651e-01
8.087170725198455923e-01 8.373239083161174712e-01
7.805689845165041385e-01 8.626119752171669264e-01
7.416159777046310575e-01 8.971734339341184139e-01
7.265905858392807115e-01 9.057255547351231728e-01
7.054525518979934962e-01 9.175489757988921635e-01
6.485522323490170438e-01 9.448565364803919175e-01
6.217860575855479466e-01 9.536370105821687648e-01
5.970755698455770810e-01 9.613791261456158255e-01
5.759366432063794949e-01 9.679276981285332981e-01
5.532167476248631699e-01 9.743409540559198057e-01
5.179945736323262606e-01 9.804998576435822732e-01
4.853933544455347748e-01 9.854899789902321627e-01
4.706808928372676615e-01 9.874597158580472600e-01
4.093950700238178086e-01 9.922867108480636356e-01
3.960970267337768913e-01 9.927627220244102935e-01
3.429496705027457182e-01 9.931589044944708622e-01
3.379895222060449456e-01 9.930316339794832414e-01
3.165750508732022572e-01 9.916601176442083609e-01
2.845380247823036113e-01 9.879066573225766534e-01
2.733608214264123815e-01 9.851410230744545027e-01
