2.810370082925419122e-01 9.900809499680287562e-01
2.209900427296031533e-01 9.791935820122252832e-01
1.719982832069986700e-01 9.502571962772631275e-01
1.670225539724661812e-01 9.472405862315199654e-01
1.460200733025510123e-01 9.340567072960305195e-01
1.362019244279406016e-01 9.259477282263220976e-01
1.002734306619847415e-01 8.804706869292194815e-01
9.049936175455169929e-02 8.680772914569211407e-01
7.200008775461225197e-02 8.430395458630136618e-01
5.235811902854020650e-02 8.122034818972797554e-01
3.489529829262810745e-02 7.749725648391440069e-01
2.003836202471259709e-02 7.390218220670999871e-01
1.120099604461693987e-02 7.103750695829558204e-01
7.830808071636441436e-03 6.981843511158102311e-01
4.956357147142653741e-03 6.507187592267382747e-01
2.432852049993716737e-03 6.062359531223748821e-01
3.860100851031555980e-03 5.728516185945679018e-01
5.247200649643624093e-03 5.414506764846646059e-01
6.472256173261581313e-03 5.147645817799134660e-01
1.468188893651761751e-02 4.231866809027488019e-01
2.075934627824965739e-02 3.882478511666894727e-01
2.391088718614814423e-02 3.766812471085245750e-01
5.239883745605450338e-02 2.792520669931558563e-01
5.817106071529071221e-02 2.633846175570127013e-01
6.980955886499334850e-02 2.339531046515576085e-01
9.796364974238164214e-02 1.787946620037348389e-01
1.015343159884024016e-01 1.743672088214293092e-01
1.111036979284361625e-01 1.627811138890851161e-01
1.377270418379732964e-01 1.328643458702980507e-01
1.489772644095170295e-01 1.211589682540855639e-01
1.737763150719820460e-01 9.648003509455127524e-02
1.856029456747831374e-01 8.594799483493875680e-02
2.235872649355557518e-01 6.292143337944144932e-02
2.602666946457175556e-01 4.705809251777237634e-02
2.735068240970934261e-01 4.190161245623347241e-02
3.265217295064523628e-01 2.783411351796027944e-02
3.472259227502985657e-01 2.337850286126019750e-02
4.022264939088687208e-01 1.318574427887342360e-02
4.349226719476360636e-01 8.407011660032215339e-03
4.407502496576191642e-01 8.064074457342917945e-03
4.582004591453659459e-01 8.234879655787397112e-03
5.268633586749245090e-01 9.934508642133854650e-03
5.927515169327799427e-01 1.241585875769624092e-02
6.250163145065386061e-01 1.364269045256094604e-02
6.560366770241856660e-01 1.517437790406817033e-02
6.917330685003229007e-01 1.837212445000946381e-02
7.161896841197770147e-01 2.067253003146485302e-02
7.414146530373404431e-01 2.444200460062939673e-02
7.588532211542171613e-01 2.852193576857486867e-02
7.858811778880476773e-01 3.520577934713264856e-02
8.358635018481912482e-01 5.365211666209057650e-02
8.512831983481465858e-01 6.134391503905156640e-02
8.716786148187913863e-01 7.218676214231634081e-02
8.815962327192110592e-01 7.782167512288584721e-02
9.115761048161146185e-01 9.503398864803713764e-02
9.167199668326171391e-01 9.827325244390872072e-02
9.345334115256060947e-01 1.172343415130773225e-01
9.445097188033835245e-01 1.288927513328422814e-01
9.548991800288189058e-01 1.411671495622807138e-01
9.658015626227036687e-01 1.555761058256789342e-01
9.792945754360189436e-01 1.743044556349860885e-01
9.819862321571164454e-01 1.812091178269139569e-01
9.840366339739168300e-01 1.881353434304329220e-01
9.906392743657710387e-01 2.325096633856728046e-01
9.922943271127420140e-01 2.527396723542640888e-01
9.931982053115824272e-01 2.637889719839938696e-01
9.960168849339603447e-01 3.156775651652851122e-01
9.975671479500063388e-01 3.606637521474540531e-01
9.970994785402342853e-01 3.845786189618338735e-01
9.952750704469448539e-01 4.180701144825257343e-01
9.832824449731665251e-01 4.725862871383589292e-01
9.779321594732963696e-01 4.946264221583256404e-01
9.507031065588882335e-01 5.916070029057282076e-01
9.354283579238031887e-01 6.364839043088490467e-01
9.243354604060372015e-01 6.687182018645413395e-01
9.152772143959448936e-01 6.917720480671309957e-01
9.053802875290233310e-01 7.165552061054273336e-01
8.969229758939549768e-01 7.335296076780133401e-01
8.943206800551799507e-01 7.383170709770839890e-01
8.802854437238893937e-01 7.638352009508452278e-01
8.633442983649151081e-01 7.915447807258472190e-01
8.380520136761062666e-01 8.223424847247119418e-01
8.124869493182240721e-01 8.483311915738597220e-01
8.001563436796315099e-01 8.579725982799579764e-01
7.608253663229980202e-01 8.862157527099484566e-01
7.375954522633885180e-01 9.016637554546070854e-01
6.757522990295494747e-01 9.273503524438687640e-01
6.744331769596896287e-01 9.278265966061665093e-01
6.591110154361312645e-01 9.332449749600524314e-01
6.382314822119343756e-01 9.393476560844115086e-01
6.088548959724728871e-01 9.471704190623483344e-01
5.482065309123280716e-01 9.614111783078228557e-01
5.323471626604661111e-01 9.651263782602812480e-01
4.773814467108266624e-01 9.772488857409387109e-01
4.642923759327300393e-01 9.793383170373891611e-01
3.930602228769929929e-01 9.892318186387479839e-01
3.790173140077988667e-01 9.910852941696971508e-01
3.661486378574069778e-01 9.918350572969137913e-01
3.419224022300422772e-01 9.919359255426570821e-01
3.211097197154674787e-01 9.913967785801167665e-01
