3.533014867628903044e-02 5.552301305493401173e-02
4.638684908140167096e-02 4.035290709665673159e-02
6.042483893385064420e-02 3.021936213528841897e-02
6.390341228865126233e-02 2.792422212302714257e-02
7.989610551456904908e-02 1.885298889231212804e-02
8.239557835853172918e-02 1.760983954852513023e-02
9.142395208636133752e-02 1.484984935342814616e-02
1.538316267638246693e-01 4.823215950054304813e-03
1.644941398313328751e-01 4.225538209068901985e-03
2.522259093322086754e-01 6.540054407625173205e-03
2.778271091376949276e-01 7.762350993660738219e-03
3.448428630792851335e-01 1.452323329845017774e-02
3.608323351125223288e-01 1.653304428020807570e-02
4.230404919164409971e-01 2.800169244142780567e-02
4.491022723774896752e-01 3.301465775075818065e-02
4.712219334173930463e-01 3.844487987008482488e-02
5.129577161541351016e-01 5.049344640481312485e-02
5.364379343957687007e-01 5.839301785390527133e-02
6.195711670344171695e-01 8.916845609210455326e-02
6.694059316215579258e-01 1.092992563686120411e-01
6.784127364618302014e-01 1.133108482797395844e-01
7.046140365305265663e-01 1.252593207096817096e-01
8.087560199675731809e-01 1.779915223765705656e-01
8.642696141008571198e-01 2.066638683969305168e-01
8.876026598596212791e-01 2.193444684996590510e-01
9.041447046476812632e-01 2.301736861110390553e-01
9.189788972311485615e-01 2.405641078405129640e-01
9.316136528536708150e-01 2.523288794387424927e-01
9.395744563257835136e-01 2.636554581454301216e-01
9.626814370099463503e-01 2.989882546087214710e-01
9.651099087270340604e-01 3.065577667423023955e-01
9.699396702959178773e-01 3.418005137011379535e-01
9.730349065489739546e-01 3.674882545162896363e-01
9.763069822753754901e-01 4.286789163162775251e-01
9.764812208425305284e-01 4.605278147293050406e-01
9.756714254653662266e-01 4.760539293925132309e-01
9.752638945265439396e-01 4.809238880265165328e-01
9.693890456412718182e-01 5.446623148394167391e-01
9.614738288522290954e-01 6.021696407003200857e-01
9.597170153041238994e-01 6.135799885016384181e-01
9.576353601038383179e-01 6.209131161477200456e-01
9.425695826299360647e-01 6.731812533361936080e-01
9.332717994750874269e-01 7.037888890738814851e-01
9.205572667154873212e-01 7.382092586560241587e-01
9.120646872227800017e-01 7.586082030228140649e-01
8.858601510419268354e-01 8.211334005118203772e-01
8.841187038594128245e-01 8.251879243788535767e-01
8.733714765743459951e-01 8.453696122821237058e-01
8.661563923233870366e-01 8.568597276642141436e-01
8.592878336098983549e-01 8.664478570333721263e-01
8.472677587089474383e-01 8.824948639581906562e-01
8.438509042573613117e-01 8.861583437383248052e-01
8.341580336822753683e-01 8.949458159474037444e-01
8.299337875755917748e-01 8.979605854174481649e-01
8.051659302288463049e-01 9.142244579889327039e-01
7.668052287122570920e-01 9.368023655746843259e-01
7.522899719835962618e-01 9.444010145943664281e-01
7.232790960678479042e-01 9.577116474646223399e-01
6.894458829038537795e-01 9.719813780913908463e-01
6.777897540535631205e-01 9.755137821445704072e-01
6.603695909631801531e-01 9.800277030867531325e-01
6.132875116538725191e-01 9.886718954721682717e-01
5.995953308378036972e-01 9.899390887036292330e-01
5.177799305416823650e-01 9.940916108488532243e-01
4.796036954097296912e-01 9.957744617909310980e-01
4.704097328075794726e-01 9.949423674763751002e-01
4.557645502774887447e-01 9.920986760522600978e-01
4.412751482970791450e-01 9.889017459925881770e-01
4.121241047952853842e-01 9.813671592626804774e-01
3.954112494248270826e-01 9.763501691454848919e-01
3.812462349652894211e-01 9.703805068278703594e-01
3.794868454115770673e-01 9.695139600505517929e-01
3.316600345711414599e-01 9.427853514113181399e-01
3.005199100649875721e-01 9.220056206479381178e-01
2.754722617828726516e-01 9.033527611140138580e-01
2.346182440991304574e-01 8.728853475247618787e-01
1.947371683097959272e-01 8.410654402190596013e-01
1.713006412274434842e-01 8.212439650113109169e-01
1.390498454606589052e-01 7.877730207476654201e-01
1.162885271118542230e-01 7.425351131442118335e-01
1.056856339911089737e-01 7.170467761082617297e-01
9.427248564855361668e-02 6.851886068212122982e-01
8.977255105943537927e-02 6.710949890467200474e-01
7.888894532704049389e-02 6.303663739706062419e-01
7.697451740510197205e-02 6.232019967870116028e-01
6.330057647824804956e-02 5.686467793916009095e-01
5.989437737599301315e-02 5.522245440181992038e-01
5.583749005424731848e-02 5.311951120645794777e-01
5.306440233899445413e-02 5.159871175198534887e-01
4.714516183269423788e-02 4.764774067077156561e-01
3.643837087269286013e-02 4.005625956406529964e-01
3.132756042018280951e-02 3.584644220354007427e-01
3.106472935341164643e-02 3.554554995989787081e-01
2.761680188983406392e-02 3.082352715413290145e-01
2.378812698904231304e-02 2.551365485310954639e-01
2.351877915746947156e-02 1.800912091624653488e-01
2.352617686008395825e-02 1.454279993376823565e-01
2.399972634458402698e-02 1.300922646013986661e-01
2.753885146620349555e-02 7.737189729723104037e-02
3.301241197026094643e-02 6.126861476592115885e-02
