6.252146185335681894e-01 6.951043475372675751e-03
2.943942488858589668e-01 2.989497358370482027e-01
9.956722047071214776e-01 5.621466712263599730e-01
1.242363633104031917e-01 2.149314372912869975e-01
9.189676619927744650e-01 2.321856781429781913e-01
3.158378745608202420e-01 3.754408271571690880e-02
9.352256454317338097e-01 3.874913307874700008e-01
6.699594856239183827e-01 4.338251320258365018e-01
8.830111125254882509e-01 1.755115504508595325e-01
6.103349722161515167e-01 8.219485638880256184e-01
2.874639811874741824e-01 4.786932546746435757e-01
6.446136847660710600e-01 9.507076198300048464e-01
5.917975483731487962e-01 8.674021518471922154e-02
4.606296827016280737e-01 1.914600237147139061e-01
5.588848418186075362e-01 1.465543317435120674e-01
6.651396210651361329e-03 4.130173797843923467e-01
3.732320817818375325e-01 7.075693304222022695e-01
8.548362708237937646e-01 8.714539017311053737e-01
4.564800027172600250e-01 1.116215313914396684e-01
8.388053253431191347e-01 4.704216049516266596e-01
2.327353742688570148e-01 3.548751604161726192e-01
3.581594587475479541e-01 3.953066544922342884e-01
4.738342533980098858e-01 9.469315132974818194e-01
3.490965695923717305e-01 1.171983534155250084e-01
5.857421375354636695e-01 6.938915233082966205e-01
5.930872651136677165e-01 2.061891608789476471e-01
7.980918581711751170e-01 7.123016664843162538e-01
5.763758147733171189e-01 5.464485439497855923e-01
6.417083128116741753e-01 1.566748560216529584e-01
8.942556086390931469e-01 6.373736566153003213e-01
5.984662327318549524e-01 8.903706709901165750e-01
9.212504300689887682e-01 5.806133494020568886e-01
9.580450423967283857e-01 3.961872780895130397e-01
7.978383536192951153e-01 7.806694286768969260e-01
2.888441421428937783e-01 4.070583471169706424e-01
4.897777072546165567e-01 8.653793437834256252e-01
6.580134238717063599e-01 7.217774617112315827e-01
7.858426802424047786e-01 4.696432142849094049e-01
6.697164193150170197e-01 8.633754512491571553e-01
6.104621151020781511e-01 5.384364908645535852e-01
2.917880051797155927e-01 8.560626128074828589e-01
9.688118600363199162e-01 4.400962089954002510e-01
5.875395549893839275e-01 8.269300090564117578e-02
8.612370250135411576e-01 1.375661654168398584e-01
7.266607490567624783e-01 7.892428627780723183e-01
8.629916454919899227e-01 4.355424468800946913e-01
3.815235632170905777e-01 7.991248041008240932e-01
4.124511125356323249e-01 4.912202151970829211e-01
1.919402089868421368e-01 3.583645010627325989e-01
5.300547203714478517e-01 8.176458028952061641e-01
1.256991973700170573e-01 1.891040558197068233e-01
7.733494902843311980e-01 8.091169175214481257e-02
4.467069288432056751e-01 2.090792137009637730e-01
9.946917947237700064e-01 4.948010418583598247e-01
8.600198880258787260e-02 3.283537790339041695e-01
6.016854110403161426e-01 9.012059926501602147e-01
7.587264556935486848e-01 3.317924324895075161e-01
4.284651253173313301e-01 3.784121635895281582e-02
6.988917629731393744e-01 3.358171609174412930e-01
3.758008111588185263e-01 4.758840567489333040e-01
7.722181749022061226e-01 5.391953531110451614e-01
3.212691839078516409e-01 4.158097147507740510e-01
4.764878836857995292e-01 4.766464285672995516e-01
8.421594825330686040e-01 7.548112148323093962e-01
7.720794732088707146e-01 6.857966246277517053e-01
7.446582097689888879e-01 8.383943380143955570e-01
8.844040948006978153e-01 8.577010860530602798e-01
4.528104903516702029e-01 3.002682874116505696e-01
2.801284137796065110e-01 5.216041788655253475e-01
3.202221048348851129e-01 6.872913781664428123e-01
2.782029257261967592e-01 8.360433190803294723e-01
1.668606985714571334e-01 3.051396131771479947e-01
5.878197483302708415e-01 9.044234201669504314e-01
8.704683294528573478e-01 1.498039424970591948e-01
2.173003807965280532e-01 3.517814907452852524e-01
3.907006479269564125e-01 5.500634392738655842e-01
6.849483497364209361e-01 7.000885004999553018e-01
7.913426750674293908e-01 7.975796307437128529e-01
2.806143873053550397e-01 3.152426159085691126e-01
3.127030428078695912e-01 5.928595396347225988e-01
8.134439630313521352e-01 6.277236117464651821e-01
6.029919866587245547e-01 9.275118852672780134e-01
5.697348939070899787e-01 7.221335544495834924e-01
1.367086338594970252e-01 4.154912994192018205e-01
8.685860640934829346e-01 3.608781672094186765e-01
3.019257188248638535e-01 8.274964518933158875e-01
2.221175752608974263e-01 6.342183681393200878e-01
7.304294059722620247e-01 9.643628974837963330e-01
1.018635282809849663e-01 6.639047287393852192e-01
2.827653018158369225e-01 8.947980678031696167e-01
8.007320925504808340e-01 9.608888372093123964e-01
5.432281127183522518e-01 5.280784405562598538e-01
7.846474785572958854e-01 8.528712731861742835e-01
4.545221800213272711e-01 9.636090277967745976e-03
4.246504059027509381e-01 8.748490390058292210e-01
3.712504161461832597e-01 5.910239245259002461e-02
9.817694639466727491e-01 3.590452598098521353e-01
8.864512616166796422e-01 1.733691093384210902e-01
8.498420417184280318e-01 5.164329305223245292e-01
6.291758779410115965e-01 2.456505422135304428e-01
2.359570443164225872e-01 1.071520262033297533e-01
9.124949313215495739e-01 3.690905871736129829e-01
7.284498343028462664e-01 2.688430529326832352e-01
4.815587295667005385e-01 4.394968764553854879e-01
3.746559443999161187e-01 8.777747814191158571e-02
8.082878636585268950e-01 9.281403819196689664e-01
5.532361094759425946e-01 4.194102619773648066e-01
1.787708842136224996e-01 2.089985071583697063e-01
4.701014758626623213e-01 6.816383341160427989e-01
6.356980183226106362e-01 6.441054879359146002e-01
9.108620272480245639e-01 5.228851455769700785e-01
4.416234863984965231e-01 6.697974757497202614e-01
9.627866610458911678e-01 3.105744545160303849e-01
5.040388732907533642e-01 2.048609188963059213e-01
5.912541696217353815e-01 6.022853156568678257e-01
8.145473835673087137e-01 1.116532364034722447e-01
7.209684076439413225e-01 7.306199316578743108e-01
4.887528931832055834e-01 2.056308605431576286e-01
1.314508368553102269e-02 4.807511954013186095e-01
2.604036114576482319e-01 4.321716393787419785e-02
8.947786224100446884e-01 5.118841759802799096e-01
2.917333981390534126e-01 5.245809362093269979e-01
8.792682326033414153e-01 7.206489378147492575e-01
7.950219080745856148e-01 4.050656891928230419e-01
2.020930851290979047e-01 2.994493372597307190e-01
6.311297786337273230e-01 6.758448870074387216e-01
8.766914795639252356e-01 2.490196144296039638e-01
6.492905908293402639e-01 5.052956478345369540e-01
6.333406258746134831e-01 4.805578498137679233e-01
3.159073973742138608e-01 3.010378322686790842e-01
1.790289665181885037e-01 5.010309506555545855e-01
9.740273843195736136e-02 4.960940706017895607e-01
3.844306118385703019e-01 5.874754901819873032e-01
9.191857287228437645e-01 4.542091189761083836e-01
6.029015925691967315e-01 6.678767914244119197e-01
7.696665741977456454e-01 5.987228016210615067e-01
3.614141239078453860e-01 1.817837002715165240e-01
1.316428233362947064e-01 6.234694760143741910e-01
4.200153046868537743e-01 1.580755630108870158e-01
3.014241769833064244e-01 7.864393066479011818e-01
4.636670867896804937e-01 7.562157781343415985e-01
8.171804883926121477e-01 3.620012046170170139e-01
1.720344478161827673e-01 9.196143704603322588e-02
2.547262900659632567e-01 5.651612530845007143e-01
8.555019863774333544e-01 5.582961080112667229e-01
1.754429256285737759e-01 6.395678084110010264e-01
1.669369510724235672e-01 8.343476201213406718e-02
2.354295642355745954e-01 8.625974187033595975e-01
6.821338594157339008e-01 4.606402364162345275e-01
1.015816501375562952e-01 5.540548760346089008e-01
4.691931952252672566e-01 9.639287571554943090e-01
4.968298369688141092e-01 4.246985400218928897e-01
7.246750926898393175e-01 8.699236052391419449e-02
8.724184921866983133e-01 4.107572979689546600e-01
5.519420381026399758e-01 1.406247194414184942e-01
6.592563905979018646e-01 4.556250785844760676e-02
7.547504337726439472e-01 1.761569979773479067e-01
5.620745243111068268e-01 5.347202407740234698e-01
6.727960837732996913e-01 2.795251618911185829e-02
4.435743725616392297e-03 3.390383092910029816e-01
6.634302732678641901e-01 1.675655519916163794e-02
2.492789704890223113e-01 5.368586779544867182e-01
3.254985322938854786e-01 5.380966701355184290e-01
2.974780602206158475e-01 8.272849357664255887e-01
8.357784954178371084e-01 5.398376336585972712e-01
6.829378386499456166e-01 5.093474848764362184e-01
3.869676653492044038e-01 3.673098583966600827e-01
7.227121064022833385e-01 9.864046749252863844e-01
5.709336703407199565e-01 3.066224058385282891e-01
5.972452407963816379e-01 6.950103141177934596e-01
1.291685438385108409e-01 1.950600564945938475e-01
9.784271870160601292e-01 4.231928388483066072e-01
8.614023494092297728e-01 8.252821560390588562e-01
4.340944033383055123e-01 5.108480399749424361e-01
6.177856406108454823e-02 2.490479522991578820e-01
5.534787821487161669e-02 4.880993071686259288e-01
5.754970558443299744e-01 4.471319736244805387e-01
4.667312108815385718e-01 5.460431583367906239e-01
2.411591017104181556e-01 1.909273530696049548e-01
1.919143487164577389e-01 7.925212427155476913e-01
1.330400515455146815e-01 5.117348719591235939e-01
6.718700696007087192e-01 9.801165893571673893e-01
8.399446133884269639e-01 7.388011165692367488e-01
9.045957311060623951e-01 3.293035716924382905e-01
6.434422333819556084e-02 3.008685277716335871e-01
7.517410792643504092e-01 2.581656187162858496e-01
5.291761076080322423e-01 7.469008350959412124e-02
7.351770924599979051e-02 3.126819448744998509e-01
6.744277156612330515e-01 5.396595053765026462e-01
6.975393583465047120e-01 4.667253944590347148e-01
5.770372865551713915e-01 1.475370458595465506e-01
8.934357745049086030e-02 3.700819671701133240e-01
3.619797317842875506e-01 3.342043350967316417e-01
5.127060295247415356e-01 9.033935393590247775e-01
9.101476731296387346e-01 7.684772817213267881e-01
4.393152513881981025e-01 6.692773577363024806e-01
4.924720797975296049e-01 2.623939986889475273e-01
4.109903570096638536e-01 6.688063094703521339e-01
9.621972780166223593e-01 6.397456290619842889e-01
1.163704807188756379e-01 5.202679680589890054e-01
4.851949164397387770e-01 7.196390896857862707e-03
7.303789613679966264e-01 5.631433809467395468e-01
1.565581658756935446e-01 2.360478858645123912e-01
7.340920850455817659e-01 2.108925969948790557e-01
2.058830989223028873e-01 5.793978309038574359e-01
1.277516196109881319e-01 6.453095539084129362e-01
4.125084613250592502e-01 9.317416540839320582e-01
5.122050906238474477e-01 2.791603381711293963e-01
1.736222396942731783e-01 4.364202117984005702e-01
5.246453961005380640e-01 5.286705854937981952e-01
6.050126470977292836e-01 1.314727566574937778e-01
7.872876182553988356e-01 8.082066188115456795e-02
3.610156417597572553e-01 1.620806589771016382e-01
6.317421966087508611e-01 3.190594589006365833e-01
1.335292157780239020e-01 2.542463468826819950e-01
1.734954949439158345e-01 3.037613066933129158e-01
5.964285674355363637e-02 5.554536208108400430e-01
6.825806838565745549e-02 5.338512182178775101e-01
9.934945979761252710e-01 6.395516690309925867e-01
4.009476354296233613e-01 7.616222674694694827e-01
9.384347158080523776e-01 2.794570564885143771e-01
7.089975830886372510e-01 4.222165000230631016e-01
6.962511843930110356e-01 3.104485873575401067e-01
7.923761362195960722e-02 4.881633306944518358e-01
6.921740570707013429e-01 6.221530921168199058e-01
8.298258783854802756e-01 7.672840147880579664e-01
4.869367545910612827e-01 3.553453992493136870e-01
6.496704987952821586e-01 6.141889838208807184e-01
7.735903693460542963e-01 6.357346232784233386e-02
5.392222475896163436e-01 2.334398841305799222e-01
9.254706714672005230e-01 4.467235919475421313e-01
5.684129776780860732e-01 4.499401184223663641e-01
8.838801785606332784e-01 7.826075540647998707e-01
1.118611646625429223e-01 1.414728022825001430e-01
9.389455608714831758e-01 7.865509709929974225e-01
8.031301762033876690e-01 6.847731594504394836e-01
6.254532779130159703e-01 5.715153536115403776e-01
3.125018031956851572e-01 6.543646418030769629e-01
6.625104621127642091e-01 3.790698484362668985e-01
3.481395677536527899e-01 7.598437709234362458e-01
1.397326599782279799e-01 2.693971335765047437e-01
1.357522828838935436e-01 4.441362765378673583e-01
2.522548629862441105e-01 3.723561584121051204e-01
8.584148051854045836e-01 9.247300910891343984e-01
6.429116725703643009e-01 5.088772783848993786e-01
1.503730444705254077e-01 3.214037808470373569e-01
3.002832387896692268e-01 7.122667898209873449e-01
8.143848501087471714e-01 1.040239394616144231e-01
6.666055179623485427e-02 6.326039683369971689e-01
5.890612153297601905e-01 6.393835539855331485e-01
2.097025481875736119e-01 5.622997420442732430e-02
9.264516035492307289e-01 4.988835460896198781e-01
5.602258406505391530e-01 9.836199379473897775e-02
6.067700334074930257e-01 9.963824177435658402e-01
4.526911511968349511e-01 9.004303148530498069e-01
4.779786900338446332e-01 7.304530278831411483e-01
6.500307496261122919e-01 3.149929064263151113e-01
6.493098771932495072e-01 7.672865040092504696e-01
4.130208516368361060e-03 3.157265279172817296e-01
2.581789762825590848e-02 4.022564879316496977e-01
6.870987402466199878e-01 5.933283574864997023e-01
3.963067247459061138e-01 5.123103124081443971e-01
5.669883906372512605e-01 1.414504672148173547e-01
8.968465530117767370e-01 3.504285036207420712e-01
8.027018364054636645e-01 7.990344216660461019e-01
5.953530962259129256e-01 1.971787943718253944e-01
3.741448109414013401e-01 5.059787463823267606e-01
3.070268533240868014e-01 2.627588013379485998e-01
5.519921040745900953e-01 8.623091123908598332e-01
8.910676785950675249e-01 5.566980664894958242e-01
9.902779466679999532e-01 6.962708140093091247e-01
2.056959584594275359e-01 5.087979750532890533e-01
4.051224004079376773e-01 5.546599090440300639e-01
8.467180242498631992e-01 7.874937478894441512e-01
4.004569177719506934e-01 3.009913296104535507e-01
4.480885763902770630e-02 2.343851448763580314e-01
1.945911276008843172e-01 6.446998251750067632e-02
2.959268371826005994e-01 9.014459015178991619e-01
9.284988616125682270e-01 4.939382178555487002e-01
9.591077111455416082e-01 7.654364504386632628e-01
2.014059222234667046e-01 6.696375025696651440e-01
4.258633516051731349e-01 1.876643020315927612e-01
8.226834846194095441e-01 3.064027904465883578e-01
2.603440859708389676e-01 2.892977660498898818e-01
8.804178030054635729e-01 3.536440021984607052e-01
8.322135922757787352e-01 9.122083295768887989e-01
5.059680103496420056e-01 3.361912128452117926e-02
1.647600910723561185e-01 7.405987129617817022e-01
8.915500374082472312e-01 5.704394262081535771e-01
5.277988406163509616e-01 6.435382005569009189e-01
5.282177338155774615e-01 1.971957285208671695e-01
2.561401884625759129e-01 7.402119022109709956e-01
9.299346460726642949e-01 6.474818745003159126e-01
9.529977462095892138e-01 6.661021809866082277e-01
5.965573106466612874e-01 4.890659686846738352e-01
4.498273339734191745e-01 8.265322029899602185e-01
4.853306574813505692e-01 4.699497133900951695e-01
5.887801568412033282e-01 9.891854195095313163e-01
9.155170561186046774e-01 5.711603866561481002e-01
8.666370927186507478e-01 4.288317917633246434e-01
5.593368930239958070e-01 5.450707517183917689e-02
4.734077667800147549e-02 2.852698988288469573e-01
6.167329080709307298e-01 2.134493520392867216e-01
5.176530231611059518e-01 1.301024253254383922e-01
7.089816856066781803e-01 4.596838906616023124e-01
4.839471763569620777e-02 2.740181276183253911e-01
3.286204470107311204e-01 5.885320230182605750e-01
7.949219452447451317e-01 5.779421655969412264e-01
1.351698549357106538e-01 7.427530284416868911e-01
1.076876582820604361e-01 4.869033316307584958e-01
3.979414761768753639e-01 8.212007647812311628e-01
8.428363753249782375e-01 5.304532083420189226e-01
9.706339406825150729e-01 5.659631894816373743e-01
3.056008254342261754e-01 7.842900044126779324e-01
5.875273815820217238e-02 6.163627507947239126e-01
3.456592764097306536e-01 5.206951048507107993e-01
9.273861885194418786e-01 3.223425131869013249e-01
3.375123969211571984e-01 4.573716943958927583e-01
4.057995621169350198e-01 1.437336421885193061e-01
4.165380415642334633e-01 5.032367787613036825e-01
5.986674804281092444e-01 8.580194736339571415e-01
7.263620118434784834e-01 5.906892587075712742e-01
4.271080712409128788e-01 5.486686278730963373e-01
9.338505907880695345e-01 3.409089553807946871e-01
3.038467239668179998e-01 9.052183187625949534e-01
4.732670569433773677e-02 5.582721310737308595e-01
8.090968395645270483e-01 9.015194193895641472e-01
6.455277005324497885e-01 9.821651930007356812e-01
3.729047732583128383e-01 4.162066852718364629e-01
9.837943618476918672e-01 7.430370483991706188e-01
3.566218528717313152e-01 1.630188568922124603e-01
5.333243534120107876e-01 1.063667592738422596e-01
9.700576864728363002e-01 5.214671097479746109e-01
7.245322521000533422e-01 7.530068199047768029e-02
5.017510037223430475e-01 8.092846876827620717e-01
2.273058438390581915e-01 7.958500320569994457e-01
8.667124920734180504e-01 7.494429660229326995e-01
4.340648750426978619e-01 9.559847991620154528e-02
7.796855743534383265e-01 1.551626077580551821e-01
7.594793130094159572e-01 8.891603262175596933e-01
6.211752261954490706e-01 9.759914379380759675e-01
9.687097817736111116e-01 6.921207540069567177e-01
7.708979563531102031e-01 8.210630098959175172e-01
1.706090277002390576e-01 3.794214364223970071e-01
5.492169701670988058e-01 2.813348725491064406e-01
6.918296604772914415e-01 2.997967348567649459e-01
2.527212653407573395e-01 4.074555214245074719e-01
9.865972845845325523e-01 5.525963475977468953e-01
3.001250537594077894e-01 1.873193263882394488e-01
6.276989790629279309e-01 1.900634536265592978e-01
8.644992469477459363e-01 5.957197094523636327e-01
4.396760304179796464e-01 8.300880515764390566e-01
8.790188376143091009e-01 1.944339915705846633e-01
8.236014460338636489e-01 9.470528041901498106e-01
6.825459844928372100e-01 9.737406816789052622e-01
9.779574862141768854e-01 3.477334555975634123e-01
5.110715378285617394e-01 5.772611860915243254e-01
7.311506234029315765e-01 1.560532304651258695e-01
8.802231460297671450e-01 5.552744894933467901e-01
5.939511582215117880e-01 4.489741625038674577e-01
4.117774721915179459e-01 1.443017442769208014e-01
5.728474069371719546e-01 1.624076070387536486e-01
3.117860238627668257e-01 7.501271773214778227e-01
5.892794588392153976e-01 6.009184549843524792e-01
8.530258130316584753e-01 2.116653703170911227e-01
8.730059748467601244e-01 3.541286268929783043e-01
6.565500331721713101e-01 9.224971037114895189e-01
8.168095979094618375e-01 1.525560044398988069e-01
8.136073748658303462e-01 6.490009686811651912e-01
5.451218476919037492e-01 7.916432902797234661e-01
9.723056646654110180e-02 3.327193954179056279e-01
5.473339727308752511e-01 7.479500115103925317e-01
3.784194520024808384e-01 9.380181203373265664e-01
6.357093196108636324e-01 3.934463265719116420e-01
2.399808550397692086e-01 3.305152106592976202e-01
6.697804515039661177e-02 4.311836961100055099e-01
6.772555558262127740e-01 4.118470402227134564e-01
6.850556058865308051e-01 9.642848936205963284e-01
4.692087222080780773e-01 1.014279229741347904e-01
3.962889772869215843e-02 2.308262495858324215e-01
4.957119034672439195e-01 9.707045314757994925e-01
3.310979010553024571e-01 4.280017680448111594e-01
6.980354891432130060e-01 2.675958348474617443e-01
3.106512663107334760e-01 4.809024474990244435e-01
4.800281962313900919e-01 7.479606092510380222e-01
1.463993929795355808e-01 4.177312676005378034e-01
9.471326578205649938e-01 3.841745625281292043e-01
7.919492266324947849e-01 7.776134121676389066e-01
7.896245160828434528e-01 2.592311559390874098e-01
7.918323413295891289e-01 4.786085041078642632e-01
2.984828824992790119e-01 6.841383126330919939e-01
4.254231379371480326e-01 8.028043253161000203e-01
5.371296244109133866e-01 1.607178939572194154e-01
7.843331811588354352e-01 2.982402611903050560e-01
6.177621909965017588e-01 8.328565429189933589e-01
9.090488267614833529e-01 3.943912390988462136e-01
5.732374827138490003e-01 6.561598860828445900e-01
8.901660451131350182e-01 5.283672611913282635e-01
7.472302347210313389e-01 6.534763660151841069e-01
3.192972014127943292e-01 6.243076857732188234e-01
7.100495067689687190e-01 8.009393046545372208e-01
1.790404070567792882e-01 7.141462390853785536e-01
4.406373117768147551e-01 7.316995444278607819e-01
1.164493688567091179e-01 7.326206663471055425e-01
8.338850779053632589e-01 8.173803221526546592e-01
4.120802420442927771e-01 3.258200464348900982e-01
9.831017147450136218e-01 7.358277586992875152e-01
4.085929909590848008e-01 2.871325020558574970e-01
7.089250299595809546e-01 8.060532113715959124e-01
5.300811139800972738e-01 1.294273959934000018e-01
9.000072100969120914e-01 2.378430084889824603e-01
9.153490770660194231e-01 5.903201797870294421e-01
5.621157118419295440e-01 1.826340859995889687e-03
3.791606265240430318e-01 9.382987236453913527e-01
5.467299281476032391e-01 7.377425322705374322e-01
1.589198747670134970e-01 1.877760111800798881e-01
6.365311257534107536e-01 2.827040143758515756e-01
1.685645441088983176e-01 4.392395625019390737e-01
5.591813433845739256e-01 5.563969802777166684e-01
1.738029825785668558e-01 7.691577050469511345e-02
6.378259174036227108e-01 4.271899801563270316e-01
1.680375655378105737e-01 1.239908405642192596e-01
7.096800440683382893e-01 3.125795030981606826e-01
4.708090690476255391e-01 6.075422483279929037e-02
5.415155029382715535e-01 3.608282939134879186e-01
6.472899058001536643e-01 8.348262720510878365e-01
2.508444686979194871e-01 1.861160571680078590e-01
5.576249945554758725e-01 3.908908102660160200e-01
9.854472331138769414e-01 3.724288180193608966e-01
3.124684203395655668e-01 4.346176349276145157e-01
3.412512373471189853e-01 6.996078018073534910e-01
4.503068989501157748e-01 4.575761928254902244e-01
8.479819735043192530e-01 9.072750843055440439e-01
8.437539583511046715e-01 8.767280047792430642e-01
5.016983726618737816e-01 3.829288045501130222e-01
8.793638586980321303e-01 7.106056458460914271e-01
1.530430573322753007e-01 9.761487667027235471e-02
5.753794149790165680e-01 2.353578390359745698e-01
1.541772853757038542e-01 3.734268118491592681e-01
2.294996965663491095e-01 7.876174270466879124e-01
2.237349289158063748e-02 5.447953352674930194e-01
7.956537701344201796e-02 6.782710376403018326e-01
4.980594265984727986e-02 2.151228655648016463e-01
6.114241264502932038e-01 1.135591271525645748e-02
9.730316224686794691e-01 4.817576862939121352e-01
5.769169264295690436e-01 5.860163403952148853e-01
6.760305564517581356e-01 6.530838580385711634e-01
1.431066422502653146e-01 3.906420827887080449e-01
4.748685329816570988e-02 6.114935880393994605e-01
5.760510839248459414e-01 3.856464022448266027e-01
2.175933295672605183e-02 5.413257278137275641e-01
7.674265291307108550e-01 6.274330342742655553e-01
8.168359898983248435e-01 8.270755412694853481e-01
2.550365336304615260e-01 6.390354262946400521e-01
1.615350711182816923e-02 2.762891098433547521e-01
2.654650857534668895e-01 1.101982426771880019e-01
4.388770832227825158e-01 5.609045969770057871e-01
6.149724398684616178e-01 5.617620510201880996e-03
3.070419766897394265e-01 2.816980535371316208e-02
6.670081058135368668e-01 4.602461638354775064e-01
4.568278200125438504e-01 3.340305949344992698e-01
3.494731058654318989e-01 7.023996435012803685e-01
4.925859360999855774e-01 9.616814997493313699e-01
6.448139113229471864e-01 5.344202000657674034e-01
3.127753032533651112e-01 4.768725904654580461e-02
8.654400854536941079e-01 6.769135709151695712e-01
1.216072302098882840e-01 7.398440955292232557e-01
5.350716818449020584e-01 8.155933513401744106e-01
2.382754429957855968e-01 7.605268238042967033e-01
4.766031368753406161e-01 3.624253073717149665e-01
4.588408802498518679e-01 2.318552923583899056e-02
5.637264594823112596e-01 9.872651437421268161e-01
4.106903422078762578e-01 9.170279595584036603e-01
4.400882226101114347e-01 1.110072306896027206e-01
4.020568576843251973e-01 4.317483057687693249e-01
4.944065611239196745e-01 6.907878376072261462e-02
3.298089992042213536e-02 2.426630388678311379e-01
3.697670710987045473e-01 6.337582037828847215e-01
4.714697314766124192e-01 7.877859030124165773e-01
4.218382595849391459e-01 3.591735224182882047e-01
3.317346430706172300e-01 2.438228903521222901e-01
3.964938420460804858e-02 4.645659241376270399e-01
3.892438403897079402e-01 9.415652004081924709e-01
2.222448373836609092e-01 5.164011281819064214e-01
2.934289408660676335e-01 4.883764141726848473e-01
7.371807658636690963e-01 6.826311892306228257e-01
3.526770321560467325e-01 6.769438727861968319e-01
3.566169884618174968e-01 7.762774071276546950e-01
2.568544126471444811e-01 8.332477956885839254e-02
2.677285606282277519e-01 4.341840776788081779e-01
2.680885618984577556e-01 5.367121737067541698e-01
4.866420491795691028e-01 9.465946778950125040e-01
7.519570494072556066e-01 7.004133268157799463e-01
6.567848977178591952e-01 9.894579578677406007e-01
5.045168242813997672e-01 5.976757371022135557e-01
7.806737060651935955e-01 7.400509467330681490e-01
5.794997194923209305e-01 3.815672634952714803e-01
8.395205411184865074e-01 2.150283776316641304e-01
2.633472665103857580e-01 3.887088424295130906e-01
5.957840476656349749e-01 5.180729108637145419e-01
9.945091967922977672e-01 5.006786859593903571e-01
9.353686872047054512e-01 4.338272793775588276e-01
1.801430852649049952e-01 1.891525438653087754e-01
9.910913972949443318e-01 3.948653872678178356e-01
7.602982792933145051e-01 2.820039978607333242e-01
3.937580977897753298e-01 2.892672401208543076e-01
5.241556239402733741e-01 3.523723847198169667e-01
3.645466184047267966e-01 3.508883104836406086e-01
6.127307146404402660e-01 9.474754052014418004e-01
8.719608438490111801e-02 3.475312811132083568e-01
6.129166580349685312e-01 9.212507903551783173e-01
3.451817707286375381e-02 5.807849768322848050e-01
2.484353243624563001e-01 4.329613009267217760e-02
5.765920487264687422e-01 6.180763314029350530e-01
9.544660874568255959e-01 8.213160685512195247e-01
6.065460994521054694e-01 8.194049645811503080e-01
7.952686676435924973e-01 3.390154037375739948e-01
8.878712385956055719e-01 4.631060060416567481e-01
9.209565811807907121e-02 5.411875019819377686e-01
8.024251623126901212e-01 6.107609276154818412e-01
8.933447867198205383e-01 6.227903685506991360e-01
1.728214202273299915e-01 1.701801271274822058e-01
5.086476182758472575e-01 3.892548529548642833e-01
9.548317374432897520e-01 5.072676471747444849e-01
2.819620526197391119e-01 1.030744073626192053e-01
4.407260709029603984e-01 4.248002012726397325e-01
1.826033169127916911e-01 1.950310992992383696e-01
2.828008603623808903e-01 2.016024681470099666e-01
3.642722276148787630e-01 9.323082010451398949e-01
6.670447616126526924e-01 6.628726895803865871e-01
3.567834590751398638e-01 5.519468044437072507e-01
2.183802121147211395e-01 8.379165021497546606e-01
7.525335227735763244e-01 1.492709140659979894e-01
3.086251512076493286e-01 5.537105949334334420e-01
5.422304700923074039e-01 7.774908156938910020e-01
7.784529137081005468e-01 3.752333102947185695e-01
1.397321960397203411e-01 1.147969752553439221e-01
1.337435068176189290e-01 1.238657810401419812e-01
1.583848688030512486e-01 7.845958263259011911e-01
9.244151155013295984e-01 7.019769393444387218e-01
5.695563286321460028e-01 9.453459282220179061e-01
7.756709166132504940e-01 5.251888091452771024e-01
8.450278741564780649e-01 3.503084987318997312e-01
1.337668720998959615e-01 6.950774549425940974e-01
2.769293813664663872e-01 3.326678690926876403e-02
6.907814431659317078e-01 3.099455888672718040e-01
1.737147789022416844e-01 1.160971154324611232e-01
2.795981154582227735e-02 5.642881102416203998e-01
1.647438724293364409e-01 2.970140406763659979e-01
3.284733606492675206e-01 6.702878117280078873e-01
6.999037680460222788e-01 1.069802829073596973e-01
8.058130043604789794e-01 6.496174368261442567e-01
3.532301030283250820e-01 9.129922921886396425e-01
3.929559759387447060e-01 5.705555604534829905e-01
8.624264872290396955e-01 8.206961972302200259e-01
1.024741118346581131e-01 1.777520974430298051e-01
2.746158608469733142e-01 7.069845412992872280e-01
5.937719428462486793e-01 3.035063785776030421e-01
2.528615345329705000e-01 6.401850200210432718e-01
4.555329848463485209e-01 5.630705641724951249e-01
5.924859902289114633e-01 9.203369377722595557e-01
1.049299501224977144e-01 5.705351649414631687e-01
4.503531646905555297e-01 4.539662089815253987e-01
9.584530220960397751e-01 7.998497727241158373e-01
7.389968036305712973e-01 4.090087895158612818e-01
7.182096553048513687e-01 4.385574106200877953e-01
5.081618947068813341e-01 2.104923174914368755e-01
5.492931891610124406e-01 6.494358216658825400e-01
3.646837859856451591e-01 9.074680530181897797e-01
9.385984832316208726e-01 5.346306636753862529e-01
1.950770475261507930e-01 5.723935970767823900e-01
2.042474141876519100e-01 8.347495909102683465e-01
8.685295203433237576e-01 2.031547050750041883e-01
3.465330075305332880e-01 5.168308425166850961e-01
5.557019274356385097e-01 1.893403676977888916e-01
7.503954757891044824e-01 7.667565434738830010e-01
8.648467283523627591e-01 8.332889680159645263e-01
8.319565724238784377e-01 6.910715999824823541e-01
8.188067366696724081e-01 8.572223326862958848e-01
2.244196826755160967e-01 5.866151274971180829e-01
1.955809429521928600e-01 4.616079053857986558e-01
2.574515292109307296e-01 1.175719661330598409e-01
3.301168925501603568e-01 6.495205536922430412e-01
8.006988781971191571e-01 7.962064131323860483e-01
5.421723685016313077e-01 8.454368872117881684e-02
8.558731050898354953e-01 5.352867340778525440e-01
7.640626674910732108e-01 5.842328014437681016e-02
7.093057512551665944e-01 5.889052257437342730e-01
3.097740382300783746e-01 7.845062434028525766e-01
6.920700079827594164e-01 8.612489990544405227e-01
7.663685722468063233e-01 1.382585007576118408e-01
5.270428146467130009e-02 2.327764598301882704e-01
6.577488220903811023e-01 2.367916085360085854e-01
6.258554658885893129e-01 4.275894000349784729e-01
3.429308153993066433e-01 7.465928946416371392e-01
4.333415744740377606e-01 9.277509276430245810e-01
1.145038019728354395e-01 6.698131048702025137e-01
2.252531571097938223e-01 7.351497070790251609e-01
3.787955712136082398e-01 2.504123853450441750e-01
7.506315420599434241e-01 1.023135377967430287e-01
4.744758252099428031e-01 8.995123098835992037e-01
4.371718997422601172e-01 7.962424896712543276e-01
5.599431473895557509e-01 1.860479392913090557e-02
9.162865748667127219e-01 3.368107082701442545e-01
2.166584964208862485e-01 2.843532858900067462e-01
7.290485244131434950e-01 8.456102343983176173e-01
6.420332927911018839e-01 7.048019494593584788e-01
8.201657605998484701e-01 9.206322107981640412e-01
3.087023844814125798e-02 3.196867664671979026e-01
6.642672852345632428e-01 9.952108095765248574e-01
4.383081009155521679e-01 5.261141731211966821e-01
5.581622428427311933e-01 5.465029857509600131e-01
7.666512747539139250e-01 9.747936875027857218e-01
2.367254197314471453e-01 5.947396558809419087e-01
9.748498023178759908e-01 3.393194446540349629e-01
5.045203657815202636e-01 1.588866790660075357e-01
9.729901982822701800e-01 4.677944385888433421e-01
2.459823649307063820e-01 3.013991830201473432e-01
1.852014854030778201e-01 1.973706503712850946e-01
8.136900889362819189e-01 6.044982038144445236e-01
4.734654325779282247e-01 5.218007669398063708e-01
5.706383020102202552e-01 5.078870435252453852e-01
9.087824648797060423e-01 8.886253345176163831e-01
7.316171859404574374e-01 5.510981940176709615e-02
1.330188143251891941e-01 2.328730017265880636e-01
5.980239575581440814e-01 5.909659856788589127e-02
2.410480182618912615e-02 2.565254517036296145e-01
1.885389413145546755e-01 7.583781571183221271e-01
7.032891900490952919e-01 9.463674304494458234e-01
2.095022373916151925e-01 7.037298155970891367e-01
8.202732561663750310e-01 8.194338147889128621e-01
5.395235922157239905e-01 9.495250815481690587e-01
7.618007480176167689e-01 3.069299973839269557e-01
6.893383480473337377e-01 8.570456549777671906e-01
2.350218280985793551e-01 8.353854816778920611e-01
9.320293204363538919e-01 3.341065537704666077e-01
8.233059107075022531e-01 2.279543834543031611e-01
7.013065008264949274e-01 9.908469823487713324e-01
5.671446231193053578e-01 7.682849659046419033e-01
2.497772089282484786e-01 3.983518323152083207e-01
8.715923876579249052e-01 7.930144469953973596e-01
3.634331021847374554e-01 7.568896271301226442e-01
2.103854665782249056e-01 8.377789568390782149e-01
5.411860090326091610e-01 2.555907000529489270e-01
5.306216438843649463e-01 1.573695772855174813e-01
6.861567296414998740e-01 4.596434363904403630e-01
9.958697914836316389e-01 5.808239359299557369e-01
4.669203993880993719e-01 6.172222224488105313e-01
9.952440834906391975e-01 5.239625419169873233e-01
4.542987827359340480e-01 7.714049660506414607e-01
4.485358236586684533e-01 5.389696200005431592e-01
8.524752335899303812e-01 9.287754117376174623e-01
4.893904961724312441e-01 2.231122675626296403e-01
2.077091281487090935e-01 4.764666109193126387e-01
3.339011106556604713e-01 5.257029615155390800e-01
3.021792902379121792e-01 7.299281634234684457e-01
7.631931135761071960e-01 2.756496141560198510e-01
5.539256486544086311e-01 4.578668731402197878e-01
6.791739361727302526e-01 1.118938394001179198e-01
7.261239237838514882e-01 7.593495065210926764e-01
1.854186006657106700e-01 3.024143553628804160e-01
6.072836931632614732e-01 1.040476197901626099e-01
7.993126464254489694e-01 9.534981275423054514e-01
8.571257744314596527e-01 3.843392171546732849e-01
7.444366871112905182e-01 9.647824227093761973e-01
6.264989536937087822e-01 7.088889247844012420e-01
6.001340484640310668e-01 5.057730476404644904e-01
5.487297749008633874e-01 1.659579915518085563e-02
7.238582605899084310e-01 1.127148776289312176e-01
7.988288148204557571e-01 4.017762248171063977e-01
7.945062640908566454e-02 6.213651319177161403e-01
1.466040394984428619e-01 6.707122093379416228e-01
6.248738779890563588e-01 7.365592534269351788e-01
5.654253848055960097e-01 6.398904906206258625e-01
5.040009371902663959e-01 4.868058203044385301e-01
3.221576943387275405e-01 3.155174831091084875e-01
4.650842113568840475e-01 2.801403064709301893e-01
6.843854794356110105e-01 3.683539396865866955e-01
3.841980239536094688e-01 2.283126799387761585e-01
1.504706536618165835e-01 1.440934922342807234e-01
9.265636845417783984e-01 3.747044428595291965e-01
1.120257423854428142e-01 3.861009940500077509e-01
5.067865874009548355e-01 6.582950658755732931e-01
7.254496851245780809e-01 3.282835190444512996e-01
7.390973743582240907e-01 9.573939971380307501e-01
8.037509782293769112e-01 6.223080357377018812e-01
9.871067177707118501e-02 1.993732994523082780e-01
4.376743032298889280e-01 7.521388701361737816e-02
9.767376324406210619e-01 6.226795699710392373e-01
3.007204637735416131e-01 7.142751680148969884e-01
8.610024213682595517e-01 5.299259198874763932e-01
7.562577358337554401e-01 7.105981221589359187e-01
3.213618682272575411e-01 2.581965023344934274e-02
2.090058058331493163e-01 1.345144882573728606e-01
9.462163575531902238e-01 2.747827059817575801e-01
7.879227834863065105e-01 3.916827261883507605e-01
6.067757396625280686e-01 1.175910561504067697e-01
7.855260310527478751e-01 2.747014821623510739e-01
7.468044011043081243e-01 8.349068633919513038e-01
3.624006621789682692e-01 8.207782966324891349e-01
8.073906285064853527e-01 6.948373299427977878e-01
5.642348850007635752e-01 1.654411579786544129e-01
4.103376195525452741e-01 6.126369114726230025e-01
1.919179562062046651e-01 7.546296911982350863e-01
2.765756580851140845e-01 8.122916366304256952e-01
6.318533493557776382e-01 3.994190562394489552e-02
6.982293081356764075e-01 2.437645715729371554e-01
7.188508994759745807e-01 9.013271334801717938e-01
9.600919445661677543e-01 5.936717614029886070e-01
2.810684202852625213e-01 8.577895799005345046e-01
4.145424795933699280e-01 9.864741869550097686e-02
2.521732031705045118e-01 5.220278827977982150e-01
1.060292916183137001e-02 3.791036514658291945e-01
9.463040506710977962e-01 3.550332990078912676e-01
5.958970429718171147e-01 6.036090011297513547e-01
1.746547885087993413e-01 8.031955485081175850e-01
4.989188574402168563e-01 7.562206590472877465e-01
3.528632710571790176e-01 7.021112571798196478e-02
9.731460363483130926e-01 4.344079955973986218e-01
2.327609181502076630e-01 3.078700258836379877e-01
5.560485074534227135e-01 6.162481874385326019e-01
6.405876022214507248e-02 6.485676380789198170e-01
3.712121307806905968e-01 2.871472740021756564e-01
8.261318667855493958e-01 8.908426046062062342e-01
7.728646376418903952e-01 7.593809208090007701e-01
9.386029178770591841e-01 2.607978515632518590e-01
2.455424566191351521e-01 5.974033966659531014e-01
9.139434327304614136e-01 8.039043965859420382e-01
7.481196349913205035e-01 9.028744060757771805e-01
2.823473615025507422e-01 5.577866556640510565e-01
9.940477146063002589e-01 5.006387158058001052e-01
9.854731671550558403e-01 3.858445118306307320e-01
3.872815340057077504e-01 5.325863673297756007e-01
4.944487490598571400e-01 5.769202189137903058e-01
4.543751858987883363e-01 8.545995318965731169e-01
3.964359725450203320e-01 2.067777334060598438e-01
7.028228769891912142e-01 7.199400173615453369e-01
9.147514897624482444e-01 8.026014277890132220e-01
1.747333356689212691e-01 3.793229181571948772e-01
6.316265044938107476e-01 7.206710916692641300e-01
6.586546843143328278e-01 2.956955652537953116e-01
8.408292879256565877e-01 3.978086355581706979e-01
1.195758544058646011e-01 2.448568602460997057e-01
4.742193437796698441e-01 4.559867507058263381e-01
6.023408353722867759e-01 1.146223859388657007e-01
3.324489571476755279e-01 6.266053874638688459e-02
5.765007543374606191e-01 2.655797545844783281e-02
4.359132677271471135e-01 3.389159339839505347e-01
3.152735172961070309e-01 2.400203076293163373e-01
2.385996577939456798e-01 8.561033251339142947e-01
2.143236942171515280e-01 7.259225605998765873e-01
8.115508898970683616e-01 9.025248369872784782e-02
5.187106249259165747e-01 4.571516451113354362e-01
6.687709918237049189e-01 2.205719286502306198e-01
4.995513056063395907e-01 2.342260694284028361e-02
4.119305304183366601e-01 5.041298659091428824e-01
8.967689412082818778e-01 3.917327517296159689e-01
7.551824197034376907e-01 2.713877771335566624e-01
7.751719216920357480e-01 2.204789684954233386e-01
7.010132638240612613e-01 4.376986204003522340e-01
1.226482004459819447e-01 6.587468530924340815e-01
8.140397070947626990e-01 3.613530648649670995e-01
8.323846975603064191e-01 7.927474850894311587e-01
9.311053096495383041e-01 6.220145668630279179e-01
3.964891969596489041e-01 4.807566450904611211e-01
3.323085768449821620e-01 9.180192576831885942e-01
5.738152830802178972e-01 1.811431894310877588e-03
8.858723287349823394e-01 6.186358130485158924e-01
2.358944714054956870e-01 5.971148900526476178e-01
4.052929387479697887e-01 1.502655420525722263e-01
1.595351485423315563e-01 5.503655519939456564e-01
7.888111879334758214e-01 2.040044680794640131e-01
1.774365559969780515e-01 4.053524955225516480e-01
4.546024177593290805e-01 2.842047670555742922e-01
5.695773084202739867e-01 1.033950004900718693e-02
7.879914375201088061e-01 5.710885006398994657e-01
5.969483165265266900e-01 4.503845314503589492e-01
6.534615457643280223e-01 3.521853446865639420e-02
3.633567162811908724e-01 7.828005330833245901e-02
3.989258756652568905e-01 8.207291358839043927e-01
6.588289639551972998e-01 6.676663194901558684e-01
2.225230686303795169e-01 3.276926686601533412e-01
1.826006571807994860e-01 4.148076763386142063e-01
9.305520161161313641e-01 7.972929648772260069e-01
5.300458578150694100e-01 2.778099175307260360e-01
9.398198013866562173e-01 8.464783255965265818e-01
5.416063178881649343e-01 6.692785557145641828e-01
5.804076779645050976e-01 9.333897261292545267e-01
5.903569750371948088e-02 2.443447856046414568e-01
4.611974990275762298e-01 5.517843542552658409e-01
9.203527896157142063e-01 4.453018708093723355e-01
2.009579709672233705e-01 7.693753746393497961e-01
5.358382415614573180e-01 3.916436316645188209e-01
2.608006292799399661e-01 6.879436198466071239e-01
1.837563129245840254e-01 4.447378317385546898e-01
9.299345807516458118e-01 8.614796279528321721e-01
2.069145168665899870e-01 6.949506971541740130e-01
9.515682458414264078e-01 2.855052146594563300e-01
2.361067502896342374e-01 5.156002855163105414e-01
5.566726534146057004e-01 2.123247246834871760e-01
2.944366257080041072e-01 4.157511515859902418e-01
4.315289945874620225e-01 1.993453495251734653e-01
7.142309322996721610e-01 9.988428860658594977e-02
8.019840149220960335e-01 1.822252550448718866e-01
2.309994118442064703e-01 7.102260199788517081e-01
7.683458916966985353e-01 9.302303972749799144e-01
7.966400098415642450e-01 1.866105364569040359e-01
7.026595135713673557e-01 2.233583925936692971e-01
6.075509937405314531e-01 1.258094454299431564e-01
2.250631488502018440e-01 8.541008424745020200e-01
8.112447712092540897e-01 4.306818276535643863e-01
9.676838941869925215e-02 1.583501478198943158e-01
9.858576669059516684e-01 5.334945206364397619e-01
4.439527917976584526e-01 7.333205296054592370e-01
1.232894408491166244e-01 3.396497697375049363e-01
2.059012429711237213e-01 8.633321599603949181e-02
1.860936476933214845e-01 6.789186370688371497e-02
3.018298966988762766e-01 8.401858894591551774e-01
5.132512044168305865e-01 7.306072912485039872e-01
5.892814682453373365e-01 9.932886034399193154e-01
9.195370614457167857e-01 8.462359062139548360e-01
7.250652068446361564e-02 1.861655489465365854e-01
4.108497468249611706e-01 3.237717345161765237e-01
3.817855429324891747e-01 6.163499988895326798e-01
6.748690347273232915e-01 3.533777413304913795e-01
2.096091773580915918e-01 8.822154102785431662e-02
4.687324397349967170e-02 3.661888484895637896e-01
4.725044056179128482e-03 3.519177204298201689e-01
8.507839256511482429e-01 8.994556562924505005e-01
5.978911058116455068e-01 6.548305926055826287e-01
1.828621156296394989e-02 5.211560729853864649e-01
5.500776814295544881e-01 6.700161838529806735e-01
2.087066722804554741e-01 3.212831378646253122e-01
5.911583528953423539e-02 2.026812259647462477e-01
6.724958310057562727e-01 8.214630127381081781e-01
5.444656914177670171e-01 8.483689947925329156e-01
2.406922417175635098e-01 8.501309877625913280e-01
5.027335316037915280e-01 6.371390057140168262e-01
2.989344307988402449e-01 2.514440070512859449e-01
9.265960961089027004e-01 4.682823845060797296e-01
9.798202105456955691e-01 7.577377804435182496e-01
7.336876023859981721e-01 5.030831161070697943e-01
3.223272131668027951e-01 4.966504301154398004e-02
4.275776002509515950e-01 6.990510459232954776e-01
6.408123332368167446e-01 7.815670525431660520e-01
3.787625993070258823e-01 2.983685783849140405e-01
8.400774664083843213e-01 1.693194681111158117e-01
2.646350706703303191e-01 2.240975908285757212e-01
2.258525816467403524e-01 1.513409558632475005e-01
8.518362992478963891e-01 5.824517693406112695e-01
7.148747597760350958e-01 3.304752168212673480e-01
3.569199765020940052e-01 8.745587222423032436e-01
2.470537856151259204e-01 8.713030182630631115e-01
2.810797204413882922e-01 8.780914597153978152e-01
5.245344797747646393e-01 1.304727262462959669e-01
6.289412766200174199e-01 5.393032529434902411e-01
2.846027602237435339e-01 6.589220877186904302e-01
7.900477546676842877e-01 3.598474433426049335e-01
2.329450981541786869e-01 5.567263817357103600e-02
4.211756262303021359e-01 2.660213915348242364e-01
5.375065350355673344e-01 8.397390764411796216e-01
4.320162782348486719e-01 2.970368347470152270e-02
5.406108459854357395e-01 3.121420021842479797e-01
3.983011964779549774e-01 6.001519305283999905e-01
5.065798179839318127e-01 6.157829767765454765e-01
8.390411303145655086e-01 7.385233256545431502e-01
4.200723683535030895e-01 5.995628525898800687e-01
2.676235432275526072e-01 1.283011330558878060e-01
4.957825471434129105e-01 7.013767657079530427e-01
8.902894956785273317e-01 6.294218135266751446e-01
5.395315554764064103e-01 7.020640726239826268e-01
7.457667706294830445e-01 2.264362558895796074e-01
6.069017697332425021e-01 4.660830273348746111e-01
6.191478486380732615e-01 4.758703567630924169e-01
7.619187235065061348e-01 7.062349189061610799e-01
9.909513398087488323e-02 7.097636371369817621e-01
9.605261385374560534e-01 6.171817534850310150e-01
4.013929993320206613e-01 6.809004695496181925e-02
3.060445687073580223e-01 9.198224440377811284e-02
6.863166187747099523e-01 1.299329487050386311e-01
7.160719239863033714e-01 9.604801548226833408e-01
5.535034256575952494e-01 7.703315521164570967e-01
8.159926393113042797e-01 6.847561949452836139e-01
2.368174717870057400e-01 8.636763250368442169e-01
7.237952383386628830e-01 4.551301691022154872e-01
4.837936430077088845e-01 6.382071831766661374e-01
8.064246390582087143e-01 8.225671279250507117e-01
4.525489047306359147e-01 9.410417905008602313e-01
8.484676262547208303e-01 1.305110278823681247e-01
8.751732104816424274e-01 4.765598693868857150e-01
5.230392603773754701e-01 2.064012564277722395e-01
3.404861607248194644e-01 7.110048689113064313e-01
9.689679813952903897e-01 5.038470347397354665e-01
5.906371042840395935e-01 4.945714758085114626e-01
2.009114138074194478e-01 4.171983260978739394e-01
4.114911400764831306e-01 7.938718627184770948e-01
1.903160315006945380e-01 8.210768423091864276e-01
6.815160769639633243e-01 5.583629865369426071e-01
2.308189094467097968e-01 6.278937908996745643e-01
6.947656621123365905e-01 1.744117591787256727e-01
1.651532302811060116e-01 2.050203290768936037e-01
7.563126740458452346e-01 9.098984131827516642e-01
9.794463813705942545e-01 5.849905928488587925e-01
3.786481115387200225e-01 1.433973912589585065e-01
2.995345351448692739e-01 5.417680914193315767e-01
9.882218902179904507e-01 7.215651581088003974e-01
8.760168394346625753e-01 5.124867600115263766e-01
4.381216471757338193e-01 5.476423169467929952e-01
5.823645726000802325e-01 1.229676757877863208e-01
8.953181565870083070e-01 4.910689050205657158e-01
5.789667184713287451e-01 8.871526208783110379e-01
5.745607890025726805e-01 7.368239164403483921e-01
7.222733347281392602e-01 2.294559370432663892e-01
4.808513919482159116e-01 2.490528809516232844e-01
4.599272171415936805e-01 2.653745849729843842e-01
5.268662503512937523e-01 8.677203513064315477e-01
4.749314834696400367e-01 8.826226998101980303e-01
5.987612856861179722e-01 3.423072667695370441e-03
8.528710427851087239e-01 2.396940458089193426e-01
7.148279949743714390e-01 3.809565865010173802e-01
3.477732383763950663e-01 7.590307950788456326e-01
5.977658710764958139e-01 3.956962050596972147e-01
3.098222604285330584e-01 3.284140533201048151e-01
9.393628994789889886e-01 7.161987936845277680e-01
4.712455249977581806e-01 9.559767329108138645e-01
7.537380174422351198e-01 5.198224906756799824e-01
8.679761712848635957e-01 6.945977228972739503e-01
8.298505538248930335e-01 3.202301413076922287e-01
9.032389211619773484e-01 2.663190581852198369e-01
5.421755948739974684e-01 4.886980453853650985e-01
7.557903432267725208e-01 3.454350234795342534e-01
6.162088774267263647e-01 3.653196403534485492e-01
6.125978996490778483e-01 2.331558029735296966e-01
5.078101076984219420e-01 2.999706255598038052e-01
9.305468035724500098e-01 3.834501544283266949e-01
1.724214142633792024e-01 6.820809084509933395e-01
8.903366461896933259e-01 5.076361493943402081e-01
6.066781688361431168e-01 6.689287925197586748e-01
7.062249729924977570e-01 3.272233152797709987e-02
6.976481893578556637e-01 8.626823321045400395e-01
6.858940982031983546e-01 5.677002201904133294e-01
3.070641774887963305e-01 4.810550753096894394e-01
2.299133164217828096e-01 4.807606277119857996e-02
7.907113570818762038e-02 4.107304116571147135e-01
6.024671281128157752e-03 4.015928105638063572e-01
8.155216942143127534e-01 7.985222947238257429e-01
9.313864750404718951e-01 7.381214748615654297e-01
1.735182003054880351e-02 3.602062980161302441e-01
4.387104315354514172e-01 7.666115152450849735e-01
1.322344334826039414e-01 6.543778835345326339e-01
4.089579372613357799e-01 3.495736752196674790e-01
8.746638176827651323e-01 8.464372470389260883e-01
1.685562651302790482e-01 1.119870952662091607e-01
3.402015920221516665e-01 7.534252483539923828e-01
3.856781854164004764e-01 6.466390178447495307e-02
3.467142641617547705e-01 9.184532776830549583e-01
1.969668462921544960e-02 2.910548722136606092e-01
8.003163050626227459e-01 3.932473491714504332e-01
6.039067618750346700e-01 3.161208703095857997e-01
4.288553876478584659e-02 2.508256289433937192e-01
4.975029750474374568e-02 5.591487131906357488e-01
4.502204984113436503e-02 2.837865789658676752e-01
5.379954374617565982e-01 3.456487349946968379e-03
4.004454719986109135e-01 5.169018076412696949e-01
2.824651886338781503e-01 1.763510468897114547e-01
3.333139879939764350e-01 4.113811539279254026e-01
9.424378438266748370e-01 4.418726688521039669e-01
7.165811341086986141e-01 7.505311667942333731e-01
6.790099858596622129e-01 2.685362238873384780e-02
1.935649984554264347e-01 2.928566894990137781e-01
4.495038197571876171e-01 5.141881520640610992e-01
6.399867214855848863e-01 3.182469366907313968e-01
6.850907690151393226e-01 3.522461883432738694e-01
1.684730197933097529e-01 3.561740607062362507e-01
5.272675521067851090e-01 6.075102962076165403e-01
5.241835638797296415e-01 5.214228130750758750e-01
9.102554086439335057e-02 1.983570474510563397e-01
5.498337681807805577e-01 1.530011454384813674e-01
2.858259144952272068e-01 4.593325592123596174e-02
5.037592445973529953e-01 5.529126003934555778e-01
8.263428974646291891e-02 3.877464297186472009e-01
2.672400681686238899e-01 3.216800633107537166e-01
4.443973025738126581e-01 8.148544640167472153e-01
8.344134889376797481e-01 8.456611968710145977e-01
6.001201058131431232e-01 9.036261595327440554e-01
6.768875305166049960e-02 5.741311909398092439e-01
7.718518830577708600e-01 4.079732925095859164e-01
4.205023478307857165e-01 8.990608042378339659e-01
2.631125832347521176e-01 4.023682747350248445e-01
8.309132950816335850e-01 7.248310394701777959e-01
6.449046138918226312e-01 9.928547506044635984e-01
8.037563729316052896e-01 1.652473879950650537e-01
1.596529349806732334e-01 6.031879521282211831e-01
1.950322574302871537e-01 2.473417453065487603e-01
9.183147040405081896e-01 6.190558327792040627e-01
2.117556205111705836e-01 3.240028749084601367e-01
2.751033872436260408e-01 1.611856755315757006e-01
8.291243169644959554e-01 8.304276387731409637e-01
3.148246976895543447e-01 2.733269738146330008e-01
6.380726866383019669e-01 9.981885681056892334e-01
