4.292574553175665386e-03 4.446663236343838532e-01
8.702669764087062054e-01 4.455689940103753077e-01
1.171229089499591786e-01 7.545715414321310099e-01
1.163716268433213630e-01 8.228743550065010792e-01
6.609336880991062424e-01 7.593442550274744907e-01
5.331737078977962785e-01 5.835449284159568428e-01
1.963835886607177283e-01 6.955517864607563272e-01
1.042518019068712221e-01 5.006713796549010498e-01
7.298656982232686330e-01 7.959878339513162260e-01
9.370253481400273587e-01 3.446286845081405481e-01
8.924917497186429793e-01 9.040741189242608167e-01
6.889299345038133460e-01 6.113480935748089040e-01
9.316424773680828109e-01 8.556739624708720182e-01
5.497040140519409146e-01 6.009725024755704359e-01
3.584120091947412545e-01 9.667157199506615228e-01
4.977879967900672442e-01 9.203890661426094022e-01
3.941678697988851843e-01 2.751360966477556236e-01
8.284252971741806748e-02 7.070663175531877176e-01
9.078684879986550493e-01 7.632043645732322634e-01
3.630953807178999848e-01 9.124944633832330343e-01
4.028950294038051716e-01 5.116891962737566413e-01
6.155025298412547530e-01 6.304973083552174451e-01
5.551298683794816391e-01 2.958237017051810330e-02
1.751235308693950277e-01 8.413089103211963682e-01
3.045564806434774008e-01 6.581254564458927092e-02
5.945408223011252602e-01 4.097523247498889298e-01
4.569689585376341956e-01 1.286369215709865510e-01
8.359518997147471486e-01 6.355697602191290319e-01
9.576766695642893179e-01 5.797837306069368868e-01
8.839916695646821143e-01 7.607415989656465261e-01
4.187022904000395340e-01 6.126612658924099897e-01
6.778047095823410695e-01 8.130086968765075361e-02
2.030695125135583423e-01 1.437711967328288987e-01
8.633880630241441700e-01 1.967612684600228423e-01
1.848640629706100047e-01 9.771369679675660780e-02
1.692264821997972735e-01 6.684943125585058876e-01
1.514300461948863141e-01 6.570472657227622859e-01
8.561649669244135730e-01 6.823797494403591735e-01
5.533996188682138717e-01 3.692317420612359902e-01
2.509305461741294652e-01 1.957887626183096863e-01
6.246651826986298062e-01 6.588121462280616125e-02
9.862309627724280547e-01 6.063369596478109802e-01
6.483814284601614464e-01 1.132112270691967015e-01
4.012434832385958217e-01 7.407461023447212689e-01
5.465096844497220330e-01 7.127269200083278244e-01
7.971328896050742241e-01 7.464801790612063392e-01
2.870031781431707785e-01 6.013200217991530039e-01
6.160184016908173410e-01 6.189603990457225313e-01
6.651615118257354631e-01 7.015423579690543976e-01
2.451993654619179230e-02 3.294609169470192889e-01
1.574715449844657778e-01 3.170225351291724447e-01
2.747411980193648628e-01 9.737615067660297663e-02
2.672821198996326864e-01 1.543559970737873599e-01
2.992807818049007529e-01 8.323775427414658035e-01
3.347787977447099217e-01 3.209528016091169889e-01
7.733358537633959751e-01 6.922603259638864248e-01
7.610640190194808419e-01 3.822833102186982135e-01
2.145935101046680116e-01 3.924667214081403732e-01
9.674292997745306266e-01 5.888373577623551292e-01
1.859142523065219210e-01 5.648875755959250622e-01
3.444967625460046978e-01 1.474947112953630679e-01
9.062775806631407916e-01 8.900092406367421383e-01
3.171994189959920774e-01 1.184752395103015193e-01
3.172102789973884618e-01 9.138242198119912452e-01
2.329714955357556905e-01 8.131630482193366039e-01
6.779813098029441321e-02 4.473619766051099012e-01
6.866167434684714577e-01 6.839629698180460515e-02
4.282303353213156027e-01 9.144170118359070676e-01
2.091967399723870524e-01 7.843499545360128611e-01
7.339956017075484063e-01 7.913384363109409181e-01
6.023895241837797787e-01 6.307853166809530565e-01
4.829225097356217855e-01 6.069786204022761256e-01
4.095195171827880620e-01 3.823860292306203723e-01
3.480159778514057001e-01 8.629661260996391858e-01
2.753969741902042578e-01 2.695950673729352598e-01
4.830340132467410563e-01 1.216400900717605621e-01
4.612796688006283730e-01 2.399031156598782077e-01
7.010582500421124186e-01 8.689360693191492402e-01
6.686475173227085511e-01 4.785673263897306517e-01
9.610679488210308041e-02 3.999777882262763873e-01
2.759520117044700349e-01 9.452504457537321825e-01
6.245145314362541278e-01 7.802373813899821098e-01
1.042247050056209767e-01 6.747341897633261087e-01
9.015717870481816387e-01 8.894192107039233797e-01
8.921693081192393349e-01 5.917584010937149142e-01
2.504818273286048558e-01 5.409293846062237510e-01
1.448678895442313264e-01 1.329194627667378836e-01
9.055543037399335082e-01 8.907753566772449449e-01
1.833468787172713443e-01 2.622624869801012393e-01
1.301765931513688690e-01 2.901367054787730160e-01
6.255396889538215044e-01 4.251044067601817966e-01
6.121852059520835887e-01 8.902085593414961195e-01
2.113080425412078855e-01 9.074370486506116995e-02
3.251045575844395685e-01 7.058368075073215842e-01
2.211159254015695463e-01 7.786293433559161592e-01
7.767723963023948075e-01 8.310522853569501933e-01
9.553335557793479760e-01 8.131612687247060656e-01
3.871211506724536733e-02 2.438252172068510193e-01
7.058773139659341167e-02 5.245980827179166361e-01
6.060928219842469655e-01 3.321483575443557879e-01
4.572982038757586465e-01 8.473992228860133258e-01
6.237737345148691714e-02 4.009997933943811321e-01
3.840553649107860124e-01 5.910963884655620060e-01
8.082797123484996016e-01 4.237438281688267194e-01
8.644831899526851660e-02 6.383889846923389566e-01
6.075192151044953581e-01 1.179987855387489848e-01
1.924964333119684734e-01 5.313979689769441350e-01
7.683915572430138896e-01 1.187465954439449467e-01
8.150515644324572984e-01 5.204635427997179598e-01
3.286618070100480460e-01 5.972625098241750585e-01
7.108427726488887322e-01 5.506791872554862577e-01
5.593675865929130797e-01 7.771248961373543596e-01
3.005963309691156993e-01 9.246659579814955343e-01
4.437264212672523134e-01 1.219468322728480270e-01
7.748232732716048288e-02 4.568285674804336560e-01
5.513979786121210314e-01 4.003054035526050491e-02
2.488032471037891213e-01 3.656208477616815777e-01
7.772513412722512616e-01 8.693667424967408408e-01
3.062851770554135822e-01 3.053931685355150694e-01
3.658085335275813171e-02 5.565970989798223467e-01
6.787298769189971104e-01 2.524596430588985085e-01
6.368123908554096380e-01 8.850230526033828760e-01
4.209473424165429689e-01 2.837287577757662271e-01
4.971620427242282036e-01 5.024012264462155430e-01
6.138190372441352238e-01 9.249554736290319656e-01
4.587303320709668064e-03 4.504841068789595671e-01
1.862467685771163062e-01 8.341960851182252945e-01
8.101252171719603989e-01 4.890349445524768690e-01
6.151401037859726140e-01 3.629826953325989702e-01
8.458436291312319000e-01 6.644373530878752154e-01
4.826132770673727812e-01 5.461735662010256398e-01
7.900952272452708147e-01 6.229757171065255505e-01
2.548830735167009753e-01 7.931859619928666172e-01
6.762418681257074127e-01 4.068850713838815802e-01
3.160077167929656317e-01 5.207493075306179886e-01
4.546561880228933705e-01 2.514015755393646523e-01
3.757629422285057585e-01 2.233640641368893065e-01
2.578702356237740356e-01 1.210233759733121695e-01
7.010536599982425399e-01 4.619674649671660083e-01
7.890066993668853890e-01 3.333167228349375177e-01
6.315892450753139986e-01 6.514245898120002431e-01
6.060372212777410672e-01 2.058022634442276955e-01
1.645052923527232647e-01 7.932876216290538629e-01
9.114579142192311689e-01 6.402737446186470560e-01
1.860983938499690682e-01 6.542033944522702704e-01
9.250438170263473037e-01 8.497802336627646724e-01
5.014581327873124383e-01 4.191190396057051792e-01
3.397337677372793685e-01 3.061592570197666507e-01
2.187319661757614608e-01 2.293659549097538664e-01
7.240702091132966700e-02 3.660915747023507083e-01
4.568636526060843028e-02 6.571273915588814463e-01
7.720974792611650095e-01 9.541235152343265913e-01
9.886444811465350258e-02 7.034450526523141622e-01
4.137652742242557413e-01 9.160689670853520150e-01
3.320297450390289340e-01 2.637932821306997466e-01
7.244033261264299917e-01 9.224885350949515450e-01
7.181671077344058407e-01 9.576223561338501611e-01
4.769773955494509554e-01 9.465981847789048942e-01
5.765410845086101077e-02 6.364802635712264456e-01
6.050367371467492150e-01 7.506287580276505000e-02
7.367895494662372036e-01 1.574411500872182068e-01
4.061172343418626429e-01 4.653880186243924966e-01
9.929767909441387097e-01 5.700275290155145669e-01
2.270367517732110318e-01 9.287304357221586315e-01
3.476812740301769566e-01 2.990010269800883469e-01
5.687692730932559781e-01 4.811674691430246620e-01
1.862721962153429112e-01 5.839450341555642021e-01
6.318321970436281410e-01 1.140569248439233935e-01
2.516389474765718948e-01 8.640340808107506154e-01
5.333483331333928046e-01 7.514023735376851310e-01
8.327964066060528081e-02 4.588565816160751765e-01
9.077082500774105167e-01 4.625423284107427757e-01
7.468420579854893049e-01 3.451949343191712538e-01
4.886665840639252134e-01 5.721282048275123655e-01
5.091783696940883619e-01 4.465769226226875555e-01
9.013123292214654247e-01 2.478899363116450205e-01
2.944287408451813359e-01 2.329954723774342318e-01
3.525527343588893969e-01 8.419822014493058004e-01
2.870003139170008710e-01 5.391794616749745472e-02
7.045508678381492418e-01 2.632792077697693189e-01
5.320235479111715127e-02 6.431022379856565774e-01
1.054553885885121944e-01 7.727210692948719428e-01
3.143002518721944583e-01 3.420884143779809872e-01
9.249492803045705758e-02 4.114225268435710015e-01
5.804792954917782355e-01 4.505893452290236079e-01
4.644654223773913015e-01 6.214360132491918431e-01
4.928870101496790612e-01 2.060686178029586535e-01
2.859078470324210031e-01 1.211109724300103718e-01
2.334580399582344978e-01 1.713802363144335539e-01
6.043459986625752123e-01 8.675997029677130490e-01
3.113784232802025986e-01 2.245566657926442999e-01
7.976113855700769362e-01 6.670088390261972311e-01
1.168648392098751293e-02 3.855982550986485347e-01
8.620743530302842350e-01 7.693452880301903107e-01
5.079934380932598081e-01 9.435142401162016634e-02
3.475143473633325319e-01 1.014680217931520495e-01
2.749831216611319240e-01 3.286883230853223092e-01
6.409275570493321306e-01 5.410118218505144405e-01
9.038255643436046149e-01 4.877681248624369248e-01
8.229120482418941784e-02 5.644417874323949258e-01
2.968635241711225503e-01 3.351681079851854261e-01
8.734992662565501664e-01 6.842401770820232265e-01
6.145732668107450891e-01 9.669734104869709412e-01
9.344742641492486124e-01 7.934886770235174414e-01
8.539937674098252440e-01 4.948832847638682253e-01
5.229995303033593279e-01 6.439658470426786741e-01
4.977754112597961855e-01 6.852514799895328412e-01
2.841889444246672655e-02 3.231901962450377530e-01
9.445112712637697694e-01 7.313368376774234125e-01
3.434119517632116536e-01 4.029355796716041493e-01
4.122216957120009573e-01 3.159429744365512827e-01
6.215281644366168479e-01 7.729226335273994275e-01
3.006877103909499360e-01 5.956697753672332007e-01
3.530385516633565701e-01 4.257606345225064537e-01
7.169950437282608391e-01 6.562771263993417703e-01
5.900480060376510627e-01 1.331832579653723647e-01
8.504102138552682710e-01 2.402059153424748184e-01
3.151149782231708052e-01 5.553648899816396867e-01
1.753338832013629223e-01 4.163964138628722944e-01
3.426176411832531632e-01 1.482092285740530535e-01
4.940338398129575648e-01 1.917618086119758924e-01
5.382544003219842388e-01 3.668149361707160327e-01
8.719321372624020405e-01 9.168468993372240750e-01
3.284925310911104845e-01 7.228649337197700087e-01
6.847823567545263668e-01 8.168083302617537012e-01
9.416333836121104639e-01 3.243807193038561465e-01
4.811803950274766706e-01 9.710487910633986974e-01
3.618534989613687025e-01 1.277561115733709951e-01
1.140405934628152262e-01 1.859683188267226284e-01
4.003546895522647198e-01 9.717468356654846984e-01
1.378301488279428944e-01 3.929546872829927651e-01
1.842034668230542183e-01 5.479024905751319618e-01
2.973157004339685994e-01 3.134355328825610409e-01
7.618451484978481236e-01 7.039360559463450073e-01
4.629828004576473921e-01 6.635234561545342302e-01
9.855651590398188944e-01 5.228399041600532149e-01
3.830895029602938151e-01 1.118922581028004709e-01
1.054284479589596979e-01 2.520046496360789923e-01
8.929873618606953833e-01 3.886582942549807185e-01
8.689134587789932862e-01 7.730653415921979743e-01
4.408870089845995932e-01 6.301153112384947352e-01
8.212853839053997351e-01 8.656553462657644582e-01
6.608956528807222730e-01 1.272173414213800813e-01
2.017319272280040099e-01 2.561177666779169693e-01
5.504000527816493848e-01 7.003651577482946644e-01
2.702688199732607988e-01 7.621909051400830304e-01
6.529941413324638066e-01 5.038488623690636770e-01
7.873550256625988508e-01 4.247317465766624056e-01
6.774348187367119634e-01 5.594662030135646447e-01
4.256937802679492955e-01 2.701649559512585286e-02
2.448754493032067325e-01 1.836943735178639403e-01
8.997509552019541390e-01 6.290438857483388047e-01
6.876860409592849832e-01 1.678308683210762708e-01
5.562731041962140077e-01 8.353107639868164735e-01
6.561205769776755625e-01 1.714554224314376041e-01
2.168272062665683453e-01 3.802612595484947122e-01
9.850957048733742782e-01 4.675977734715910383e-01
2.383786659966848076e-01 6.599659831464991244e-01
7.723421193831537801e-01 8.162145196144964254e-01
2.920404525670202145e-01 4.980588543178577909e-01
1.194760880755522253e-01 6.077466068574127744e-01
5.823864103649865898e-02 2.288916282908570465e-01
4.439016493297471833e-01 2.885949918363215350e-01
6.205613031295987847e-01 1.001195754571379548e-01
3.086875773781990184e-01 8.722414912533953402e-01
8.501619390276848875e-01 3.268159296697112914e-01
4.953510988701577133e-01 9.786624164188342245e-01
9.347895887862146536e-01 3.744001563722577086e-01
8.894370914985817445e-01 5.316545731809872999e-01
5.476502698026000093e-01 7.882139678820297979e-01
7.546282760335905060e-01 6.259761596040892551e-01
4.453181487377180225e-01 5.345929205254714711e-01
9.726720691609259672e-01 5.753795370884460247e-01
4.602068207282281609e-01 1.471348608405632086e-01
9.224613908045942168e-01 6.246289351885800922e-01
5.989385406139302592e-01 6.267870196757024948e-02
2.968941962954581015e-01 9.243662055342825035e-01
5.991011436056828954e-01 3.146287109728029829e-02
9.939192528026382645e-01 5.866620762694941815e-01
5.241249723319312270e-01 1.760638740802822344e-02
7.347196070850843252e-01 7.748144529393654611e-01
1.308163337246056046e-01 8.353059429846902972e-01
7.708972195648299275e-01 2.855734739789458354e-01
1.205168192306984160e-01 3.568155656433904532e-01
2.950286560427900495e-01 3.203668728622073303e-01
2.587857641631503558e-01 4.890855024340198254e-01
3.200595378794218737e-01 9.432575211506308288e-02
7.228529658633767729e-01 4.104990443579268899e-01
8.289774154130468142e-01 1.629905382892344878e-01
8.499321207718539828e-01 8.083292529121151038e-01
9.093874018485847976e-02 7.812497804592993811e-01
4.013681061344869239e-01 7.236575769585797957e-01
9.894057129090039204e-01 7.157160787405634217e-01
6.600242335071129229e-01 1.823181343855885816e-01
6.582537293708032866e-01 3.708918835881034326e-01
3.872329441860593580e-01 1.359654468652987391e-01
9.170229698561723763e-01 2.744343164891073217e-01
3.400062137393282113e-01 2.548976039853957931e-01
2.951877054296271341e-01 4.012205324701476616e-01
7.957965049134370084e-01 5.672658726530397377e-01
7.549783651639097037e-02 7.514959016388610413e-01
8.322356488804323327e-01 2.189346698087018539e-01
3.739455238890904143e-01 7.039643146595077061e-01
6.531155007654503297e-01 6.703439558680706067e-01
5.361926240183777503e-01 5.159027817798091942e-01
1.758233639910967705e-01 8.963384356005037468e-01
2.937598458283337544e-01 4.217305931465827884e-01
4.070768997260401645e-01 3.878455961764080140e-01
2.300471558659020754e-01 3.029461186839359499e-01
5.659485273529455407e-01 8.440991345399018186e-02
5.357917759682050418e-01 3.667455115900937201e-01
3.888239531924764930e-02 4.714647251773336212e-01
1.148385290550900384e-01 3.797335902712610789e-01
9.780837212867212749e-01 4.258743126656988620e-01
3.668625242724141144e-01 6.480640241704992421e-01
2.325345480447656155e-01 1.337087745913526360e-01
6.608058157098726237e-01 4.172666794213068520e-01
5.424927823080502587e-02 4.576402491984674636e-01
6.319586381235907657e-01 6.535710997167573089e-01
5.347514206945024329e-01 5.548573834494863188e-01
6.858518741324869383e-01 1.909815057093995905e-01
6.616124277638379958e-02 1.938735557201096693e-01
6.887992600498291651e-01 5.172741811695302783e-01
9.726948935759479609e-01 4.013409151000387753e-01
4.464895548178274276e-01 2.111728535125633188e-01
1.579885447709348800e-01 7.172722415039107791e-01
2.208404760682386170e-01 9.064467846158066333e-01
6.792054763850675636e-01 9.759676241386906481e-01
3.585625825888286156e-01 1.626029201510004740e-01
9.313375842029884000e-01 5.263972791771891480e-01
5.086810909372154743e-01 3.536573879299229062e-02
5.151877305645882199e-01 4.050031370848825585e-01
6.861184264558120027e-01 4.446682662876199066e-01
7.618265708744345055e-01 6.466367712213139107e-01
3.133404391927913091e-02 4.119405660697594840e-01
7.451843504313617750e-01 6.350606959075966174e-01
1.606801912244240071e-01 1.071128484833536731e-01
5.419260838570123529e-01 1.585315061160509353e-01
7.316642600023434140e-01 9.217944598190518368e-01
3.657161016449153035e-01 6.624677225609179043e-01
7.065653074251103671e-01 2.042035294310391991e-01
2.205689331311824208e-01 9.254194050294040075e-01
3.239379229280143768e-01 3.291360379402536451e-01
3.560653829098626710e-01 7.207104124518893817e-01
5.720297591571765761e-01 6.813322935849983608e-01
5.707615853821186580e-02 6.275923331481235712e-01
6.212221617278472774e-01 6.181692354151626656e-01
3.842239903506587950e-01 2.734579178910612751e-01
7.211098542978857662e-01 3.920904875823422175e-01
3.154217714621901369e-01 6.194160821472051159e-01
3.658907672505538056e-01 2.777201885233618328e-01
2.931065877229115935e-01 4.173037612290324549e-01
4.186973052816144736e-01 6.911536145658643271e-01
3.805119819766157874e-01 7.013352155037079205e-01
8.149758012485428527e-01 4.262945561058886224e-01
9.381804431329130445e-01 4.144259641654792214e-01
6.421618720021786686e-01 2.373529683574580051e-01
4.440746575265641094e-01 7.569488626192213410e-01
5.576100580598268852e-01 5.559140174444968663e-01
1.296331503075506264e-01 8.428856039465273398e-01
8.433707100057649120e-01 4.083221500541443505e-01
3.737343211760126849e-01 2.274914261800997095e-01
6.747770723442083618e-01 1.670464097266216585e-01
6.289406097555200192e-01 8.622525676439579678e-01
5.702174944053340910e-01 2.390026965273917003e-02
8.924349158464511822e-01 7.118116058346157793e-01
8.942467310324475616e-02 1.645058292587783244e-01
7.116544733310909976e-01 4.301906373657120586e-01
4.266827303356417189e-02 3.134614377335533941e-01
1.550813724150087447e-01 2.026760382016551953e-01
8.691042204181704811e-01 7.708856246543391855e-01
3.174961776461966423e-01 8.304693887329978041e-01
3.365974655478177757e-01 2.602162029125093534e-01
3.060742873272732645e-01 3.598644276572673939e-01
4.350830703827844315e-01 2.725653149632087033e-02
1.881849465558722567e-01 6.428609403628224861e-01
2.132154905929128930e-02 5.684474109045082324e-01
1.196051202771287042e-01 5.318389722716317936e-01
2.713328836218849016e-01 2.832877727716153760e-01
6.295159431757901825e-01 9.823936125919716655e-01
5.849081495604531167e-01 7.341285514805335755e-01
2.411312031335862138e-01 8.470234730248151767e-01
6.652199359698810488e-01 2.999899460685961361e-01
5.949755137824939144e-01 5.651444306876265422e-01
2.657518207815933176e-01 6.609011301064049437e-01
6.900376996588738487e-01 6.485534802514950625e-01
4.018874466009542679e-01 5.607079174546378830e-01
6.181223669200808235e-01 8.389839498856722644e-01
3.036879760920817017e-01 3.553750805169012539e-01
8.013225900342008101e-02 4.349185538898239223e-01
4.623958673827901489e-01 5.777180237757792991e-01
8.846892130304462309e-01 3.960711581061019393e-01
4.803821389306921485e-01 9.532079630840328832e-01
8.270188341647140007e-01 2.252630209212745649e-01
6.580081867859022271e-01 8.589453005541144437e-01
6.197148085212269564e-01 1.614195210629235655e-01
6.109038214562421132e-01 8.941103598973052513e-01
1.090444045767149234e-01 2.582484866395652889e-01
3.610574625826061812e-01 3.015917294340853538e-01
4.106755144425630055e-01 7.969370590575539648e-01
7.884530960888228579e-01 7.422643377000976983e-01
6.451682185839220374e-01 6.559578471354467200e-02
4.686260022332354169e-01 5.781241734054844983e-01
4.652563885909427044e-01 7.508540066051077044e-01
7.496464186321746270e-01 2.469504995169406747e-01
3.340431325401422846e-01 4.283812140680394176e-01
8.747762787652502148e-01 4.836009156094656092e-01
3.562255924220607550e-01 7.894502488954080466e-01
4.672588957110085373e-01 9.579053508924539884e-01
9.278005440188848152e-02 3.311318947564585446e-01
6.452076389931638012e-01 2.830630975537572480e-01
2.727037857495429041e-01 2.371889024334977447e-01
4.917540601008296708e-01 6.324185939446845817e-01
4.716686361338199851e-01 2.043117732064752279e-01
8.568298904687303708e-01 1.896670859440096057e-01
6.660657398136927698e-01 8.726358374151107489e-01
3.369217019495685528e-01 6.833324248225365327e-01
3.056071332549157304e-01 6.717712400591768773e-01
7.572066740024345766e-01 8.293213118261562045e-01
8.012636293378603281e-01 7.464039224697740504e-01
9.748043386240893282e-01 5.590305928339402985e-01
3.795072689126147703e-01 7.089768012384585205e-01
7.140282308088989893e-01 1.273133910659162149e-01
5.183491625237766076e-01 1.109088197858882630e-01
6.366622568449119557e-01 8.668729495423653786e-01
4.299920871012828938e-01 2.966532574857114746e-01
8.226564762991622759e-01 1.577920666194184696e-01
2.685856623271939969e-01 8.407402922470254281e-02
9.385088347240515549e-01 8.454675934197615206e-01
1.472562726150698220e-01 2.683054593279215472e-01
7.172854492109497215e-01 4.466473172969925298e-01
7.757492974619513149e-01 7.217406401077338662e-01
2.051172352225192619e-01 4.251329776142412364e-01
5.713096032000370972e-01 2.080779437148221056e-01
1.860655896188077862e-01 9.655370795982018417e-02
7.924698940861003571e-01 2.269487765308790261e-01
3.417567479641454575e-01 3.794073375322211117e-01
3.467700402155568518e-01 1.081703514822739964e-01
2.599555414611716686e-01 8.429937932024461622e-01
1.588972452085570530e-01 5.481063905709586681e-01
6.723149430656343295e-01 4.541001994748735116e-01
8.685416934990238813e-01 4.613272775161222361e-01
7.564359592676418442e-01 8.535905971374330159e-01
4.098236622551067465e-01 9.157643647092379435e-01
9.438978348903735993e-01 6.821914899610458383e-01
3.759410194727350607e-01 5.059228041247842977e-01
4.185454745401375742e-01 5.099738753511968703e-01
3.938137741729900165e-01 3.113401190960005671e-01
4.924750404715028118e-01 2.605793900967749988e-01
2.305070134489723144e-01 2.432573082851449131e-01
3.842929164652693630e-01 5.754200649590268668e-01
1.324905716173870318e-01 2.824911755536688718e-01
2.807838156168595001e-01 1.320073592620568392e-01
1.560330375231588351e-01 6.070554923511277678e-01
1.585007579105396913e-01 3.965704874619722653e-01
2.965224827078398739e-01 2.744318410178928636e-01
3.309481190053311650e-01 3.238451455339183549e-01
7.947429038903032206e-01 2.438431062988959397e-01
9.940955277071463758e-01 6.877692837817974691e-01
6.981726486591304237e-01 8.042134318644569291e-01
2.182321889474653220e-01 1.661599174934411116e-01
8.856945156828193166e-01 6.419413001759949333e-01
5.778806916542464922e-01 4.797609077819075529e-01
6.970013160043300182e-01 9.722526453242159583e-01
6.226221779085374664e-01 3.267864360640565513e-01
5.394677605968749567e-01 7.664403846122953556e-01
8.335388876158971172e-01 8.216840935998809270e-01
9.303570575505308859e-01 7.619837268125596585e-01
3.190902704799524203e-01 2.327094635878435014e-01
8.394079166129277958e-01 4.570317104762763316e-01
5.050030004433416764e-01 4.488324246074762436e-01
7.989901000715854407e-01 7.032205659141423926e-01
5.538741669351617825e-01 5.225573118164784647e-01
5.635624826156967471e-01 6.110281292539132547e-01
7.800652011704020672e-02 2.178663864720767063e-01
5.114867883119968983e-01 2.021791789890634850e-01
7.767573204894373529e-01 3.528665771984250688e-01
5.998389503209194951e-01 1.541909172459779154e-01
4.106240555982569318e-01 6.129850560718060892e-01
5.744522516947090374e-01 2.195663212389643848e-01
2.081760951335014931e-01 6.935510193593370509e-01
2.078478997891398394e-01 1.045085787342252687e-01
2.100638685423064922e-01 6.805453685919753415e-01
9.856696255961947539e-01 6.670837063448407100e-01
3.261176952141013330e-01 4.229915489643524262e-01
8.521687142861921194e-01 2.528182155577318735e-01
2.459539307230838023e-01 6.090867655626084343e-01
1.486841092829014888e-01 6.777625699813576432e-01
8.846494576842488244e-02 2.277511834856957851e-01
6.286106703706411114e-01 9.302658252585637166e-01
2.816706274407583810e-01 1.440793177538436665e-01
2.391281208601503394e-02 2.773221305230010314e-01
4.616522114356180206e-01 1.589546330955131648e-01
2.426938661595593461e-01 1.290474772676223070e-01
4.213529967881012306e-01 6.249765983528191016e-02
3.790529827184416778e-01 8.637855323828004250e-01
7.674810373359708393e-01 6.487948349837753259e-01
5.392763902008158583e-01 9.542509313001529270e-01
4.687813088246729487e-01 5.347214393022120538e-01
7.511588031224061268e-01 9.329806908479245653e-01
8.979545688194860986e-01 7.180279256128591081e-01
6.201832213888737177e-01 5.981955452661318340e-01
4.382492219847713977e-01 1.564504637591451197e-01
8.401350632712599742e-01 4.896454860983829871e-01
7.741940708104482205e-01 7.112308178235828837e-01
4.043743732909009236e-01 3.946539213714606587e-01
9.537974478108376397e-01 7.206403559370149203e-01
7.392757493151478343e-01 5.449466576883130742e-01
4.945900409820428445e-01 4.762055750813252164e-01
1.698585917719908078e-01 8.302009888677122085e-01
6.582981037746016284e-03 3.491478161130751046e-01
6.288664642881337530e-01 1.195971641217541126e-01
8.764037256731468939e-02 7.754194686142393822e-01
1.565596358258123377e-01 4.999260708570592016e-01
3.294549056167214163e-01 4.278054620294757804e-02
5.689043974748710930e-01 6.147672244754665005e-01
3.854534839972731386e-01 4.438383206843597023e-02
4.414734298727503448e-01 1.701743497576268249e-01
4.601929141782123978e-01 9.233810736735438285e-01
7.330763611265139756e-01 5.206774257412781770e-01
8.008283901615603773e-01 3.144305106472163880e-01
7.798264531372733899e-02 7.585578595370887633e-01
8.856925283037708763e-01 8.724564907289870108e-01
2.013576849839796845e-01 3.570912801631263012e-01
4.871932660654900160e-01 3.109259532994612663e-01
7.071368061091320989e-01 6.268444857147754679e-01
3.760030506627284330e-01 4.160019979886405150e-01
4.009028928348934984e-01 1.582431112875055668e-01
4.746470809335399110e-01 8.009070158318533084e-01
8.061724971574043552e-01 8.751409086236274781e-01
4.546214601243933617e-01 5.750877207381772660e-01
1.751661936118581175e-01 7.777758335183961869e-01
7.355430753015628209e-01 2.781727311748465326e-01
7.305433695104175396e-01 2.677453622587719906e-01
1.316767473340862971e-01 3.869171301187173118e-01
5.564425211133610105e-01 4.815419678391750224e-01
1.855928537100475229e-01 9.060851925319199918e-01
2.572023250848753939e-01 1.420144664880853835e-01
2.084138492579943047e-01 4.843643026752143532e-01
6.199612105241669724e-03 3.590677120966487834e-01
2.122283434045130757e-01 2.839315727473653572e-01
9.367912174979668993e-01 6.325795568646089828e-01
2.473848310202099166e-01 9.370455998930431463e-01
7.481442247871492590e-01 1.806726382578663082e-01
7.311739831225879671e-01 8.427704006629657130e-01
7.372150472441900693e-01 3.903334611819724853e-01
3.962458690670245809e-01 2.001261017121505059e-01
6.738954712290908811e-01 1.788815924657407574e-01
7.634989114802371857e-01 9.146148932951952970e-01
4.410579454815946043e-01 3.952231144419885434e-01
2.713327500117754254e-01 6.563932186097408417e-02
5.760910413652713391e-01 1.195963201607201931e-01
2.625082516045725844e-01 1.601110639879253505e-01
4.646648414960232593e-02 6.041990461284814096e-01
3.142156676635399770e-01 9.057788663712301735e-01
1.058669061487904628e-01 3.577793056236198699e-01
8.271651953197602936e-01 3.559319697942703309e-01
6.992953142043091264e-01 2.744724231664320002e-01
3.866499531835282388e-01 8.354848149396288948e-01
4.272976101227687895e-01 4.785803971273910329e-01
4.723641205890579675e-01 9.478544286930357110e-01
8.373495588274239010e-01 3.602847458147933613e-01
8.579427669150702096e-01 4.998359613806666601e-01
1.554183019833651480e-01 4.339390024288769521e-01
5.319927719353400031e-01 7.528445998937515204e-01
4.925572600261927669e-01 5.633419743627275933e-01
7.501772420080708992e-01 1.074334665470305650e-01
3.349040891621266613e-01 4.961016542462629575e-01
3.068581711529950740e-01 8.353910654624925325e-01
9.709541637033282102e-01 7.698230829238831285e-01
4.502962039635320934e-01 5.282881627029815258e-02
8.933711211218220427e-03 4.982756850659834091e-01
2.296512694320127501e-01 7.086077392205580860e-02
6.867221053493091087e-01 9.006384398739627484e-01
7.170581584975450617e-01 7.748723102561049236e-01
3.315902995596645697e-01 4.016666760601746433e-01
7.923026796037108133e-01 2.986916838207516744e-01
2.055138697658457914e-01 8.981298899789655898e-01
4.874596887361723474e-02 2.990302819391383871e-01
3.623714997595173237e-01 8.558147600045914460e-01
5.269922405942610855e-01 5.034215704511421086e-01
3.358611954347292539e-01 2.386311126860278520e-01
9.120749423070064754e-01 7.241116206396494004e-01
6.455678444989677578e-01 5.698413663387598138e-01
4.231207300697452101e-01 3.583592729586239645e-01
8.321674605501072630e-01 3.022681317837362380e-01
8.812712737268049157e-01 5.116134456623915305e-01
3.367912998351831888e-01 3.797150367746945920e-01
4.376263073255217129e-01 5.585907867689474671e-01
7.382863595850271965e-01 3.349210794178503203e-01
3.870793468519480585e-01 9.335381482159121891e-01
7.933773651847880748e-01 6.717515084717807783e-01
5.678935900466334230e-01 6.154163893966621002e-01
2.232465536402350459e-02 2.831551813573786047e-01
7.302874619587352845e-01 7.853965295538896108e-01
8.357422877138775963e-01 2.004949556607337480e-01
1.212195539745785644e-01 2.588843905342824714e-01
2.292633956675153850e-02 4.531743821079105561e-01
6.815346595241592587e-01 4.975908412324762109e-01
6.181262822013071645e-01 4.425858738961855332e-01
9.145737831268972995e-01 8.805559955667968675e-01
1.703005121474391870e-01 1.916041000750213497e-01
4.329334196223424969e-01 4.646524612883816130e-01
2.587110442147728673e-01 2.131103090916345311e-01
7.131163852859863095e-01 8.266719822665387074e-01
2.615477381409735957e-01 3.695335874591300085e-01
1.479101623252879472e-01 1.341978553084378911e-01
9.586822738544493738e-01 3.651645476859259887e-01
1.919725109685646025e-01 6.634249403252739929e-01
1.047495569367418999e-01 7.593867723378594503e-01
7.078211409391998998e-02 5.679065798233778883e-01
7.059472031465438002e-01 2.826342538564745599e-01
3.870854521093354261e-01 9.703403095586979887e-01
3.958102841525497073e-01 8.780863598097178591e-02
3.578187261684170895e-01 5.365834775779119159e-01
7.242741442631941418e-01 3.491356719508472706e-01
6.598155014995070733e-01 8.202473885626138106e-01
4.507284472094818528e-01 3.018045259225806132e-01
9.214898930786259434e-01 7.331192472722479758e-01
7.089327685325166328e-01 8.712525410626651423e-01
5.485953939867912466e-01 1.334114119824279521e-01
5.897204184908523272e-01 4.704053285035525445e-01
2.951718150249435513e-01 4.131196328307770727e-01
5.946210348486132835e-01 6.593035166259640922e-01
1.826787681380427353e-01 1.370628194523052790e-01
9.905122480721867406e-01 5.331738323256325351e-01
2.555319421244443001e-01 7.682323862260268532e-01
3.824436242860022594e-01 6.889360193893538931e-01
8.913154993388363589e-01 7.648355380301629092e-01
4.229672661702227887e-01 1.667845616630911632e-01
7.247092967648530726e-01 1.863221346869358974e-01
6.800798981251721109e-01 2.266155062047405244e-01
7.862840055205339018e-01 2.830768056574209934e-01
5.240502610858408516e-01 9.129517306052765679e-01
3.073595323637487997e-01 2.410531694221884902e-01
2.279668068931389735e-01 7.220038517268214662e-01
4.277538300279476458e-02 3.927652390150832562e-01
9.241127174908755904e-02 2.460061844967048050e-01
2.288302884945861426e-01 8.419062419221050586e-01
5.327088576828954009e-02 2.985344976107798809e-01
7.095607550335618630e-01 7.366066510215460994e-01
1.727383754258398352e-01 3.990104322766687694e-01
8.999480825964519815e-01 6.272132505355790810e-01
4.362221351588264073e-01 3.474468482294943983e-01
6.034018782317090990e-01 1.104946683990195577e-01
9.482637773837413464e-01 8.272393215070520389e-01
1.638533504710811828e-01 2.196127759419292669e-01
6.974919494231226480e-01 3.920061615788940079e-01
7.886391560101300158e-01 1.324034060679846192e-01
1.600795522965405560e-01 7.618990237872688143e-01
2.763807171652389871e-01 4.480358471569372281e-01
2.889776603160062463e-01 7.925386305677333265e-01
1.242996841962263760e-01 3.337575430769463836e-01
6.133032414948800248e-01 2.736699609504261166e-01
6.638187454763929685e-01 2.002283872057070702e-01
9.498374489235915652e-01 5.513384931429531344e-01
9.957074254468244456e-01 6.632209579066195015e-01
7.179622589229517349e-01 6.246316655621387826e-01
3.005209801479474252e-01 1.119831077625148968e-01
8.302941405479643544e-01 2.041683245643869660e-01
2.009307978450632359e-01 8.960614574690649592e-01
1.328424962626373329e-01 7.481730043756629200e-01
9.074552264172903726e-01 2.574066407618600394e-01
9.113886054757140975e-01 7.619899134028148557e-01
5.635594036873468049e-01 5.989886408988902566e-01
4.288613518329827401e-01 8.014291500879806573e-01
2.818992048043399423e-01 3.858759557422367648e-01
5.910245876969238976e-01 5.795147920700111088e-01
7.085619349690904789e-01 6.174223829586336088e-01
2.063902374270196183e-01 2.837830981000089015e-01
8.128862034752452892e-02 2.208030542433864207e-01
3.724531100306036069e-02 3.865322713645362729e-01
1.755568295636792675e-01 7.048025184792219289e-01
4.153750200989675956e-01 2.900435290238685959e-01
1.795340993475623148e-01 5.273873363969397987e-01
5.081185912809585981e-01 4.699808002239431737e-01
6.774109344296909141e-01 6.327302806712642447e-02
5.236204336675949200e-01 2.059929796721517853e-02
1.071374453789851744e-01 8.089068136570701784e-01
3.203488621060565089e-01 9.262110812693398199e-01
3.348144527824123973e-01 7.755308131755219714e-01
5.714222297112732107e-01 7.971498047467421300e-01
6.960153433919631372e-01 3.395138528302595882e-01
6.944639425893289753e-01 4.004760271770191893e-01
6.281556733314574981e-01 8.793345856405649918e-01
4.099445901281248417e-01 2.676535139021022913e-01
8.565309709255888304e-01 2.224008812474557173e-01
3.410313994446592112e-01 6.637181998742878175e-01
4.326777707387100547e-01 9.741096457341594794e-01
1.774867713881559672e-01 2.867227830700411761e-01
4.765737474449877609e-01 1.574581419349449229e-01
2.895826845155111684e-01 4.513101236892695378e-01
4.877122189308940592e-01 5.410810985857211763e-01
1.742065580940132530e-01 1.379244365370989878e-01
5.372512095043509017e-01 9.528104567822612836e-01
6.370783933954828893e-01 8.993730189215195514e-01
2.843248901533625417e-01 9.143739107056130244e-01
3.360116857962818782e-01 4.649841679489217783e-01
9.579935080650198165e-02 4.254100710955052156e-01
8.152665136648633570e-01 6.320822633166278681e-01
6.978288328136016405e-01 5.894810946229978033e-01
9.756390260735514630e-01 6.683542517622353962e-01
5.958457540734825031e-01 2.591030863125946548e-01
1.227059355538258067e-01 5.229417410616984396e-01
4.244829758720132518e-02 2.519612731349190615e-01
2.802254475087869734e-01 1.441217813184935970e-01
6.219731279145566116e-01 8.775555783363169216e-01
5.705079231258020078e-01 3.835469982589417293e-01
1.813043984128961672e-01 4.388896864517603524e-01
3.373307354943976821e-01 3.953137227710286639e-01
3.086228405589343526e-01 7.025907393055519368e-01
4.984177186991515796e-01 8.334022288481164331e-01
5.135845985925858725e-01 1.920677565127100195e-01
7.653348115691590570e-01 8.072643952968289183e-01
3.653931564009001431e-01 9.288790161117520539e-01
8.356042914357754148e-01 5.368347931294166209e-01
6.973524845663763294e-01 5.120198690100319361e-01
3.348411418760851022e-01 8.232953524066475293e-01
6.051336122726602706e-02 7.066302359766428731e-01
8.446194612527188061e-01 6.936097346293492727e-01
6.187570697019236787e-01 4.746033757980767237e-02
5.819495109211445527e-01 8.834283500105871711e-01
4.422047936705910676e-01 5.890113114458791488e-01
5.355891835412628366e-01 2.751903618383053640e-01
4.888246291303461888e-01 5.553331790488728048e-01
7.126525102672784939e-01 4.890156549327910329e-01
8.409699139834316828e-01 8.179066329335077379e-01
4.031092306166587091e-01 1.413584134263172754e-01
4.715145572879674840e-01 7.600379829128012243e-01
9.111004216736396932e-01 4.679783835282911308e-01
2.863648404020717742e-01 3.349888515844967052e-01
6.120751602039269379e-01 5.883751484886594607e-01
5.868301092440634248e-01 3.220446921399092721e-01
9.535405516976697138e-01 3.852836059850982542e-01
9.666505732080556967e-01 4.789698968977981752e-01
3.367774330011493733e-01 4.108639105789491097e-02
2.806557738922487721e-01 1.371157468159187320e-01
6.364696980555005767e-01 9.243078441304436454e-01
2.855837297874132541e-01 7.330696278517181419e-01
8.808280355997369915e-01 7.115228706876824960e-01
7.130290232772702463e-01 2.924592305922025792e-01
4.261778781931979676e-01 3.173495340989788138e-01
3.567349530828130000e-01 7.614682590228326609e-01
7.028859397959834610e-01 2.669347271376039110e-01
9.415966813785978662e-01 6.699698796280442181e-01
7.664865663690320075e-01 5.531752149288267084e-01
3.166164118339598321e-01 6.812520131147898894e-01
3.908201156982649693e-01 1.247270526678694175e-01
2.068024740403325845e-01 8.065211527476501274e-02
4.365775666569497448e-01 1.622030094256651234e-01
3.616742038415303173e-01 5.994591303033482976e-01
6.587652977045513891e-01 5.525076056276401193e-02
3.297622871036466896e-01 2.215649726635890160e-01
3.255666132912852784e-01 2.440412553215892677e-01
8.594655611311583510e-01 3.762684357156095283e-01
7.286051449343349251e-01 4.940841735778057076e-01
6.180631589171108331e-01 3.830916825691632610e-02
1.309473558187024544e-01 5.183191015762568243e-01
8.108071623502748348e-01 7.143757045035561415e-01
4.769713667500473653e-01 5.314404362486686573e-01
7.219047045595408107e-01 5.882991846937225544e-01
7.906962785667623894e-01 6.306099058186420692e-01
8.800457397397900561e-01 4.876982811786575445e-01
2.762737738828371370e-01 1.514818474810166182e-01
9.077257460438530323e-01 8.715124920894927740e-01
9.514335794835531157e-01 7.881303430724617698e-01
7.117401808191368140e-01 1.220369487119018076e-01
3.351485046956532710e-01 4.874736052265020714e-01
5.285743966133192862e-01 2.754683129043009049e-01
1.839961896615662229e-01 3.568287836593622697e-01
3.414755483001733483e-01 3.691624925175885363e-01
5.076773950382325040e-01 3.606436301789067711e-01
8.965854770193253387e-01 8.999441670315804220e-01
4.016445398700145275e-01 7.104296783922546821e-01
3.813923982814922953e-01 6.263848069040593991e-01
7.802486925486920022e-01 3.091683003985182254e-01
9.520400367703076849e-01 3.938509630398527861e-01
5.756262739528366090e-01 6.214413494023258711e-01
8.667499602841790551e-01 5.574384173945373666e-01
8.225321474176908731e-01 4.311501548477949530e-01
4.498954137719175517e-01 5.627783064185392092e-01
9.992454941556458414e-02 7.195880106445873281e-01
5.617278602092858897e-01 7.271312434718857354e-01
1.604302143640845280e-01 4.810996276789438197e-01
6.206336353191382882e-01 1.713137030616340428e-01
5.754941654147146535e-01 2.153757869496866761e-01
1.264881775539412612e-01 1.310442585143763994e-01
8.396599225989455073e-01 8.322978348351567357e-01
5.813025067497684661e-01 6.111603051070625403e-01
2.552607338941422221e-01 4.669127028775534316e-01
4.366226821070360864e-01 8.186235323843252809e-01
4.027778571738013236e-01 5.453085421073635558e-02
8.995954280236859724e-01 5.508774971964959244e-01
4.256282940104976209e-01 1.879179060734341156e-01
3.558239518703283366e-01 3.705674368165856603e-02
4.061766637767389443e-01 8.279328399379100034e-01
4.247837876676138213e-01 6.740704150196837885e-01
3.232238586135049996e-01 6.500810181076993599e-01
9.465865547604901398e-01 7.435792900685315177e-01
6.645490450847497677e-01 7.445389929807849638e-01
7.425269144286483769e-01 6.642728423056984965e-01
9.359298505709171545e-01 8.014569596248036776e-01
3.279510804659200862e-01 7.981596293824386734e-01
6.985222502769072861e-01 8.808214128763220963e-01
2.158462180306248146e-01 7.855387502237931585e-01
3.085451018223747677e-01 6.971141371202911330e-01
2.292985941459082522e-01 7.798447625533641570e-02
6.719225984996559653e-01 4.478997602571366810e-01
3.145023827734690913e-01 9.560232783128042033e-01
4.897648873050247653e-01 1.818288577092485869e-01
8.314964320267201336e-02 4.212896604628172947e-01
3.134417794495621967e-01 1.730362108541883825e-01
1.052462701248345345e-01 2.072405016380183262e-01
2.789658719411132193e-01 8.475465959737218391e-01
6.665401270928932309e-01 5.840595460154985874e-01
8.244895228845232626e-01 8.296686561043531416e-01
3.723373343629409193e-01 7.467022326048344816e-01
2.435561990812321054e-01 6.678445909272046066e-01
4.966046735159446168e-01 6.206024925499937783e-01
9.119919565441344522e-01 2.654059515249559409e-01
8.947429781297907558e-01 7.516553779823569315e-01
5.280909117618568516e-01 1.786360230572514585e-02
3.318509766124498883e-01 6.673479175689469578e-01
4.231870581929476072e-01 8.223479033779836911e-01
8.778610487254987493e-01 9.138696832504931145e-01
3.732513211582095813e-01 3.163354724181212663e-01
5.320529226482036966e-01 9.312294069579009070e-01
4.485501594133473047e-01 9.317016062214755756e-01
6.252282015199439602e-01 7.554133156731566157e-01
5.210049507396785629e-03 3.985518470512680045e-01
6.664135323470943284e-01 6.463024708820823416e-02
2.946023554943254519e-01 8.324725896514704182e-01
7.793172305582931614e-01 3.004391925976725441e-01
2.094681717707144175e-01 9.196854150055641108e-01
1.022306068749905261e-01 2.058222824323463762e-01
3.330081979964635286e-01 9.611173622761403079e-01
7.212728494233048293e-01 8.006107533076067817e-01
5.526301179215890036e-01 6.551020651050248889e-02
7.201605313979512202e-01 1.449994156941017132e-01
9.287127007642360654e-01 3.630182812321204322e-01
7.327230833477635374e-02 6.486246311597243519e-01
1.769318866417950442e-01 2.409553621127503709e-01
6.461092816736807576e-01 3.237922812878658574e-01
3.097389553933008188e-01 5.086344937588849202e-02
9.777109510098638823e-02 7.818808985029032099e-01
8.428657065681038896e-01 8.809963509364397982e-01
2.304066889092394599e-01 4.951297401010406052e-01
8.637919874068750170e-01 2.267355513575186055e-01
5.695531533730058271e-01 4.406809740576100309e-01
7.211578097451410985e-01 2.255382299922243927e-01
4.678526750369065845e-01 1.900137576929892269e-01
7.821224075381217888e-01 2.175188087281146598e-01
3.974654096482309606e-01 9.056604103683553175e-01
1.974294932763813182e-01 4.308885314663298827e-01
4.348180180751390345e-01 6.348244539352876359e-01
7.557467473015158088e-01 7.062469327018690013e-01
3.031591872170364965e-01 9.495137809477347535e-01
9.079067437899228654e-01 8.837751222844034693e-01
4.413055681554168830e-01 8.995662945710243275e-01
4.711123579440923415e-01 2.034440484340960253e-02
5.061481011290446252e-01 6.236336331043152992e-01
6.871950412085774396e-01 2.066610303868719467e-01
6.695279992741520747e-01 6.176218722510670167e-01
7.161152741946231748e-01 1.186098981718289314e-01
8.319780366171503072e-01 5.917479175608739705e-01
2.291331430566846683e-01 2.365049155622116483e-01
1.080657711802724685e-01 5.095984511311524301e-01
8.506559544652589899e-01 5.516930537484314723e-01
3.589438429333005054e-01 3.345381584523460239e-01
1.939187727072740342e-01 1.995588838940688947e-01
2.509124524946534374e-01 2.691908639636817480e-01
5.406576534095873521e-02 3.041350946563513569e-01
7.218621110823419951e-01 2.191538301127450850e-01
7.633655880086448464e-01 1.352396573608880270e-01
5.612029610917441680e-01 7.112973016204264809e-01
6.085030922672174380e-01 5.661761629885886382e-01
5.711208792032012038e-01 8.845580737821387984e-01
7.938078809983282191e-01 7.293760886921411002e-01
2.382387906692273183e-01 1.872124153628990095e-01
6.011681114802455150e-01 5.529001337521464166e-01
2.200777674949059293e-01 6.417213685700430270e-01
6.184564486536203720e-01 3.544242984491738357e-01
3.932736951636538192e-02 6.236011528639631152e-01
2.371926185940876897e-01 6.767518595584298691e-02
7.228285431068530720e-01 7.517250999742106643e-01
5.626260672863915291e-01 3.330309578793456682e-01
8.450343929960694167e-01 2.464384041015945659e-01
7.845142050753797225e-01 9.257686963286198001e-01
4.760077536020878020e-01 2.995849710205123473e-01
7.182365897342354311e-01 9.539833095801446561e-01
5.990155417980143060e-01 9.821976145042086159e-01
7.203327066787051924e-01 3.898326472161536271e-01
3.430919282705198747e-01 5.913423404225752744e-01
3.643965536602826738e-01 5.905961078154324806e-01
7.478778391413106741e-01 9.603407886831750728e-01
8.014120993963707029e-01 8.383440367382425373e-01
7.909461744259902449e-01 6.123821141662811884e-01
3.795007772224920917e-01 1.873343060915303171e-01
6.651764299796210089e-01 6.981293511246058348e-01
4.184428151730309464e-01 5.079872624426189365e-01
6.326493369774495168e-01 8.616475219767806559e-02
4.908390115549500499e-02 5.396324889770702793e-01
7.307293529396086118e-01 2.250197202934756668e-01
5.962892540867095192e-01 7.102511998608037613e-01
7.031844237201022585e-01 4.396650411440589656e-01
4.910673720401261266e-01 6.662259988366170393e-01
2.565317356712171204e-01 2.251204454980396952e-01
9.041464442182380878e-01 8.310469180054703697e-01
8.876116951535153454e-01 4.279002380462745281e-01
4.527469266037765228e-01 7.206183458300727818e-01
3.861657598365959565e-01 1.838634421728975732e-01
3.906452237971986818e-01 8.793640446019103107e-01
9.819876956973219162e-01 7.504963611939551305e-01
2.053322829948797390e-01 2.565636870833913341e-01
3.276217020504550437e-01 2.332285580918103396e-01
2.760584938944674049e-01 2.933160040930099521e-01
9.446266551533291089e-01 7.874939640687099729e-01
2.750063714765810241e-01 3.842584457344438431e-01
8.948469787979109746e-01 4.710020014473202954e-01
2.992520308955756159e-01 7.930174902695387162e-01
4.149322578158600727e-01 7.415362078886539310e-01
7.342512692124910645e-01 8.044178014731963033e-01
1.392988113258286087e-01 5.630172067888340459e-01
8.831686373578080396e-01 4.362156721332421383e-01
2.940490111494998837e-01 4.914794904064044845e-01
9.946641236103054284e-01 6.038669072656314141e-01
1.594899334788182355e-01 8.778507270894788661e-01
4.243966663572889542e-01 3.495510402236793879e-01
1.212088293616866430e-01 2.076015757128686356e-01
6.978314538254702937e-01 6.738462325270265785e-01
9.054979129279415728e-01 3.761614441315422885e-01
9.608567124089806288e-02 3.482439671121266289e-01
8.144976375588899309e-01 6.135137834683614955e-01
5.007510308217794082e-01 1.880705616792810453e-02
4.320956676281546005e-01 7.857640871983563313e-01
7.123058818050858054e-01 8.751088334251186929e-01
7.751921287560619156e-01 1.813177940098964214e-01
4.077563865761925088e-01 9.216985796648716756e-01
4.154156961708282969e-01 3.895519020826752055e-01
4.864478663545500625e-01 4.624604811175343777e-02
1.221818472533587607e-01 1.781017225877026822e-01
4.532226406737591695e-01 8.840309542494942940e-01
3.349262779913519950e-01 6.315854662968782840e-01
5.498543549014123233e-01 4.869962044570688153e-01
1.275464589727620390e-01 4.139456121707093539e-01
4.163454216168478994e-01 6.364752453266562249e-01
1.350193894082399870e-01 1.248644840940543732e-01
7.086252860924899810e-01 7.970950264028454635e-01
4.238479851738369275e-01 8.099371243356604522e-01
5.965175057362965827e-01 7.376393285172605507e-02
9.367490687413905226e-01 4.259282056390890636e-01
1.048136955464915587e-01 7.912310145357718261e-01
7.290325662338037471e-02 7.439587926100987847e-01
2.675505503216576986e-01 4.344214992973134404e-01
9.748303969372071887e-01 5.401863060783577142e-01
2.162288565756878556e-01 8.354798106700456195e-01
8.435185376458864681e-01 6.473870216118475795e-01
9.743710139449918151e-01 4.059643967211126192e-01
9.595239916284170612e-02 1.583078692184370917e-01
4.523781214599020828e-01 3.788564378325775528e-01
4.015098579346403351e-01 5.725208870317120002e-01
8.880395911798402153e-01 5.702571047813813632e-01
7.578655431826929467e-01 7.445351809300226886e-01
7.512477487500644757e-02 3.430178451361574621e-01
6.198473323008675262e-01 5.445185587616722112e-01
4.178501760434705226e-01 2.402898875332470929e-02
6.187269864814479714e-01 1.760563846554931422e-01
1.562483334662125301e-01 7.661296569333828632e-01
2.484121910681101608e-01 4.309712949577371166e-01
4.541235992261832832e-01 2.457465204632046651e-01
3.464565556490980525e-01 6.075279642128726953e-01
4.140105435410016965e-01 3.445043789607617896e-02
1.609373522406440937e-01 8.473323040423118568e-01
4.558828795472294471e-01 1.138970164824065906e-01
1.037074907616393482e-01 2.749933349965244522e-01
7.739708723044105287e-01 1.989890869005312979e-01
1.702915482733934338e-01 8.588848004473950137e-01
8.158375079825834764e-01 4.000217636288989076e-01
5.467806957836378601e-01 8.229998447267963813e-02
4.867732329290930804e-01 4.845689739448131306e-01
5.017265026517725435e-01 1.832021829484719588e-01
4.424659895785449937e-01 5.367125344180807556e-01
7.804448256381548710e-01 7.465640828940732776e-01
4.285060439205861105e-01 9.574054244919035783e-01
4.975021853924385673e-01 2.767893676714436868e-01
3.275220337822199457e-01 6.636245336000643480e-01
2.798282244264830299e-01 3.830968613453548111e-01
6.884546575420333880e-01 9.287064635518489375e-01
6.731188131323053714e-01 5.096703630647850813e-01
7.723630094844384786e-01 4.064634896365330041e-01
1.401499713799440605e-01 7.790624101242944466e-01
8.007416254095772734e-02 5.605023192735940629e-01
6.153778492257572230e-01 5.595296961098601418e-01
1.664365451847041877e-01 4.210406471568574616e-01
3.038794720657634341e-01 9.091308202484529311e-01
1.601768639606012123e-01 7.138105848594149538e-01
6.390516299310071702e-01 7.060921599890895850e-01
3.342256921224042165e-01 3.950926955723030876e-01
1.747035454814743760e-02 3.440459744207404746e-01
9.026061860976701823e-01 4.354974182781557457e-01
