1.675458952111689437e-01 4.958345673968312384e-01
5.958778751317963529e-01 3.879148689579667852e-01
8.201803301265907509e-01 5.680031289005302853e-01
4.199085361138801820e-01 4.992651579348272861e-01
5.257129140336495032e-01 5.260351861544099172e-01
3.114497359718745306e-01 5.546597249012866770e-01
6.064666977037794782e-01 5.183628842970833261e-01
4.234042227958423332e-02 5.450801889743440709e-01
8.218464207493004769e-01 6.477284721469910300e-01
9.763461599593749041e-01 5.404966347477494493e-01
5.827626708550703860e-01 4.851291809547165768e-01
1.117030090029434986e-01 1.039017713341706672e-01
8.065510318092300457e-01 7.709883698933580609e-01
2.515435085105602320e-01 1.325709367746287226e-01
8.093798120535496965e-01 3.863870298109867707e-01
5.755891311913430286e-01 1.979356130585933349e-01
1.576280351738548746e-01 4.930922891795457286e-01
6.441783135802875426e-01 8.025341007784034808e-01
4.217390918347448114e-02 5.352118014620048658e-01
2.877912138450182677e-01 3.655992328058000340e-01
2.807940649403233846e-01 4.764347212019809930e-01
1.378313457949385257e-01 6.991362666405320780e-01
2.510742208581454582e-01 1.825190308914728665e-01
6.591109042395610906e-01 4.952007368166160273e-01
2.712529670015717542e-01 9.378141438835244648e-01
3.286204907206777825e-01 1.525851347327336627e-01
6.414721036324902981e-01 4.370752468153907833e-01
3.484651377235280512e-01 2.125202165362524154e-01
5.134857665815425465e-01 7.817015530110702493e-01
4.725563677062738499e-01 2.333692131771349376e-01
8.720797587248271254e-01 2.242779410550329033e-01
7.385212237088032428e-01 4.227737353535984122e-01
8.502810086325702787e-01 3.813857290031017477e-01
3.345816888507144315e-01 4.195859119781943924e-01
3.859906901508324828e-01 4.850624318470372343e-01
3.291979213839493768e-01 1.401181051919149212e-01
4.472700129462334195e-01 4.946249922324941900e-02
2.399368180484059421e-01 8.709510902140580324e-01
8.845002470898676306e-01 2.495549019879832464e-01
6.703020171826146179e-01 2.050639505098187654e-01
5.603864367890343257e-01 8.220282476986680020e-01
2.262135945075225418e-01 1.145238733425737593e-01
6.655059443095524552e-01 6.404881876999067858e-01
6.977031852184853999e-01 5.765821047058913296e-01
3.604321057169981302e-01 7.347941106663130606e-01
6.830678458900111272e-01 6.116439472183924364e-01
2.181669425602907886e-01 5.927501990789053599e-01
1.314807539429317107e-01 3.271110328187740168e-01
4.435933897887263111e-01 4.534942550366799496e-01
2.139309853477417978e-01 5.898080277404484928e-01
1.608399223809349743e-01 4.776755495813850838e-01
2.167948067421171521e-01 1.038484834201889584e-01
5.676063354174081255e-01 9.397939133321869809e-01
5.683188036850814751e-01 8.036817546040102567e-01
1.496469542617098469e-01 4.511213500602503368e-01
9.451896117838467504e-01 3.549786817066940547e-01
4.536712979221191322e-01 3.347257826980182260e-01
5.226215259340455388e-01 1.901262791935758034e-02
5.271602371090517991e-01 9.721490826679546338e-01
4.332862286310635858e-01 5.218038640207662837e-01
1.353115541809946087e-02 5.532194686816296336e-01
5.857666429672373498e-01 5.245463623853683366e-01
2.389052994004470798e-01 2.834500879257536021e-01
6.680496311292527523e-02 7.624429295654635563e-01
8.887046693094788341e-02 5.693738365879835728e-01
1.247592632366622267e-01 1.077270848862193764e-01
3.243937393812221792e-01 1.265072305517054019e-01
3.770158818871514050e-01 4.123235734928298868e-01
6.148769762147894280e-01 4.414443213590008575e-01
2.701448497822551698e-01 3.494852109518866712e-01
3.425318773578262532e-01 6.159678738854788005e-01
5.470743514800813223e-01 3.858047682936431577e-02
4.704093408528325360e-01 5.841676156510745843e-02
4.307040029508869550e-01 8.475115136010813455e-01
2.131573866881385504e-01 2.943807104551046105e-01
5.473079727897622870e-02 7.334220052390020284e-01
4.823739935843583959e-01 1.258132686874216533e-01
7.849804257542438712e-01 6.119867754781396219e-01
4.295544652489784454e-01 1.734881344522652968e-01
6.119167240228472471e-01 3.812137894890283429e-01
5.047305088328767342e-01 9.622946851438355376e-01
2.234647328655104195e-02 6.092830354579269470e-01
9.531335966439254959e-01 6.079604258678690254e-01
5.884420943650817692e-01 4.788853588432914199e-01
1.948521516905184214e-01 9.404732872464324767e-02
2.429803644764605974e-01 9.140957157032272296e-01
5.777313856586379082e-01 3.737396343494965856e-01
7.734413245384067492e-01 5.236432407139288703e-01
9.600800379887355906e-02 4.808000801468084728e-01
8.502671017806857634e-01 5.358446426611837010e-01
4.754271511659837746e-01 4.527366253578622990e-01
8.005058466285916996e-01 6.384943720965152725e-01
6.894173509787077103e-01 1.417764393023509539e-01
1.165499047722886594e-01 8.271149128639385673e-01
3.734591236431129557e-01 7.520881627445339390e-01
2.375709039523454802e-01 9.370184723297818596e-01
2.558794409927314661e-01 9.640246694566794172e-01
3.094217862548499509e-01 8.266938724147490092e-01
6.233732711344033145e-02 2.972276996805315319e-01
1.665814625516165715e-01 2.180889812771626968e-01
9.333114345619216712e-01 4.394591690115343674e-01
8.061294099755128562e-01 6.714217876292585263e-01
8.062096355711977358e-01 3.091256964815234376e-01
9.372163127399844862e-02 3.599497833593693352e-01
9.080986147162461997e-01 6.507492778736175820e-01
5.731144777495513765e-01 5.046150967047949853e-01
7.562511679005767817e-01 3.552281748942853756e-01
8.646262774115534011e-01 3.985063903756226322e-01
4.516014376613485259e-01 6.203069619092673737e-01
5.608697250208569685e-01 5.964859412581166032e-01
5.669577993049372822e-01 2.760968079732138980e-01
1.264504655313424819e-01 1.023988905222769502e-01
4.870069511815435237e-01 8.985112557092177488e-01
9.361588410211379996e-01 2.756317350430010915e-01
5.075392583484399367e-01 6.819539549829952696e-01
4.588210121891809767e-01 3.218845304975902488e-01
7.642987564405836487e-01 2.133528518232442606e-01
4.456524213133268297e-01 1.241395128252891639e-01
6.764145715289646699e-01 8.620879308618835113e-01
6.625182505743663908e-02 1.460696525005099056e-01
3.174916260049123751e-01 1.753188031093885213e-01
2.492578304002812661e-02 2.237784754332778903e-01
3.550483130089885364e-01 3.231974850322582027e-01
2.481556947573056171e-02 3.588250841091549237e-01
6.307873894910799306e-01 1.319051528742229418e-01
5.707525001561839506e-01 7.299902023287450081e-01
6.709152612775340918e-01 1.307079483931050667e-02
9.045815518163428104e-01 4.548775948613879572e-01
1.820849961892687108e-01 1.640473333211192597e-01
7.408088897267839368e-01 3.417605512354679465e-01
8.161915464339641879e-02 7.953038461502962564e-01
7.925774189909464695e-01 2.082840874630547401e-01
4.761010780340858006e-01 7.306029754208964722e-01
2.614415972522432519e-01 3.716738087359346410e-01
7.755277112845101462e-01 4.482966105458106587e-01
4.950639471559228344e-01 2.529869446509741548e-01
1.925447171108765065e-01 8.572370780376619148e-01
5.542364260817511656e-02 4.152631248356847271e-01
2.839509111686623344e-01 2.900214791098282840e-01
3.314342843132688787e-01 5.532572938980642729e-02
8.122200016727688654e-01 7.570070728335882571e-01
1.189039722316080488e-01 7.122514640723514034e-01
9.756123010649193628e-01 5.336029406921312113e-01
7.295602496763798905e-01 6.388251568508060974e-01
7.557133041418332420e-01 7.834121838828188578e-01
4.379856893521272276e-03 4.403472321274922718e-01
6.000345074184514349e-01 5.832605539081427981e-01
5.187048308752852943e-01 8.506406406796658271e-01
2.844280465906613431e-01 8.030634581710829334e-01
6.193007541923236658e-01 7.818747508326666651e-01
7.287777155481007796e-01 3.296609463963252051e-01
8.791267615705837812e-01 1.669140118197095513e-01
6.513726383522238095e-01 9.310303759590132788e-01
7.021920892638354728e-01 7.298986666120127476e-02
6.171510742255165161e-01 2.268936190220865179e-01
7.300349267778095674e-01 4.082491328478172199e-01
3.899072744754526476e-01 8.014308913828038783e-01
4.639659755602368318e-01 6.966113087830523298e-01
3.169761233318520444e-01 5.256308771471505104e-01
5.541363270819560372e-01 3.433552056860617041e-01
5.702626530230259227e-01 9.526174009959700317e-01
5.050316317845446878e-01 7.513519472916317943e-01
5.821494522459756960e-01 5.475542609097709956e-01
7.040526764992545150e-01 6.100671225445878365e-01
7.202496684427576179e-01 8.598013752720206071e-01
4.268031674085072669e-01 2.481324837015837573e-02
6.767118525424604680e-01 4.798268716060476446e-01
2.508361077997935951e-01 7.955699352831209492e-02
2.952765285987791755e-01 4.397631124650883128e-01
7.623245537200578070e-01 4.091253610743956215e-01
6.503019142304354849e-01 2.244841596756461111e-01
8.272100945742115741e-01 5.405017301628169957e-01
5.642404968191113701e-01 6.923944304287332763e-03
4.648551747122005029e-01 9.475544273485367874e-01
4.660521513804283256e-02 1.727864868950671484e-01
1.180330751690706614e-01 1.480503254943519864e-01
9.347283892373483560e-01 2.455158821523185375e-01
6.591844797948993584e-01 6.648973996969848033e-01
1.432124754021887603e-01 6.123329242562166597e-01
5.961157886085537427e-01 9.343611002672066457e-01
7.016177507554208770e-01 6.121665776278506499e-01
6.711637941012142949e-01 5.344244610192090406e-01
2.676284172817276485e-01 7.161026741020770636e-01
2.643053980475932319e-01 9.828608352413619187e-01
6.452713947482752177e-01 2.072323394078934011e-01
2.845380247823036113e-01 9.879066573225766534e-01
3.299275343901791335e-01 8.492843437035020315e-01
2.901790696093684008e-01 3.054591902609347653e-01
5.562583265283497225e-01 5.528355835906058058e-01
9.085276437996075982e-01 3.578637482304811712e-01
9.749657162303393410e-01 5.156315247426623838e-01
7.439179397335878019e-02 6.002842940856927267e-01
8.706994845048906528e-01 4.238188032738005040e-01
8.604086808182161150e-02 6.910561004249221595e-01
4.724139082566075620e-01 7.811043061232766926e-02
3.137139778714011507e-01 9.094579357075920356e-01
2.055147892039805579e-01 6.742085799515042943e-01
6.229693866263518176e-01 2.923052636062136167e-01
2.810226229192737124e-01 1.387964643423814926e-01
1.584254500942164912e-01 1.711326360818859194e-01
6.684377199948855486e-01 6.311884371438617469e-01
6.782589298636521047e-01 8.098779544856566925e-01
5.447031626746177274e-02 3.651255947872960594e-01
2.121191744957767744e-01 9.545447764630781151e-01
8.778929714832206521e-01 5.530222922488237103e-01
8.840068458203940160e-01 1.317880597068516735e-01
4.950919200777588736e-01 7.565064101393086382e-01
9.051888548451914041e-01 2.172373253170351570e-01
8.424653451334682686e-01 7.973489369645787583e-01
2.355383427905331228e-01 8.095539432917276956e-01
5.838351836046929977e-01 4.284440594546862213e-01
9.542414572346675783e-01 3.155111745616347996e-01
7.384509967774459671e-01 6.902129614312327854e-01
2.561570338607935260e-01 5.592312999449015887e-02
5.352747736617060603e-01 3.424624349333751927e-02
4.822181189800828216e-01 5.889322307618057861e-01
5.759366432063794949e-01 9.679276981285332981e-01
4.820317005765258900e-01 3.079772849249803324e-01
5.661987351611192931e-01 7.488317920350493484e-01
7.589342523853022104e-01 5.279003930720713722e-01
6.720009609443607923e-01 2.125031970743542775e-01
5.121370005816885396e-01 3.103900603593637286e-01
7.623294212595768116e-01 6.687846456330333034e-01
5.854033668275571145e-01 1.564128861967973017e-01
5.620163897345076265e-01 9.032973200498778388e-01
9.090299963710093967e-02 2.456474061793871844e-01
7.307779755054606696e-02 3.639686621049609272e-01
5.030641623204021862e-01 9.420886164023798415e-01
5.917426096384914569e-01 7.484727801764595734e-01
7.143307045984146342e-01 3.929802718266569017e-01
1.553842090639091442e-02 3.866402458033339484e-01
1.610458350912734871e-01 7.132273130309302323e-01
7.430102152821890238e-01 8.508203770055494664e-01
5.142415983466575025e-01 7.243056021565582592e-01
7.882515097067450960e-02 3.295795736941232734e-01
7.540878042857535046e-01 8.327940595178708882e-01
5.474390847992622877e-01 3.168952493884187316e-01
4.524949587456074118e-01 1.251751817191971150e-01
2.058147237456485756e-01 8.132872517082052610e-01
9.485345982776909324e-01 5.127380228367401926e-01
7.927002901297643123e-02 4.962100431120124999e-01
8.310326856315440880e-01 9.293701339188226163e-02
6.562709237889338132e-01 8.955559833888394605e-01
7.518410491032021525e-01 7.830158704364630351e-01
4.398246217138371272e-01 1.271042953217218496e-01
7.210412891006993119e-01 5.719642633627162187e-01
8.314189325970389177e-01 2.524077832028688295e-01
5.800805914438376121e-01 5.500721478901724470e-01
5.085778763959957205e-01 1.065170677499096691e-01
7.635575603716466819e-01 4.577304962116235387e-02
7.338288073139664913e-01 7.383722089963661306e-01
3.568101695635826354e-01 5.145427433283673163e-02
5.450674606335237371e-01 1.561349114667544558e-01
3.175774524541005728e-01 8.126349104394129386e-01
4.401291467790685585e-01 1.150999116881359086e-01
4.565067973763656251e-01 5.651311365102198309e-02
9.199886119687418207e-01 6.722918364908541111e-01
8.734202228625363995e-01 1.803322975162121589e-01
8.683605560256530964e-01 7.626575398239585635e-01
1.472595784879531799e-01 4.326177576455340623e-01
7.664860160544242351e-01 3.213903404359697014e-01
4.961367981925425275e-01 4.400172525912605104e-01
2.336135518419847901e-01 1.842540194297092038e-01
7.416159777046310575e-01 8.971734339341184139e-01
5.010420694823961574e-01 5.433387944504544098e-01
3.564453891233213545e-01 2.888485473914115254e-02
9.707451748134101610e-01 2.265017748040146772e-01
1.964986775435643707e-01 3.830907116600118512e-01
5.967584509720151864e-01 2.887830541416871455e-01
6.445766808794464175e-01 5.162398448849354615e-01
6.032139248247168212e-02 5.200492695337459725e-01
3.960970267337768913e-01 9.927627220244102935e-01
4.059641612715571002e-01 4.131086415254029975e-01
4.048524793937913202e-01 2.183285002809985664e-01
9.376834846541814983e-01 2.540794617403685507e-01
9.861453422880602782e-01 4.973767254441560093e-01
1.570493683111515160e-01 6.472567600371923469e-01
8.063760268338432402e-01 1.105182771118365104e-01
4.718941511045166015e-01 9.396383926317186663e-01
6.096716175913057256e-01 5.524535936756906906e-01
2.782112360125900685e-01 1.427676074730859501e-01
8.051186578053737275e-01 2.558654204879806660e-01
1.457993067561598743e-01 6.362767966431228661e-01
3.803982648664355204e-01 5.548781239640545593e-01
6.214845493427927359e-01 9.193174078998175291e-01
6.174154796406814555e-02 3.355479364048257751e-01
8.351087284171738734e-01 1.780857314133896807e-01
9.253452742612323645e-01 6.192220226886024914e-01
8.846949975579508907e-01 1.271636411138409306e-01
3.130920985105925536e-01 7.521853100234798806e-01
3.631717732318731628e-01 6.309244422800259766e-01
2.137435718142386906e-02 2.947980730410749706e-01
4.340343382266778072e-01 8.382005864963428809e-01
3.694424043015785419e-01 9.807742941439639983e-01
8.712960533389221274e-01 4.680761884390409189e-01
1.760840696287284957e-01 5.842625553094299429e-01
6.091162589398606553e-01 9.128066679560786767e-03
6.657828061075522497e-01 4.895205790925617473e-01
2.079902837786394010e-01 3.362356381227421531e-01
9.953705518774699224e-01 4.428706283073576833e-01
4.518675575850200632e-02 6.850299643273395356e-01
3.340258366910184851e-01 5.567303845732723966e-01
6.836127825112625622e-01 2.431677604401588644e-01
1.587388376839689030e-01 9.959702090286992604e-02
4.743445668889578193e-01 3.268795065819164458e-01
6.573165512282195255e-01 8.531292913058406979e-01
2.956644191356128104e-02 6.544449371261708004e-01
2.782917759875625507e-01 2.886848859756029340e-01
4.826934807239965375e-01 3.945725597802794693e-02
1.435981645139811358e-01 3.637569229328522225e-01
8.160112773896742722e-01 8.302673434588576651e-01
1.991026464439767107e-01 1.424969658237677794e-01
8.690642180784335924e-01 5.474627513857817096e-01
4.661264235953286317e-01 9.503933571143003967e-01
5.579684500237750422e-01 7.924822631107029114e-01
3.480435595378819635e-01 5.004052864057806360e-01
7.175156587258124663e-02 1.387489040827145637e-01
1.210240869446566475e-01 5.235677366177979852e-01
1.478912889176369760e-01 5.027986620864339784e-01
8.288483783766819046e-01 2.659539354665682587e-01
4.637394320328934727e-01 5.182456692586339120e-01
6.416578727615583622e-02 1.528868338545281147e-01
4.778625799386064799e-01 1.895494686182324362e-01
3.924508156363066269e-01 7.122170538167662546e-01
4.601208616261380224e-01 9.407144803192790672e-01
6.739281479136316477e-01 1.977690966608034728e-01
9.041456904448410548e-01 2.990093525842015820e-01
8.053085605767956734e-02 4.443268020011173491e-01
2.117262011913516317e-01 7.430361005340446745e-01
1.561585772867385424e-01 8.996317251831517092e-01
5.488513524648017672e-01 7.746365618826148158e-02
4.780668268745887906e-01 2.428040015643515015e-01
9.222700653905854251e-01 3.445409278918475926e-01
6.304093759737562641e-02 6.250539198472890856e-01
9.003584102929448330e-01 3.752838729474266000e-01
3.879130183691226197e-02 1.885826686340070779e-01
4.520412067690937619e-02 1.752694030697383720e-01
5.249372903045116390e-01 1.762372273487569363e-01
1.835661270563135328e-01 7.314732875788334532e-01
8.773824539117101862e-02 1.772709593621055180e-01
2.273225950696132758e-01 7.328420972879050588e-01
5.629470999639216711e-01 9.307939722636719981e-01
2.608016564308641705e-01 1.988372940445194414e-01
6.842928783435030526e-01 1.434182298655880261e-01
7.364269808224408465e-01 4.303003642883975188e-01
4.961097808968417122e-01 4.946524285709738011e-01
3.193113262824235909e-01 2.104147601612422758e-01
3.226743683665921902e-01 6.641954297625018988e-01
3.171116162657505733e-01 1.229001704168456166e-01
4.860589312385324989e-01 5.094298842439981545e-01
1.995198690079132975e-01 1.636482998425099200e-01
7.805236274558853271e-01 1.008885317192214914e-01
9.815062433058273639e-01 4.344916862048581185e-01
7.720963618906253600e-01 5.074848616248595068e-02
2.359493195201668447e-01 5.269738451701100335e-02
2.856743256261317643e-01 5.909410643780119710e-01
2.505069998869915437e-01 9.234093558105375132e-01
2.695279987311977044e-01 6.436831352347284207e-01
7.814521713086048926e-01 2.140122936100007645e-01
6.774006359740318839e-01 1.367047919469788209e-02
7.459499409670782288e-01 7.455577601227099116e-01
8.930802155350801019e-01 1.336849379529626569e-01
4.023439810535779371e-01 2.511370189334700687e-01
6.810545939432199880e-01 8.041500308178455292e-01
8.847141129738447796e-02 3.171418134894182228e-01
3.353884789827148438e-01 2.674244106009654454e-01
3.561208975868520588e-01 8.424936114568401524e-02
2.572521076010630958e-01 6.183255342238394014e-01
5.027248717924706067e-01 8.791476027938759374e-01
5.970755698455770810e-01 9.613791261456158255e-01
3.542141329557790819e-01 5.219792308452086971e-01
2.347557463748298212e-01 6.415008092233798198e-01
6.534268532641539506e-01 1.590480326910700404e-01
2.031352751718094596e-01 7.482966184385035913e-01
9.781018140038331143e-01 2.521301689280387448e-01
1.996895196272244488e-01 5.172327495077548853e-01
8.630986584048240540e-02 2.114776198373499172e-01
2.821761505543751714e-02 2.125784490726495557e-01
5.176065766754099906e-01 8.394741036788289090e-01
7.583136986330658857e-02 5.652823970836645673e-01
1.785485222024322804e-01 5.651590043392263896e-01
4.801781630676219548e-01 8.736674010460813156e-01
1.335271360408113277e-02 5.401036630507400904e-01
5.765338489982450021e-01 6.657761056899769159e-01
2.724329755264284780e-01 4.291841123070733177e-01
7.135135230264570971e-01 5.441235214991383407e-01
2.064704850111834245e-01 9.297192763901016566e-01
5.416301923526287698e-01 8.366668314148392183e-01
2.678757911760262234e-01 5.923755470487573893e-02
8.837136045689308883e-02 8.099999270902016324e-01
3.325532925633404857e-01 2.392660572741678870e-01
1.251505258663873077e-01 4.690702957228256587e-01
7.159800324272234118e-01 6.285631893796597147e-01
8.087170725198455923e-01 8.373239083161174712e-01
1.218703747862192599e-01 5.865131656176497676e-01
7.621945314377884251e-02 5.174426923144098689e-01
4.980827409708745712e-01 2.170076623961412765e-01
3.301301641291896627e-01 5.510874594311963026e-01
7.018014148929745399e-01 7.915914161659528547e-01
7.509613651111756161e-01 1.553138401395096346e-01
3.908508934180727201e-01 9.770746079035309561e-01
4.218499572183247448e-01 5.713422227580663426e-01
7.069326742115613627e-01 7.327406781310603634e-01
8.726777634458853239e-01 2.601307150798397583e-01
2.423188065777661937e-01 1.336451011250541776e-01
5.450872020727031142e-01 9.343174447201361144e-01
1.767879743770528755e-01 7.276098924844925930e-01
2.947999243447221862e-02 4.450899041307537773e-01
2.652515914955343446e-01 4.885588162526097733e-01
5.505545791642660891e-01 6.365685522662006823e-01
3.629940706616827106e-01 6.262461145656263994e-01
6.182769541376810229e-01 1.174408565970535834e-01
2.791529827463167801e-01 8.614695835926188261e-01
3.716890963910627343e-01 7.928797109627959694e-01
1.154244732928029621e-01 3.647057744599242479e-01
5.409682166107397938e-01 6.466599169818639803e-01
6.656434913362446748e-01 1.199286378873067604e-01
5.765134645725455975e-01 5.813065474605572103e-01
9.727984798570952218e-01 2.792216646408488545e-01
1.180301099736827813e-01 1.727330637205501118e-01
5.410712991097808011e-01 9.106586460637176028e-01
5.477060671875436659e-01 4.932650661243671020e-01
3.855823484868483031e-01 7.899127033635517936e-01
5.979080400252498873e-01 7.874108877509445881e-01
8.395688842859048151e-01 1.609802109776706236e-01
4.815170057693649586e-01 1.423510478721962402e-01
8.293754594148543546e-01 4.190517591573914014e-01
8.262634603067873229e-01 3.063132255057977593e-01
9.122139370690144355e-01 1.723646805636182000e-01
6.238876388140952578e-01 3.647683674582172242e-01
3.944021847783314438e-01 3.504399867168493388e-01
5.680366245102184131e-01 3.981071597425086539e-01
1.354118887512482938e-01 4.370291368617948424e-01
9.241453541800392912e-01 4.316085967944031654e-01
1.478807948444700593e-01 6.622582021056319102e-01
8.593210215235208560e-01 5.625666819638501792e-01
3.966765477828603781e-01 1.720912913436711544e-01
1.438405299352651379e-01 8.191771493883963640e-01
5.815350212023036036e-01 9.134720913143209442e-01
2.839684137363792660e-01 9.149642277370305665e-01
6.755589803574998387e-01 7.237564777802253380e-01
2.064818071363807850e-01 2.826242228250288591e-01
6.148424432528726280e-01 4.080443700939785923e-01
2.488782864077075663e-01 8.658329420206907212e-01
6.288544702917805429e-01 4.011722814265488712e-01
1.079907395169048545e-01 8.398311474195302440e-01
5.369226279118366474e-01 7.541360540779922239e-01
3.535881943316007692e-02 6.382561338009526963e-01
7.539718204413234925e-01 7.990746604315852597e-01
3.391743829870253468e-01 2.358892043158601903e-01
8.125254947227416036e-01 6.135422091614136653e-01
7.861314612895322629e-01 1.910563421199622525e-01
8.259831633650631666e-01 4.034531724268696218e-01
5.097751126626157703e-01 7.589599570285263663e-01
2.951345471056672776e-01 5.197621702244724640e-01
2.739436554039870186e-01 1.233819979374845555e-01
9.139731160869648541e-01 4.762397483579885460e-01
9.473977781283070554e-01 5.061510517778694540e-01
4.251379935317256553e-02 6.980341199924194884e-01
7.467578280768114585e-01 2.937353101659854193e-01
6.217860575855479466e-01 9.536370105821687648e-01
8.844697042120763797e-03 3.405640890631513873e-01
4.695821139281442513e-01 5.903808572787547782e-01
6.139882183999703091e-01 4.949266473744138306e-01
5.227576158731246370e-01 7.953267660619236512e-01
9.517176448847264325e-02 2.682868975656345634e-01
4.393976015222360587e-01 1.946586546652543936e-01
1.588076958554163476e-01 2.294107660834934503e-01
7.280509235703881421e-01 7.103661962822461762e-01
9.031669585843983272e-01 7.023227414600958785e-01
7.496359676980574038e-01 1.634699376831933171e-01
3.252329271087535112e-01 4.340731004888712663e-01
3.998980835555846491e-01 9.714217432559095755e-01
7.981370935878164818e-01 8.286829857959994161e-01
6.977875723571265176e-01 4.050757079111475534e-01
2.273492555238962043e-01 2.756555974070639681e-01
6.656981912626154241e-01 3.959448964086033640e-01
2.689900644878084890e-02 6.385391223575468400e-01
2.489548905974028337e-01 5.770460425854047060e-01
3.497847439924173796e-01 5.500821381537575050e-01
5.507429273950062987e-01 4.466268950680841732e-01
6.175129448471683435e-01 1.886639257519807655e-01
1.857986733759239284e-01 9.859569473844083387e-02
4.929160092900436996e-01 5.272005739665015511e-01
4.630238951355366006e-01 8.445981304180203431e-01
7.819841689162823073e-01 1.089692199899260361e-01
7.329921842359827799e-01 5.557659385214885894e-01
7.494661507410336210e-01 7.363170969491956708e-01
6.397572407406006967e-01 2.090253328243967534e-01
7.789523395937719696e-01 4.033162409985107111e-01
6.495346486441309075e-01 3.238959505528771765e-01
7.611578310730507946e-01 8.153490616353807896e-01
6.398404100035330888e-01 8.085814719314188270e-01
2.910426137910632205e-01 4.814941128271140180e-01
6.779364629544688547e-01 4.158926865893216029e-01
7.273108823029257319e-01 2.797437253071519692e-01
2.791169594418030364e-01 5.464971902096636969e-01
3.210359796251378572e-01 3.926194867828677326e-01
4.414040986825883417e-01 6.228073013898541843e-01
5.837021450732409189e-01 9.899008041879292508e-02
7.775010720920390028e-01 1.709787478133158456e-01
8.371088061909421896e-01 7.368483645366183943e-01
9.564000416594398146e-01 6.008852051075737055e-01
5.245317613820111857e-01 3.892694864402256871e-01
5.380949256006576364e-01 6.918373314500710913e-01
9.054482510025548825e-01 5.726147896418406491e-01
4.395129247742389778e-01 7.247334323480810747e-01
6.893511038141570957e-01 8.138618136688159366e-01
4.616082256031059927e-01 6.239409290789401652e-01
3.429496705027457182e-01 9.931589044944708622e-01
1.008818228474086046e-02 5.276010981128058663e-01
5.779311263921635966e-01 8.998082857886582353e-01
5.820276907982703252e-01 8.214295573226289005e-01
2.751761926664779701e-01 8.447514920384779913e-01
3.138381439652562777e-01 7.529903183060057126e-01
3.707123135440764106e-01 2.611502582167535280e-02
9.297786835387844562e-01 2.289991657588875684e-01
6.142080419142088576e-01 2.429638762917773476e-01
2.698858052757667214e-01 7.395770709879470051e-01
4.081033956131409068e-01 4.632554039680474300e-01
1.119912614311540933e-01 4.041576300637322872e-01
7.254927652773879299e-01 1.929657512487467086e-01
8.471355390150785425e-01 2.288851316719808793e-01
9.135748178779338202e-01 3.648267909090205929e-01
5.153541274268991224e-01 5.727103305955389967e-01
1.493312133741820369e-01 6.995149558970323866e-01
7.773238911428840270e-01 5.652228571886555031e-01
1.338981611523192006e-01 8.301276926192848737e-01
1.139910048829378131e-01 5.436426012329930169e-01
7.764287587051210693e-01 1.274281406575958897e-01
7.301139208343031539e-01 3.372771887827466508e-01
5.650501077518554904e-01 9.468154082402269189e-01
9.557250043647618210e-01 5.306380754740055439e-01
5.280689221620988860e-01 8.726198172031770506e-01
9.413178143062594927e-01 1.856224146632804439e-01
1.824090445895301671e-01 4.562572057396085956e-01
1.716566229987288583e-01 3.478830456402213223e-01
5.210776825005252189e-01 5.423759003461664507e-02
7.561886568771084560e-01 2.805744575338628977e-01
5.997911457869232743e-01 5.194521132276676001e-01
6.322901423790250330e-01 2.972767746145364015e-02
5.409647043672346500e-01 1.483677237542176397e-01
7.797180116733340438e-02 5.286075275068782275e-01
9.419706162590939513e-01 2.500438318026088069e-01
8.337280930358389464e-01 2.069385547911914425e-01
5.808814947755794877e-01 5.962691549174523042e-02
9.628154809749474297e-02 6.823985341988541009e-01
9.096941152424986576e-03 5.191210565663721965e-01
6.216061488343066488e-01 8.796602489520293222e-01
7.086012914750566827e-02 6.153027811158868765e-01
4.064726024928242976e-01 9.672736235632930502e-01
8.099714667067813290e-01 4.578289383389345102e-01
6.997027740064200307e-02 3.699989131603019232e-01
1.515754776541305693e-01 3.524874661063345793e-01
6.952121550098940839e-01 6.617001014299757067e-01
7.369998550728851239e-01 3.830531884231769268e-01
9.942065460543479671e-02 2.033770003002446924e-01
1.384675773480470717e-01 4.636000740164578082e-01
6.354706471679230084e-01 3.127485279980791177e-01
7.382561175906424689e-01 2.612599956178102145e-01
5.738835018368987351e-01 4.059114671448368350e-01
3.925330243675584363e-02 1.893832640589965810e-01
5.321187022477256306e-02 7.007410979727461964e-01
7.648188734170094927e-01 5.799122091953738956e-01
8.076393260460280610e-01 6.630700573094278072e-01
8.869428146643680844e-01 7.037363320708382997e-01
8.186084977971710419e-01 1.043414755130964988e-01
5.669336183488193903e-01 9.657911244444272736e-01
5.255244873344862011e-01 2.939196826571203180e-01
5.165506505071100207e-01 2.091523721149385895e-01
9.117947375396484588e-01 1.535836941790581500e-01
9.508714949878966927e-01 4.888387444086148559e-01
8.248695967618731029e-01 4.933814017322519785e-01
1.522113554545963532e-01 1.636666916515902570e-01
7.451513095617847693e-01 8.664231986357522342e-01
6.679297030849359884e-02 2.902218278039105925e-01
9.571701393219123055e-01 5.727586517368647989e-01
4.723259365779397534e-01 7.778456291657064314e-01
1.840326146134234342e-01 7.203952085970637409e-01
4.038974525548165717e-01 6.895575309094440497e-01
3.379895222060449456e-01 9.930316339794832414e-01
5.990308693475737689e-02 1.840160369998310730e-01
1.701823855328243873e-01 9.149536809712414120e-01
1.930478561749900679e-01 8.744081593202354674e-02
4.187125529958349857e-01 4.059004599262162616e-01
4.527978846555039683e-01 7.774371973093715527e-01
5.125857341495089203e-01 4.491981487779608262e-01
6.240265315229650556e-01 5.340744574039840709e-01
2.546459813500214775e-01 3.998916909100516115e-01
4.576093279272919756e-01 6.958116946585908291e-01
3.182952192981834960e-01 9.268472164127761204e-01
3.408494367738154063e-01 4.491286203723352521e-01
9.920976230905154125e-03 5.282516743960804506e-01
5.847582041915776463e-01 4.802679704155669027e-01
6.238358467353156689e-01 2.552960987905869006e-01
8.454741672788587126e-01 7.252464866031748114e-01
4.994664997124326766e-01 5.102861332753563239e-01
8.526816724939201286e-01 2.608266178075426267e-01
3.165750508732022572e-01 9.916601176442083609e-01
7.988363346415611188e-01 7.720778593531297807e-01
4.843237599358808931e-01 5.992204680835921948e-01
4.226633002111568338e-03 3.937881755875666245e-01
4.574311181449584596e-01 6.053390277038793732e-01
7.297279754375599614e-01 3.730041495027081599e-01
2.033246063368052692e-01 9.480994221480566475e-01
2.769290368016351644e-01 3.144945749038305927e-01
3.737247714881774541e-01 6.193492814583319017e-01
4.715567436187648176e-01 8.937213262047085660e-01
8.626431174409088243e-01 4.121496432292753309e-01
3.634251024080599746e-01 5.760027700822455410e-01
9.125333639551674869e-01 3.405308039185466207e-01
1.943942496017756483e-01 7.816576310920009263e-01
1.787758002012856395e-01 4.840060629863753294e-01
4.176713368629815237e-01 8.024212394902355827e-01
2.586569633689469461e-01 3.134774863401563194e-01
9.920737985997622743e-02 7.736675875570262484e-01
5.045821402572752135e-01 6.227048469250762164e-01
5.615688816615498763e-02 3.389929628798737937e-01
2.869636461397043758e-01 9.092784406918655860e-01
8.457074200403533748e-01 6.044889501980993396e-01
7.704648446313328014e-01 6.964059520684692806e-02
8.825577049902415538e-01 4.295946395187224542e-01
2.059748817318109437e-01 9.434999931301688569e-01
5.619092869914803501e-01 7.797861914871370148e-01
4.309463379704169816e-01 2.906840569110198946e-01
8.148405997451348970e-01 4.939609960294120694e-01
3.314309098887097127e-01 5.716475566387939633e-01
3.595575340808511156e-01 3.205491048369860652e-01
9.769405373228452483e-01 4.412080535792389790e-01
7.230926122896461639e-01 5.414135749197798164e-01
4.384607459254080131e-01 3.010076993742104023e-01
1.760614965418087208e-01 3.265006879318589905e-01
4.683205357361444054e-01 2.093719948638186890e-01
5.369736477776542172e-01 9.180284693521378880e-01
2.862105802742836436e-01 9.689461256534637190e-01
3.407251135275941034e-01 9.006319030831182459e-01
3.392434173461094105e-01 4.862034153934593483e-01
4.099471248938438839e-01 9.972216585185303406e-02
2.591104531688417367e-01 5.452935812568708851e-01
6.569092945027743546e-01 8.665180308256601460e-01
6.545977842890718934e-01 4.338660713352271436e-01
6.260492718880085183e-01 7.937971656056521663e-01
4.510539714699002278e-01 5.579313405390136094e-01
5.532167476248631699e-01 9.743409540559198057e-01
8.171231901175025625e-01 3.544679339609226876e-01
8.466297298280309747e-01 1.009815895719936574e-01
3.466142174734060388e-01 1.918278020236429682e-01
1.413313747157458056e-01 2.399686418057567772e-01
8.798150755750215879e-01 3.836221151492523740e-01
1.807954716926134520e-01 6.327410064895833131e-01
4.089799134676663783e-01 7.752559003817349748e-02
7.298100359783025182e-01 3.773681808718541975e-01
3.010445528658861614e-01 8.340049831087934518e-01
2.556125270405250616e-01 4.001809127388362142e-01
1.566090781027348888e-01 3.252207298666374147e-01
8.115803602626239233e-01 3.224501057520338665e-01
5.588743094093099328e-01 7.595336312681494340e-01
3.992255296398496967e-01 2.643412734471067282e-01
4.975110877675853471e-01 4.618570117269682473e-01
1.602816647183549215e-01 5.890848833117002803e-01
6.145340474785951912e-01 7.064048441120664990e-01
3.490233877179222954e-01 3.154770027638719165e-01
1.680685725248874662e-01 7.002590481053199145e-01
5.150781078456033724e-01 1.831759657238050398e-01
5.025263671380538755e-01 6.282663423174836836e-01
5.975293514236725834e-01 7.847800119637429739e-02
6.465930384227472905e-01 2.470522538773529120e-01
8.633121853337837326e-01 4.828836234873875033e-01
6.356990300524975046e-01 5.006557307221002340e-01
1.527882853533675533e-01 2.211080196307262380e-01
1.720518231866952075e-02 2.604944340409659498e-01
3.248288878212502451e-01 2.678546780122963988e-01
5.388465786058918017e-01 3.491079886305695212e-01
5.091389871827476377e-01 8.654881045106008197e-02
2.135552358193456846e-01 5.297279447104555894e-01
9.073123107014253730e-01 5.212359949911634649e-01
1.529268990784843907e-01 5.386531077163150272e-01
3.176962933255091937e-01 1.160979860973422595e-01
4.136536878020455332e-01 2.071786124102844781e-02
5.498038404236940124e-01 9.356613334190106990e-01
2.796209218745703828e-01 1.668928773691924217e-01
9.670313321303583010e-01 5.775935567298364770e-01
8.401609275406947130e-01 2.578006442156452471e-01
9.116623308617949339e-01 4.878771107022335518e-01
3.569362564398383397e-01 2.220945676200519747e-01
7.322784705232340263e-01 7.585401195050460732e-01
9.304658374452674519e-01 3.578770443022116776e-01
7.009718608810447948e-01 7.043038919615760562e-01
5.099382537694263640e-01 5.403944102392204546e-02
9.958979638213513175e-01 3.784872807271636441e-01
2.353728939551055777e-01 5.003364643994840932e-01
6.333684279683247098e-01 4.832481520365787819e-01
7.805689845165041385e-01 8.626119752171669264e-01
2.821603132716111739e-01 9.707813453934805992e-01
7.188314812775715712e-01 1.061015670649967102e-01
2.055755726180552578e-02 2.442139895023867080e-01
6.742099215218072539e-01 6.649426539126491731e-01
8.890951426796944723e-01 5.865170541868919285e-01
9.688659606084635278e-01 3.554863638940136683e-01
1.988506249829624095e-01 3.148722815464689018e-01
7.904162628454436401e-01 1.450208071022132950e-01
7.388818547637840961e-01 2.934524649418513431e-01
2.206731165198275724e-01 4.910030710654375019e-01
2.719943051645895560e-01 8.021570827914124013e-01
3.515321593205495976e-01 1.703120624906064029e-01
3.941683017121485610e-01 6.655788621859526355e-01
8.518958408153801676e-01 6.642838447067103136e-01
1.408902672772667231e-01 8.652584766967152952e-02
3.017016438467919337e-01 7.653555428339426925e-01
4.901739284169336075e-02 5.041066995871186229e-01
3.808976493991479417e-01 9.898610107557808124e-01
5.172358695428639352e-01 4.034164311262552483e-01
9.103150500810043289e-01 2.129772180258718839e-01
3.538564853703337620e-01 3.278533188955101707e-01
7.870700369593561785e-01 3.810979794972037538e-01
5.272006697229547623e-01 6.999497238873857441e-01
6.258530970603594368e-02 6.184354214780551917e-01
3.111517983955133237e-01 3.690373888508881040e-01
1.471871085214655206e-01 5.630368934442898654e-01
5.457299553587134922e-01 5.505863044645140647e-01
7.585851590040115777e-01 8.505505703011166929e-01
2.439940378725249659e-01 5.163515766511295180e-01
7.452446351185260109e-01 8.337138839093050091e-01
1.485462289957429904e-01 5.439925677006816063e-01
6.889370663251183080e-01 8.419478185027210460e-01
2.421314519788368980e-01 9.367699993808316083e-01
6.876192368886659967e-01 8.175820831329698724e-01
8.802937371743257966e-01 2.238458339805979025e-01
2.025713492595152543e-01 1.245007562912015808e-01
4.272121327528068391e-01 5.599160961277048765e-01
7.273344055493332627e-01 6.723795731877538207e-02
2.733608214264123815e-01 9.851410230744545027e-01
6.019734369239608807e-01 2.856450993328367161e-01
4.295407447058958716e-01 5.999736314142279925e-01
5.340163795704911953e-01 4.941519982421546664e-02
2.073386716117850970e-01 5.882506790003045882e-01
5.255535207216995852e-01 2.168572811541921164e-01
7.903994564099299236e-01 3.789827666791909522e-01
7.707401392529347195e-01 6.532836939389229380e-01
7.148875569256666340e-01 1.903297449727218704e-01
3.685575172457082882e-01 9.188068596730154525e-01
4.626820004196832703e-02 5.598283120598059881e-01
5.174656572845297564e-01 7.143304547959448136e-01
4.258764832513239895e-01 7.191013886719569426e-01
5.883827421251055512e-01 8.847415778990792845e-02
5.508742268005193399e-01 6.157209855882435079e-01
9.794930960867007652e-01 3.682143210660866472e-01
1.855667019283865626e-01 9.194856363298562485e-01
3.137408326032986583e-01 4.207067448622840988e-01
5.384212729206844239e-01 6.557133880160783690e-01
5.674317083010211871e-01 9.318652113186330632e-02
5.896689308509756033e-01 1.102802048768153492e-01
6.877664096979243524e-01 4.845125028922677712e-01
9.188441049916262759e-01 3.229678055267238279e-01
2.782617058830900714e-01 3.099572809905687953e-01
3.398702005406633031e-01 3.583579515398646054e-01
3.485343944866658439e-01 9.555854640831361602e-01
7.924440459547887894e-01 4.313282776796684148e-01
2.917625107267239892e-01 7.412387651153871104e-01
5.551741865698536227e-01 9.097223165875201190e-02
5.711490549450595200e-01 8.492201233397205645e-03
9.144673298971132125e-01 6.032832454219521079e-01
5.275381741109008704e-01 6.841095505529248832e-03
4.750497688627284276e-01 7.210821632849253593e-01
1.141347088799051918e-01 3.336756001140123162e-01
5.800297821688594757e-01 6.271252061549873469e-01
4.392680857171188391e-01 3.548390760964101331e-02
5.636320533277389133e-01 3.100013203928104200e-01
7.742153998301326556e-01 6.876937806479022086e-01
5.659788245236767601e-01 2.686614644072194413e-01
4.996026099300005519e-01 9.558523851526182780e-01
6.254382833339863779e-02 4.273410541071926971e-01
6.605527471868197775e-01 7.836014474377592798e-01
2.664613553432920723e-01 4.562249751887775262e-01
1.632655012266303052e-01 2.208818056826500897e-01
5.964774614098902195e-01 9.163879751146499775e-01
4.875759749669107967e-01 9.942792791944629616e-02
5.817575445549544311e-01 9.169697610488083406e-01
6.842933821383743176e-01 5.304722500690087772e-01
4.129015166194701103e-01 1.504620506265001434e-01
2.987871599513974852e-01 3.345198428695158044e-01
8.513877003493901530e-01 6.293443128179688761e-01
3.494932221790961191e-01 8.567180709527836280e-01
7.455511864560286639e-02 5.186691627429654838e-01
2.008337125964419489e-01 5.116622389546877647e-01
5.179945736323262606e-01 9.804998576435822732e-01
4.545173240553642136e-01 5.812899703142779817e-01
4.574026412608024339e-01 4.330574842272648661e-01
7.111247250582218848e-01 6.745037415245576096e-01
5.959929537294550439e-02 6.286329997843520534e-01
1.602044780993008566e-01 6.662998057601188240e-01
2.985799675469137382e-01 7.656612544959290334e-01
3.245503741483216631e-01 7.109198179218237934e-01
7.568842146688796735e-01 7.549946785496366441e-01
2.197322087815081482e-01 6.981608590720350671e-01
8.819781300874260932e-01 7.163559556327611100e-01
6.485522323490170438e-01 9.448565364803919175e-01
4.977861937503813561e-01 7.495964492406193003e-03
7.411415488638207760e-01 3.328214117387673365e-02
2.380274321190160858e-01 4.083377773132060296e-01
4.959868601471230098e-01 7.726224676833350902e-01
3.255291537409960023e-01 4.104422662484740192e-01
3.364780518101806450e-01 7.899618277956168555e-01
2.081951993934059303e-02 5.160956541612105042e-01
8.072825186611296555e-01 1.869199827690425364e-01
9.951707289674567303e-01 4.455925947688885724e-01
3.573416960801902853e-01 6.658047543131732082e-01
1.368959897884645116e-01 3.519418837710764913e-01
4.706808928372676615e-01 9.874597158580472600e-01
8.796319587118024419e-01 5.766999386444355835e-01
9.116765048412498462e-01 1.619557653445481693e-01
5.786674919214263024e-01 4.421771073163562327e-01
6.977123406288243679e-01 2.229135118141020999e-01
4.192368012814665090e-01 8.659236396099237454e-02
7.238490573811011686e-01 8.442417591911992591e-01
3.864855818178887237e-01 2.412498881161966313e-01
4.884588653191654362e-01 3.049651494728060075e-01
8.157883783337512851e-01 5.406514430679101313e-01
4.027691479720248435e-01 7.389732281766801802e-02
3.102699170951083163e-01 5.127112061445430191e-01
6.197446148311137604e-01 7.296278449514739251e-01
5.446224605901222038e-01 1.521062371218658282e-01
7.853681735483439841e-01 8.419402023659090517e-01
3.617866294825363704e-01 7.171707517255481168e-01
7.150401822519544259e-01 6.341430509761859513e-01
2.487964934834229619e-02 5.229959492923604847e-01
5.036670476478462000e-01 8.161372772694728273e-01
6.492992337790338964e-02 1.882326823516527192e-01
2.623170711678415312e-01 8.504133265519066009e-01
9.272248739198974965e-01 3.473063908262634669e-01
2.528161051437268769e-01 1.286185361688956252e-01
3.574579594249521208e-01 7.034829650751078800e-02
6.133322462606042302e-01 8.935541049835703520e-01
6.824837474778306934e-01 3.450524430328691383e-01
6.111623408271127378e-01 3.125976226996576290e-01
3.249555636446335161e-01 5.854628299128793456e-01
3.604864192587765581e-01 2.962131259696509367e-01
4.414205662658596818e-01 1.433293303994542800e-02
5.786662232431560859e-02 7.420184264011375763e-01
5.094315159098449231e-01 2.903179931801888047e-01
2.208860659754592060e-01 5.760626407730676940e-02
9.196271040684134146e-01 2.051381964987212259e-01
7.112816322274899683e-01 6.607087717758770573e-01
1.982122813734956135e-01 8.670044355585828644e-01
3.666942247345744699e-01 3.408528519830849590e-01
9.712727365080154884e-01 5.079744944894257763e-01
5.767747671609373405e-01 8.643807268417866840e-01
3.328437098085416102e-01 1.730935898094776160e-01
8.950343990294479246e-01 1.356407155271114329e-01
7.617125380966216497e-01 6.111949456898320143e-01
5.098863248798092274e-01 7.727023157217748350e-01
8.758991895123771632e-02 7.183017773362911917e-01
9.316358473820218755e-02 8.197397501561352051e-01
6.501378330132436822e-01 9.196372289205304584e-01
2.710291979928142192e-01 8.778500548614114329e-01
5.001828386125677373e-01 8.627647635136791449e-01
7.491720312969394335e-01 6.525927841561830478e-01
1.385255869097927750e-01 2.334866630132308718e-01
2.241631039015229143e-01 1.565874494084595336e-01
8.654295965554291703e-01 3.702606836247077093e-01
3.118164312331607180e-01 3.271658210020008672e-01
7.888633044414161688e-01 1.067927719822112653e-01
2.574351339590152943e-01 4.813066452459136002e-01
4.277213875373709895e-01 7.451636675785155983e-01
7.853505998155103640e-01 8.391923446585728419e-01
5.402816276289246211e-01 4.278432304388529728e-01
1.503007665239095569e-01 6.707993701388594854e-01
2.421360203155006330e-01 4.465763584077971360e-01
4.060313662785115518e-01 6.311211025764477123e-01
9.845249106645689308e-01 2.791003926784850764e-01
5.151305762938429567e-01 8.362374623796375861e-01
5.483656626805970546e-01 9.726409897411910643e-01
2.964207524198020915e-01 6.891131842156708598e-02
3.180847569442327716e-01 5.714181326444579545e-01
3.530458167840297978e-01 8.651277932976959573e-01
1.988046318579071436e-01 4.387918406104094893e-01
7.954964849057117871e-01 4.257105128939281391e-01
6.705818275959980479e-01 3.778719947458107908e-01
5.353695998249043964e-01 7.944832208027512443e-01
5.623690620781180982e-01 1.295254375400358982e-01
3.763387547173757675e-03 4.261137956250227177e-01
6.725714478532920371e-01 9.086987926902353463e-01
1.867672726804135985e-01 6.478016307505318760e-02
2.430483444042053076e-01 3.537767901506738699e-01
6.651136414622492721e-01 1.538358975877138768e-01
3.647221827018474194e-01 6.672340068775748367e-01
4.840140971210331045e-01 5.462373879147207623e-01
9.468492061999895792e-01 4.785509421925787654e-01
7.015467164913862241e-01 4.345430171911047190e-01
4.432779665201481145e-01 9.293097335582923835e-01
9.171011995177109632e-01 1.859560067455829357e-01
2.455878080317722145e-01 6.802466306448963218e-01
7.785419714225330079e-01 3.489218124056358006e-01
1.790581035228323847e-01 3.040912020107375269e-01
5.768892227767106196e-01 2.578086757070158219e-01
6.600509825804573572e-01 4.733922224356833519e-01
6.527087851296533572e-01 1.181421999303977621e-02
5.775690712643631874e-01 3.752691255141030746e-01
8.286658278914272868e-01 8.864392544571786381e-02
8.784024586484362462e-02 1.227625334924861145e-01
8.069489257779773883e-01 2.464776004332241699e-01
3.182570905753834278e-02 6.669961297369797482e-01
5.284006966615644174e-01 2.160317148794237418e-01
7.656604837291443033e-01 1.710724401314444587e-01
1.492486924253212111e-01 4.536921784508061162e-01
8.644341917740382408e-01 3.306449280945085722e-01
8.603994958617942057e-01 4.051999274394877393e-01
6.612574010501796051e-01 3.312619410355818750e-01
5.470597961691783251e-01 7.540162371313715584e-01
3.495246016940244393e-01 6.424546241427832038e-01
5.989016395727528863e-01 1.478754835094555353e-01
7.314968715478546990e-01 5.953067413264606644e-01
1.788147478642872212e-01 7.078506556864261334e-01
8.345568835158403420e-01 5.162179298649978154e-01
7.897960604511200522e-01 2.062932260026499320e-01
6.253267121322102495e-01 6.381088534387917566e-01
5.755631185012655138e-01 2.704406783992563956e-01
9.905152305777102928e-01 4.758779225438576344e-01
5.569261167773560395e-01 8.509491771164208185e-01
5.065927406601247185e-01 6.128731029858068557e-02
3.142420119474857998e-01 3.687621177043761689e-01
7.914622266427542296e-01 7.759685271476172153e-01
5.511639651400433021e-02 6.779071446648727850e-01
5.116009273643964406e-01 5.457291008026388113e-01
7.462543705162535401e-01 3.579830887540325079e-02
3.004945278976913769e-01 7.779333488973744215e-01
4.806690345614840210e-01 5.835415839803660409e-01
7.802416249899519762e-01 7.356476807246323801e-01
6.157079251820518628e-02 1.506809036519929368e-01
9.962366124528262423e-01 3.994530189569711620e-01
6.415107331941506397e-01 7.190605544220726175e-01
6.839590515926401437e-01 5.296394636833355873e-01
4.106917118392134913e-01 3.889853928047306564e-01
5.254599279794806010e-01 6.191492651306815254e-02
7.416712465747185012e-01 4.591536161284788253e-01
1.993497619051839975e-01 5.846157986388373917e-01
8.763827170464867367e-01 5.400835780655875995e-01
1.091125273921159933e-01 5.676007001958141007e-01
7.777274897055439506e-01 6.748392994402949707e-01
5.633088277413083045e-01 7.857492878018096372e-02
2.858920420327897838e-01 9.752636244557759682e-01
4.927530782724229841e-01 6.394994815418658662e-01
7.908937752496318918e-01 7.626187998147949676e-01
4.364282506439339238e-01 5.585098572928963723e-01
7.634726671846099599e-02 3.806353648377434062e-01
4.591243562047223614e-01 5.942587000235071137e-01
1.496752658931512214e-01 4.276550679562450830e-01
6.527215406974811174e-01 3.794216160963961304e-01
5.403409764575819452e-01 3.387238954403974933e-01
1.743002651954492499e-01 8.328017777878057304e-01
9.385499595783385329e-01 6.374309302953700129e-01
9.053070241665188700e-01 5.167569417838083767e-01
4.789851861353267015e-01 9.199354240734147758e-03
3.915450728418712334e-01 2.103989281124759025e-01
4.093950700238178086e-01 9.922867108480636356e-01
2.188259754144654678e-01 7.325212416274172467e-02
3.337606502197445479e-01 4.063267662908318645e-01
3.935502433737581018e-01 1.233407816666673290e-01
5.685275333578874157e-01 8.552554970348083541e-02
8.115190815394932589e-01 4.561467317544757316e-01
3.559820055273824613e-01 5.680848238779638848e-01
5.901565688232187634e-01 1.576545811781128459e-01
3.796667255164103971e-01 7.502527897654792666e-01
2.953010376156871980e-02 2.155823176023669019e-01
6.611479419145324110e-01 8.843253589908028900e-01
4.655246026321001596e-01 5.129041644396410415e-01
9.941962691879208114e-01 4.564293241081802677e-01
2.983817591914806888e-01 7.194097080586621118e-01
4.853933544455347748e-01 9.854899789902321627e-01
7.211974875809203933e-01 2.985869437476053601e-01
7.154886450040002233e-01 1.380922630765372139e-01
9.564536756733819922e-02 1.755519563351020662e-01
4.193021513007932355e-01 7.413722830775506534e-01
3.815220205854094604e-01 6.092602826983832820e-01
9.939906414218695474e-01 3.546328230380570989e-01
5.757238219094333864e-01 2.107018510657103771e-01
2.877871076297868758e-01 8.846391110532412227e-01
7.054525518979934962e-01 9.175489757988921635e-01
8.785689544304435827e-01 7.076297940200745318e-01
3.582907801045876472e-01 2.417224218479366304e-01
9.298345037401225532e-01 3.182708700248719769e-01
4.294290643936795049e-01 1.191740508300371676e-01
8.868295533816870080e-01 5.170178075835131226e-01
4.377841769578637576e-01 7.442085779287719305e-01
5.238719960079224469e-01 7.206088306703727075e-02
8.809565572135311662e-01 7.430116225651907103e-01
7.225899623317821874e-01 3.002906279182819826e-01
3.080738043068763643e-01 3.735839220987957621e-01
4.231965851759900143e-01 2.729070206168570101e-01
5.316639986672884455e-02 6.096106361160977816e-01
7.317144472631026408e-01 5.807086864101769219e-01
7.265905858392807115e-01 9.057255547351231728e-01
3.994604240889786384e-01 5.635765498031979348e-01
9.556585864321105461e-01 5.469306658110758557e-01
3.308128015277327361e-01 5.183136285861368320e-01
3.267349530467970053e-01 1.773434131641408451e-01
3.861686876047742967e-02 2.406090729545293516e-01
3.940936524632647764e-01 7.776991093750785788e-01
7.846421856637797454e-01 1.398960557434310581e-01
2.208923998697528701e-01 2.372985186165711691e-01
