1.419238325551675506e-01 2.284682286569643395e-01
5.885788509061756768e-01 9.402924107754389027e-01
6.448251024222935168e-01 6.543974832052666946e-01
4.959706620893739037e-01 5.652508714613208030e-01
9.112917124226856957e-01 2.073998059892994683e-01
7.153803250822274862e-01 4.132874445092859506e-01
2.601948436354105387e-02 3.395634760138915298e-01
4.221798361662035814e-01 1.685930409825786847e-01
3.131157539023038394e-01 5.768751075764071423e-01
1.058213142729411832e-01 7.912733263041414888e-01
3.168856002452701270e-01 3.799295166402150703e-01
7.615673284069488513e-01 2.064259313684312647e-01
8.669824152950413865e-01 5.094021253897931256e-01
1.576468999089829515e-01 8.801826179204974565e-01
8.609597404484558014e-01 7.891871372023901987e-01
6.062556711052337066e-01 3.500853891462939460e-01
8.358140549466547276e-01 7.458585269644182336e-01
6.856527341891136551e-01 2.832549071575058974e-01
1.769705359458501048e-01 3.294342201339950926e-01
9.178136961426947016e-01 2.631575371197584223e-01
5.611447662552357940e-01 1.971518849801825179e-01
3.560278815310461420e-01 7.371394713481693728e-01
4.218064794046502142e-01 2.632980000699489675e-01
6.264728224651417987e-01 3.715821518344682162e-02
7.487073063359126479e-01 8.098042641412768194e-01
2.221880328587802766e-01 6.411697284230637450e-01
1.169907298323254741e-01 5.424999307687901062e-01
4.244710926901349435e-01 4.169363218291933237e-01
2.894888596558857774e-01 9.413792005836745247e-01
3.776481682606216417e-01 6.331915062830977270e-01
3.779814567338214415e-01 2.800804697095769513e-01
2.405434340068056398e-01 1.041850171370333339e-01
4.111949932292212617e-01 1.648789774495836580e-01
2.664336563802584545e-01 6.727463758420471063e-01
4.490438226550286238e-01 6.449646735468659298e-01
7.484112268225104336e-02 6.627177452238726119e-01
3.053315393558736490e-01 3.111813469563557422e-01
7.819833826960790324e-01 1.648698353813111417e-01
5.004842755099679907e-01 9.164409683533566442e-01
5.331082676912758389e-01 2.196529138621391986e-01
7.802141894920656684e-01 4.686197953360144997e-01
7.754213798494755672e-01 5.122124264365178758e-01
8.580582665760806416e-01 7.048363213487542911e-01
3.670450056487055690e-01 2.055555624342369492e-01
8.427090757632915707e-01 6.342295604771580608e-01
6.958454453926427030e-01 8.111347523773546619e-01
4.909214911807627257e-01 9.313688813828279178e-01
4.765732629608700893e-02 3.939369754086542441e-01
1.391393407437496732e-01 8.253336402557955864e-01
2.308177582510581027e-01 2.545638644238212289e-01
3.636898930814276287e-01 9.807467838213689282e-01
4.448027184126739364e-01 4.223778014816474968e-01
4.115815180954591757e-01 9.832449122638351469e-01
8.553628034549489723e-01 7.132002405628798947e-01
3.043384179966761582e-01 6.780263267810462402e-01
3.617029847389064967e-01 8.396464354022955545e-01
4.767523079230719385e-01 5.326182005790743856e-01
6.271913882379115401e-01 2.139894833775652927e-01
9.474383633920997472e-01 4.749342092613808575e-01
2.108273392336199870e-01 5.368822211318969861e-01
7.823420760473320801e-01 5.808790444867290015e-01
7.087327635132041337e-01 4.605004834705644923e-01
1.576468401027103783e-01 2.604364347736347063e-01
9.553539924194519584e-01 2.494419115156635280e-01
7.676545434945085677e-01 4.102592530853743646e-01
1.393579075655101696e-01 7.682470540339487730e-01
7.533014326454187115e-01 1.408176699479894156e-01
6.787450949710382986e-02 3.061796403865343352e-01
1.995108636837170935e-01 6.259906585261825196e-01
3.520518666579445233e-01 3.693844395137543257e-01
7.657172001105662096e-01 6.423525469959048273e-01
6.186628160447433800e-01 9.069358592211875791e-01
5.861621658198138407e-01 7.259632895102460237e-01
2.749462156940743474e-01 5.747803098192181270e-01
1.142519337067647717e-01 3.127879534506656789e-01
5.936530114943666669e-01 8.011742098691886360e-01
4.316076858026077767e-01 1.124628183855989338e-01
2.327889610499427886e-01 2.989942761715486674e-01
9.169823217195833820e-01 4.046528178290326738e-01
3.706094600615467138e-01 9.708036264081885136e-01
1.518459125305707813e-01 5.243304629980961584e-01
6.769591640066755511e-01 5.328390274856037445e-01
9.324779920870194250e-01 2.708798369822972285e-01
1.964724275888262706e-01 6.844788257319271985e-01
1.262042628209723294e-01 3.397765942948829943e-01
3.622800256500906257e-02 5.711073450956440922e-01
5.460043249796848741e-01 2.133755304706601574e-01
9.881587682600254108e-02 2.378200401372594364e-01
6.635323627071476604e-01 4.433707284125125714e-01
5.729362054726097053e-01 2.348367573054553972e-02
2.994709486358378969e-01 4.268473136534717272e-01
3.896002648625262466e-01 8.230540715325985746e-01
9.350208693982315911e-01 6.561169183660964244e-01
9.502049881975915824e-01 5.089096263401233777e-01
7.488598152431833466e-01 5.173400267871182123e-01
8.351583758267848712e-01 1.514642831939981282e-01
8.557713320962014036e-02 6.801849088579374758e-01
7.954223533166593363e-01 2.345167746756192662e-01
6.586399308390917806e-01 3.991351497171203855e-01
4.533319142059025753e-01 8.166479707617504413e-01
9.073492010436338129e-01 6.408401140647929095e-01
3.255184235936947612e-01 5.396023251600993165e-01
3.511925737796365854e-01 8.572866711888342817e-01
5.091817764636207277e-01 3.364341875322136022e-01
5.270414160309631058e-01 8.381259023630993621e-01
2.435087098054735111e-01 3.671563873197112304e-01
1.674699385488809256e-02 5.313137789691777524e-01
6.279130256166725044e-01 6.832238959105590981e-01
5.319238645790915765e-01 2.640045260623726242e-01
7.291451027219848502e-01 7.445289712986651320e-01
7.188279482227138972e-02 1.839596816092182729e-01
5.079071787898192802e-01 1.356135924467944953e-01
8.994290833622226033e-01 7.282236830585631093e-01
8.310042653580912431e-01 8.217091754536651749e-01
3.685586845579152948e-01 5.267174843598031869e-02
4.881020129115705708e-01 1.835647247772423385e-01
5.192903402938411350e-01 3.697928340616688653e-02
2.138537346364577374e-01 6.289933272494043770e-01
4.870058219882343331e-01 7.413008986482817753e-02
3.719965323659989442e-01 3.453628965669633399e-02
6.193413200922666118e-01 7.689078547042348388e-01
9.270690039595976817e-01 4.873450466235593748e-01
7.323451647669976250e-01 6.017167825885050281e-01
8.036278428176534261e-01 5.040731300873312337e-01
8.033979886757434130e-01 1.974864501477331391e-01
4.930792449960458290e-01 5.833343739845938680e-01
6.135230659779651319e-01 3.474880202496957726e-01
3.221126786647540152e-01 3.614593196770652384e-01
1.042162012161192697e-01 4.988615313142950036e-01
7.442455256737030567e-01 1.147536366813604047e-01
2.232224021015893900e-02 5.769011077128057829e-01
7.923313334025695598e-01 4.872539018307622816e-01
4.983301514691078071e-01 1.447751323963450409e-01
5.297018752432846034e-01 2.725820145455166710e-01
7.052664499500578277e-01 8.266581289712131575e-01
2.612129262532439378e-01 2.127078259736355226e-01
1.514252714862519555e-01 5.084736561954712464e-01
8.332767379561775156e-01 7.991713455153914847e-01
1.768332880004426233e-01 9.029448240287785143e-02
6.665298971855001531e-01 3.225849073755058388e-02
1.716880396972440825e-01 4.454525742647634234e-01
6.020209967831562370e-01 3.172845216860596951e-01
9.369430821404743925e-01 3.012956827247738056e-01
1.104495208206817264e-01 1.821571396675848997e-01
3.565428800668173082e-02 4.976879359817263371e-01
3.329363214139113292e-01 4.008564553025557586e-01
7.425544359803115668e-01 4.765929035131892255e-01
5.200038741404792164e-01 1.348911807270709029e-01
7.453109488056196552e-01 3.513704848770509148e-01
4.244707772928520972e-01 1.875711414692614043e-01
3.082855192524193155e-01 7.064943430799294766e-02
8.111669159625037873e-01 7.206598928577669927e-01
8.806021853145666878e-01 1.507956510213058210e-01
2.607534695205582231e-02 3.274244895220033147e-01
6.914201737987479834e-01 7.026324618500330299e-01
6.057558860861900207e-01 7.988108149451983442e-01
3.642263372339213934e-01 3.861304207682282330e-01
6.881675908696307520e-01 5.639208601331978654e-01
4.366750036942920743e-01 3.598921658315042404e-01
4.618693070371897025e-01 9.318353494410860360e-01
6.469748962055195118e-01 8.156251797932415615e-01
1.070636638950791253e-01 7.553433743195810957e-01
7.585620201787547368e-01 1.186665468223988829e-01
2.287534234738684280e-01 8.583078332751289397e-01
9.871146813506262996e-01 3.925481006290630903e-01
9.036755904329666356e-01 3.581999549686099571e-01
7.514427771186905636e-01 8.492963431278029995e-01
5.462368401091433068e-01 2.611314449196082688e-01
5.732127855135725758e-01 8.265016510272658878e-02
6.152521633545366964e-01 4.299219057767033059e-01
2.210789983798220892e-01 6.613781544949854929e-01
5.156333353023467847e-01 7.451882832356210296e-01
8.178673419689262980e-01 5.270001510920740984e-02
5.034356483025889117e-01 9.543832935721456856e-01
6.110386797826109495e-01 1.582409764750669634e-01
4.182176247362704991e-01 1.906401181788954236e-01
1.189124928405074222e-01 8.759440976349691654e-01
6.653989377418830786e-01 3.660154061728541075e-01
6.084279235568227362e-01 7.959157250919376425e-01
6.844838311128846886e-01 7.077650643168035272e-01
4.609191448721472462e-01 7.807994336036419014e-01
8.446063149045495155e-01 3.081361260669990276e-01
6.761670952594890371e-01 4.369969912646642918e-01
6.643779905876170400e-01 6.465962540291214644e-01
2.491154147692073439e-01 2.494603005332654555e-01
7.985684368787382414e-01 4.051835186038243442e-01
2.916369242920311966e-01 5.482683891215711647e-01
6.148099698175027994e-01 2.806628927431628062e-01
9.297947047076704497e-01 6.455966670150761200e-01
3.381460477845409374e-01 3.463865337917177434e-01
8.029228532086875036e-01 1.447108467123389142e-01
9.272596158808681377e-01 6.753239164986799548e-01
9.803584487541964210e-01 3.736128473093988100e-01
2.048453579667658953e-01 9.714669975418308012e-02
3.292254034432407495e-01 1.304151054547771083e-01
2.882173764734330401e-02 6.167617982108207775e-01
7.099210937209191608e-01 1.997211024418377168e-02
3.555307256723091447e-01 1.130000283104204695e-01
2.697335978271850343e-01 2.071295929468703889e-01
5.518079706194212175e-01 5.620282468134258913e-01
3.210946517112454601e-01 9.831009488209809799e-01
5.209238429410512072e-01 9.136269485585102323e-03
6.432276991589613857e-01 9.660661495557332223e-03
8.083407317716085894e-01 7.238179966030731105e-01
1.878740917797849241e-01 6.764634109862606159e-01
3.855576909307560363e-01 8.723823304617330798e-01
5.302651377586065085e-01 4.190808040083862651e-01
7.407236129049189488e-01 7.599298852455850239e-01
3.869109392940341952e-01 5.624494651827131042e-01
7.827955128922864381e-01 3.443240602405361894e-02
7.101614157761897417e-01 6.690686641567564763e-01
8.990588869659565940e-01 5.308209924877911323e-01
4.866925461263091335e-02 3.858300576460942932e-01
7.137382842728977606e-01 1.154266369106726614e-01
6.481264146129174231e-01 6.285329484680761691e-01
6.633084151796289074e-01 1.107350634986864341e-01
8.268046481517976609e-01 5.188042308042865036e-01
2.075129145203961079e-01 4.292336990605501446e-01
7.902216333106077961e-01 4.904502970601133660e-02
1.757640569125758778e-01 2.554503541100289210e-01
1.126102437143218088e-01 4.659938735630468898e-01
1.031850356584915751e-01 4.738362379219736575e-01
6.047402938227663949e-01 9.696849028301660067e-02
2.371788238055625442e-01 3.111619879652226528e-01
5.201190451618231680e-02 2.128393932697970614e-01
9.134270609159401699e-01 5.021053424729575720e-01
8.869198715628671958e-02 4.487714262339636551e-01
1.271655712782380765e-01 1.279512462446992516e-01
4.805818567098706362e-01 9.885345839360509812e-01
6.938365582695159572e-01 8.555793051612021749e-01
7.415842784167865354e-01 9.662187341841430022e-02
6.033656742163634457e-01 7.119571790095982067e-01
5.968201082275683689e-01 4.970640536806981147e-01
2.706957193827245756e-01 7.993127893607586687e-01
2.929759934455202774e-01 3.310260968633686463e-01
3.457085071736453186e-01 8.166844832653687991e-01
3.035085146971440717e-01 8.715788180389079098e-01
8.079125316310967753e-01 4.652457680937482909e-02
7.462735744365109891e-01 6.221567174974853565e-01
6.950068048543697197e-01 3.685318812316914494e-01
2.666290422800936533e-01 5.177888647294540680e-01
5.752767286759308263e-01 8.932429257913305776e-01
7.448957406648998303e-01 3.407720157630378388e-01
8.235818952962761230e-01 7.597649066974170307e-01
7.573042223495863867e-01 4.014521589828254355e-02
7.885770189803146257e-01 6.427711185162753305e-01
7.644012964565343182e-01 5.567640397389408968e-02
7.351252999999781101e-01 1.417764010513437589e-01
2.778048697098346453e-01 7.062856894476935432e-01
8.283143038681430870e-01 3.589452338079822669e-01
4.643470858802467571e-02 2.328925577784489720e-01
2.074104220590592684e-01 8.518440928038093496e-01
1.608879238296891945e-01 7.924847402566017607e-01
5.029661759208088334e-01 2.820308555167769932e-02
2.256952705727728881e-01 4.093473473493172698e-01
6.094414287776306338e-01 4.845127404859317366e-03
8.511776451335435478e-01 9.259377888886570485e-02
4.248486981986450139e-01 2.780583480929890161e-01
8.360861858222413956e-02 5.480346612770079506e-01
6.775275939008309489e-01 9.045222790481732833e-01
1.755741105064408114e-01 8.208782050274658904e-01
6.246736299462871678e-01 4.914405343075548688e-02
1.528525447976208373e-01 5.273688788175424635e-01
9.510306291915535115e-02 8.325329765184787956e-01
2.494827073212105284e-01 6.479960852041360964e-01
1.614609134897279086e-01 6.769862837124548394e-01
2.049039910858980740e-01 2.428078473319661146e-01
4.188565898982561375e-01 9.949614051521192826e-01
4.091225345823588100e-01 7.992569742651889353e-01
5.516308076458834725e-02 3.141926641910665619e-01
3.321075622290821650e-01 3.146162524916780723e-01
3.700684594081208312e-01 4.048438759735855097e-01
6.631800904564445487e-01 8.118532509284143162e-02
6.472805756041852820e-01 1.902389800586606894e-01
4.802439992613015685e-01 3.500208096762125742e-01
2.191391219811936741e-01 5.379421947035933904e-01
3.309665713344213112e-01 9.155299302326194155e-01
4.634017029579922536e-02 3.046392867538174065e-01
3.101666029042995376e-01 5.055595196602005181e-01
2.244434990263663443e-01 6.530528433307394298e-01
7.741736378975321298e-01 7.704387441850089058e-01
6.930894919831094292e-01 6.660081281531180508e-01
7.350697896732456549e-01 6.736541907771261828e-01
7.196086101807727120e-01 5.493890132709862151e-01
3.129510480616097268e-01 8.774131539527663115e-01
5.005830711175506265e-01 1.166938865723621266e-02
8.920513407519210514e-01 2.544059482763368907e-01
4.475036123760615242e-02 4.343506308408366379e-01
6.956159776680675977e-01 2.196447739296780166e-01
3.158787272471317853e-01 5.693210287532917135e-01
6.054943380726398594e-01 8.802651791029281192e-01
1.952390533913053172e-01 3.289914416768411898e-01
2.840481955587784713e-01 4.349266259611647700e-01
3.756950723814506121e-01 7.282489662445906786e-02
5.911713201078296898e-01 3.373494836618743942e-01
6.220193669961910921e-01 3.740985656139477755e-01
8.742957913769153766e-01 3.385357728259596466e-01
3.177529169499110351e-01 8.290855902386315979e-01
9.210942660873983057e-01 6.886177172257104129e-01
5.771063330453388707e-01 4.318346141665485582e-03
3.375944614229790530e-01 3.737823748952514569e-01
2.275756713925362607e-01 7.715027921177167181e-02
6.711023545962619963e-01 4.394089963420662048e-01
6.472264472440506511e-01 3.085039839719864729e-01
9.643415533691278574e-01 3.824552873503863637e-01
3.272786207525542057e-01 3.021528075890250187e-01
3.621065136393138428e-01 6.570705374287466594e-02
6.596552488670458514e-01 5.504038866703925281e-01
2.532947465906876250e-01 1.368563301753832895e-01
7.350526034654010221e-01 8.832073995444755798e-01
8.480072777421736596e-01 7.385178066770303751e-01
7.985768552297581868e-01 7.132336992378174312e-01
9.508324464715419699e-01 4.446207742846246536e-01
1.968933597470115537e-01 7.618851224855350823e-01
4.385355931581707001e-01 2.116773414315851476e-01
3.190672651391136538e-01 9.588210626717909024e-01
7.368666245976446261e-02 5.991361968068026345e-01
3.839666644867061884e-01 9.874564340267919516e-01
4.915929369923651704e-01 9.170211717235167148e-01
7.350579056415629253e-01 4.109173829151744894e-01
5.516329966744971947e-02 3.768448489489442665e-01
1.443382870382547700e-01 7.366661856945526665e-01
7.378795904359403135e-01 3.286642184227633323e-01
1.556347107434423449e-01 2.856010176391126643e-01
6.985274601584187115e-01 5.309743951391683314e-01
3.141687616451492859e-01 4.646151762701080101e-01
5.645669952092440269e-01 5.125944547007262875e-01
2.328730252111996524e-01 1.893185758112471140e-01
4.598688432406232707e-01 1.996770838866238629e-01
4.743820252844375696e-01 8.057770844708650460e-01
7.801723329157664866e-01 5.061523219470577262e-01
2.409556917311418134e-01 1.946838323507547319e-01
8.579664521237315711e-01 7.938143819918845878e-01
6.004195927338613903e-02 4.814226013141618687e-01
9.850516200447895221e-01 4.646628800557536243e-01
5.156623144279145476e-01 2.167791025375191138e-01
5.336383555844111948e-01 1.249121987049508636e-01
3.500834065988004395e-01 2.538849408933785412e-01
7.749319885767662619e-01 2.424109957143634753e-01
5.889410691100818163e-01 5.898269923561725303e-01
8.548706693103320653e-01 7.014717169902678906e-01
2.638928568744903780e-01 1.986994344658290224e-01
8.391590662821801772e-01 4.567924247242479696e-01
4.125641982030824884e-01 3.144928223345690999e-01
6.377634481777205711e-02 7.603041680398698876e-01
6.260262048357363440e-01 2.582637978016603664e-01
4.805855842200210115e-01 5.335266327556171806e-01
1.641105514648764641e-01 5.305735868055865279e-01
6.710088672748137917e-01 3.978296756627481834e-01
6.595713821199100657e-01 3.646652054102641344e-02
7.154663522897726224e-01 6.174115468038913201e-01
5.673177699027189824e-01 9.566330751425133894e-01
6.585367976572011894e-01 1.010198796204155869e-01
8.909951409026928282e-02 6.460894416746892910e-01
7.489853072685458413e-01 8.521146723895310915e-01
8.493408921734424410e-02 1.411132514387775094e-01
7.702922463399419772e-01 7.724556560921547188e-01
2.353836738210078328e-01 3.735500154252798244e-01
6.405539821843472259e-01 3.643368054312350890e-01
2.483052380684879767e-01 2.987413107334526141e-01
7.018930561792063871e-01 6.578039953352002867e-01
5.554446443176266346e-01 3.393668159901016002e-01
6.230121997266192535e-01 9.652155780656533277e-03
6.928661978145258526e-01 5.721523749354773258e-01
8.878285185164039861e-01 7.470158087189662233e-01
8.390220137385072663e-01 6.979412328611820371e-01
4.886013561195995947e-01 8.212984183451690345e-01
5.833167456343071322e-01 7.951634221295657001e-01
4.023465776932436677e-01 9.956195402836871544e-01
7.629819145818829140e-01 1.683128385062661048e-01
3.387182447389497364e-01 6.064386730108849433e-01
7.355462466838444957e-01 6.247221184955663587e-01
5.148288736810309185e-01 2.644212583400400440e-01
5.851722639340873888e-01 8.929459364306215896e-01
5.185109747395054702e-01 4.117693050295160306e-01
3.613889119772334402e-01 7.282712603141978658e-01
4.656526608138864542e-01 5.757972643974211824e-01
8.550217099771230123e-01 7.592045238142810515e-01
1.252031166816809926e-01 7.356072782717948400e-01
2.808175239352895813e-01 9.250883534427003507e-01
3.262952655924827861e-01 3.965992672913307704e-01
5.472275239556466664e-01 6.508093642969371428e-01
7.309028399381313490e-02 7.176781712936530777e-01
6.472398473216682824e-01 1.554670810599275421e-01
3.213309548320034681e-01 4.057074326521209473e-01
1.050858483633241303e-01 8.545472071417919979e-01
5.816202481878952613e-01 8.568936952172011567e-01
8.597449746530245740e-01 4.810197180708559728e-01
8.650446442692401039e-01 1.062278281591884088e-01
7.470038300010637400e-01 6.460235110455092578e-02
6.970219446185816903e-01 8.500617084039151505e-01
1.821824410563748220e-01 5.384502476697500262e-01
4.123468470876392455e-01 3.780111682527164119e-01
5.604930786630580863e-01 7.250619368923637564e-01
5.148127813344645087e-01 2.014617364774021202e-01
1.043560727006459105e-01 2.880328634125995380e-01
7.038621323716006684e-01 2.152239628851108921e-01
5.369865397002479557e-02 7.069323996421548184e-01
9.501319102934036032e-01 6.182159234273520987e-01
2.817354807834663299e-01 3.024686128522350304e-01
2.787049928034869284e-01 4.870988447742021776e-01
4.483213107287042920e-01 1.587501587847308937e-01
3.933644924961484657e-01 4.307398479889012477e-01
5.286307945688415444e-01 1.212263493576542367e-01
7.521809932987870706e-01 8.752691291528299500e-01
4.969053291063995070e-01 4.832794601804510926e-01
4.618076018635376978e-01 6.079830206053846720e-01
5.217046278556826122e-01 6.199228679272129616e-01
5.414363074702750467e-01 4.016458666949415113e-01
4.420112889091064312e-02 6.035989804907078149e-01
6.957472343908088774e-01 1.911233552981985995e-01
5.140269432578605802e-01 5.679710359968086208e-02
2.128124987697055381e-01 4.992481183466063177e-01
1.533530256778909140e-01 1.978020594997658421e-01
4.566704276775772064e-01 9.528871530429070535e-01
4.221774452797239507e-01 9.366334189151381828e-01
1.877363692965445807e-01 9.390879859278589148e-01
6.835438099070105800e-01 6.581249158294320001e-01
3.008413052323894443e-01 7.874737088804012464e-01
3.691323998812275353e-01 9.677362458472901219e-01
1.066383207902760477e-01 6.561784389058211708e-01
8.935899884727313003e-01 6.393153385064802574e-01
2.474043448694065728e-01 5.868537222131118281e-01
7.828409969172789307e-01 8.412727033251622411e-01
3.893053920367044451e-01 3.634817424803855057e-01
8.433153865424471984e-01 2.770216546023216431e-01
5.681682402228841466e-01 8.403542522909391854e-01
1.907652004754147868e-01 1.776371337790182137e-01
2.838340752077223028e-01 5.172602122979989003e-01
3.598332198167216722e-01 5.261429127198583577e-01
7.529074519135987575e-01 3.337590116546835795e-01
5.755595909980760760e-01 3.399582441044855519e-01
7.873290312020921888e-01 8.537377998553760117e-01
2.218834849289251787e-01 4.760263190127284050e-01
2.705453746966172135e-01 9.686756962656477565e-01
2.851702545466972549e-01 5.650045808159527283e-01
5.239247203556259835e-01 6.984380357619149882e-01
7.577264067745682619e-01 8.617179342878693582e-01
6.488854057600554892e-01 1.204372211369953843e-01
9.239330954163854637e-01 1.950903918169279994e-01
9.461163290370514511e-01 3.796786979932547657e-01
3.199498614817253284e-01 6.852160536000104774e-01
6.934363123902391735e-01 7.138042833594581138e-01
2.907782200496825675e-01 5.058429040154723833e-01
6.248619659229690537e-01 2.905576338145073878e-01
4.031344456833185763e-01 1.996725012032973257e-01
3.366969878745684763e-01 7.550991999977536562e-01
9.706320540410725561e-01 2.987406365356334303e-01
8.491224265536962967e-01 7.346376133424391552e-01
1.078398399347333114e-01 3.991467219901844721e-01
4.973242214698159747e-01 1.649947858872567452e-01
6.764475998127011946e-01 6.410570146578494777e-01
5.915262640828595764e-01 4.326777882969615741e-01
5.346336391852918313e-01 7.110924461695276033e-01
4.646489459775651198e-01 8.392183673835327262e-01
6.151243752854175240e-01 2.333338467744423550e-01
3.789026322880230113e-01 4.022899974218319130e-01
1.681460792519210573e-02 4.916956164651646310e-01
4.205937965098950904e-01 2.811957795788418424e-01
2.822068483606782197e-01 9.701818593907370891e-01
1.974522932098160821e-01 3.343876469099401616e-01
2.330297925297584727e-01 8.408263529153869875e-01
4.147488550788372974e-01 7.909712872744381063e-01
1.982876447367955819e-01 3.878259563560284562e-01
7.449363545563446598e-01 4.504930495543733038e-01
1.176005688601305804e-01 4.182297097359020110e-01
6.872014336646481425e-01 6.891750105366722945e-01
6.544669824085399545e-01 7.551157420375723683e-01
7.085189986751641023e-01 1.144018309735043148e-01
2.963394897217309087e-01 7.921023821897376083e-01
1.864736456189513003e-01 4.020455442739631624e-01
5.436877998788927080e-01 7.413750434535142375e-01
2.697126651410945361e-02 5.555992745159539226e-01
7.996645109581168587e-01 5.975760900891806671e-01
8.785315689803159245e-01 1.342112876530413001e-01
6.076271847521647063e-01 7.411957326793658929e-01
5.384202553598533836e-01 6.724524267581919457e-01
7.071759569218885044e-01 8.804569088661721166e-01
6.243506496232471559e-01 8.859543236293873081e-01
6.463213378940371179e-01 2.001981770264776583e-01
4.616630571003845773e-01 3.727051155624133694e-01
8.171922849003485090e-02 4.590179332723017258e-01
3.363602401632123096e-01 4.229148082388501373e-01
8.911735533354980809e-02 1.366512994603797937e-01
1.539364916501211877e-01 2.025288848784406182e-01
7.478524646622721761e-01 5.205141355281581728e-01
8.316376215366285685e-01 2.267524232108236726e-01
3.578055469441516756e-01 5.911296791220908009e-01
4.840306728954384408e-01 8.596614848611330295e-01
5.079852088821776857e-01 3.387756838323900399e-01
6.610602837744554705e-01 1.547786686387404853e-01
3.105131088574190068e-01 1.008795331095734132e-01
8.410881299835708536e-01 8.117690043314051973e-01
5.241200370112728546e-01 2.026226944515630568e-01
4.158236366835931230e-01 2.199995915220634701e-01
4.844663932937895989e-01 3.078874263165852776e-01
2.789981553747366005e-01 8.253001142252526234e-01
3.249485203085015206e-01 7.390269052867135535e-01
8.230922962744571247e-01 2.727239449198842203e-01
2.960622880843998272e-01 2.416205273651074181e-01
1.640245095284699750e-01 4.754435901202171966e-01
8.898225161505346481e-02 8.235450964762085491e-01
2.452607988771336039e-02 4.459022809767523854e-01
5.376103421907445501e-01 3.100870334921890237e-01
3.055245359053100351e-01 3.496423200164119338e-01
3.320159315016696366e-01 8.627406521473982570e-01
8.434813429279689467e-01 1.579923472343594815e-01
4.310181971255662159e-01 1.607879864214013244e-01
4.481652451135516024e-01 9.929728736138062617e-01
7.170861798668185516e-01 2.167907030458860740e-01
4.866385409450292299e-01 7.377255330650797083e-01
3.718145043626139845e-01 1.574195537993446359e-01
5.543888605251350299e-01 9.167353524452561686e-01
9.890495155901942725e-01 4.121291613057088687e-01
9.277018591243720858e-01 6.492340538404202110e-01
7.464483218013687749e-01 4.350487680646511479e-01
2.355266480044211075e-01 7.796006976805042177e-01
4.689669634713440338e-01 3.607027842337824364e-01
4.163247167797264336e-01 2.973453522007427074e-02
2.695503723280465724e-01 4.845356716340880610e-01
6.206645579923124600e-01 4.513348469194516238e-02
9.640673801406689503e-01 3.669745262164451627e-01
4.801411607024362871e-01 6.091529722563008287e-01
6.731789260950550302e-01 7.294876752926973129e-01
6.982630088798797985e-01 4.554486036397943360e-01
8.322900143285641983e-01 6.857723955889838408e-02
2.035225566535474040e-01 7.798162059860327400e-01
2.214333794750178996e-01 9.000143291736760753e-01
2.462799658978823691e-01 3.571568516310742458e-01
1.726248050700844860e-01 4.246039729298971555e-01
5.304685289290697048e-01 5.548450770104165208e-01
4.030588444209601273e-01 2.520233966371188683e-01
7.444017350447532655e-01 2.454013299101021062e-01
4.221411437407786016e-01 8.467999997096787856e-01
1.035783804299100774e-01 5.980092097485700808e-01
2.907507372559471337e-01 2.143129800576320521e-01
4.003153311732958741e-01 8.963088779901680070e-01
6.454678092822370150e-01 5.410116487698281018e-01
4.436682518931794883e-01 8.226941774506302263e-01
6.970757547138138888e-01 1.227859759326417055e-01
7.530677200526797455e-01 5.694025602511925133e-01
2.402839474315746349e-01 2.392947844196793017e-01
8.590323036839687676e-01 2.326906506866824043e-01
6.968553267792858552e-01 9.001274035867803391e-01
5.695254440943391394e-01 1.962959790007440808e-01
4.160034817861491541e-01 6.147511627074573326e-01
2.846259793144584327e-01 3.333598248164323374e-01
7.638344822760748110e-02 3.565983709395173507e-01
8.175623805368164021e-01 7.083736321717573614e-02
1.215680341537983267e-01 4.440690976858089889e-01
5.174124122065776321e-01 2.786668477304986014e-01
6.701512984905424464e-01 7.778182789932850394e-01
7.667391003819805650e-01 6.885892446573665948e-01
9.730396349171860360e-01 5.370415449388139528e-01
2.241849497066951413e-01 7.588643098508777163e-01
7.269346812685879566e-01 2.205379093101767496e-01
6.694709075415062882e-01 9.077159267740093629e-01
6.875816624858677173e-01 6.209809980978324706e-01
6.082828334445203877e-01 2.905649900179177458e-01
1.804286647834126012e-01 3.664590405098895332e-01
2.980589382675223331e-01 6.580492942195239614e-01
7.618507314317999324e-01 7.184754312741241655e-01
5.693537562639390259e-01 8.105508142359476587e-01
6.256047262332868897e-01 9.858271451238308919e-03
3.226438508467954214e-01 6.645738855740759288e-01
6.759838116875160896e-01 1.435912247962867205e-02
2.783041643291456202e-01 5.165713270599727736e-01
4.413315442262479293e-01 6.105778999507160965e-01
1.626249600223455549e-01 6.773493674404200693e-01
4.881863939378355832e-01 3.953753240158335847e-01
4.194459858964612042e-01 2.386082285270552106e-02
4.574586018578669089e-01 6.174564906388164687e-01
7.783587422117222987e-01 7.636384732465684166e-02
5.623256529631113221e-01 8.786501819170287053e-01
3.249268499512959485e-01 4.901496513236940356e-01
7.700129565744242566e-01 2.200894715827745318e-01
3.573331632308162087e-01 3.171391643482442957e-01
6.195757745965773111e-01 4.282501156210468674e-01
1.095048440980572746e-02 4.339493372486209477e-01
3.197917243983802171e-01 4.236797781696799436e-02
2.247405091158918289e-01 7.094520913566615405e-02
9.964964423227208601e-02 2.379439023842182810e-01
5.434490251138543448e-02 6.289274050919089198e-01
4.833062353030873060e-01 7.530500615971789102e-01
5.500267927464546069e-01 6.059358274367480229e-02
4.588943743831573885e-01 1.757525171646401319e-02
8.162015060172052028e-01 5.402655100479086814e-01
4.157242765866201450e-01 9.672266134086239253e-01
2.927000954825023094e-01 4.618192225745766377e-01
3.365736773248095837e-01 5.381803201102587364e-01
7.222614048748252635e-01 5.498633218296646863e-01
9.334315669558899131e-01 5.968806144092894117e-01
4.357652202204202463e-01 5.983501355592318882e-02
3.140615826718038406e-01 2.167455523129353245e-01
1.214377501741817356e-01 6.668071511604979351e-01
6.640237656241703146e-01 8.465308305757519580e-01
3.321179640509143161e-01 5.821630512767518306e-01
4.123551118576785357e-01 4.058379070544347600e-02
7.049016648276933417e-01 2.052218719623602472e-01
2.913431806279346836e-01 4.139404022819732631e-01
9.821474838808451624e-01 4.837403381491536258e-01
6.889936597973687071e-01 8.170845410143281473e-01
2.729527758081194966e-01 3.695644156215742160e-01
6.814584179691770549e-01 2.670657948797731662e-01
7.855059672193438480e-01 1.720403836636856254e-01
1.970394254681767932e-01 1.429490380963857332e-01
4.558188649778799340e-01 1.173951852415353325e-01
1.773769330612072759e-01 1.382027924841744415e-01
2.446594015400714861e-01 1.156717809152025822e-01
9.009206357035990376e-01 7.015964026079143379e-01
3.384074583959690852e-01 6.935199212130873647e-01
9.537540852915099565e-01 2.980839745158657128e-01
5.543342230419986416e-01 3.793949545137090262e-02
2.942162503156143250e-01 1.067500708350173355e-01
6.455763834033440007e-02 2.732631371971283585e-01
2.671550473774587653e-01 5.649046739948515583e-02
9.489910170396954892e-02 2.283263226133800117e-01
6.410907169807025241e-01 9.200609687956671223e-01
7.849404453630504097e-01 5.858217434797894363e-01
3.047881456168627379e-01 6.438936849381932115e-01
5.918698013515349965e-02 2.801982880055984837e-01
1.484166585160346108e-01 1.048958523400681658e-01
8.792779789624843856e-01 4.929186403122358673e-01
3.909533309550393687e-01 8.514991301732847129e-01
7.134166650677608024e-01 2.488693231217523616e-01
3.174260288643694361e-01 5.259809316291040870e-01
6.746671588452668455e-02 7.708753270599312257e-01
2.736700950100087737e-01 7.925340088496101165e-01
8.886585150418510048e-01 6.775776216233249105e-01
8.982474769061168374e-01 3.236961468913030493e-01
3.657465146754352858e-01 2.717869925211912618e-01
4.571260200965815979e-01 8.827742209929753114e-01
1.713258136792559783e-01 8.036566736689338963e-01
5.596359723341830517e-01 4.402644758797493729e-01
6.550285977962744255e-01 8.454384086905168683e-02
1.080908497370315080e-01 5.290725334695892679e-01
2.515715288586714005e-01 2.368634533535214637e-01
6.462780270463206467e-01 4.419320355910445475e-01
1.622391708223144269e-01 9.624001822472005863e-02
3.590491086489294714e-01 7.077924565735946860e-01
5.818064624377772276e-02 1.921264376072601143e-01
5.648333862355710000e-01 3.342606925279078545e-01
6.215226179262464123e-01 8.045926140840893304e-01
6.633840393144909697e-01 8.302402581268927273e-01
4.242838358600790893e-02 5.855379487307323938e-01
4.338654476810247518e-01 4.216085906431416008e-01
8.220797608049291716e-01 7.082186365828165853e-01
5.917682403659194762e-02 1.904768621907844406e-01
1.793153635737917417e-01 9.339158569301945212e-01
7.998121928032235761e-01 3.952359374097467737e-01
2.425412358199112717e-01 3.749019956946742504e-01
6.734529100354639253e-01 3.715048113579594302e-01
6.984222495062982761e-01 3.829968430639721366e-01
5.888055034523211884e-01 1.777251545871716965e-01
3.811123560873933558e-01 4.523411846556069094e-01
8.079449296072731546e-01 6.302168393272338243e-01
4.296552541605593301e-01 8.775109035488556364e-01
5.972686598046885731e-01 8.807804969857070398e-01
6.754906903761506154e-01 2.368884834020046071e-01
2.702368167609898175e-01 7.953875984536540322e-01
4.480213325624134157e-02 6.883854968141177588e-01
6.830387039008434247e-01 6.263865077355450506e-01
4.289716240626640920e-01 5.802813229487326918e-01
2.344534665041944077e-01 6.602654641437331051e-01
5.583863049752544327e-01 4.955225281911057600e-03
5.606538785416474990e-01 4.450591870288226892e-01
1.635892433166765692e-01 9.226760384650696256e-01
7.852493873912143041e-01 7.740796244686258820e-01
4.761802038959849215e-01 5.008934924590804361e-01
3.051817106044957817e-01 6.317074254616310558e-01
1.846472260433801305e-01 8.170105099039763896e-01
3.953958415993680808e-01 3.231813962041736321e-01
1.421119677645945600e-01 4.883511195465244370e-01
2.668103265233144339e-01 4.137018278637854540e-01
9.794989032869687584e-01 5.009836065787452997e-01
3.181346690341479988e-01 2.654139227412725677e-01
6.289339315225281890e-01 5.121948664978557275e-01
7.064410899922892728e-01 3.048638298467601371e-01
3.786480027590454212e-01 3.766420583245090881e-01
3.561729129856214815e-01 6.636421553834960241e-01
4.120806590024348459e-01 4.150835291315939646e-01
4.545458759777258329e-01 6.389455367365148852e-01
7.295229983864994772e-01 5.058520535676802599e-01
4.654668782802522387e-01 6.238859138706844831e-01
7.793651855510244086e-01 3.736151180528186067e-01
6.810216698867055385e-01 1.042617619920809258e-01
6.519016162666207981e-01 7.977573603228576005e-01
6.188002959396265990e-01 5.528676070987508240e-01
2.165908631531832107e-01 4.208975545084113201e-01
7.155880198478952181e-01 8.710060811900887101e-01
7.663002557195937037e-01 7.151337993209873067e-01
1.660664876072132645e-01 4.633131905560140540e-01
6.736532522015349356e-01 6.316495312092715309e-02
2.581213309689891489e-01 5.827512996008141766e-01
4.506035938319726264e-01 3.455919096264880030e-01
6.113793007107282129e-02 1.848049623140329834e-01
1.208524722824466657e-01 1.399598532212534552e-01
8.222017245459962709e-01 3.841559722004527777e-01
6.497247911713821544e-01 4.720873224360206954e-01
3.829747236253874809e-01 5.269017830171616179e-01
3.740411760015490694e-01 9.280909539270256747e-01
5.940099555760296468e-01 5.086854922904722187e-01
3.462693059487827463e-01 6.463068026409865552e-02
4.670135465607744285e-01 3.278436837288549732e-01
7.243442988448549613e-01 3.717673339636643481e-01
2.737354238655066441e-01 6.635404974052442340e-01
8.866300051329265575e-01 4.952446483419633005e-01
1.258078487311975469e-02 4.086914930536615920e-01
6.711854497525939767e-01 8.498349525516404324e-01
1.957765373565524269e-01 3.519603005964771492e-01
7.103808119508936425e-01 1.632589853468212338e-01
3.666150437965823849e-01 7.827418838503845677e-01
8.009919329784052078e-01 8.442907538160540071e-01
4.592941430037186246e-01 3.003094005149051227e-01
6.983644141267857375e-01 2.411902825703127196e-01
7.915697128854762843e-01 4.762154586812958890e-01
9.079899851569968039e-01 3.460946527003548878e-01
1.862332088065210556e-02 5.522585254417069489e-01
8.189743003402139010e-01 3.907280490097284065e-01
8.947087849533668091e-01 2.183323469881347512e-01
1.350485335711881507e-01 3.947649060506963625e-01
2.302203374935385405e-01 9.634558230002715495e-01
1.249628428725322177e-01 7.888216736415775143e-01
3.965660876845967242e-01 8.759677681485494860e-01
2.463252175539248912e-01 3.288064083805833371e-01
7.959791842348381552e-01 4.008106360854712946e-02
1.904708724567296951e-01 8.199421358860011777e-01
2.202983260466837012e-01 6.944621515201971906e-01
4.230869477729414796e-01 5.831955396040999773e-01
8.295287515510533227e-01 6.111490903116825191e-01
1.191683793970316763e-01 6.569467879279988765e-01
4.461346152160748924e-01 2.828543342341253708e-01
9.235398230225777549e-01 5.120453115990117876e-01
4.337889168710264975e-01 1.954365817253706228e-01
9.428436354722141699e-01 4.471052578361180974e-01
1.946037208995711754e-01 2.591005380860565421e-01
1.323744001617821464e-02 4.809887175116787095e-01
4.010015601668980301e-01 4.853141185270552493e-01
6.359366531025264502e-01 4.213354732448209017e-01
4.430544244335278825e-01 4.713535265782200501e-01
7.324274487353494845e-01 7.605303671507175345e-01
4.582919502126121536e-01 7.277348524195732526e-01
9.604113746098906779e-01 3.987393872168498166e-01
9.226571835780739139e-02 8.311755216350346087e-01
5.812278996224296002e-02 7.427426048052772067e-01
4.218301675497978520e-01 3.408732634756295177e-01
2.241342448970542744e-01 9.193605681080878611e-01
6.332817161213603052e-01 6.318999662524382721e-02
3.183117310033394820e-01 8.313982734109677253e-01
7.003432003018228436e-01 3.473207267598608927e-02
8.407957623152296778e-01 4.036244364018667929e-01
5.261638727061185988e-02 3.036988456895876043e-01
1.879860201839210765e-01 4.622037241179656197e-01
7.689651981061220720e-01 8.453608806634247408e-01
7.355412730858357229e-01 2.612268508386020871e-01
1.700346284806367736e-01 2.270170957781305898e-01
2.594492191429511041e-01 2.990390745547038542e-01
7.076671421526070649e-01 3.426422957210056852e-01
8.856740963761238206e-01 4.581373348213836350e-01
4.758076684222108943e-01 4.088858749580432939e-01
9.707588187512643518e-01 5.495936780104385688e-01
2.252233298655232363e-01 3.389552052406940574e-01
8.560715456055478789e-01 4.585188017349541845e-01
7.176617974722565574e-01 4.170001291567189128e-01
1.766186886429294833e-01 9.197787150309809368e-02
8.878273466403252545e-01 1.346156771324467094e-01
5.314171997017231863e-01 4.529513467263864279e-01
4.209008221446055575e-01 4.466128637316140737e-01
8.084140320249058043e-01 3.454542536908425387e-01
4.240417869176009713e-01 5.257419567374073399e-02
5.524706604896981871e-02 6.706717184286921096e-01
2.879410092234941931e-01 4.436184187978251536e-01
5.722328752185368295e-02 4.123451385290082816e-01
5.402018341443702854e-01 4.004429009525552474e-01
2.634691945212232489e-01 1.193936940651572631e-01
6.355694431857077387e-01 1.052446399923819692e-01
4.657751129610884777e-01 8.049020455695488074e-01
2.457389822233903010e-01 3.815842070282503551e-01
9.661774631660301482e-01 4.512359247488574310e-01
7.227036562927016128e-01 8.833457977976664210e-01
7.709329033642227103e-01 7.667299145702475283e-01
4.697801547617753148e-01 3.315728344242468290e-02
3.370841363382821587e-01 2.754846106154151819e-01
3.658788734954113719e-01 2.878382381601747309e-01
3.852658905161764347e-01 5.119151949658289347e-01
3.179033041554011341e-01 1.249517440026940152e-01
2.984176809751884485e-01 8.036801190625233460e-01
4.971184358583218832e-01 4.083620179718882026e-01
4.925512140257524707e-01 2.399371584748377084e-01
1.543625233152890186e-01 5.178261406485404894e-01
8.082328294917276446e-02 4.083881685901555869e-01
2.256183198315652172e-01 9.207237228324203215e-01
3.922190210117306175e-01 2.131506116587259525e-01
5.164550159727446799e-01 1.973671509119239720e-01
3.421948372178540421e-02 2.802230007358519348e-01
3.147042804231762192e-01 2.604799340921012951e-01
4.579871411214859189e-01 9.326968912330203809e-02
7.354130878220447309e-01 3.219393510950457893e-01
8.689775862269917273e-01 1.780533183904960959e-01
4.212494743754226501e-01 6.663130713258247351e-02
2.249026762474292118e-01 1.167070090780963493e-01
6.119035194723440041e-01 6.413527061738169555e-02
7.834579358815293437e-01 4.261784506223670332e-01
2.492916496063998233e-01 6.437653015739892570e-01
1.399793811854480596e-01 1.075722077133538512e-01
9.869610207217260900e-01 4.508808184217510950e-01
8.760078582175189199e-01 5.721952646375705331e-01
1.735832226170619733e-02 3.922958680910030305e-01
6.034087938143513075e-01 3.550971075523632892e-01
6.919716180538112438e-01 7.633625642988701721e-01
2.561988446706073286e-01 2.950876063471170041e-01
4.940256808260723997e-01 5.577057079680213247e-01
3.108231777901564463e-01 9.752603915877300356e-01
7.996113334746429713e-01 1.538725594221583004e-01
3.477905662063779380e-01 3.649503961557409859e-02
3.672305535408170174e-01 4.460196810786118404e-02
6.291283330164872956e-01 3.857479121003257738e-01
1.274745331078199762e-01 6.828929668125895969e-01
4.983538082574006656e-01 8.248357238296150085e-01
1.571389113602287002e-01 3.142275197121371932e-01
5.142360729652979412e-01 4.647371988693393963e-01
1.304105394028831078e-01 4.747160638237441499e-01
5.236039797337734836e-01 1.824845141285104666e-01
3.439024452907389895e-01 4.426828575027165202e-01
6.117190576536052360e-01 5.041211911163950843e-01
6.956725236140184343e-01 8.038469754926368394e-01
5.938180055952930747e-01 5.023328777778213183e-01
8.876890275686576404e-01 3.327610112300427025e-01
2.995804599439282900e-01 3.853549210730561336e-01
6.189931477270417259e-01 1.417762721996411457e-01
5.610683361415312875e-01 3.238020399589295883e-01
3.029552546714289196e-01 9.834256532321081767e-01
2.987850333779790701e-01 5.351162425641561304e-01
2.936720056581084148e-01 3.282661050497284183e-01
7.043360445520401303e-01 8.099000732498111699e-01
5.555015090720104576e-01 1.451089255695626745e-01
2.761080167558676787e-02 5.964032001997753296e-01
4.355110053827659922e-01 3.718363987857037367e-01
8.557332358610474365e-01 5.499400474788234128e-01
2.620205063178346894e-01 8.462859482079114759e-01
3.817293563152370228e-01 7.425011650125903362e-01
2.735032588163933132e-01 8.189745410265730774e-01
7.557406003478823742e-01 2.461172137927668258e-01
7.483479490355867680e-01 5.357305143120475455e-01
7.629579753369908346e-01 1.215803985035153190e-01
2.238093934157705245e-01 1.956896178916686380e-01
8.534786080256409058e-01 3.391124742090089184e-01
1.367106897996605841e-01 8.822155203291737191e-01
8.370107287579435784e-01 1.694953096332001974e-01
6.586266298200601499e-01 1.884785236118792784e-01
7.268215736119963966e-01 7.686098218904696688e-01
2.979638801902071421e-01 9.026224291116354825e-01
2.190960750384030598e-01 7.292374112012828258e-01
2.259535050991628991e-01 4.793209218099040436e-01
9.655726192440853284e-01 5.757603890430594840e-01
1.861828698246595082e-01 2.610747523851123519e-01
9.125858451845716424e-01 1.758195457682266705e-01
1.344318330859800015e-01 1.811609704422619538e-01
7.409912121801558449e-01 7.999451040090942433e-01
3.776046484976440798e-01 9.961871693249836346e-01
1.450493807068788388e-01 4.579446617670693831e-01
7.615021950378560167e-02 7.749970358825973848e-01
6.209922618046470610e-01 7.151463838736181744e-01
6.915005885300030686e-01 5.902751105335437426e-02
8.247504228246225200e-01 5.484668797137401963e-01
6.425774791475984404e-01 4.708001471915181924e-01
8.828776635262705064e-01 1.275824736556440131e-01
4.665298601820297986e-01 6.699166310916118139e-01
6.055487044516748574e-01 7.165520599115662304e-01
4.507884289436232539e-01 5.541709730323283178e-01
7.614448296135079008e-01 5.036547446305366105e-01
2.318539567621548392e-01 2.658673734359939811e-01
3.871445363819860375e-01 6.002276799294397058e-01
4.602175964162652511e-01 2.773149952303589072e-01
5.124552212504973614e-02 7.212469593671678725e-01
8.197754300083002210e-01 6.563196959554631338e-01
2.466901667835923184e-01 1.514374927579673069e-01
1.181351221764399551e-01 3.894718611135769559e-01
6.300272124772918758e-01 3.997397127044360343e-01
8.677110527727400768e-01 6.951489679068099115e-01
2.589377754684840660e-02 3.284872085730607960e-01
9.642437060292432527e-01 2.753130337081691748e-01
8.090239907273024667e-01 2.498612580380472348e-01
3.733845573255722416e-01 7.074597819432328072e-02
3.468869277205071100e-01 7.330570721532635448e-01
7.993006590331093175e-01 4.408893269277175953e-01
5.969093189157828050e-01 3.812830675016365412e-03
4.081532582353981642e-01 6.265195838970224473e-01
5.657275221385221764e-01 7.680752043536083207e-01
7.762367240631376508e-02 6.688108126545613263e-01
1.898489095590943088e-01 6.872288034891920194e-01
2.473594780381910829e-01 2.700036299990624111e-01
8.385170537448614902e-02 6.610924971941980477e-01
7.563912669974472980e-01 7.337438529219562078e-01
7.784959644403164347e-01 4.146871842077574921e-02
9.205941513315509805e-01 6.160741335302682975e-01
7.827993438159819295e-01 4.877236724273630308e-01
1.037124380065367196e-01 1.347255621729689656e-01
6.666793124085541589e-01 5.660281875906130189e-01
5.427466966471025112e-01 1.812349665771366414e-01
3.420854485873561224e-01 6.643472379721300225e-01
1.219956995292785229e-01 5.957367224797635030e-01
1.538528408099820721e-01 4.721680030911610815e-01
4.082447909288932641e-01 9.701059554851270139e-01
8.050207016339192556e-01 1.901397780705082474e-01
2.797390545599696687e-01 2.769256567279676506e-01
9.429765555994661375e-01 4.278251850918272647e-01
3.567532503543037747e-01 3.801773162378030424e-01
6.204923185306091549e-01 1.791047116978722875e-01
2.441837795053845017e-01 9.701160691095914723e-01
2.018308285432794669e-01 6.427928387951660216e-01
3.939924144522606309e-01 3.966392765546877808e-01
9.587734343936170633e-01 5.955567319495077561e-01
5.772922525877286493e-01 1.664687963665601456e-01
2.602250428387061221e-01 6.839618377167295815e-01
3.741434380599343856e-01 5.304926622129462199e-01
3.973303169535155055e-01 2.140559183262386034e-01
6.115397249159944260e-02 5.189228985305227582e-01
9.887762701643516561e-01 4.208256117796286278e-01
8.361972129374163343e-01 4.841571211088853133e-01
1.033596233475661680e-01 7.015667473106697027e-01
4.192276062767717471e-01 2.425971231449301213e-01
7.614356957761015954e-01 3.461465474715725299e-01
9.811845378678838436e-01 3.406715859426755477e-01
9.264367968114889385e-01 6.435528675468810134e-01
2.947190359825540770e-02 3.844621041092152192e-01
2.214241833899886491e-01 1.412370769640938217e-01
2.270048389811879508e-01 5.718046549151694080e-01
1.217292541565938302e-01 8.079322952061732677e-01
9.276633372512768094e-01 6.537835224671910694e-01
2.400721452427775349e-01 2.119780641167121060e-01
4.473671103676479244e-01 6.053401293556930352e-01
3.027106414138079973e-02 3.235998058532470467e-01
6.495586294400388372e-01 9.517678284959141255e-02
9.167558798304733525e-01 4.119779933497704771e-01
7.608530823136060439e-01 2.997870590995443951e-02
5.186500957796272848e-01 5.145340254974978267e-01
1.377022585310474778e-01 5.920399746206924663e-01
7.305319456519007160e-01 3.507276610240581682e-01
7.199228137311403097e-01 7.596524074940065319e-01
4.645579117386659518e-01 6.228197266087138750e-01
4.609054105427684012e-01 9.628176519474664907e-01
1.991007528824909056e-01 2.779499895602777215e-01
3.545435222577972972e-02 5.148307356218646547e-01
4.588992598216655727e-01 1.497559554456561748e-01
6.721200918765035670e-01 1.195322353949524047e-01
6.226815523613724590e-01 4.341345337650466263e-01
1.188703246663602719e-01 1.190218142188144146e-01
6.345703294540804285e-01 2.057069199634757872e-01
5.966850048717101812e-02 5.761206006639602029e-01
1.522258662038020738e-01 3.266484844242271146e-01
5.417274006819896570e-01 5.687927719397468662e-01
8.668299785327254758e-01 6.408215866323614396e-01
7.349349684371440095e-01 5.419341173156368985e-01
3.742786259758006939e-01 7.254258841720526152e-02
6.374032386995571731e-01 5.888335250077376681e-01
3.945942805124306174e-01 6.854742352629508151e-01
1.802112114750112071e-01 1.857164117749884880e-01
5.058072118251892846e-01 2.030443350392762691e-01
6.528723853272924149e-01 8.924077977674786943e-01
6.209677442782438606e-01 4.654275533112203211e-01
1.301684733440036934e-01 1.928510050858160407e-01
9.061063757197850288e-01 1.649041752076899625e-01
9.618526923556051933e-02 7.236607567411992292e-01
4.238311816360602058e-01 7.336613279123352926e-01
1.958807500492999454e-01 4.122930175152268450e-01
4.900825189758276634e-01 5.464430205349390945e-01
5.161966593389867575e-02 2.889543362624552025e-01
6.843380193386623400e-01 4.492915919874439501e-01
2.192438861786603632e-01 5.899204902511461235e-01
1.159025558238333115e-01 6.529838409606775196e-01
7.124820369462595560e-01 5.584510254155178322e-01
3.169163921723697902e-02 5.151088172339003401e-01
8.589244913088431854e-01 2.187817303162677418e-01
6.228697335466062412e-01 7.434009337833074049e-01
9.305282296692114485e-01 2.348159349007092889e-01
2.935025113261918173e-01 7.596279324389358933e-01
3.762184731657471359e-01 7.016541442932110462e-01
9.215415963876973926e-01 2.105481682513870578e-01
6.737169528709489041e-01 3.232805776146613908e-01
2.330761003999223258e-01 6.696988600556620375e-01
4.291619556256598966e-01 1.824854645632804639e-01
7.270957040595804610e-01 1.899329698968485469e-01
5.919820603897385514e-01 2.605622466305689278e-01
4.153596843801676819e-01 5.304373870322339757e-01
3.938410965159777621e-01 8.149313394236665786e-01
5.011820628655001553e-01 4.387652532724462540e-01
4.944684833758693498e-01 7.801150377319550078e-01
5.034068528185668967e-01 1.989341799941993227e-02
2.394001597480423515e-01 9.534696192128300218e-01
8.404572101375538118e-01 4.148337286988865724e-01
4.118787811604771587e-01 7.389986397426068221e-01
3.714628571635461007e-01 9.960400731123716378e-01
2.265956537113824332e-01 5.300804168474688716e-01
3.700514523502086428e-01 8.368533444669308541e-02
4.924338967079806562e-01 9.844311311874051063e-01
4.167431516728026253e-02 6.890470668742180171e-01
5.261403907171136041e-01 5.893762235349648826e-01
4.491894836434155436e-01 7.765448319029105706e-01
1.322298197795138130e-01 2.090358980790038568e-01
