3.441434979174696762e-01 8.206336770144236903e-01
5.118007885631283838e-01 6.559969685969714304e-01
9.850728185221083733e-01 5.860199915703545592e-01
6.651280891258743999e-01 2.313081634991245583e-01
5.358392716602101702e-01 7.663343936087100294e-01
4.283976640067724273e-01 3.913159390587974684e-01
4.322932958922319768e-01 8.577503716258664257e-01
2.068905839862727469e-01 5.403103220608274082e-01
3.420919181807323128e-01 4.510753511133420157e-01
4.946454034022420565e-01 1.461213174037591933e-01
9.898093791535418629e-02 5.498085308294363704e-01
6.724271973269695390e-01 8.186860328280278765e-01
6.020785816446510424e-02 6.257022281971084121e-01
5.080951648437087576e-01 3.535922122036024018e-02
8.586064280938799920e-01 1.357843671378144990e-01
1.184716903519618114e-01 7.725757089841132075e-01
7.463338516898911923e-01 8.557325002787459223e-01
4.020073764070460354e-01 5.760995648288025350e-01
7.412979273256119495e-01 2.203149552010126855e-01
6.460496624765472706e-01 2.600930872784000814e-01
8.262081133181361503e-01 5.189038191080143081e-01
7.927297121648295697e-01 9.596582997420788352e-02
5.670941967045006749e-01 6.432488077757814171e-01
9.073475627126927900e-01 8.620756562456717287e-01
6.850255334246988514e-01 2.424658569174970024e-01
2.690479492277229046e-01 8.036452005712735325e-01
8.896367586623110668e-01 7.990935926463947903e-01
6.662315902225067754e-01 2.067882091826685476e-01
6.599710873270284717e-01 4.259468142459716389e-01
2.414638792583120308e-01 4.454627743187533073e-01
7.027508757775686732e-01 3.195306944253029080e-01
6.507279146284865590e-01 3.663466687665289934e-01
1.477640002418413590e-01 4.776580397313168747e-01
3.399796567609448261e-01 7.283933102917974356e-01
3.327087405474015158e-01 5.141159787022776539e-01
6.565434856925737028e-01 8.069017745425408616e-01
7.090326891072219473e-01 7.717533567015540941e-01
4.244721677714928254e-01 7.270607454143449555e-01
8.772720659499910756e-01 5.018193781373678775e-01
6.529370165390555592e-01 7.347357632015532047e-01
1.546984000986517671e-02 5.076225499359101612e-01
3.412182443122614428e-01 2.049926338472536358e-01
2.054558829659718366e-01 6.678169760387968612e-01
5.991792065381956744e-01 4.719165981138756516e-02
3.640800568675029991e-01 3.874559067143198976e-01
6.054384438639772575e-02 3.914033290823328848e-01
5.599884311447947960e-01 3.737800724068577329e-01
5.271342390728367411e-01 7.077371893604073039e-01
8.718585863403393033e-01 3.447509448539182730e-01
8.788025107903736366e-01 5.310749608300565638e-01
4.545565869130415160e-01 5.964792167015611768e-02
7.310414356328532870e-01 5.809470344077048987e-01
3.957104091445928784e-01 7.278837778116582502e-01
5.490157414105755196e-01 4.503859010875467805e-01
5.082736417986932764e-01 4.475158714041643226e-01
3.617215397454093817e-01 6.042583909413401511e-01
6.046271482418085208e-01 6.455199567769327740e-02
2.764462843214183230e-01 7.461167753636858135e-01
8.243793227181417382e-01 6.925679901787631376e-01
9.682307132841930786e-01 6.041976193561664488e-01
5.650675851638417013e-01 4.955858371805855200e-01
7.642407040703671495e-01 7.340403612155130819e-01
1.964201517410392450e-01 3.099858313593422676e-01
7.606151862184553636e-01 6.456536924568568869e-01
8.974563723823288930e-01 4.646065115153021896e-01
1.714627972704831083e-01 1.771011782018055147e-01
4.222396212082181743e-01 6.437128608473173808e-01
6.886511491906349702e-01 6.458682339588885934e-01
6.464716707655941974e-01 3.269451724047076624e-01
2.514456395664396715e-01 2.691568447570256706e-01
5.390730967295662701e-01 8.436505234589936064e-01
7.420683128196676748e-01 7.223832579431666012e-01
7.229765365154286472e-02 3.992652694028674398e-01
4.183638772068623557e-02 5.541765667033734521e-01
6.902814443651165144e-01 1.249761972246670044e-01
2.972770666940601214e-01 6.627002345606768374e-01
5.214813275151783944e-01 8.860308029254724271e-01
4.871071869566179213e-01 8.100914723503291892e-01
8.962323353492145372e-01 7.469337315123518728e-01
7.632185124770988205e-01 3.104383731965891235e-01
2.550334319126967286e-01 7.858272778765915678e-01
7.468406425511042723e-02 2.927497928429654839e-01
2.445008562177131695e-01 4.743475328286163584e-01
2.697855145372706209e-01 6.359018493177972520e-01
8.122685483382149352e-01 5.851230627701080600e-01
2.151955300790792946e-01 7.977820891668212511e-01
4.460737866701098842e-01 9.293459511768076275e-03
5.168523353554218547e-01 9.572416292436551899e-01
6.553857891660878066e-01 6.548926236239109855e-01
4.159835204521646346e-01 4.885794424519009915e-01
6.969727676024429774e-01 7.800890389664865143e-01
4.615543365572452594e-01 5.188230798288309131e-01
1.596207170030704559e-01 8.273776793482564562e-01
3.471764488093986856e-01 1.711949625926032226e-01
5.706820518347580640e-01 8.492415929008273467e-02
1.806804984996855934e-01 3.381693233668620069e-01
1.555085648137884968e-01 6.006964128795597713e-01
6.718896813749309915e-01 8.454423945723702483e-01
3.553681337978408239e-01 3.665534538555467181e-01
3.101707001081942527e-01 2.905471706610541216e-01
7.223184766131465206e-01 2.502153072809060741e-01
7.512384494120455392e-01 8.761561073261506793e-01
6.417560771075476733e-01 8.479235037080090631e-01
8.671008862615859902e-01 4.435857159982931064e-01
9.794099932234789918e-03 4.373869098000626732e-01
6.864968257752344094e-01 5.051960146161484921e-01
2.612170936759106166e-01 8.424475149287263820e-02
5.013836300160167125e-01 3.261705030139111505e-01
2.858939394852289539e-01 8.445592507356713963e-01
2.692962367273430968e-01 2.290246405331066160e-01
3.364008399682727468e-02 6.058769369899316137e-01
3.252051307803027758e-01 9.505649781198107773e-01
3.891881066097921948e-01 9.748866103981822517e-01
3.433982105401410800e-01 7.938098029669311551e-01
8.157418811932324321e-01 6.816616907337675890e-01
9.438168597595696374e-01 4.182787426616013660e-01
6.442365642636362910e-01 8.535529994940376231e-01
1.834652644573095404e-01 6.609579307229478395e-01
6.456098310108722149e-01 1.414593817544354259e-01
3.515728781531518576e-01 9.623325519626916291e-01
6.032808650906092973e-01 3.540712644797588959e-01
2.392482213159031340e-02 5.571046905989069931e-01
6.257841601121636455e-01 8.733239939092292126e-01
4.087387890117384903e-01 5.741681545485957106e-01
8.219196298695461422e-01 9.330931760717273704e-01
1.285797542352040135e-01 7.839265532473458364e-01
2.457276496346786354e-01 8.466653942892164997e-01
8.164695945481336148e-01 9.243553462827500677e-01
1.576707072559254685e-01 7.001908516132911986e-01
3.618416093400427802e-01 6.119502017630075452e-02
3.581842583506175126e-01 4.819117367025662624e-01
8.197207408255485772e-01 6.836289303813202212e-01
3.731704189670596028e-01 8.420401657445650834e-01
3.070830262373061559e-01 8.518652878286426811e-01
3.658217066681668239e-02 4.372261453578744628e-01
1.472432193267581013e-01 1.834635238969047344e-01
6.234349817936288840e-01 3.855034889529312392e-01
5.724203848600686317e-01 5.850405398583380379e-01
6.242704361410170710e-01 9.893399552926667173e-01
6.735543259299101582e-01 2.062643450909455722e-01
7.417338917858181668e-01 9.056500726585217653e-02
7.687848461185977644e-01 5.074011597926666450e-01
8.919369451082446165e-01 2.119603468620209208e-01
5.157095272563214650e-01 9.145485349733551983e-01
3.857180884110612551e-01 5.882145912546389299e-01
2.106209828188082833e-01 1.597792896561432141e-01
1.746565719372403791e-01 6.696574737563901758e-01
7.094144938767171782e-01 5.940874469339347819e-01
1.737639550449793790e-01 3.523008751931086535e-01
8.311380631683389364e-01 1.920205119589025733e-01
4.204483937932095849e-01 3.868178943724603913e-01
2.467528417239872873e-01 3.071495039701080398e-01
7.424275151079484658e-01 9.505953081653318870e-01
3.190912365994211797e-01 5.635702090427480160e-01
9.114502254846578166e-01 2.048053546452146545e-01
8.435615869915858989e-01 3.142424320359477052e-01
2.824869818800482268e-02 5.163112712895168155e-01
3.387380494530797120e-02 3.068989768276076946e-01
2.886289782997299436e-01 5.273892078165638431e-01
8.567553532213963985e-01 8.531782467218951282e-01
6.746645519632854526e-01 6.994518568625817112e-01
2.537570699463206902e-01 6.265719019157811598e-01
6.280565330161826942e-01 3.710941503983550827e-01
2.756110659475697333e-01 1.589636507863493309e-01
6.522861073056506198e-01 7.906148787795705957e-01
7.487472637338005166e-01 9.830862879104584895e-01
2.104599683225665263e-01 4.792261155564626618e-01
4.326981995961952099e-01 8.998919313378206386e-01
4.612296651993997298e-01 3.867948944261926369e-01
7.669440503423826661e-01 4.833587514873789459e-01
9.936402608161379324e-02 7.425785186774795932e-01
9.892815989711938318e-01 4.153621816764536678e-01
4.308806337723674051e-01 1.318318822249399391e-01
9.710215367155895505e-01 5.176041280463766769e-01
6.492306040947389834e-01 3.424928988181944467e-01
6.387572622047210658e-01 6.754533489960176107e-01
5.597808072420652481e-01 2.275648896701229495e-01
7.533431841465150491e-02 5.022935024931494130e-01
2.433626955274762749e-01 9.617151040811679208e-02
6.586601593265821730e-01 8.427516293095185240e-01
7.555275668603675943e-01 4.624499895121203519e-01
5.052477687551025776e-01 1.081377604872549997e-01
1.237267776151024512e-01 6.929407186356159043e-01
5.847080360639221874e-01 3.904521169800783120e-01
5.779563137179125620e-01 3.991426488499767444e-01
5.883914070912439342e-01 7.698163901949269805e-01
8.141746865480486983e-01 7.556964765117162308e-01
9.306988159255685789e-01 7.811183030387054416e-01
4.424976161972281608e-01 6.168796401197288448e-01
3.414672623455476397e-01 3.330587167886837618e-01
8.348703642300080441e-01 8.508213234706178962e-01
7.632806169465655710e-01 9.731450893355588772e-01
6.423900194676637199e-01 7.738709438608871727e-01
9.667188505919681596e-01 3.634557806043334782e-01
6.500673663920376599e-01 3.011504501281365154e-01
4.716478560153983812e-01 9.356364145809914490e-01
8.820375215771391053e-01 1.624774700598293764e-01
9.756838851399516344e-01 6.973462192503666612e-01
1.420241290877578555e-01 3.297069921213013899e-01
3.821633280642198760e-01 8.558004298344128458e-01
6.559318300567977822e-01 2.790924347671506212e-01
3.561393444407418007e-01 6.056201898633897240e-01
4.578102791377303138e-01 7.894151643766040838e-01
7.030901661830892824e-01 7.203398389862845086e-01
8.543578420404872587e-01 9.118861604293801992e-01
8.968568902767698470e-01 6.101927371117981114e-01
1.409373669130851159e-01 1.864896015820260156e-01
6.145427357644716038e-01 8.059437050064048869e-01
6.649032291374956660e-01 3.410083538513828949e-01
1.721436922128152247e-01 1.849509031941806991e-01
2.988039424139062872e-01 6.524751183499518659e-01
5.422340301957029318e-01 8.843844006373375866e-01
2.908063630460830939e-01 7.231563435334988910e-01
6.137350596048947171e-01 8.339649063267848828e-01
8.640638698972176179e-01 8.059638824041334138e-01
4.120979810535439491e-01 1.928938057416297036e-01
8.905732135033527230e-01 3.709718372226161187e-01
1.664979098272761360e-01 3.384080790872993627e-01
6.011893383825468451e-01 6.668337039453887671e-01
8.940877944064054006e-01 3.004073273213706541e-01
4.708636785859203755e-01 7.497519391604539063e-01
1.638715102671169932e-01 6.741956433893560030e-01
9.163991196270908635e-01 4.547360684962521438e-01
2.146566733254333115e-01 8.404938512397928108e-01
7.755484893900073118e-01 2.088989906718231038e-01
3.522871333689100437e-01 1.306027443408170063e-01
5.807202641433107937e-01 9.278053231030233272e-01
4.301763969089746897e-01 6.306837939139866567e-01
4.029399645034835165e-01 6.801666608739879161e-01
8.138460247908618772e-01 6.116980237467961601e-01
6.381135335819347609e-02 6.116065947704014683e-01
3.498143043230207416e-01 7.654525272927430457e-01
1.373505133952546975e-01 7.370233227649602981e-01
4.128294571177005268e-01 6.710385115209307472e-01
5.753925876435539433e-01 3.567281139532098022e-01
2.907361065058629568e-01 3.844602121766382274e-01
8.216423488430394384e-01 5.024404091757310731e-01
3.148452568562648546e-01 7.488359975912435296e-01
8.735665115878070708e-01 3.308144496908453913e-01
7.856479806992859860e-01 7.826190345385268810e-01
2.736274506434991372e-01 1.464679782879945991e-01
8.116798235039053289e-01 7.992318443459427435e-01
5.209118553657173800e-01 5.553723572127111652e-01
8.448336753263775423e-01 7.881278062513968896e-01
2.424954602160984962e-01 2.834363708527550818e-01
8.885385859265934050e-01 1.711283949374238222e-01
8.769896116336753922e-01 8.668995175770093375e-01
9.657725570868886944e-01 5.663084599887984183e-01
8.092957258498891804e-01 6.009529887090879763e-01
7.547471568016428378e-01 8.060789996580255412e-01
4.678656779058154580e-02 6.488844486416115442e-01
7.831344541225367939e-01 6.756176616990625661e-01
8.436456506402596478e-01 5.414850472240105850e-01
1.528546118660831510e-01 7.146781818477569992e-01
5.816447191807964101e-01 7.404414176406299841e-01
5.510353449895791789e-01 5.982097570502782347e-01
3.625999800698096465e-01 7.423178873113596143e-01
3.329377819552591378e-01 1.663062282293331362e-01
8.504213192948739675e-02 3.532707890897288094e-01
7.224813603743978074e-01 4.271122110136947314e-01
2.577892586694262023e-01 5.551936972695115102e-01
3.287076292404299549e-01 8.455366730188171864e-01
6.616004355010185467e-01 2.930855645349826344e-01
5.757726171936941029e-01 5.201373227674617183e-01
8.749855768827355940e-01 8.939379984930219125e-01
8.138828126716608491e-01 9.101998573888030464e-01
7.447033300778045373e-01 2.232811441625821014e-01
4.679063501365432476e-01 1.469597522728178715e-02
8.478303168466764239e-01 5.484611359807792796e-01
5.921381647455794539e-01 9.366453645977038667e-01
2.537052137965544740e-01 5.525688032278043282e-01
4.450932455974856428e-01 4.658606717264993646e-01
8.788393014353353960e-01 8.667671867874798819e-01
7.526710258316342550e-01 4.199080934501527862e-01
4.742207233899109475e-01 9.877357080732804828e-01
4.320644207427697947e-01 5.176043334985237498e-01
7.470463344801411276e-01 9.346938994725288996e-01
5.043165537102141105e-01 8.382809601234282315e-01
4.625393974202732794e-01 1.088601197851601921e-02
6.528690881466260310e-01 4.527050854337266728e-02
7.959971728346650899e-01 8.856507902513288677e-01
8.169082252315427173e-01 4.191454755877781491e-01
6.395128175393909320e-01 9.517196449512699274e-01
1.819383756698005894e-01 4.793404870676356011e-01
8.575989731566191487e-02 6.701208770121163116e-01
4.774760049242568472e-01 2.358512890969494957e-01
3.930218547988555411e-01 5.069417874872210739e-01
5.346635357306406267e-01 1.419917701465330251e-01
9.829866299048301004e-01 6.202193116566723230e-01
4.312739898565972618e-01 4.562585847653491955e-01
9.411584063534612632e-01 4.746402971850158803e-01
7.378852620264806372e-01 9.457794707841460369e-01
4.224437209609627208e-02 4.101263986757115454e-01
1.753682214394947092e-01 9.083512256429815412e-02
3.286842825510353228e-01 7.830765976618547786e-01
6.688217397286377874e-01 2.960855111240137671e-01
5.263357293762568334e-01 6.298629494330372225e-01
7.694721706596782673e-02 6.049096969826625037e-01
6.652697136422605073e-01 8.697416074264039398e-01
5.746116400863958695e-01 4.291367908255586672e-01
8.214726760322661470e-01 2.137315325507165298e-01
8.351824916380823360e-01 3.617738581781758667e-01
4.483286532739371166e-01 5.279544039804858757e-01
8.374737085091489286e-01 3.686283424245495044e-01
1.807513050086915762e-01 7.814274304398390880e-01
5.504758400148437314e-01 1.378181416501989554e-01
7.016886511982823871e-01 3.789694509121275257e-01
5.676716950346138990e-01 2.804414791936217233e-01
6.361030311924014136e-01 5.617126843332080899e-01
2.297217527458774444e-01 3.539001777630995660e-01
5.537035603414720564e-01 7.234948020933553714e-01
7.658712473916047259e-01 8.510315411190388923e-01
3.235684555482550850e-01 3.613017236576404612e-01
2.485491216537750736e-01 3.620514253903450719e-01
9.748647301672607179e-01 5.552653738654125259e-01
6.695825271331111717e-01 5.070571701794250874e-01
4.358551901660426831e-01 6.805912605966770723e-01
2.840118169124399850e-01 9.038353290630543047e-01
7.017616861855706656e-01 5.728519087599175386e-01
8.917325791076782249e-01 8.790303627359998817e-01
4.238489247825250050e-01 5.270681003371711082e-01
4.913649208321506645e-01 2.436670347420931415e-01
7.877010897129468336e-01 5.309673428480399249e-01
3.157460016804768954e-01 2.366432970802208324e-01
4.170342150790524727e-01 7.830358688521682486e-01
2.104929655877750827e-01 3.769763299937748391e-01
9.040637644970426212e-01 2.342590406232737399e-01
6.415143018390632168e-01 4.270742573754475468e-02
4.986023007570476451e-01 2.198567592413594105e-02
2.576384466141414253e-01 8.046110332285763000e-01
6.341141010273497747e-01 5.120441150327215141e-01
7.379487657486200058e-01 7.583764645658951364e-01
2.371107450582728426e-01 8.372067153116098392e-01
2.627340856392820778e-01 9.617010285939073255e-02
5.972428949512283980e-01 3.574334285006631751e-01
8.165004033330405253e-01 3.981980605291204900e-01
7.954943086209723679e-01 5.661420592891097670e-01
7.397341544301004879e-01 5.801958845412451549e-01
5.542502102051530821e-01 2.471901338437065831e-02
7.513399473539381646e-01 7.075807007590699804e-01
9.291056419763050744e-01 6.262077468955271620e-01
4.815732715465256830e-01 6.149235240689757825e-02
5.470699593229333413e-01 5.765353086792988080e-01
7.472807810167847453e-01 7.351778921911189535e-01
4.629580911398986642e-01 1.730542671863450066e-01
6.873690933835449046e-01 3.164129451048782737e-01
7.894526122735977536e-01 6.319786088274752522e-01
2.755354980736031689e-01 5.671744235996114547e-01
2.412496178863854368e-02 3.135607119227142858e-01
8.893703467024118847e-01 6.828480770367260089e-01
4.678057983757734073e-01 6.417083018243115999e-01
5.083272263221396692e-01 1.214341032239322771e-01
6.182159593824857469e-01 5.247015074343881758e-02
8.856216205696567645e-01 2.649218829423222732e-01
7.411826208101943703e-01 9.099590455268208311e-02
6.798608050659163959e-01 4.896856019108529745e-01
2.371200967028722628e-01 7.759570941695990154e-01
1.593811772881935651e-01 1.004575081720574525e-01
6.123168165671925012e-01 5.085555395399574824e-02
5.228977897627183902e-01 3.493360339673836079e-01
6.745264067841445499e-01 5.820810259857125413e-01
2.178832860689551010e-01 3.132275538505696066e-01
3.461200003600070074e-01 5.043859993135689779e-01
9.684685454497615753e-01 4.751247911683205705e-01
9.654420888978647586e-01 5.069184879950947575e-01
7.132603536797946786e-01 4.454395873254279881e-01
7.391058556967654569e-01 6.681504042471149152e-01
6.734633162124807892e-01 2.976253157570861729e-01
9.745936591596985332e-01 7.139673332885390078e-01
8.382719276271722864e-01 9.252065114127254741e-01
2.650650037129976266e-01 2.383044231036230975e-01
9.446520679173894264e-01 2.807249428207452269e-01
7.993309559931738306e-01 7.430863329790683425e-01
8.493354881552588331e-01 8.756060835359612549e-01
3.597040852269913214e-01 5.518045480149583737e-01
6.965078324267259813e-02 2.126500409693020677e-01
1.279822880844850852e-01 1.290574070234056236e-01
7.640655601389844120e-01 2.844244040263723683e-01
8.601799371504945668e-01 3.702216507448110594e-01
7.932998482803378382e-01 6.495552508550261894e-01
4.500974994625130399e-01 5.996927147340874731e-01
9.720629204610595764e-01 3.286682036401687990e-01
3.460880869941973526e-01 5.933910146011693865e-01
3.683740021371035289e-01 5.130995135370763904e-01
7.307663417254233185e-01 9.611588030068238808e-01
1.643742438735477096e-01 5.424486027110124731e-01
3.866156585379574850e-01 1.084020859402376469e-01
7.350533940337874439e-01 4.264875388761508734e-01
8.222657847179174473e-01 5.775552193894595288e-01
8.014454721507486834e-01 1.634956299625714427e-01
6.156367318634837771e-01 5.229485076314781544e-01
5.996146249515711402e-01 6.645349671738601804e-01
8.148741883210079973e-01 6.310622951052404783e-01
6.319556130126415816e-01 3.097024807944467883e-01
5.469414806756118796e-01 8.803388744046459768e-01
5.980989398976388483e-02 2.317864344128425236e-01
6.877739847553494823e-02 6.426308175757369234e-01
7.142507963522956027e-01 2.093274531972060815e-01
1.762080946687020755e-01 3.637980341636644077e-01
7.334269456615964966e-01 2.660179285916513536e-01
6.413924959585012298e-01 6.540472532121668903e-02
7.445780360564986378e-01 7.031080894832116845e-01
6.127442793192687809e-01 1.743396401206288859e-01
6.256780186127471888e-01 1.066270644363132708e-01
9.728095293021541412e-01 5.051083386610244474e-01
2.005843862573808700e-01 5.202407793676194769e-01
6.579946564024281574e-01 6.527634634559926763e-01
1.414109276303870955e-01 1.151997593988119961e-01
8.469023188788549206e-02 7.214993673780644157e-01
6.613298586682960778e-01 4.763178141585777681e-02
1.845562363975495890e-01 7.098958402314429206e-01
6.541617773381377399e-01 1.154609579097912869e-01
2.092366623955413951e-01 5.605499621919678432e-01
6.949035864268152674e-01 4.065296542672038882e-01
1.295605431044134503e-01 4.796032509886658524e-01
5.417294802589268654e-01 2.910586423075655071e-01
8.693784053934759948e-01 6.482237330086589866e-01
2.218046559798496908e-01 2.628654685179769301e-01
9.785473695331353694e-01 4.558343892866302816e-01
1.982711652243100975e-01 1.213500571525647914e-01
3.288018360280793306e-01 5.546938675341771541e-01
2.879953809657346264e-01 9.133134444034542998e-01
7.105823011871790218e-01 8.823978928176500203e-01
5.341064262992759604e-01 9.906825344413557888e-01
1.929590412322467197e-01 3.191081405579390684e-01
2.022507215319506169e-01 5.707571183129759307e-01
6.158323082880994281e-01 2.696041087844513462e-01
4.358942553822818533e-02 4.852466338132547241e-01
4.517722479498026966e-01 9.713220944087415099e-01
4.212239714974145843e-01 3.603412581741989862e-01
5.416087655252179722e-01 5.555789026607683700e-01
7.826915664404620054e-01 9.094046198190730568e-02
9.260069177672614060e-01 2.318457620505848249e-01
8.571734162870916496e-01 1.417340815373162588e-01
2.778075615858274783e-01 8.025853766735511208e-01
6.214826893507736649e-01 5.317019613504371522e-02
5.862263148823653180e-01 7.030804464645971086e-01
7.975500813399016842e-01 8.894918553084194546e-01
6.731795640812401338e-01 8.204737027661247462e-01
8.349838114170977654e-01 5.350593044503687556e-01
4.689469095233065321e-01 4.464392072169618420e-01
9.735937727846755152e-02 7.415647115066569262e-01
2.998296372776606544e-01 9.368724879897143420e-01
7.123017634015097466e-01 6.354830477758822704e-01
2.738116908279867867e-01 6.400433614157186035e-01
6.799639101233465599e-01 2.547062861411182877e-01
5.229707278408111115e-01 9.907065404882320347e-01
6.232028169170066301e-01 6.784811313300063151e-01
6.303215599809203207e-01 6.396404044415822110e-01
6.938328340469122057e-01 9.712310061219884272e-01
6.224399389643728853e-01 6.070864138748468530e-01
8.873843719529791452e-01 1.715331603453789933e-01
6.032028896783264704e-01 7.811864498101090959e-01
9.770076240491155639e-01 4.613206009616297454e-01
8.509738827066619660e-01 1.712232568712544478e-01
6.651579610680780075e-01 5.128295233232758044e-01
5.942322716593061438e-01 4.339971808309024404e-01
3.405516085811090554e-01 6.352092461366782850e-01
5.888110613792005843e-01 1.437417720961343681e-01
2.566389531520749667e-01 6.379534990335756772e-01
9.811037228979933023e-01 6.483122490451515008e-01
7.607063874588757546e-01 9.578007842398116312e-01
2.987703020504464124e-01 6.265516341009765844e-01
9.807009665571876367e-01 3.616476570055631168e-01
5.383977058297212404e-01 2.108013559468520925e-01
1.329676839353707007e-01 5.143698403761585158e-01
2.660353382787618570e-01 2.325332558193106414e-01
3.493584674285460379e-01 2.273621444510476319e-02
3.040539799992053593e-01 4.464046707173141559e-01
9.179514099551987494e-01 6.013408387841209235e-01
9.875314853817531713e-01 5.451448351179249974e-01
2.011759238297161911e-01 4.294682605898533234e-01
1.158339719969503356e-02 3.751866789796107771e-01
3.738519599337969401e-01 9.516834190737581967e-01
5.277660543931398385e-01 1.307572860283927330e-01
3.217174221869533723e-01 9.587471714296263992e-02
9.281347371845881655e-01 8.327159797796558349e-01
1.819256671376313916e-01 2.415572491674035649e-01
4.357684497454016870e-01 1.148673465659136167e-01
7.646864045617846051e-01 8.295798625469086307e-02
6.743355387369653897e-01 9.779372643826679257e-01
5.262610965948133490e-01 6.084458399262475670e-01
5.175299445567564938e-01 3.049042670578321762e-02
2.023984217171412858e-01 8.783693850375901002e-01
7.084357098876992165e-01 9.068612072309942818e-01
3.394953788949532925e-01 1.049897316123567653e-01
9.419126695063546606e-01 4.491593363411971462e-01
8.693717027743337322e-01 3.346838748250627882e-01
3.104992331265383765e-01 2.471429338833939782e-01
7.657741546738922045e-01 5.998463829429797611e-01
6.799770455691922511e-01 3.192031250001519660e-01
8.690721050671776915e-01 8.614817679921823457e-01
2.370496929000797670e-01 4.228863436256637409e-01
1.606214345960675638e-01 1.317613806859228853e-01
3.606056517971791830e-01 6.031086142132938699e-01
8.317400159268759641e-01 4.316020818563175432e-01
7.398259402952198638e-01 8.011941622583038658e-01
8.087264412320639417e-01 4.700489904919847861e-01
8.475892363980160882e-01 5.761209696870093211e-01
3.571867351580036987e-01 4.351847439305567833e-01
4.706656611991542061e-01 3.658121756504063571e-01
9.382596542073073920e-03 3.947095424896186477e-01
6.904173914034960058e-01 7.397647258023788419e-01
3.112991145130158954e-01 4.124498048052990251e-01
4.624807120486775780e-01 5.158888870630982115e-01
1.367871390846334689e-01 2.285255956354033113e-01
5.269175079917634008e-01 9.148419955028136430e-01
1.272869590188533961e-01 5.122390021357660084e-01
6.482671367090733217e-01 8.850262474609378316e-01
6.569083372325286163e-01 3.049100487124047909e-01
6.416102265422527484e-01 4.265560428335846144e-02
7.677751248428945630e-01 7.945899911386413716e-01
4.870294000721048233e-01 3.854022611859738157e-01
5.932602479267646833e-01 6.197226736632823751e-01
6.380681901947161949e-02 3.806618914024268441e-01
5.636269467005921019e-01 5.338132109361286570e-01
5.949495626403956683e-01 4.432353978427640007e-01
4.252172177933709607e-01 5.307796856806715757e-01
6.213548933475462333e-01 4.015965404758277679e-01
4.316923355532982232e-01 3.086353893872623849e-02
8.176319645986713791e-01 9.422129749189742665e-01
4.241341708357050932e-01 2.290453714976910526e-01
1.440887952683386486e-01 5.127752412588473252e-01
3.979817156994143734e-01 6.185442364745426247e-02
5.013773285395177748e-01 2.427082993839806691e-01
2.085640585106128264e-01 5.893434003090243234e-01
8.386760604229299698e-01 7.033816956592049419e-01
7.252774822093566165e-01 3.967920574722610949e-01
5.413794939316900479e-01 5.385450505029659718e-01
8.373705796069370599e-01 2.713658796286848029e-01
9.098746278204606908e-01 8.102681575896536481e-01
8.771911120942308404e-01 8.880992498442061844e-01
4.644183833082090596e-01 2.792156751537390180e-01
5.766050897768123518e-01 3.147527347103999951e-01
2.049537223689572585e-01 6.546432123789108770e-01
1.620259948465500033e-01 3.762991637182319660e-01
3.739128564402583454e-01 7.806195475983314092e-01
5.572749831192154168e-01 8.313423126032737365e-01
5.382824593882490349e-01 4.896776104730183876e-01
6.554800520832324562e-01 2.644985224410068003e-01
4.033702907660594583e-01 1.561857515153144693e-01
8.197612503911272386e-01 3.535210128625341786e-01
5.781034663983144473e-01 8.167985749135723283e-01
9.537689961770799973e-01 2.884989616943611779e-01
4.391689268607798513e-01 4.863550584703853902e-02
3.702464239394296919e-01 6.436566926853546367e-01
6.257930674587860453e-01 4.268995740274550421e-01
6.520338949134433237e-01 6.127847545663982487e-01
9.687552817717948184e-01 4.849087618620869788e-01
8.981783944024179789e-01 1.984761325739975435e-01
3.216260566838987089e-01 8.681978551383178200e-01
5.820696408760746010e-01 1.450693977165259385e-01
3.053909921446736897e-01 8.424332156345353262e-01
2.279440638040245992e-01 5.534872777436152802e-01
5.094264685675550242e-01 6.179119318110719572e-01
4.581586658485679586e-01 2.207619753343514346e-01
8.466370474474982366e-01 5.232319212183738077e-01
5.863412724769948570e-01 8.010479918689397127e-01
4.032628446632371411e-01 1.144462195385936992e-01
9.537854677415464888e-01 3.189455017720460583e-01
4.856034680736287523e-01 8.388138320158301797e-02
2.218783687734258436e-01 2.631043942407733094e-01
5.033022775723938746e-01 8.783587689404451782e-01
5.451287893222953596e-01 3.927899672688693888e-01
8.421373608368963870e-01 3.158794538392211138e-01
3.639411298291631014e-01 8.903284399317491493e-01
4.964871480333146736e-01 4.428847831470511531e-02
8.783763612822101940e-01 7.931840041735551683e-01
6.017347047847984021e-01 2.076243295403819578e-01
3.698654273476436605e-01 8.178942499343455630e-01
9.219262184165470941e-01 3.226774008518492609e-01
6.955774131643094327e-01 3.336909368167171319e-01
2.346864413512970149e-01 5.798175290321350150e-02
3.658874516511002040e-01 8.138401720891061952e-01
9.470569908993005104e-01 6.274176849346747575e-01
4.337641012732619261e-01 6.397860562748428626e-01
2.123150700865771845e-01 5.529373641688208885e-01
2.437636481876438166e-01 9.105146884512733962e-02
1.359674966934538709e-01 6.142948249526849480e-01
6.904428432622600198e-01 8.260965226474521472e-01
8.810562531618530979e-01 8.197400964419432334e-01
9.590676575864893749e-01 3.251627169415263752e-01
8.636498907698356708e-01 4.633378197728600933e-01
1.636251022733612448e-01 5.159589842165273055e-01
5.490763518969260515e-01 7.349281799780991165e-01
4.601345879026975672e-01 7.928308202656900727e-01
8.336371716052787262e-01 1.202525701472871855e-01
3.583217581312863054e-01 4.944942118071285475e-01
3.645209493784091759e-01 1.913907941657055911e-02
7.049520999390380682e-01 5.647782059520605191e-01
2.549490523841965728e-01 3.215163582357488670e-01
6.716065348744069130e-01 6.467353968131157593e-01
7.084966260640105373e-01 5.675723429055645752e-01
3.859537584414498568e-01 9.743327874316981552e-01
3.425393343401417212e-01 8.115581547092152181e-01
3.568461237372761580e-02 3.981909588004032829e-01
2.166819279717061356e-02 3.456432175007240759e-01
2.558859324174502792e-01 1.259675910394508769e-01
4.907085652197419878e-01 9.511476802923733986e-01
6.611105827602438145e-01 9.882862010627168070e-01
7.110406606628342230e-01 9.645379482113434211e-01
9.596216617309218933e-01 7.586554874801373360e-01
3.407955541735945282e-01 2.393878664118907484e-01
8.804284243558284651e-01 5.148497886396294909e-01
9.843442392748580350e-02 1.710801778599561063e-01
3.718463064699662479e-01 2.386143617386604909e-01
1.791071816042435483e-01 6.705158842477294545e-01
8.144298744428095649e-01 5.189348537286623264e-01
5.971846922615314801e-01 2.045692178347287005e-01
5.479753811143693865e-01 9.114147215032021299e-01
2.413343970962985585e-01 4.462293235885080867e-01
7.481673500519393505e-01 4.489450279767833174e-01
9.744818211499535199e-01 6.146756620877572574e-01
3.278215541048152271e-01 5.077169282838565056e-01
6.446510959152815801e-01 4.296116070305828760e-01
2.456313459622962991e-01 5.386333641470841815e-02
3.662313211053092044e-01 7.977985527114970221e-01
9.864922480924748216e-01 3.951100788721532142e-01
4.928975124386549833e-01 5.070085886177895240e-01
4.914585281165951836e-01 4.767478210675115680e-01
5.911979115514917060e-01 6.427369683020143221e-01
6.280030415953055112e-01 9.210017717233853762e-01
4.578569589578589394e-01 5.426721128261997873e-02
4.308116286573003828e-01 8.514352006293504083e-01
7.301293979043084192e-01 9.629334274035169505e-01
3.366087821891186604e-01 6.771534398425552714e-01
7.587273074801139661e-01 9.812528938435907122e-01
8.753999192621872982e-01 8.925972760100678860e-01
2.914264066501467410e-01 7.982479793651252598e-01
6.300563347627838873e-01 5.186163624275716422e-02
8.579507105923517285e-01 8.260868108020558154e-01
1.181059595142138069e-01 2.298497396948603333e-01
2.958176105960374502e-01 3.106630934980127434e-01
2.020059575858890732e-01 3.751974466169862854e-01
3.358889866360376120e-01 6.776170130251889523e-01
8.573415107818274095e-01 2.375955881872970354e-01
8.136472903366251952e-01 8.489393631465980139e-01
6.488362975376841257e-01 3.716935724761651905e-01
1.430213969051948308e-01 1.545128684497242832e-01
5.721256442463801273e-01 8.850586815433665322e-01
4.939380752231494753e-01 8.133966145503993550e-01
4.023367414393981267e-01 8.577480705389792792e-01
8.088133985460960185e-01 4.114374905670743487e-01
7.419731371583048185e-01 7.593527179585631837e-01
9.906174034579268151e-01 4.774763145911459228e-01
3.757850646736521361e-01 9.713207518950783825e-01
5.678673478570455124e-01 5.272755982842853850e-01
4.771978666966019134e-01 1.546444050161441264e-01
9.015976271477712523e-01 7.894556943627307755e-01
6.634443335739423908e-01 7.994300106197509415e-01
7.993874246878889256e-01 8.478023925167629260e-01
5.812675117511534317e-01 3.016039498529610174e-02
5.571447659667142505e-01 4.429680998701886474e-01
4.293572376442820193e-01 1.078196281565402259e-02
7.732818047684375529e-01 9.724962446165712482e-01
8.057760657530551596e-01 2.266351443120556697e-01
4.703252445606497245e-01 4.781504193862500252e-01
1.313543769577806275e-01 1.684926636916356246e-01
7.790078293379141261e-01 2.162204077524188250e-01
2.177990197773547187e-01 2.354302654674576833e-01
7.195554928685483631e-01 7.709488012407981206e-01
7.956642799700427426e-01 5.390987564958460432e-01
4.140604612278901975e-01 4.861313494692693915e-01
4.411980746772149464e-01 8.940090409375332781e-02
6.287998274159324330e-01 1.580845962152392925e-01
5.511983011974701530e-01 3.141889792123113700e-01
3.104653423978552262e-01 7.233062467001736273e-01
4.495347984025053756e-01 9.668016797888224767e-01
6.909386589911810095e-01 2.429854994720843375e-01
1.711997061021490185e-01 2.779073518162751832e-01
8.354589455596421743e-01 3.618715280430194192e-01
9.059255607824823198e-02 2.232991447606224311e-01
8.536671915112249709e-02 7.099985803076371838e-01
3.121660526171978756e-01 9.346733483423720346e-01
9.165518725780629206e-01 8.322853013695847846e-01
7.931011695007701423e-01 5.143961539781247705e-01
6.570177720299409385e-01 6.005227287403660519e-01
3.173153966871220533e-01 1.094521649791620477e-01
6.259848440088348065e-01 9.087792602344832993e-01
5.280108387371839074e-01 7.389017113304892082e-01
5.091342436006089933e-01 8.619618698628406239e-01
3.841030692153461490e-01 5.696009320953160371e-01
6.195591858298215016e-01 4.593323590322870853e-01
6.315876952280853329e-01 7.328401495274725619e-01
6.280758698607791235e-01 4.854461474600502147e-01
1.479849395432737413e-01 7.916696013927674302e-01
7.496271651493588983e-01 5.411432538694834760e-01
2.397463332700446315e-01 5.573558092340842318e-01
4.317419793258380212e-01 9.647434480777296317e-02
4.431057716941196878e-01 1.342138694050817038e-01
5.361536724421969158e-01 2.798202921862723569e-01
6.879626207324023301e-01 2.065187519274797046e-01
8.938863348391088426e-01 4.689241860524018257e-01
1.914655167848271777e-01 2.299340419845818384e-01
6.613098740071436943e-01 8.719139239521316309e-01
8.851236655395454678e-01 4.940880303922178807e-01
4.279719455149973983e-01 2.415130651108047810e-01
3.580246733637681977e-01 2.482969259751457297e-02
4.444814910050781664e-01 2.392092972031062414e-01
2.145119063821067928e-01 4.983937563838753970e-01
7.893432289691709736e-01 3.386393577418981837e-01
7.521944727342395609e-01 8.128397819897261734e-01
7.740063440662328098e-01 8.046923578874096705e-01
9.686488644487281086e-01 4.175597912095327935e-01
4.913480807691006924e-01 7.027517818628581381e-02
3.278475056621403816e-01 4.825550989305271155e-01
2.523279347616851909e-01 1.206092791049223623e-01
9.260140592215200250e-01 6.767225967876787651e-01
6.975250256732051790e-01 4.580452336199616337e-01
4.468080813571023158e-01 7.177011636581092091e-01
4.668791987484818828e-01 3.546292568560855951e-01
6.081944386422409865e-01 1.742436575797181031e-01
2.906807994859513244e-01 4.778613726801161921e-01
7.865813446914484697e-01 3.773996558979722526e-01
5.594740044846946425e-01 8.268962178746505076e-01
6.192072801611758770e-01 6.605603057053528460e-01
9.673972492299491854e-01 5.154478137296878426e-01
9.514300107355831981e-01 5.767785210594096323e-01
5.638609894586766869e-01 2.724648331851722283e-01
7.854472290646156152e-01 1.519093351910474066e-01
5.411429611285462071e-01 5.382449362365417933e-01
4.674320574901126846e-01 4.612746858007558126e-01
1.455670777501560376e-01 7.211709963423713621e-01
2.635507599983700766e-01 2.161783668784028889e-01
2.948956107631999224e-01 5.522755312091212065e-01
4.685526009753571142e-01 4.769966423008188960e-01
3.839707917362209511e-01 5.244666697216529005e-01
5.101809112380041311e-01 6.223053899962779356e-01
5.023082210509555168e-01 6.299967616946189342e-01
3.107334192833665076e-01 7.001467794412925549e-01
3.629927437815128055e-01 9.668325960407923025e-01
2.382238895198169337e-01 1.576120043817820782e-01
7.730433933538392033e-01 1.054291599614838038e-01
6.978336144747607772e-01 5.862697767293800766e-02
6.360499724950475775e-01 4.004198293210535775e-01
2.521572396362563029e-01 3.786920080545657652e-01
2.280174986335203879e-02 5.623958584660314619e-01
2.102178690154002383e-01 1.688730455841800093e-01
8.134578135235266683e-02 5.036885498760255153e-01
5.806437605109674438e-01 7.855763183736574895e-01
9.783005921056251442e-01 6.591249102842534624e-01
7.841954304109981511e-01 7.203166962582221444e-01
9.362036227306107516e-01 8.186102942567132779e-01
7.180811448742276948e-01 9.327448236562954076e-01
2.777123593479201014e-01 7.995894877737889095e-01
3.231796222639981564e-01 4.188141899835126636e-02
1.082332630146774499e-01 4.820396527649279950e-01
8.832054965581778161e-01 6.062696456452629779e-01
6.522276367793258256e-01 8.569984277835034359e-01
5.417345979914135468e-01 6.665971774065559963e-01
8.833832885642567412e-01 8.721905845753078479e-01
2.020805087636146913e-01 6.392383076038193890e-01
7.404384388720905985e-01 9.240602529227839312e-01
5.207966612799650452e-01 1.459371374719207748e-01
9.465673531888252334e-01 4.076318915809210575e-01
8.582843967167297361e-01 5.671718015130182700e-01
6.228465389954583875e-01 4.874052659547351007e-01
5.421064705281967155e-01 2.214248624191470505e-01
2.649157638049745023e-01 8.312156902634171285e-01
1.378593361820088792e-01 5.295849449713728729e-01
7.619768714766774753e-01 7.013754967020151554e-01
5.933667613627238158e-01 7.842042079489517370e-01
4.539932494846496969e-01 2.199977629380382438e-01
3.062619727550773829e-01 3.472061721781272148e-02
4.535529642754561053e-01 9.609248430577754796e-03
3.749362643748268553e-01 3.770843394179882457e-01
8.363422396830493266e-01 3.567307977263123875e-01
5.523409107418405517e-01 5.763960351077144217e-01
3.643855421828925412e-01 9.559797616917410368e-01
1.703531251389666934e-01 4.736279665027929853e-01
6.718576759343941607e-01 1.823186033333396294e-01
7.377504663260945339e-01 8.908178029051895541e-02
5.914285146790754233e-01 9.902322132057564952e-01
2.927610667687169932e-01 1.375805431334924112e-01
8.923587039393223730e-01 5.134631377299472277e-01
2.209475923070519376e-01 2.434912790448373332e-01
6.675536144751444967e-01 8.028546152287892035e-01
9.194873589385152979e-01 8.477378703914868474e-01
9.905931204409976765e-01 4.741754796043108344e-01
9.097496519600680731e-01 6.475069457403513917e-01
3.928805867485662962e-01 5.868695340209095779e-01
6.304329006114725020e-01 5.590081172047212110e-01
1.374633114169684367e-01 6.214995648901725511e-01
3.929584638514248551e-01 2.069806137636115428e-01
2.584821421017474141e-01 4.681544183533862813e-01
3.927530042584443937e-01 5.357707663331940928e-01
1.921458123212862468e-01 1.576702356849292441e-01
9.298619683892566101e-01 8.255252729446356241e-01
9.901697626640362238e-01 4.960062386318343508e-01
8.542687935708210833e-01 4.975774763538640122e-01
1.448911206956740028e-01 7.463937550895010098e-01
4.598639667351607230e-01 7.480922800351490487e-01
4.931930698089501686e-01 5.948217131943003277e-01
2.639794243482354585e-01 3.537429602491805603e-01
1.970486457212280995e-01 7.876856524779831670e-01
5.106550753967201706e-01 5.243717593481135308e-01
6.047978774483993014e-01 9.572744259725310956e-01
4.450729064513534450e-01 6.557357947854658420e-01
5.183606294919089752e-01 8.695467586810977645e-01
6.869792231347632283e-01 7.747186138424020374e-01
6.089364303622869512e-01 9.516614163983166952e-01
2.517142413399758860e-01 8.030987869254246903e-02
4.187291668957059398e-01 1.686491224531668220e-01
4.470979036688111363e-01 1.029412210534235844e-01
3.207925686488142247e-01 6.825089914589427265e-02
3.658770492350822412e-01 1.330205473337297273e-01
7.833679350462460222e-01 7.933378070215737488e-01
2.147061858730743844e-01 6.286248823917855999e-01
4.820721785366705592e-01 9.852617559872300923e-01
4.857545155262111281e-01 4.144693380647516689e-01
5.951063424878249020e-01 3.453101140460281271e-01
9.117743597286095403e-01 3.653267070286488338e-01
5.039666582382799076e-01 8.060830163496418566e-01
9.255706361531760296e-01 4.191102523637699195e-01
3.977031028660994449e-01 8.625010399082315704e-01
9.020922162114350940e-01 8.257070687735591497e-01
2.845476740558651740e-01 8.511811350159393941e-01
7.584433492436857271e-01 5.177797794844420931e-01
1.353880758018461417e-01 7.240236414246256080e-01
6.443424834089701569e-01 5.625770036979351740e-01
2.874628321667387423e-02 5.380964408617724404e-01
4.036317643524638954e-01 4.304529910981282903e-01
8.148358155912388545e-01 1.976314165096416109e-01
6.691504928317868472e-01 2.224213851602019620e-01
2.322075208655055012e-01 4.436611594635102573e-01
4.513269446969920828e-01 4.862640875887244696e-01
7.681826646396819891e-01 9.769450760471506401e-01
3.896111518618209368e-01 5.169639582566802893e-01
5.993288447066336122e-02 6.812700593166575169e-01
7.723121696388495216e-01 9.262188672617790441e-01
4.418899447491191346e-01 3.866353567802356395e-01
8.811377461013606416e-01 3.890305225715697257e-01
7.694893437399008551e-01 2.947997755047127022e-01
3.406451676630578573e-01 3.336910274736226145e-01
9.317900006626685105e-02 3.956515469989428380e-01
1.475052700630978819e-01 1.092965477549981967e-01
5.764000097248191956e-01 6.612084462978509158e-01
1.759385486180930769e-01 5.391494201369591011e-01
8.341982505943015269e-01 6.420901837431804982e-01
6.181770115368780960e-01 8.136273699405307536e-01
7.728146311093303522e-01 8.640782051940876229e-02
5.292349628824641883e-01 9.906183993454440451e-01
8.276305435544701883e-01 4.088527075108416842e-01
9.830103174284761380e-02 1.894718460836282703e-01
9.707726826459646130e-01 3.540711050365482060e-01
8.511433503083736252e-01 2.579044806500334630e-01
8.531351445615912299e-01 6.809593855479529889e-01
8.014010014139683058e-01 1.004690626320883240e-01
3.671153357427794361e-01 8.993683560171510383e-01
2.945099016850288298e-01 4.523521749123104452e-01
7.139407556893302420e-01 9.753333121252323323e-01
4.233319749958304734e-01 5.851688606741708432e-01
9.275559388205454336e-01 3.553197884538141227e-01
8.859771231390649593e-01 6.306170095186113267e-01
6.731484617328489239e-01 9.174539317448676679e-01
5.585658348062436662e-01 6.389080142847257671e-01
5.851901410742890164e-01 1.566917602954818189e-01
3.139183583997107174e-02 2.916376468678866241e-01
4.975258973319750533e-01 2.907850724345316662e-01
5.591630076353590884e-01 5.951717592978567062e-01
7.305758923274352501e-01 9.851424503941657029e-01
1.874140220152142045e-01 1.473117085627971001e-01
5.826799969696115911e-01 5.491879931254255442e-01
4.802530175885183494e-02 5.960534370760018907e-01
3.813206657021132595e-01 3.281611548619861596e-01
9.367998416185533417e-01 4.398863118558921648e-01
5.323382000947590731e-01 4.690347098756090377e-02
6.890643700626267742e-01 6.598708506664234807e-01
6.309426235157343799e-01 1.088362929244126170e-01
5.589141773655137424e-01 9.905829278173856611e-01
3.299563451587396168e-01 5.436879470388322755e-01
6.160006235556774179e-01 6.859638936799836717e-01
4.223688439947025919e-01 4.347679836069447412e-01
1.863512013142448187e-01 5.673478054499181411e-01
8.966791758061255779e-02 1.881570367651876352e-01
3.146682114144085940e-01 8.817880628096694817e-01
3.527925603291994783e-01 4.393682963175671863e-01
8.111283884359093976e-01 8.733462802751006393e-01
6.531856370308145587e-01 9.574103228683885636e-01
4.990243050527060076e-01 2.101195713497326367e-01
3.456885984882934193e-01 2.546539623751061243e-01
5.549788604877672338e-01 2.744827116337418271e-01
6.229366761145171960e-01 6.117706925282644370e-01
7.494762637361458424e-01 2.439571957463008978e-01
5.362839900230369494e-01 5.760046810181134180e-01
6.625334528229291919e-01 8.525727229393551543e-01
3.966233533936869282e-01 4.873220867559734382e-01
5.294184946140771952e-01 6.899137315446812746e-01
5.213711152763118584e-01 7.972145038836057074e-01
5.336841928246984779e-01 2.621332874167823235e-01
4.538192551379041095e-01 4.478102933597311042e-01
8.825000652275052371e-01 5.438064815460640355e-01
4.045718687276708136e-01 1.249557773314533271e-01
7.523156583959500487e-01 6.582188298718663066e-01
8.943538001533980486e-01 3.160895507814196481e-01
9.366102523767138033e-01 2.529487981428149013e-01
1.214918913395323652e-01 6.907638307950835221e-01
4.086617561455591074e-01 1.996870045141555250e-01
6.013626792696682433e-01 9.186586877444012922e-01
5.944583243331423850e-01 7.639923492136043714e-01
2.105581499079408614e-01 8.877188034226279889e-01
2.994092521853874977e-01 6.813492975392401174e-01
3.911724894546851905e-01 5.181505659229800331e-01
2.004201697787353631e-01 3.231926328666158144e-01
3.069836962927396384e-01 7.271356327288425181e-01
7.841493326306554490e-01 9.561106564519274986e-01
7.984915462636374972e-01 9.114072302194182740e-01
8.143800532378832058e-01 4.084247126043823450e-01
8.611949434030646833e-01 4.669743442380115406e-01
2.146023542230286463e-01 7.608387304428787523e-01
6.402255909940640644e-01 7.583791575493015191e-01
9.283687103118398731e-01 7.118198794816320563e-01
6.015773242351177830e-01 1.661250328338574889e-01
5.410851003951883120e-01 3.448760158994647052e-01
1.893378418932596952e-01 5.618713130575420100e-01
7.560197115162317072e-01 5.915893075390579181e-01
6.620493238517840551e-01 2.914511977556260014e-01
9.003285920658073982e-01 7.098741432306359123e-01
6.529917244389078501e-01 5.920688849648370056e-01
3.934912895987495163e-01 7.759952976098227762e-01
2.843470919818880116e-01 7.699472083525964461e-01
5.106490757480509624e-01 6.154599557660691556e-01
7.419514209514682657e-02 7.015495860859116695e-01
1.786181692346854311e-01 8.501320384742697689e-01
9.663778772403973649e-01 5.174216045349026016e-01
7.701174832252966063e-02 5.299248068078415974e-01
7.003549923811336342e-01 2.101134415175499315e-01
8.087386131303708758e-01 8.818832526483066925e-01
3.767365783411472102e-01 5.189975712199710323e-01
4.305701057153240030e-01 8.105405679418117293e-01
7.170472044544238255e-01 5.923723149501196605e-01
2.666416270942686961e-01 6.649132106644239926e-01
4.361102962200423816e-01 3.046123187352225425e-01
4.290948912542929539e-01 3.371638990168663308e-01
8.722698552261205496e-01 1.495075447783763556e-01
5.000449414211841637e-01 9.056355785197514052e-01
8.926123860264916221e-01 2.862565052324611559e-01
5.034624362927914154e-01 1.346759218476206721e-01
5.104555630746454575e-02 6.594034133138509945e-01
4.603447149898252655e-01 4.181652591856468426e-01
2.137736015297451164e-01 7.582933970181924277e-01
3.491100893063987520e-01 2.744955690578450569e-01
9.681408686538754971e-01 3.187024383932455240e-01
5.143846708813228918e-01 2.948207475154598356e-01
6.078608260882765180e-01 2.078031216835160011e-01
7.987485427204908950e-01 5.047457246722565349e-01
1.692524331857252484e-01 2.790682514864884500e-01
7.049687423698777211e-01 4.743200211102228669e-01
9.406510036470203673e-01 8.099882360338518383e-01
2.569866946080371917e-01 2.283389081826332212e-01
4.453774515275575885e-01 4.506596037548850076e-01
1.894078520456033699e-01 3.173307967463184776e-01
5.326697225672755859e-02 4.599576022085929417e-01
6.459119983156517142e-01 6.752737169409759321e-01
3.859605864098779038e-01 4.559442789806180119e-01
6.127099741822126244e-01 7.629388839202316808e-01
9.036842129789613987e-01 8.662541837877287820e-01
9.691955642585419195e-01 4.531645482688231308e-01
7.181393354000720208e-01 1.242406941473716692e-01
8.579574831227244625e-01 2.399436325209412524e-01
1.848189749666674653e-01 2.890364287188748049e-01
4.979150895617531214e-01 4.760911173350839132e-01
8.321189859436946001e-01 6.663383163670014708e-01
5.035537831538303699e-01 3.677048295603942973e-01
9.661327025595165541e-01 5.581540449551027905e-01
5.839193722520450436e-01 3.319721963331943027e-01
6.611080418009258608e-01 4.811423194181601581e-01
2.660836529433934783e-01 8.511697930203268037e-01
3.905498748896449324e-01 6.357622750976319459e-01
9.125446368046744583e-01 6.099058515991470086e-01
3.886461087147441429e-01 8.692966536207444306e-02
3.404114400783341821e-01 9.015522786603604732e-01
8.337120238761539515e-01 6.338961533407354576e-01
6.216156446841951677e-01 7.415791140093473954e-01
1.537050054870153781e-01 1.040551757062011529e-01
3.365759996598830656e-02 3.445542669212984799e-01
5.520312478178233118e-01 9.444213980862802282e-01
7.109735444669488258e-01 3.699040245139876282e-01
7.823414899236422748e-01 9.146115739002727008e-01
9.748319191674831297e-01 6.185677442861227116e-01
6.783260244675662909e-01 4.296128050052736569e-01
8.198718051706668231e-01 5.473075443380920335e-01
1.098949546513690589e-01 4.684591546096473214e-01
5.633654116952563351e-01 1.421722204288912161e-01
4.135784117044069563e-01 5.057713652792061865e-01
8.964975750916914787e-01 6.859444723097283259e-01
4.395583710080044337e-01 1.534505241683874199e-01
8.503016746053808639e-01 2.527674558235695756e-01
5.596958278108139506e-01 3.083568699537098667e-01
6.431432046717655560e-01 5.995617274843239031e-01
4.354615217799258087e-01 9.344506914539856268e-01
5.135640571701443058e-01 7.423926414652992634e-01
4.658474567773576158e-01 2.258900355537847571e-01
8.359649875843302436e-01 5.786813309386739101e-01
8.233917114300419726e-01 1.139159425315853236e-01
9.292052967225158389e-01 5.052543829649565055e-01
8.401256786555055811e-01 8.591596491080439879e-01
3.891788827965029229e-01 4.048602651627104532e-01
6.311681550281464936e-01 7.428727364037804870e-01
8.385502137259279731e-01 6.883830479436465755e-01
