4.438267780426965459e-01 7.351733159023555730e-01
3.892632274278443605e-01 3.897910769729974190e-01
6.924665842956945205e-01 1.573249127987412788e-01
3.348295447108335932e-01 3.813768366796667086e-01
1.562803088070284785e-01 4.972241764443541268e-01
3.548247621400736351e-01 8.437984486564269471e-01
2.602666946457175556e-01 4.705809251777237634e-02
6.664617589582447765e-01 4.918276386959391511e-01
5.548807916484490566e-01 2.401170998921506039e-01
9.832824449731665251e-01 4.725862871383589292e-01
5.997466029508871088e-01 8.605633864206718719e-01
6.149340983716405917e-01 3.400506994027993057e-01
9.345145252860167506e-01 2.010839855444568058e-01
7.768932452345138628e-01 7.491252802515859788e-01
5.274088173748044950e-01 7.338280570536201974e-01
4.022264939088687208e-01 1.318574427887342360e-02
1.029505852460557008e-01 5.148175794609027855e-01
1.808340164138306227e-01 5.321655258626354357e-01
5.165324736833035724e-01 1.835437415761224239e-02
3.132125474948888044e-01 6.816585686653731102e-01
9.367207031941747752e-01 6.113209130999441854e-01
5.222342926954520737e-01 2.442730098722712406e-01
3.987065726897389140e-01 7.118119291306166385e-01
7.249672270983776867e-01 9.037075772828376818e-01
7.182581368900957663e-01 1.855822504461437927e-01
5.848555486861638231e-02 3.167659375650490050e-01
1.457411989602891145e-01 3.621895911991019346e-01
3.564443862897053172e-01 8.710845097308229645e-01
6.667857750951236007e-01 1.451978364412986888e-01
7.774689306669740896e-01 2.427857267773025629e-01
8.355247507821557118e-01 6.976460859644026957e-01
9.167199668326171391e-01 9.827325244390872072e-02
9.295866562448440451e-01 1.530050195731617879e-01
1.623559819843201357e-01 5.358177968510162703e-01
5.693791621363744060e-01 6.216907093080672464e-01
9.170415489427465872e-01 5.435866069448597182e-01
5.131790526696066168e-01 8.925519374297887776e-01
9.263511389079196467e-01 3.395848239791171563e-01
9.507031065588882335e-01 5.916070029057282076e-01
4.596829914691240582e-01 1.187691546382887153e-01
1.150656868462679311e-01 4.416569774100631007e-01
9.819862321571164454e-01 1.812091178269139569e-01
5.208432730590160098e-01 3.002008252549444034e-01
7.336914567559857936e-01 7.830610627715259842e-01
7.305305540046544976e-01 6.936352798271607778e-01
5.148015777297253459e-01 8.683650653263010888e-01
4.212444114686562102e-01 3.107514891261629053e-01
1.015343159884024016e-01 1.743672088214293092e-01
9.471594637270791539e-01 5.810187966341215926e-01
5.603385344477996854e-01 6.409270105706936504e-02
9.152772143959448936e-01 6.917720480671309957e-01
8.553346086668992543e-01 6.942736934178623809e-01
2.612788458007435644e-01 5.919894671191309188e-01
6.324076606457624816e-01 2.094536626970019411e-01
7.526607770633746419e-01 4.134533341240823057e-01
4.825304543250004130e-01 2.057189843552472697e-01
4.400205362684150856e-01 1.899282959384475666e-01
3.078581919027109093e-01 1.820736462107395981e-01
1.248349812942878279e-01 5.305439940069518467e-01
1.948277157221700584e-01 7.920075486867564907e-01
1.369461614447070319e-01 6.107743114044251742e-01
1.744185717326998397e-01 2.165217168714767826e-01
2.810370082925419122e-01 9.900809499680287562e-01
4.173247095557901520e-01 9.657477620408050356e-01
2.822144478723430661e-01 5.928449208350230482e-01
6.960211156011012479e-01 8.768921582831822326e-01
3.294393238147644287e-01 7.061537069830196856e-02
2.068295979652306493e-01 6.729737135329418862e-01
1.776336403702818700e-01 8.415907980514992781e-01
3.423789321887978909e-01 4.710139733586515276e-01
7.079772815246349049e-02 3.259798271025554639e-01
5.053093153691753381e-01 4.009753354373122303e-01
3.159230258740604591e-01 8.479816642784827607e-01
5.593965097092943317e-01 7.060620647640254433e-01
2.123992716228191302e-01 8.492133603548794873e-01
3.625191965606886502e-01 5.394132685563286511e-01
2.772719067770680335e-01 7.894782819085216508e-01
5.824854114934570060e-01 1.572315751106813098e-01
2.720670362249453245e-01 3.503112392079697490e-01
8.956800776022094679e-01 4.030790004354009026e-01
1.879287822709764522e-01 7.984918827345087733e-01
4.053961841908060859e-01 5.300605523702485167e-01
7.584582535355047783e-01 4.548947390828996240e-01
6.991587462730309843e-01 3.368188156488720608e-01
3.760153141298730461e-01 6.594141490241663961e-01
6.458863196529764927e-01 7.906591091087105116e-01
2.285985642496999592e-01 3.971298206011872334e-01
4.647105544146215017e-01 4.403307616816908299e-01
2.170067432910647576e-01 2.842684077397139020e-01
7.733346188343370731e-01 6.288939936806208220e-01
2.808032379964942593e-01 3.635588855462217328e-01
1.693754466171233375e-01 5.554723912528087837e-01
5.239883745605450338e-02 2.792520669931558563e-01
6.570631139146269062e-01 1.021272004098450759e-01
6.861434222974838182e-01 1.834317296386775431e-01
4.336932788981495146e-01 8.019943289471385128e-01
1.778605339037393485e-01 1.999848921149968151e-01
2.273432831160611955e-01 3.615486898951968397e-01
3.033238495601861540e-01 2.298413315877365082e-01
1.659186197013487463e-01 7.639051927558563326e-01
1.550522344099057072e-02 5.653936787358853078e-01
8.098663824737989403e-01 4.854610424915177247e-01
2.350538160247525044e-01 9.275364707793745112e-01
6.126574109251676781e-01 3.110264550125740879e-02
7.755493260410918355e-01 5.315800359195765878e-01
7.058596242438240909e-01 3.437843961215701905e-01
2.072662691228664422e-01 6.020941684480185518e-01
4.833424714730724103e-01 4.234453361551507866e-01
3.960429355818024244e-01 2.993374177885128606e-01
3.918398468672311674e-01 8.436754379174167262e-01
6.726567418268966092e-01 5.233713798345351886e-01
8.915554547049200362e-01 1.623676681352845264e-01
4.170967663905549294e-01 3.458356691441777375e-01
4.078239013698254922e-01 5.676059580068321120e-01
4.956357147142653741e-03 6.507187592267382747e-01
5.694359693526475086e-01 7.907271806544171611e-01
1.377270418379732964e-01 1.328643458702980507e-01
4.343024384895907142e-01 6.801457686414381643e-01
6.809517474865256492e-01 6.313679297472739593e-01
2.707763422616499827e-01 9.605323138831500795e-01
5.468009025228846021e-01 8.430514904103216800e-01
1.137990927020762627e-01 4.085314209337328473e-01
7.199834489109968594e-01 6.029644329886453269e-01
8.409278849065522365e-01 3.338247656272917419e-01
8.443676264340175264e-01 4.354234699318769719e-01
4.563417798733187536e-01 1.960156088257998253e-01
1.460805053765872885e-01 4.106996593380197735e-01
9.323152304510273769e-01 5.901926511920001506e-01
5.002666857750965868e-01 4.519827183317206565e-01
1.766961194713377870e-01 1.182426491310235722e-01
7.563984340470175649e-01 7.830195655065278482e-01
2.200230433865282276e-01 6.024065814023924492e-01
3.395343023376872771e-01 6.807445554294733192e-01
2.667179131060924413e-01 1.902430502423526071e-01
4.629613006409317166e-01 3.536996064031152631e-01
3.650131308020089782e-01 3.241552907439488873e-01
5.475127805358249722e-01 5.036819923559194834e-01
1.120099604461693987e-02 7.103750695829558204e-01
2.968753586489000784e-01 2.401149562363525669e-01
2.721530422410915473e-01 7.041990371571222873e-01
8.521188222480940988e-01 1.909745591075789339e-01
9.334259590162726772e-01 2.576160936562635340e-01
5.566097878900393148e-02 4.124212698537705890e-01
5.447842017042645590e-01 4.687339449835384864e-01
3.575989320777038238e-01 3.037772614897418788e-01
2.209900427296031533e-01 9.791935820122252832e-01
2.942807648066680937e-01 6.864023483010890381e-01
2.721082871038791318e-01 7.044904263209987860e-01
5.275995064006150370e-01 6.721321444602876838e-01
1.316881474038728295e-01 3.590080922199900826e-01
4.379994583288379095e-01 5.729769699822103712e-01
6.980955886499334850e-02 2.339531046515576085e-01
7.075914299718284450e-01 7.707801709046502303e-01
3.819425127537667136e-02 5.865669850604102731e-01
7.119918950418245851e-01 2.572907425284228222e-01
4.701040401095581411e-01 4.940479873224100649e-01
6.809357001694915645e-01 5.326030213655606055e-02
7.755555865197849563e-01 6.326972512471692456e-01
5.834001764723070194e-01 8.873537794008823365e-02
9.449485806914886821e-01 5.933161077770063851e-01
7.375954522633885180e-01 9.016637554546070854e-01
8.458793127353096963e-01 5.687017379591718935e-01
6.917330685003229007e-01 1.837212445000946381e-02
6.595526595346357102e-01 7.757481527259209031e-01
3.394521704334073076e-01 9.561102522889117772e-01
5.047335441236313613e-01 2.691431978893582544e-01
9.069831853955748757e-01 6.529868060730611434e-01
3.918215918757616545e-01 4.690342378676576884e-01
1.238680284684411936e-01 3.524737676210118464e-01
1.493977413129742859e-01 1.969737462702722819e-01
2.399063179190610018e-01 6.226803841627220892e-01
1.105414143489102802e-01 6.239824397647781851e-01
6.143898730779728812e-01 9.014591498963072658e-01
6.560366770241856660e-01 1.517437790406817033e-02
4.121359169090599989e-02 4.536738506389925152e-01
9.931982053115824272e-01 2.637889719839938696e-01
9.975671479500063388e-01 3.606637521474540531e-01
4.112491201578967193e-01 4.159590489502646982e-01
8.947635796221418136e-01 6.449300930715292646e-01
1.625892226410045049e-01 5.094117444708842202e-01
3.170327955619182958e-02 3.756431899079993864e-01
7.713548024521197366e-01 3.557802878201233865e-01
1.202805648194048838e-01 2.750378739663649208e-01
3.123986746494552547e-01 9.423487728136884511e-01
1.215678322565598157e-01 8.942943260464506494e-01
7.334680163959438337e-01 3.718157623600490402e-01
1.921022641794066788e-01 9.855190770703037284e-02
3.451753944329064017e-01 8.438860873233187121e-01
8.542684528172025393e-01 7.099411214859223662e-01
2.751374012837890515e-01 7.041213225818987453e-01
6.130713691928132425e-01 7.728493778596227104e-01
2.152705874427483512e-01 4.536406179532433414e-01
1.737763150719820460e-01 9.648003509455127524e-02
7.815218798461365246e-01 6.807650931967866859e-01
8.802854437238893937e-01 7.638352009508452278e-01
7.901182609871710838e-01 4.092777091865520966e-01
4.054401579332048144e-01 3.770250442303447747e-01
7.069702672026054735e-01 8.041110620553308941e-01
6.939147046667643037e-01 4.808984199224333178e-01
1.898638475147546578e-01 8.994994389662808176e-01
4.759345475788881452e-01 1.999399323278696627e-01
7.312782689471950537e-01 4.056973228507728679e-01
6.460343091152719319e-01 2.695748760405032862e-01
4.880300545131627254e-01 5.792241649736260545e-01
9.292379502573300254e-01 5.140268442812636618e-01
2.031880797324615573e-01 1.013085289022408464e-01
1.941755412877047282e-01 2.168129619195003077e-01
7.699410166871638594e-01 1.818418634811266865e-01
8.591452307078027983e-01 2.286166055191356239e-01
5.423834059441177136e-01 7.502171669288446587e-01
2.075934627824965739e-02 3.882478511666894727e-01
2.634400887535561231e-01 6.231037902150020624e-01
8.327761169951161113e-01 7.048697513274919668e-01
4.962283416786983370e-01 4.204843399062892506e-01
7.431386899345339137e-01 4.541811631981244879e-02
5.033500030854775042e-01 1.736327441431103069e-01
4.642923759327300393e-01 9.793383170373891611e-01
9.117288661677227513e-01 5.815380849724907097e-01
1.380390802388237748e-01 1.685649000142792620e-01
7.788856461210906801e-01 1.369324821288545602e-01
1.366585385763279259e-01 7.793242806407213452e-01
1.282404673273038476e-01 2.416933753195498746e-01
9.654202153626971761e-01 3.534295450189189891e-01
2.916537641709119333e-01 4.788879180798668450e-02
2.051823417013666495e-01 3.263726162180866641e-01
1.041863742763466522e-01 2.847901178851640625e-01
4.797991390578383863e-01 7.904075975773945384e-01
1.489772644095170295e-01 1.211589682540855639e-01
4.879545114708709330e-01 6.366518367073008555e-01
1.606374728474758151e-01 7.620060961274386369e-01
1.670263312663456401e-01 5.149717573351518807e-01
4.411249967434939245e-01 8.401528905839801276e-01
1.666769162712698205e-01 2.691276386134545118e-01
3.682695015315228249e-01 1.507385225196775924e-01
1.325164141743336854e-01 8.442578288034954248e-01
9.779321594732963696e-01 4.946264221583256404e-01
5.706885851349261518e-01 2.253466308244860827e-01
7.232932375777592071e-01 1.704204058102004316e-01
4.035401475678738192e-01 5.283383098752004736e-01
6.530348268030159442e-01 3.711150366222766839e-01
6.045839129495360620e-01 5.453801689073104614e-02
1.327622555027810347e-01 1.560878429961563840e-01
2.913998399955647911e-01 7.338418567982615270e-01
5.600972733751727883e-01 4.475836491246056870e-01
7.883436414304225703e-01 8.096317656743649005e-01
3.909780769932142963e-01 1.799060977474066236e-01
6.571627419889189969e-01 3.499815014239348598e-01
4.747829563332522929e-01 2.502347345871244189e-01
1.837085212600530482e-01 1.755170434825597814e-01
1.689627967528193470e-02 6.181575917782545782e-01
6.058510330949471445e-01 6.762023564834525047e-01
9.230256222213499839e-01 4.608826001919924531e-01
5.358863010291564644e-01 4.228718461708514953e-01
5.817106071529071221e-02 2.633846175570127013e-01
6.704013432097990499e-01 6.892514704423979843e-01
2.381445491837394512e-01 5.110373865650414960e-01
8.358635018481912482e-01 5.365211666209057650e-02
5.859767813555456506e-01 7.170228701705133600e-01
3.073731117428858961e-01 1.415751997760034964e-01
2.667112222741347891e-02 6.269502633509976830e-01
3.265217295064523628e-01 2.783411351796027944e-02
5.954487941368378223e-01 8.397176672176531742e-01
6.236989735795347434e-01 1.546988167973274986e-01
7.599458442734335906e-01 7.113253838410511509e-01
3.416983519569417593e-01 9.271094828084660566e-01
2.468365900114651290e-01 2.122453933347439314e-01
2.538737037003739871e-01 8.176324144797033622e-01
8.851397907257312347e-01 2.140416125707869099e-01
1.856029456747831374e-01 8.594799483493875680e-02
7.250179535666191333e-01 3.728353164104049600e-01
5.042332253698424832e-02 6.767270843121151458e-01
5.048845830682047175e-01 2.257668861952573658e-01
5.131117173429851075e-01 4.686504340484306391e-02
5.422380636675592225e-01 3.387016620349367346e-01
2.228086879058826797e-01 3.450203576150961404e-01
1.886575067326106137e-01 6.230565166066526217e-01
3.504531955495431284e-01 4.657748163279766818e-01
6.266975341319314108e-01 8.687819409835708662e-01
3.476246742377787635e-01 7.603390071652947890e-01
3.489529829262810745e-02 7.749725648391440069e-01
1.379064368739009172e-01 3.254684616583322643e-01
7.245576624290916978e-01 6.182952547924555065e-01
5.496532519690044971e-01 2.975023483733476581e-01
5.263496406365865132e-01 3.194224012694014125e-01
9.320939834186015016e-01 3.895513934992826943e-01
8.867058780311916077e-01 2.419303018632614766e-01
4.169849280979266437e-01 2.541968670021310661e-01
5.241931829727943803e-01 2.270035953685705099e-01
5.794208785457248823e-01 7.428716729619765091e-02
2.616771001159640675e-01 9.620084908823947623e-02
6.188594423021062108e-01 2.469235071025866479e-01
5.607474087007255914e-01 7.959430773577812479e-01
4.836371138325097352e-01 1.032543587540640274e-02
1.969793136109362075e-01 6.666465787189186365e-01
3.079389836127782165e-01 7.605417257679956133e-01
2.735876832761313660e-01 1.545126537752855300e-01
7.534184784038709948e-01 1.447620265690235941e-01
3.208035060809418249e-01 6.887327119926218710e-01
1.670225539724661812e-01 9.472405862315199654e-01
4.220089075512551968e-01 9.325001760745580404e-01
6.557308067806313367e-01 3.236899015793982121e-02
6.579642940650992644e-01 6.138364679581044259e-01
2.015464579121208077e-01 3.530091417164827328e-01
4.764290299000647488e-01 6.428705433988697315e-01
7.485646030716570642e-01 4.788560105037086290e-01
8.521543328441538723e-01 4.977703383140535953e-01
3.498573154008029484e-01 3.906982017580436228e-02
3.459763304272948925e-02 7.667917258871145281e-01
5.003763162015971711e-01 2.468757576388404540e-01
8.210948244809959107e-01 7.984615349000658835e-01
7.957344101331105257e-01 3.325503262329966292e-01
1.724363176755751015e-01 5.519473412588137284e-01
3.982438967681344866e-01 2.421064278311977069e-01
2.432852049993716737e-03 6.062359531223748821e-01
5.123479083803663681e-01 9.216250037680134843e-01
6.408711146403400782e-01 5.737707513842528195e-01
8.713157729482372549e-01 2.597443607468726268e-01
2.195989392412497632e-01 4.367996888937155653e-01
4.172941050759682025e-01 6.587137549510799772e-01
1.400949565381664486e-01 6.259070684025389575e-01
1.481200140971106194e-01 2.591807218631380638e-01
4.595331834993913178e-01 6.764826991095638231e-01
3.956220191327009528e-01 2.603634951209321535e-01
9.279378092919602361e-01 4.261846234775805708e-01
6.052581114966154238e-03 6.279563600221096387e-01
5.899786645479482283e-01 2.766603607147634647e-01
6.250163145065386061e-01 1.364269045256094604e-02
9.331930035045680194e-01 5.299794977183703848e-01
1.042366292726841226e-01 4.522104240096154193e-01
6.315773102322567167e-01 1.743507435893369428e-01
1.999361631545539808e-01 4.572834627068176894e-01
3.700454974347860970e-01 4.826636141714610861e-01
4.403296437007215292e-01 9.595719679497599630e-01
4.031528029823910897e-01 8.629052646701043106e-01
6.382314822119343756e-01 9.393476560844115086e-01
5.696294810652464680e-01 2.564699704632001920e-01
7.097005427906299957e-01 8.764857093526432497e-01
1.229582381831065552e-01 2.006257126358177989e-01
6.368445034409378480e-02 7.475662308888026963e-01
7.858811778880476773e-01 3.520577934713264856e-02
3.279894424119901841e-01 5.770368350071581887e-01
4.506267422022089408e-01 8.949406532442119033e-01
5.482065309123280716e-01 9.614111783078228557e-01
7.062131856678727226e-02 3.372344277805262580e-01
1.451601724022819062e-01 3.493136592628789949e-01
7.200008775461225197e-02 8.430395458630136618e-01
3.014964881379062489e-01 2.764219962468826286e-01
8.158379513781905956e-01 6.933639322671092398e-01
8.417020677952768981e-01 1.876959516687457530e-01
8.759720906918450067e-01 4.913628881901187517e-01
4.102096798653304677e-01 9.504365360943584085e-02
7.341699449439120784e-02 2.940118164187670580e-01
8.588515980730756505e-01 7.035886817360956225e-02
4.645293201820701046e-01 6.898006748231440000e-01
4.375090538538052853e-01 4.249211342838493666e-01
5.539592021665958876e-01 2.179240724952425934e-01
6.988551195466262411e-02 5.784742520698141766e-01
4.187713839786935122e-01 5.730825241965182837e-01
5.647888501749762646e-01 9.123579228983591527e-01
6.040095773182865280e-01 2.798412672440649951e-01
6.111092960522473971e-02 3.132148219547253865e-01
4.563227216532534936e-01 5.249770070572883363e-01
5.323471626604661111e-01 9.651263782602812480e-01
5.872774783468847071e-01 1.315801441815997730e-01
6.203905951266132091e-01 5.425247983025726084e-01
5.620541133566487879e-01 4.300763265602390861e-01
9.961323483188225247e-02 5.966935931429662165e-01
3.606698637489995640e-01 4.709975972492459750e-02
4.371841982887370026e-01 3.137820525151729933e-01
4.294320510135565816e-01 5.107079557232866440e-01
4.538250389207726387e-01 3.346541515572214187e-02
2.641736497971967634e-01 8.369268710613836371e-01
5.002954371361251207e-01 8.117193085008307385e-01
6.425969869021032066e-01 5.513646839820213197e-01
7.161896841197770147e-01 2.067253003146485302e-02
4.527436768991377480e-01 4.878073575034316267e-01
8.069541408386661507e-02 7.326788975765021750e-01
5.247200649643624093e-03 5.414506764846646059e-01
7.488722572546140377e-01 5.935204078069635791e-01
3.639455480341003413e-01 7.699947746021409412e-01
3.007438127652838356e-01 4.213142728427687889e-01
4.265378914880396111e-01 7.096891415443449258e-01
2.049452588491280647e-01 2.861710906902671381e-01
5.271914181814800759e-01 5.303077487533407464e-01
9.115761048161146185e-01 9.503398864803713764e-02
8.418151424366246971e-01 2.728344244998212598e-01
4.067372203267469732e-01 8.131973476226429520e-01
5.222152085185978176e-01 2.777416374336794669e-01
5.001004718540741356e-01 6.734156144565321966e-01
5.144745491927726899e-01 2.591070536453286555e-01
7.352378884437815731e-01 9.897880384699253575e-02
7.253712777949002932e-01 3.692065389974801826e-01
3.583073042502400996e-01 4.856125682936325294e-01
4.903924431240730408e-01 4.223009809453648344e-01
5.118110136371369912e-01 4.342768716247739635e-01
5.223595107537424287e-01 2.531483730045680502e-01
4.893269900704924624e-01 8.163149972311050107e-01
2.747195561740527550e-02 6.028490700455287898e-01
7.282528986723491027e-01 3.256065102365280350e-01
1.335644236801072915e-01 8.951393238043878764e-01
1.719992834288513739e-01 4.696984985078654917e-01
6.306149384289068127e-01 8.161127397252383453e-01
4.365621994898543079e-01 3.022112887943750881e-01
3.472259227502985657e-01 2.337850286126019750e-02
3.472863421749384782e-01 6.492950385603317720e-01
6.768847721044035648e-01 8.851243862653104255e-01
6.276820022069834470e-01 1.100584347880217140e-01
7.456625383420069086e-01 3.640460980685142900e-01
4.621869757409094448e-01 6.981506129006199712e-01
4.719789872956017263e-01 9.298267464277426564e-01
4.129028229856223503e-02 5.294716153930616453e-01
9.548102359744841117e-01 3.136176996623433744e-01
7.830808071636441436e-03 6.981843511158102311e-01
8.719302500704024794e-01 4.007068890499005942e-01
5.805866990235016845e-01 5.748078858294616289e-01
8.741868341642747842e-01 3.300065374512236027e-01
9.858808256890163602e-01 3.761981266155034476e-01
5.562767302195888997e-01 2.665598380100649978e-01
6.031010241796893601e-01 2.814331240751092866e-01
5.104290681910860217e-01 8.303689876919654322e-01
4.333853752214092969e-01 9.524370179667884795e-02
3.519676808192839790e-01 8.922214152302891943e-01
8.561584177370757942e-01 6.990617033129028490e-01
9.243354604060372015e-01 6.687182018645413395e-01
3.200664702054823452e-01 8.064632312674844261e-01
2.969709751179743784e-01 9.834268924737817885e-01
1.966489868521704709e-01 7.524745584102884299e-01
7.429908551673773953e-01 8.479187747353202909e-01
8.541909307232433690e-01 7.179011174221733294e-01
4.073456915847740722e-01 2.155737608412166273e-01
4.912437668427703796e-01 4.370516354905386036e-01
9.792945754360189436e-01 1.743044556349860885e-01
6.147974952099067858e-01 1.573928004524072916e-02
1.150976019182516075e-01 8.493099843930008719e-01
9.453576076104395209e-01 4.340287458546920885e-01
4.046967025064698298e-01 1.173240529574517826e-01
6.798312473335402784e-01 6.966586987132580289e-01
6.925690948196203678e-01 1.911956265041173664e-01
3.790173140077988667e-01 9.910852941696971508e-01
5.362220312698386948e-01 7.483295375265173188e-01
2.920262076692369257e-01 4.920816594886497919e-01
5.819641332711851245e-01 4.896890710532709190e-01
6.295963932851176281e-01 8.204537574753807405e-01
5.535727525198879118e-01 7.889698369041975301e-01
4.982802184825435576e-01 6.381536135668711696e-01
8.065741149017944256e-01 5.286174857643560765e-01
7.414146530373404431e-01 2.444200460062939673e-02
8.286849389204455907e-01 3.239516463111367650e-01
2.922580140130846479e-02 4.631814848132591589e-01
1.344367678920709297e-01 1.959686447155395417e-01
6.472256173261581313e-03 5.147645817799134660e-01
5.088320933067349561e-01 4.520937327346376544e-01
9.796364974238164214e-02 1.787946620037348389e-01
3.976336141331221485e-01 5.847722732700318948e-01
6.514397094887652839e-01 5.045173733948545014e-02
3.515688405684051498e-01 2.260845867964979272e-01
3.798657501203145936e-01 3.766230616738884818e-01
4.445473001104489619e-01 4.889208987648447913e-01
2.577418975783872801e-01 6.050515889794767510e-01
4.717546755098382949e-01 2.448546158139828510e-01
7.830025144890960798e-01 1.908047756541456919e-01
1.735603114257000534e-01 4.486704482289902152e-01
6.130951198627847543e-01 6.476897800523448989e-01
8.516292306873385343e-01 3.416942912176496039e-01
7.845359979097122904e-01 2.610487846841533233e-01
3.909933488096266063e-01 2.124204239235008285e-01
1.460200733025510123e-01 9.340567072960305195e-01
7.963380410459812708e-01 2.091206613069496179e-01
2.585870971804725693e-01 7.594414640113449355e-01
7.608253663229980202e-01 8.862157527099484566e-01
6.069866230350967617e-01 9.108535381415785448e-01
2.391088718614814423e-02 3.766812471085245750e-01
2.607187019281821949e-01 8.540742782317538306e-02
4.602052391527053365e-01 1.185431635947217233e-01
4.149055282719696924e-01 2.203690043684508604e-01
4.995090556584169117e-01 7.252268451114866898e-02
5.431229176590053331e-01 4.096222995102490883e-01
4.455020141712609516e-01 7.356327761574829593e-02
6.103198239710593276e-01 7.142756046733987896e-01
7.588532211542171613e-01 2.852193576857486867e-02
2.658066449923935370e-01 2.665515917542355395e-01
5.659640330184005919e-01 7.464598924546146375e-01
8.364757345159085089e-02 3.832067393981425929e-01
3.244148468191219714e-01 4.215366779434238653e-01
7.891395911283722864e-01 1.553389224546234682e-01
4.788014290742159673e-01 7.715599399060413255e-01
2.657580244656520541e-01 7.464854908899047625e-02
6.926485772848147704e-01 3.095889087328725364e-01
6.624971813486166816e-01 6.909819413570854330e-02
5.889729724895490515e-01 8.692993898591898638e-01
3.687027931972757244e-01 6.737933477604063359e-01
2.218338861837541309e-01 7.167367684911842840e-01
7.170463995117175582e-01 5.556342383186251288e-01
4.226782492369681177e-01 4.588199382210818023e-01
6.031269709851394545e-01 7.512132786852068200e-01
7.136115371184387213e-01 1.205471548036267104e-01
3.962855441811079515e-01 1.188551971764201520e-01
9.015695502901883707e-01 2.608942706511030440e-01
9.779266939453395979e-01 2.259894576468397531e-01
2.994490319761159980e-01 5.753956058252636119e-01
8.832057602775699179e-01 5.439766121457668691e-01
5.785902909885055623e-01 3.491819458466391413e-01
8.138648755218848008e-01 8.401746940488719062e-01
2.283907326151238537e-01 6.263836386864691796e-01
7.513159590096266660e-01 7.091796168801049738e-02
8.815962327192110592e-01 7.782167512288584721e-02
2.735068240970934261e-01 4.190161245623347241e-02
2.712958694267102455e-01 8.788856998989380553e-01
8.380520136761062666e-01 8.223424847247119418e-01
5.368275065125915901e-01 5.784983951592348461e-01
5.051581906497584207e-01 6.649104734981329257e-01
3.884313056616329196e-01 5.456156176727443574e-01
4.572855223790303070e-01 3.746504809248663026e-01
2.432445615012219231e-01 6.096857929763774830e-01
9.049936175455169929e-02 8.680772914569211407e-01
4.989743900932648302e-01 2.766161777543522104e-01
5.805168096760393581e-01 8.615834975248268801e-01
2.553059335210001168e-01 2.077430935435285453e-01
8.575333336760473379e-01 5.040921781150065062e-01
9.828583807048735244e-01 2.471099884915531342e-01
5.467038585015852048e-01 2.376169856616570097e-01
9.287681430746607125e-01 3.954100970115771441e-01
2.255316483610098344e-01 4.416227371989589479e-01
1.897476006269632198e-01 9.116238625965631392e-01
7.788634361465448519e-01 8.069559398292465158e-01
6.294309040635858166e-01 6.367741891597036297e-01
3.661486378574069778e-01 9.918350572969137913e-01
8.629876863338670212e-01 7.525789667978442787e-02
4.742620356218654187e-01 6.583734932115459237e-01
1.630571485636587714e-01 1.738616731784047020e-01
1.871247901142266690e-01 1.469623413942649504e-01
4.209236108312147118e-01 3.644173316238831228e-01
1.742655574661849949e-01 7.804150047895851428e-01
4.448517324720023258e-01 1.554181698233095266e-01
4.754913193479451960e-01 1.710027916141524384e-01
5.551621496134260259e-01 7.765835634329302239e-01
3.136905557251578602e-01 8.655460572862181401e-01
7.842162249669182295e-01 2.517330126227878551e-01
2.223007506437796321e-01 6.393869810087378369e-02
8.639569830209543611e-01 6.420323827864335975e-01
1.362019244279406016e-01 9.259477282263220976e-01
5.701984807262235888e-01 4.421957360747521548e-01
1.719982832069986700e-01 9.502571962772631275e-01
4.397529434381595159e-01 5.738924273806820242e-01
4.220804367975164451e-01 1.822987832588539581e-01
2.648572341915096384e-01 3.350263346726525815e-01
9.740262726622482825e-01 1.941441432834606351e-01
7.603279883469570288e-01 3.949663545828789868e-01
6.671425597874101054e-01 2.039167983920213700e-01
3.314954156607565205e-01 1.405108666078687951e-01
7.507474488182205308e-01 8.167659155616843747e-02
4.836705266038588968e-01 8.712957519117701111e-01
9.084394435709424176e-01 1.477116993095926312e-01
3.877140169411334991e-01 1.030724917907792082e-01
8.372824464720032278e-01 7.482635086666495905e-01
7.800388360596580695e-01 9.253030015432452127e-02
9.632852226957034913e-01 2.875295652995305540e-01
2.978026487987003867e-01 8.940307223517189872e-01
4.051457012718225337e-01 1.351242007598421335e-01
8.196327532804141835e-01 1.254320332278374417e-01
4.360903138842082138e-01 5.295308689498609001e-01
1.136504617035373060e-01 5.051407793692069825e-01
3.528053337279823953e-01 8.732229672322657787e-01
2.881850375854533852e-01 3.441342642638391958e-01
4.072352534426567083e-01 8.408825162111652762e-01
1.284903634411113937e-01 8.246329092994617582e-01
8.341108585901751971e-01 4.200642016151723279e-01
1.260055663200564391e-01 7.595444491422560507e-01
4.943137698995845319e-01 5.927846231477227334e-01
9.922943271127420140e-01 2.527396723542640888e-01
6.594371913427010679e-01 8.573206217905723348e-01
6.838237936593096755e-01 2.418763093966416200e-01
7.069302563131854011e-01 1.125100683361187764e-01
6.373831116699574251e-01 5.845654966824972432e-01
3.392653753695250574e-01 8.911852655990040173e-01
1.852957937182931128e-02 4.434876538092666909e-01
2.819610816671775932e-01 5.997494623224667309e-01
5.849217843711973508e-01 9.051753846439292150e-01
2.278459017455239100e-01 2.807362740092548270e-01
8.634285809652179067e-01 6.894250352295182571e-01
1.090025287896528722e-01 8.352163933454260780e-01
8.755182477052623202e-01 1.797228158951409971e-01
6.004347411426969039e-01 2.547417175497419528e-01
4.888705161719466008e-01 4.042856904425848330e-02
2.061687848137866430e-01 1.021494585429209012e-01
3.451201946840955492e-01 3.739864039508741800e-01
4.773814467108266624e-01 9.772488857409387109e-01
7.296549217241086183e-01 5.945288257170177476e-02
2.507829232888419968e-01 8.230180267662422500e-01
7.516250351707584043e-01 2.265272265057225454e-01
6.876364196768804948e-01 6.722496786178639994e-01
9.257336507178728358e-01 4.147794830443999325e-01
7.917174669121880282e-01 2.267492009591480784e-01
8.124869493182240721e-01 8.483311915738597220e-01
5.138699765090443128e-01 8.463796328989565687e-01
7.342091430884163383e-01 7.413659721715062378e-01
1.346566792022383385e-01 7.457970599356202879e-01
2.182305218735626495e-02 4.390106527202639608e-01
2.889417041034969547e-01 2.328730243817869472e-01
2.194351795129144689e-01 9.051037273478781398e-01
6.159151356987826453e-01 2.492304789537221066e-01
6.234618961078679245e-02 3.357637649587018602e-01
5.151996020450702041e-01 7.608348023684976535e-01
3.608271191133759492e-01 2.998752301398012188e-01
8.844740664104211447e-01 1.774945043529606026e-01
2.948297975885507682e-01 4.785192559277692825e-01
6.293556200794643285e-01 7.923632320369039528e-01
4.701664369734363524e-01 3.159030515309526610e-01
9.311176810500942924e-01 2.000877779078166219e-01
8.285313417534277969e-01 1.430728353318904411e-01
5.714406141074697132e-01 8.792516712995657180e-01
6.650192983596492358e-01 7.475579813547925667e-01
8.525467321658426467e-01 4.973564866112054617e-01
2.352802216075544073e-01 3.536267561168807694e-01
6.591110154361312645e-01 9.332449749600524314e-01
8.574729976281529886e-01 7.648191890618183386e-01
7.633337014318670732e-01 8.512664750473273312e-01
6.062401927703139348e-01 3.252503902794047219e-01
3.498928212563431894e-01 5.405347962318789445e-01
7.327415365607904407e-01 7.654138166670796384e-01
1.482226799933259176e-01 8.104546694550601726e-01
8.171892312437371020e-01 4.795213503502302466e-01
5.113647097318065882e-01 4.260646797681406084e-01
1.306232132531664480e-01 4.484975765764517841e-01
1.285480951976850639e-01 8.733578066070502022e-01
2.757253585477504876e-01 8.036344781189588282e-01
1.196283378264396541e-01 3.309693011069823609e-01
4.096663783251777713e-01 8.359627685882853321e-01
8.074605436805180059e-01 9.668636912575921671e-02
3.405939185136817038e-01 8.376660613441763159e-01
3.983352488254637835e-01 8.526189129386412269e-01
3.990893665232121967e-01 8.478582566826119438e-01
6.041108118534392890e-01 1.616775837910992553e-01
6.873079477213650534e-01 1.772250841941611088e-01
1.111036979284361625e-01 1.627811138890851161e-01
2.776935091119683285e-01 4.791072502481572015e-01
2.345624074284028415e-01 8.284065141597749538e-01
7.533595777045331010e-01 6.007628429453372165e-01
7.192422026029168247e-01 1.208905593275674123e-01
9.186225515512823625e-01 4.714998688392755821e-01
6.165417484869595288e-01 4.944521153872351027e-01
2.867681818604065902e-01 7.040314657398279996e-01
4.200189681400979258e-01 2.218950586493692034e-01
2.033445581968350568e-01 4.711209285844968897e-01
3.106387196375817727e-01 7.330265144157828150e-01
5.595039727258975804e-01 8.479537941703731985e-01
3.696449671925172709e-02 4.488137902516889377e-01
3.419224022300422772e-01 9.919359255426570821e-01
6.938201814036988324e-01 2.535111179691252881e-01
2.211402743550314742e-01 8.038931119494111543e-01
6.175856109364890045e-01 4.906524109898759423e-01
6.850859478749933285e-01 7.225196642633997524e-01
4.544656924347992288e-01 3.203838626236321652e-01
1.488335914437557972e-01 8.813483392122116733e-01
7.556066311392448109e-02 4.998830519180937904e-01
9.952750704469448539e-01 4.180701144825257343e-01
8.177965775753863742e-01 2.506760801433262076e-01
4.994148480032292725e-01 2.904887569867329877e-01
2.235872649355557518e-01 6.292143337944144932e-02
3.719931048043490507e-01 9.714585119324828932e-01
4.375193901495489923e-01 9.118202292881424920e-02
3.801086879503228211e-01 3.762354984839936800e-01
5.496190804064693403e-01 3.143304937336873772e-01
7.926187978042752436e-01 6.860314053856040317e-01
9.498542083311560802e-01 3.296242615899675488e-01
7.305285288338710936e-01 7.271282758922716083e-02
2.257386726880327432e-01 8.349878950743157002e-01
7.707534846498595993e-01 3.067836026634077617e-01
1.238455150813835559e-01 3.698164435910236136e-01
1.704858318476576706e-01 2.678657271543792295e-01
8.921171744327851538e-01 3.716446196296685489e-01
2.416275146993027978e-01 5.460476536135867587e-01
8.617684162142769111e-01 7.405728465079507439e-01
4.204676290617683221e-01 2.043772250500793253e-01
5.015853610059545220e-01 6.920113391014266480e-01
2.974743537559324524e-01 8.304336359876753892e-01
8.767775221027247767e-02 7.600065726060403204e-01
6.961614908488366060e-01 8.974721026182328476e-01
5.974737022318269419e-01 3.276232746214976510e-01
4.923656893480428121e-01 1.989565565598995223e-01
5.120354117756135137e-01 4.367484927335968381e-01
4.349226719476360636e-01 8.407011660032215339e-03
1.554464252721767248e-01 5.471248172661740128e-01
3.668366525183552329e-01 2.634270409092507315e-01
2.504678344859065930e-01 6.475533751078801359e-01
8.492422638995493767e-01 2.588007327721750239e-01
6.646841472879942980e-01 1.026852202311487883e-01
6.530481682431696910e-01 1.673528231627549323e-01
8.783131598294692255e-01 1.697967362714487005e-01
3.240458801500562536e-01 4.848351126229713537e-01
4.276591786759179614e-01 8.448375148310389715e-01
8.244085642665478775e-02 6.929464324316856327e-01
1.002734306619847415e-01 8.804706869292194815e-01
4.976500298066633965e-01 7.949100009947627221e-01
5.329866293459839532e-01 4.083518880583522082e-01
8.848977814753544724e-01 3.974532413192702340e-01
4.547450114250401465e-01 3.719941811321287872e-01
7.193954713935657441e-01 4.147093933281422728e-01
2.635345594001384795e-01 9.318083033541790794e-01
5.871743199726223716e-01 3.090013425835933525e-01
1.091645256232483541e-01 2.752694069021910384e-01
9.432352351989010952e-02 5.431108609817203448e-01
6.337935522524336118e-01 5.141622396737148826e-01
4.607649444450588327e-01 7.429815788633525875e-01
7.325809266845459966e-01 8.030151935540021935e-01
4.397646136780875570e-01 9.129372234783393603e-02
9.086405047472455587e-01 4.458741262603181377e-01
3.660325598717081852e-01 1.522815514523743197e-01
6.766143828381462333e-01 5.601998861434661636e-01
9.547189674101935752e-01 5.130706940077858214e-01
2.086656558307260212e-01 7.756093142363518211e-01
9.840366339739168300e-01 1.881353434304329220e-01
7.635675177965320359e-02 7.168368701564344914e-01
3.911522050747897050e-01 4.287330513414328026e-01
5.176104282125290057e-01 1.283655627626157092e-01
1.612646250513670165e-01 4.761377678745402076e-01
7.628167607557754248e-01 7.788907792773093197e-01
4.032768883661648207e-01 5.278133609058226483e-01
6.022887135719758867e-01 7.585416490897725073e-01
3.290588088125913080e-01 2.343264754180408860e-01
3.788212074163497811e-01 4.231809217389237987e-01
2.199594341386492402e-01 5.916479525547286844e-01
6.088548959724728871e-01 9.471704190623483344e-01
5.235811902854020650e-02 8.122034818972797554e-01
7.343992360542186404e-01 7.955765969157685413e-01
6.350209502511597881e-01 2.152950306516338841e-01
5.164502092175157211e-01 4.941048870916632252e-01
1.682574071973863272e-01 7.264259928192845495e-01
3.527082274839417608e-01 2.202160903737096498e-01
6.493134809687282072e-01 5.638372829351668836e-01
9.877428517255085749e-01 4.083332510403018811e-01
7.336025965216024236e-01 4.396145027397811711e-02
9.131513235632233716e-01 3.049288563812920239e-01
2.604539193584128332e-01 7.259581264146659496e-01
8.598448661001495408e-01 6.184711169546762699e-01
2.271494711389519527e-01 6.782512200069206187e-01
6.254286117647478438e-01 7.872768104631016062e-01
1.173596284139858947e-01 7.495703775551121328e-01
7.187402324273337584e-01 6.359958343476503906e-01
9.262880283555497973e-01 3.309406495290360684e-01
3.979623402872379812e-01 9.191196242694409380e-01
6.550404684908956998e-01 6.791071673417223842e-01
8.228175191904723018e-01 7.755150888942768939e-01
6.745112206218881745e-01 6.127197962672276815e-02
1.765873462787413972e-01 4.253170353736968612e-01
9.970994785402342853e-01 3.845786189618338735e-01
7.905169917712104866e-01 5.886702792262551442e-01
3.598768710068418475e-01 7.126435749587256563e-01
7.839044478551038253e-02 5.575830029336248383e-01
1.994158451392211984e-01 6.558131505582014409e-01
7.034396213209662685e-01 4.185700373243821937e-01
1.740182187969356586e-02 4.768504464004863497e-01
4.041866630216315870e-01 4.471285839860469902e-01
8.855557853115554323e-01 1.272311931234184901e-01
6.744331769596896287e-01 9.278265966061665093e-01
1.815935477257467623e-01 1.333139509078350438e-01
4.339782515174720467e-01 5.809386003886867211e-01
6.872281788099303679e-01 6.249236188054211327e-01
4.592417941896617672e-01 1.926701993124957379e-01
5.427269150012555832e-01 9.284636751588334347e-01
3.598236173019334072e-01 5.733568486976996503e-01
8.341605205123006073e-01 8.324598970233404449e-02
8.581751821731954388e-01 4.430363270329987779e-01
5.926463065462871382e-01 6.788873826968307990e-01
9.145317665147792985e-01 5.309700764713735088e-01
9.608122387522435304e-01 2.296676587359853805e-01
7.425420558958947259e-01 1.664648020096276548e-01
6.306185426897482627e-01 2.718313368814704867e-01
7.960639926562763646e-01 8.794027377139972124e-02
1.458669782926256542e-01 6.810434162042018347e-01
2.123860659385565786e-01 1.999271065861077668e-01
6.063898534971854382e-01 6.277142178885187773e-01
3.347277169147271358e-01 2.487787968487574775e-01
6.246928206396890060e-01 4.809717199162764079e-01
9.007854302886578735e-01 4.320001368376513717e-01
4.817579915920944811e-01 8.652279593140508318e-01
2.413618807342024497e-01 5.894940126930641178e-01
5.425473152374762353e-01 3.161657659196233094e-01
1.235422427545566082e-01 3.467951405965153389e-01
7.392825512690796019e-01 7.375236112124182730e-01
4.407502496576191642e-01 8.064074457342917945e-03
9.445097188033835245e-01 1.288927513328422814e-01
2.281806733746839511e-01 5.203260674843865896e-01
1.821233667275162227e-01 7.778514960779221443e-01
1.746078857407909746e-01 7.751517101478304639e-01
7.578990839117256684e-01 7.161606783274325760e-01
8.633442983649151081e-01 7.915447807258472190e-01
4.467675376709954183e-01 6.128779472468397493e-01
9.658015626227036687e-01 1.555761058256789342e-01
8.497398349457546685e-01 6.962697360654518386e-01
5.076846408431318070e-01 3.899524537148367220e-01
2.503596983684094335e-01 7.615866422845041228e-01
4.205137654556189708e-01 3.434479032237065521e-01
2.058370537123649924e-01 8.427400105963349652e-01
8.261891322945490446e-01 1.116737645411615548e-01
4.907968165602763499e-01 7.655888004006328185e-02
2.149582324668502797e-01 9.250335965258215110e-01
6.037437580191719055e-01 8.614226524439545507e-01
5.223189317307463941e-01 5.889655165085421196e-01
7.772144708109423039e-01 5.324522964929970792e-01
7.093591800640633993e-01 4.243776039167349023e-02
8.706663636498337411e-01 7.472419342644244233e-01
2.571031283443254711e-01 8.573956815349761396e-01
4.860389726186009618e-01 8.946370399790276595e-01
9.435945091482189628e-01 2.048397755312841295e-01
2.003527148138091740e-01 1.136274024201547606e-01
9.222969558239807464e-01 6.245961561558383002e-01
7.568214740755210279e-01 6.543577742603887692e-01
7.757207482749737260e-01 8.636421733948516088e-01
4.369395195594226733e-01 8.340450121574830566e-01
4.315314579422402930e-01 6.878458301799866836e-01
6.864533621610302561e-01 8.883912488244773975e-01
7.935028945485825824e-01 8.093393519119539414e-01
6.864238847930383969e-01 8.129002530976403573e-01
4.415001508305895217e-01 4.373414485947352270e-01
2.814666173502410329e-01 2.038809136941900912e-01
9.548991800288189058e-01 1.411671495622807138e-01
9.424242843789837343e-02 4.554984548413243961e-01
4.022702270740267094e-01 6.705812926759605608e-01
1.868851596224592460e-01 3.154028323864987438e-01
6.894643650244665078e-01 1.865318210069094595e-01
7.971421112043766133e-01 2.307413321999799982e-01
6.536367641962166353e-01 1.359056549659965196e-01
5.994808042660320080e-01 2.546937609637004440e-01
4.046500983669513163e-01 2.357209113145316559e-01
3.096477981201438689e-01 1.317496959760875996e-01
5.792288870507313892e-01 7.198766166509880104e-01
6.083965474013194319e-01 4.146748388510112376e-02
4.502374513156554708e-02 6.286092390693824861e-01
3.320657648190965539e-01 1.021883222315551620e-01
3.860100851031555980e-03 5.728516185945679018e-01
2.003836202471259709e-02 7.390218220670999871e-01
7.429202817476729948e-01 6.467138310710479621e-01
3.672298345514635881e-02 7.250299404247078083e-01
3.823238515387361036e-01 7.063769035907160321e-01
3.585221013133920720e-01 9.015784543772659143e-02
5.268633586749245090e-01 9.934508642133854650e-03
1.969491323107015746e-01 3.339758735955803415e-01
2.030147987534844101e-01 7.226866544739506404e-01
5.398739015522148188e-01 3.285971498191957441e-01
1.766004455714361154e-01 2.948691161921196957e-01
7.758899460082681054e-01 8.226893209596554124e-01
1.113352362004542684e-01 8.157431388477738299e-01
6.308034042689745213e-01 7.677764311643339168e-01
3.857669182632331717e-01 2.235404482285499594e-02
7.051483452206548375e-01 1.877604668948087696e-01
8.198607424444654956e-01 4.478065147973470106e-01
7.956521908869937931e-01 2.626993214486684214e-01
1.311695605230628614e-01 6.890632591926568740e-01
1.511847930230702519e-01 7.515642189123061812e-01
8.001563436796315099e-01 8.579725982799579764e-01
2.323921921746205932e-01 1.915071055193311444e-01
9.053802875290233310e-01 7.165552061054273336e-01
3.324669393491214153e-01 3.724412246850449248e-01
2.332037371592887987e-01 7.234002227024923792e-01
3.115972738769497985e-01 9.646079226318879929e-01
4.976137484855075455e-01 6.496547026061401109e-01
8.730073538995629379e-02 6.655722861150735747e-01
5.039355777636416178e-01 5.950700698878169659e-01
3.521304849139492710e-01 2.968644443677120326e-01
6.235136752852207254e-01 8.276382629866356755e-01
7.851682409767977155e-01 3.279247000641788423e-01
8.933458986726695583e-01 3.937338042012458739e-01
1.684061776159338220e-01 6.453361242519866092e-01
5.253933893180992021e-01 5.580804333797296790e-01
8.512831983481465858e-01 6.134391503905156640e-02
2.290926432026026416e-01 8.504722838011482544e-01
3.347676664328602669e-01 7.940970849693009814e-01
8.943206800551799507e-01 7.383170709770839890e-01
2.803494090837322927e-01 7.427098791545277967e-01
2.274516960346259220e-01 5.653396052468575572e-01
1.896510501781109581e-01 5.398205079670816975e-01
5.857788268968144862e-01 2.045227878636703828e-02
1.023932761637514205e-01 6.065061011775911837e-01
2.723478625502305239e-01 8.992668916766750620e-01
9.719868815563226239e-01 2.194731853196205118e-01
2.427414942951770238e-01 3.407290796933956090e-01
5.136549428699637154e-01 1.902247997438497595e-01
2.377312436903312176e-01 3.907846225729693090e-01
4.202096845502577560e-01 9.522885831614605334e-02
5.729038421223655586e-01 5.668514613096431454e-01
7.653312372240713701e-01 5.267904997060177674e-01
8.470345107503092219e-01 6.563434293635593830e-01
2.174815247665220774e-01 4.722371709665142969e-01
9.354283579238031887e-01 6.364839043088490467e-01
1.675690588485889976e-01 5.921165464474108520e-01
3.766589421746007749e-01 5.481202189486946708e-01
1.746434273003386051e-01 5.091521606940113687e-01
8.716786148187913863e-01 7.218676214231634081e-02
2.308034250284642375e-01 5.110311270701917152e-01
2.585569901801219039e-01 3.686500438801750823e-01
4.571046571835624128e-01 3.296120009087913361e-01
7.423554511531944566e-01 3.518920435390092138e-01
6.316861909761491978e-01 8.565455381164850390e-01
6.292647826380235454e-01 3.970572549565775100e-01
8.357835396202653033e-01 2.461851815590799242e-01
8.969229758939549768e-01 7.335296076780133401e-01
5.119918264349548886e-01 8.877939996011743329e-01
1.134490165808429568e-01 6.272389930396818913e-01
5.914817940738037461e-01 3.589541642781342579e-01
3.146967064569112238e-01 6.876763685219483557e-01
5.474308874251030549e-02 7.784642609480798559e-01
3.564640224140298574e-01 2.091986989590078061e-01
6.070351550222552461e-01 1.301824185189505989e-01
9.345334115256060947e-01 1.172343415130773225e-01
2.587227862891283148e-01 1.014624277210918746e-01
1.168164475781112849e-01 8.499955547760281727e-01
9.960168849339603447e-01 3.156775651652851122e-01
5.080668684071888430e-01 6.049840390717983740e-02
1.935830654927080952e-01 2.379709433518101824e-01
3.691071490442486280e-01 8.834664788629313925e-01
6.255527007499341874e-01 6.885218499302905304e-01
1.632550583930187371e-01 7.826850282260597869e-01
7.625206352983711078e-01 4.338306906048275402e-01
8.213508311318848953e-01 6.527316750774575516e-01
8.832939299688893353e-01 1.756582795164708943e-01
6.875151996276853694e-01 2.609543767949640825e-01
6.354894222728613151e-01 8.859664488135288174e-01
6.886644871714413529e-01 7.464479840202684624e-01
7.112681963753513248e-01 2.172067353872976780e-01
5.582765160274758554e-01 6.243412824209466638e-01
9.338715314988182969e-01 4.352565303365646399e-01
3.818803100707208187e-01 8.777763028323862793e-01
2.982234910343280476e-01 1.586075319794491845e-01
3.780252527754169312e-01 4.545796456714893408e-01
4.512736597856816245e-01 1.583608217104004456e-01
9.906392743657710387e-01 2.325096633856728046e-01
5.904725690139736027e-01 2.248459714212145549e-02
9.100618485584721640e-01 5.571678161465719592e-01
8.260921416775778292e-01 4.179655618520742300e-01
3.099870399620815453e-01 9.858570070784336004e-01
8.347639599640401809e-01 4.706058908220907555e-01
6.058917107498552612e-01 7.505554197345816470e-02
7.155098346140067456e-01 5.189954747985087852e-02
3.190626710498959961e-01 1.849622922816169801e-01
2.802579305420887512e-01 4.744372515111945354e-01
8.109461083148099547e-01 4.426488565154041432e-01
6.273165312438310215e-01 8.131520101465719019e-01
1.549457727982147814e-01 6.157269313291060531e-01
9.529856219646987148e-02 8.462616867915557783e-01
5.833185420448546710e-01 5.897405252546452648e-01
7.863958929021281907e-01 1.484485569644017067e-01
6.757522990295494747e-01 9.273503524438687640e-01
7.916070344493280064e-01 3.592286744799853548e-01
8.337043027456292332e-02 6.128623350515126633e-01
7.251610005811915949e-01 7.931668336501702665e-01
4.778763098462747716e-01 6.239794013291273256e-01
3.440795480907209991e-01 6.439816313130294345e-01
2.235669942912911767e-01 5.518993437785489897e-01
3.141269460848833961e-01 6.068620180063319935e-01
1.830237871438873121e-01 5.210507232724110871e-01
8.226843102076055736e-01 3.280796845686441698e-01
4.040277738771979044e-01 7.550473600116757167e-01
1.811028819500344889e-01 1.328843323062608717e-01
4.582004591453659459e-01 8.234879655787397112e-03
6.013258587928611565e-01 7.524808053789227014e-01
6.190338280531043624e-01 1.645704041750856161e-01
1.777184360886851777e-01 6.642348637253816523e-01
2.448137010491442944e-01 8.021755005726065590e-01
3.211097197154674787e-01 9.913967785801167665e-01
2.500312500255766901e-01 7.885004060985820740e-01
4.778594190863173496e-01 9.705788654532326865e-01
1.087742310531725903e-01 4.080583127297499058e-01
4.983093460225622162e-01 3.141844866632738098e-01
1.055299792875561971e-01 5.337685336432613781e-01
8.627140733410408879e-01 4.696283840588715286e-01
8.622830160014229861e-01 2.280129670420683041e-01
2.099176313841933927e-01 9.435360290659751126e-01
3.586292593508424442e-01 6.604424004075724053e-01
1.468188893651761751e-02 4.231866809027488019e-01
7.971158937806499534e-01 1.893887601461077541e-01
3.930602228769929929e-01 9.892318186387479839e-01
2.003808848583144842e-01 4.120883892509587532e-01
8.360097210226566378e-02 2.300263301958371254e-01
6.262027108589574009e-01 2.433182240016567854e-01
1.433516905968566513e-01 7.239331464014281403e-01
2.910997871039809892e-01 7.329191746840684196e-01
3.878162204403420854e-01 5.848645575123182505e-01
8.787206461726870810e-01 4.583840058443304777e-01
7.236909253630545713e-01 8.396220926944215623e-01
5.214366519895440311e-01 7.543137848620640185e-01
8.580970376610740080e-02 2.463263819501967655e-01
7.404518327999659588e-01 6.999788502178767580e-01
7.162113962147056423e-01 7.761680553631318258e-01
3.065719190029032593e-01 8.303949410157490663e-01
5.927515169327799427e-01 1.241585875769624092e-02
2.857532307580047393e-01 2.354790661345040892e-01
7.554681991738603219e-01 1.851425256324105706e-01
3.164090807473769473e-01 8.951200279581940089e-01
4.188105035858837866e-01 9.091069574154682087e-01
8.645527316247885175e-01 7.957127958553629477e-02
9.219528886296126657e-01 2.495464446519193302e-01
7.721458540056551634e-01 5.991946801825376312e-01
6.043864913665755179e-01 7.799634252778899768e-01
4.700451658702365920e-01 7.217880568687672360e-01
8.072391762850792407e-01 4.768255190510584107e-01
7.390794421058946018e-01 3.267334683742916801e-01
5.697326729332711226e-01 8.753814089842971713e-01
6.264653798337334045e-01 3.138812604040667337e-02
7.459585568145573609e-01 7.036069631828550941e-01
