6.761245442336514255e-01 6.195522659472997296e-01
1.668461302320177475e-01 2.097164116046348337e-01
9.614128580370998600e-01 2.461726930239276356e-01
5.128648341368049479e-01 4.287842229834246677e-01
5.062695569405115670e-01 1.833038723088301070e-01
2.924518040702783761e-02 5.075403642191905762e-01
2.370366524869821634e-01 7.282392381772492262e-01
8.081093729395296688e-01 8.091297408083761855e-01
6.644426516046681996e-01 4.014555352069605898e-01
4.591820488949227008e-01 4.909270622500241932e-01
6.170730715560711621e-01 1.265042226055112518e-01
6.672608778650381822e-01 9.144341362061054745e-01
4.922124351861315583e-01 2.213990992636302724e-01
9.359571636795186445e-01 6.040727768713687329e-01
4.365049267023592416e-01 3.066627518048540835e-01
3.172358932503392959e-01 1.359778490729179057e-01
6.218223342404997078e-01 4.210920386992712539e-01
2.140621546897939487e-01 7.962722291145314379e-01
6.474762237055332603e-01 7.775456985296544943e-01
2.599927726134421135e-01 8.933723571418974441e-01
3.938865481771268162e-01 2.771090189627070099e-01
2.001551115738748887e-01 6.923146527528123428e-01
8.273518130995068942e-01 4.360852570133511019e-01
8.172118392151680455e-01 4.469238134373307303e-01
2.928165132204843535e-01 4.784172207086820339e-01
3.614619227889026010e-01 4.987115216185566968e-01
6.219311794213043809e-01 7.675572400399135464e-01
1.531391501451182247e-01 2.231487003232554556e-01
1.086795100472967013e-01 5.179431327488754899e-01
1.975128761610810413e-01 7.570828587888127625e-01
5.031148402949089382e-01 2.269975942386148748e-02
2.326559569455527443e-01 7.951896038134790290e-01
3.516005528089062859e-01 1.334065424782693021e-01
4.329275561535844696e-01 3.604862923687360277e-01
7.422871531676192847e-01 4.620782994356111284e-01
9.372972160261808794e-01 4.652992313219175280e-01
5.044268980057169394e-01 9.378214724286054738e-02
3.089845892054003396e-01 5.220033110883816052e-01
1.802209834433591770e-02 2.865492183732475384e-01
1.147620585983975677e-01 3.397648111513789093e-01
2.886101597911342465e-01 7.696028452673986386e-01
4.959686421068227324e-01 2.913733496681392698e-01
8.901357682203056565e-02 6.629651549794315368e-01
8.408920992549301365e-01 2.774467980118657251e-01
7.483603711561470639e-01 8.916653539923619087e-01
2.763217367590913298e-01 7.826476915656850331e-01
3.037102647136769029e-01 7.629148366147089910e-02
8.132014968937020249e-01 8.216170218830145533e-01
6.754623643942978539e-01 3.758575469013845094e-01
4.608665199744389485e-01 1.948193753778926229e-02
3.761360798514472581e-01 2.059853899465025062e-02
4.373347253196506745e-01 3.731253830666828031e-01
2.192169715367226768e-01 5.951377417296964678e-01
7.923020625880026202e-01 5.364325866889316785e-01
8.918537371090720089e-01 2.142157889024832729e-01
2.082213791634465183e-01 1.655351037148709015e-01
4.835465107029013332e-01 6.738491623564519806e-01
3.212538133363054826e-01 2.411789759050087523e-01
4.798097934185047153e-01 7.955742998030784774e-01
7.353963550139488436e-01 2.837224519471318596e-01
2.457719831029638868e-01 7.520280402529739838e-01
1.366932321749200485e-01 2.709304344117924868e-01
2.713661390017673147e-01 6.830117534359475551e-01
8.397305581358271986e-01 3.892031692036450052e-01
3.087396214153446117e-01 9.262023065899658292e-01
4.530666914969237458e-01 3.726350035363766577e-02
8.008787536526789097e-01 5.594032512292411718e-01
2.151797725197342748e-01 7.591685963465180098e-01
3.256897267352529823e-01 1.945225821997139115e-01
2.577037534792157025e-01 5.122714120341060884e-01
5.225214911687058733e-02 5.705772272628442110e-01
7.995228889122971694e-01 8.415750925190073062e-01
9.067371256997778239e-01 4.247759001986902150e-01
8.372407155472768592e-01 8.498710081586262621e-01
3.328523689753614678e-01 5.111647951982857263e-01
7.529620556384258867e-01 9.093235575279111638e-01
8.266268676307622076e-01 3.327829980083983896e-01
7.179031349659182881e-01 2.664860850922398661e-01
2.955549493652840365e-01 1.526790026066039418e-01
1.432439448392830439e-02 2.922883040612760386e-01
4.420498787525685702e-01 7.723842410237458100e-01
9.234013857037094430e-01 5.681220843688692401e-01
2.142710553458765099e-01 5.363702721690177810e-01
7.196343391455455318e-01 1.188120279270993562e-01
4.085808806443212982e-01 7.569166661238078131e-01
6.024438190609029409e-01 9.657011812964459985e-01
1.471677640477165316e-01 7.659767766900247299e-01
4.217682840300516212e-01 9.746325897410098582e-01
6.822762615697683941e-01 7.430464620957445421e-01
4.724280810883526027e-01 6.790136724924097367e-01
5.584296154333795448e-01 4.242091862300665372e-01
5.898966592870158454e-01 3.031499134270437823e-01
7.181937701958129860e-01 6.698419361988837695e-01
2.738184812632737941e-01 2.026442647586010060e-01
3.780495129819689271e-01 5.990429617585000394e-02
3.070094514267013852e-01 1.221982005630476986e-01
5.881979244759059089e-01 3.653881085256849848e-01
9.968305855629952528e-02 5.339570420142623064e-01
9.017486533983956054e-01 7.510768676026361446e-01
4.435636912830683287e-01 1.055658252194209695e-01
7.916600569484255612e-01 1.858242260685208924e-01
8.011817867663749704e-01 5.385336301273770943e-01
7.074423689216595701e-01 3.971235098862326285e-01
4.534860716568445138e-01 2.810823439721235606e-01
4.028455172089749903e-01 8.265609298641345415e-01
9.822239736694992063e-01 5.840135692267374168e-01
6.514404549504188013e-01 2.066428548536165810e-01
5.128528355186949828e-01 5.699190047868578635e-01
2.734624852177954812e-01 8.728362386740108336e-01
7.555238435263382790e-01 4.792395648636249561e-01
4.408716552648134779e-01 6.931870245397149244e-01
5.031388046339601017e-01 9.456279805735161581e-01
5.270716115303353266e-01 7.915889373056372857e-01
1.948152325052932565e-01 8.147323470718074168e-01
4.585226532867259230e-01 4.656217924180093837e-01
8.420207941477584335e-01 2.078432591919240346e-01
4.767507816897471051e-01 4.010883908138032639e-01
1.962907227016739142e-01 7.361077241603837251e-01
6.595276193417094479e-01 9.536819571657648709e-01
8.019330684765615391e-01 2.430134932048461094e-01
6.467920914686104972e-01 5.557479521658637012e-01
5.718761385192564634e-02 3.176082402413258898e-01
6.129380221271810703e-01 5.313475621693171391e-02
5.587552486704067123e-01 3.508372907777306260e-01
3.999743362906600375e-01 3.746068344198718592e-01
6.621800502983916648e-01 7.457119905255310544e-01
2.347034884499085705e-01 8.405215175752737133e-01
3.464523077679881879e-02 1.809410886712460309e-01
3.876214881772006571e-01 7.897274209666005351e-01
7.745019568332375259e-01 6.440631159964964603e-01
4.594829348578556294e-01 4.248469330582638204e-01
5.389372073300979782e-01 6.162188782217790095e-01
6.942453990044433754e-01 1.372860891991223853e-01
7.860166561627658366e-01 9.032148946280151858e-01
5.470568361230988552e-01 5.801717366683283306e-01
2.298591858257580389e-01 2.332183892705789463e-01
1.327141861822595525e-01 6.896974006423296499e-01
4.997250938618700289e-01 4.101197258721551719e-01
2.699630216143104056e-01 3.390074694830653296e-02
6.242831670605282213e-01 6.339661466200659234e-02
5.289370294862656419e-01 8.156151253750391072e-01
2.953766964432474884e-01 6.795591524504404068e-01
6.178878005193064737e-01 7.287166576656042283e-01
5.086153988230585066e-02 4.569392504411143308e-01
3.718672642017259444e-01 6.625595332327012255e-01
8.607226344566791809e-01 7.999472180366422602e-01
8.504758874822649917e-01 8.676826859233227607e-01
3.413935851447857384e-01 8.071261516321887042e-02
9.233292368305192621e-01 5.885197168894237274e-01
3.846894012368187732e-01 2.000246284939646846e-01
8.815786100794218427e-01 7.607450542469047505e-01
4.421272556268478482e-01 9.388926306951675960e-01
1.019825782559591054e-01 1.360157482477166446e-01
5.312726936910260322e-01 9.189216004305839069e-01
8.132006841424473942e-01 2.827261755416919931e-01
1.836883494825757579e-01 2.626706698347558433e-01
9.208248995989865016e-01 7.426739191610545188e-01
6.997791159892303714e-01 7.295244235079358930e-01
4.794845391078115387e-02 1.792576365400496141e-01
4.322577046650641908e-01 7.973164957184345480e-01
2.807166575533127095e-01 1.785763357224134096e-01
4.127028951180526373e-01 9.395570613079894384e-01
2.853255645789173345e-01 6.613746726940363807e-01
3.490477343878241601e-01 1.586742847878914453e-01
8.128635633396401605e-01 6.067684098601656695e-01
1.895312956328262244e-01 7.789571422633813080e-01
6.455483899800048553e-01 9.135645548012136796e-01
2.029874822005742763e-01 5.014844543110281716e-01
2.627604730815868983e-01 7.386709862723439546e-01
8.120223354512896563e-01 5.281618434480739310e-01
4.024225199987494506e-01 4.868654971393354125e-01
3.652558660976871763e-01 9.614604007633273386e-02
9.729764469884668587e-01 5.165281145064308799e-01
1.412087935545950912e-01 4.877453846773416313e-01
6.970357156474398241e-01 7.826138335139765090e-01
1.261745667623756229e-01 5.548137330689633107e-01
7.147781520874836314e-01 1.640640981640309470e-01
3.368000559300031727e-01 9.413176754288470338e-01
2.733010613231260377e-01 8.913946431725300323e-01
4.126139212432745618e-01 2.340968470790967815e-01
1.233066978097663580e-01 6.265713950409312893e-01
2.658642054966823265e-01 1.307236389067320814e-01
7.692307488788647785e-01 4.414031083066492500e-01
4.920646240350147749e-01 1.250091743814550904e-01
3.801920404950737686e-01 1.041552403567000684e-01
4.544238236534370312e-01 2.731023963019340028e-01
7.756879699614408485e-01 2.127032378096966048e-01
6.691745986122363821e-01 6.434748754104264723e-01
1.766058395707577056e-01 1.781570034870240404e-01
7.170184146105786915e-01 8.165044676622601472e-01
9.825896260839799279e-01 3.508363518909217715e-01
9.361255512857152850e-01 7.197857417028347138e-01
6.036375932244677500e-01 1.568743558446179520e-01
8.699470364257627653e-01 5.014369808933787365e-01
5.764526199690124253e-01 3.423589649240377231e-02
1.036978640702379550e-02 3.580005048233946274e-01
5.262796048643478830e-01 7.126014305464838383e-01
7.218178984617610316e-01 9.336290069657074975e-01
4.979698282873605275e-01 2.178550604130153889e-01
3.049366459512875549e-01 3.445927122924998809e-01
6.553470719466948369e-01 1.427051383367121673e-01
9.351566638202149506e-02 3.279276676239708532e-01
8.399676183437509991e-02 2.497963788713939426e-01
5.569626073712460324e-01 9.106508007473243516e-02
9.416381764610922689e-01 2.150961102844731743e-01
9.321266875460108015e-01 4.866352327361479491e-01
6.514751376361246349e-01 4.443116057646749884e-01
5.960099235879414703e-01 3.501979018178553726e-01
5.176743191500424168e-02 4.539076269817062803e-01
5.271751270548624690e-01 9.754699447288273095e-01
8.028026420272774688e-01 5.475493900948124049e-01
8.879767711656338935e-01 4.603778217806145934e-01
4.113720955246458200e-01 9.709077928765682541e-01
4.698624421774366677e-01 2.686655081714577897e-01
9.653425083334861434e-02 4.413369673232301893e-01
4.261228628259481899e-01 6.847165040255638324e-01
2.220301853701062422e-01 6.777759946447536876e-01
8.488620102650002996e-01 8.696597852849220489e-01
2.873965167444219593e-01 4.509397270358893595e-01
6.649125813636267424e-01 4.406566460275651576e-01
6.436747729976590726e-01 8.069391596024366731e-01
1.483800802461817669e-01 6.886487213062122414e-01
3.811727011403727161e-01 9.119360319470734000e-01
5.433248248571285188e-01 2.827161190500686039e-01
3.877473043340652903e-01 5.978878728830827605e-01
4.176591921694315923e-01 7.158542647414536386e-01
4.994452452796269148e-01 1.691494566378183850e-01
2.181086647810032975e-01 2.997847615619458339e-01
2.543478391763289159e-01 9.795542315286008550e-02
5.980473107165267255e-01 6.380658738987616818e-01
3.259773526874895078e-01 4.893830866261950074e-01
9.702715836958162310e-01 5.246506241738067011e-01
4.990515271504753492e-01 9.460092017173793444e-01
5.957108357225933126e-01 1.622290562817215176e-01
6.474495079812812026e-01 5.737207814788819471e-01
2.332998749743250833e-01 2.358784684453371916e-01
6.769554346131281819e-02 4.718685046572130282e-01
3.224854187555076246e-01 5.051266794119224635e-01
8.548907488892800721e-01 8.259669948715198107e-01
2.750511780072811274e-01 1.228199594281187135e-01
6.831196355130143560e-01 9.622372059041798265e-01
4.797348415066899352e-01 4.336620855948151720e-01
5.253439344824369917e-01 2.578204685903029425e-02
3.953845935849337190e-01 5.587552587404936988e-01
2.116530951783492653e-01 6.548925306782477085e-01
1.221803127861374738e-01 4.561931686107688622e-01
8.985446471526373768e-01 1.920856276889574277e-01
9.228679321953167092e-01 4.330502800045308853e-01
5.501124877389542700e-01 3.100746580771017169e-01
5.103323630776828157e-01 7.955715142025012732e-01
7.471148389904272991e-01 8.019530547995619152e-01
2.386389079272908664e-01 3.403514077784808300e-01
5.055374028189709712e-01 5.022211784442092153e-01
7.961278970410977651e-01 8.787516075648741376e-01
2.312601483518996193e-01 7.721083530663729322e-01
5.734977059133783417e-01 7.408942587759992371e-01
8.297349571894286901e-01 2.049096000567857678e-01
5.090053748551156554e-01 7.177849022740629970e-01
9.153729128909092738e-01 7.334502126275777023e-01
4.239145418080350614e-01 8.349120588920864172e-01
4.525399229559447511e-01 3.576324543476014362e-01
2.115059783140250671e-01 8.510203501976744134e-01
3.970210778778368033e-01 5.625805395297323042e-01
5.192604520670893731e-01 6.021500565201085564e-01
1.257761648243820862e-01 5.350969689110816052e-01
3.128103065298666885e-01 3.947859617882827910e-01
2.540302931246286033e-01 7.801088337385265747e-01
9.845242874754622786e-01 3.684174091546351670e-01
3.780175515923424046e-01 6.040317320858068495e-01
4.130890859994962305e-02 1.634613762321529551e-01
5.343355588072850049e-01 9.274825192680598018e-01
6.023970541032822590e-01 7.350847876530933744e-01
4.487957239072780657e-01 9.813251579858403018e-01
7.114310434242370196e-01 4.024924645372061072e-01
4.468516509419857563e-01 8.333318831420025719e-01
9.856142151333904255e-01 3.813626660444990879e-01
3.408626031678092527e-01 4.365713413058396331e-01
4.368647462383657976e-01 9.529859410721244206e-01
3.774352491031234269e-01 3.105237996942831757e-01
4.017625611845369593e-01 8.102565345462852120e-01
1.355271578487074191e-01 1.067234957112396382e-01
1.691236705641566695e-01 5.313630414776260302e-02
6.850293256680788367e-01 3.116532359110315009e-01
4.453727442633923506e-01 6.169361528452823595e-01
3.972386190333965228e-01 6.719104698771700690e-01
6.058331688129789949e-01 1.680671033031184147e-01
7.393457190881456143e-01 6.078152535511681664e-01
6.292515541860131956e-01 9.369330099840578185e-01
4.122293652252225771e-01 7.849803696117714225e-01
5.057268526583840185e-01 3.758996534477380136e-01
2.227029328862575597e-01 2.893664525998588810e-01
3.801029758349926957e-01 6.928243803921780852e-01
4.059457225674595882e-01 6.058516492500817252e-01
7.997409426790600406e-01 1.980446415620034928e-01
7.503987996640025804e-01 4.570770201640629860e-01
6.786425572870079526e-01 1.897712568781079190e-01
2.596428808422071022e-01 3.445633695125000506e-01
2.968725793822545311e-01 3.675654927444374498e-01
7.123813779497978338e-01 7.367110135786216762e-01
5.350701287197615619e-01 1.009776276080942281e-01
6.692433310164496163e-01 3.549621466580224483e-01
6.989387837346989762e-01 2.248929685220855124e-01
4.428931386152598626e-01 4.998515166069432414e-02
3.833543660410675402e-01 5.534331401191900923e-01
7.530958576877273547e-01 4.281260484548732870e-01
2.497999178749772675e-01 8.292687905010166782e-02
4.670972457810026457e-01 6.406994926330705775e-01
3.076783194502054064e-01 8.773918586379680917e-02
8.323746891308040352e-01 1.472106477282525416e-01
2.352790219421138640e-01 3.885260935254183923e-01
8.379944866173740792e-01 7.328587225284459716e-01
1.766356739518090968e-01 7.978692551283315115e-01
2.307547020734100895e-01 8.054867509959939831e-01
1.772917238642041371e-01 7.873975167943322306e-01
8.643386992122930046e-01 4.443726419232609803e-01
5.787647957277708421e-01 3.450722570544803025e-01
6.393519664143658687e-01 3.025121026805067670e-01
5.299477179798133264e-01 4.129091025322985664e-01
6.556773884499175198e-01 1.414567120114139931e-01
4.458676188375241822e-01 8.328457602433483320e-01
2.367278382769252565e-01 7.966942470172716506e-01
7.372448656814707402e-01 8.030339991865771410e-01
3.322624858329757958e-01 2.921144782490795594e-02
3.791638756581193204e-01 4.121957479429642079e-01
6.082103941366745481e-01 4.247824632990785387e-01
4.703395846140077108e-01 3.049717348477862938e-02
9.600951354022049244e-01 3.202234291622438889e-01
6.253917612908754808e-02 6.342657584750223121e-01
4.614215308893687695e-02 5.934603301842468204e-01
8.528329916252482823e-01 5.059676172329720112e-01
4.683140361507242555e-01 3.394408207078715156e-01
3.784226101936687403e-01 2.278427859570155978e-01
7.313242311205301327e-01 7.320967280150797452e-01
5.330846039044425666e-01 3.389089255685049928e-01
7.128431386274479697e-01 7.538310053291306101e-01
5.341467993561546113e-01 7.625869347518814123e-02
7.573339616480957437e-01 8.024960905444948889e-01
5.674778759664441674e-01 5.399658251051048241e-02
7.407399231276229346e-01 2.199839885583713961e-01
6.876614879268762026e-01 5.097212255235065159e-01
5.701907910654708811e-01 7.788693267707574863e-02
6.560464433424216812e-01 3.736443038322081467e-01
3.467321533494168717e-01 7.020544324992018526e-01
8.031199022754753614e-01 6.302177487670574951e-01
2.887707706873322566e-01 5.166688191162858157e-01
2.524943788286619362e-01 5.597832665388888795e-01
1.572535786156259441e-01 7.811250842583509213e-01
4.934697013263200649e-02 6.058564479124119995e-01
8.670551119514344762e-01 3.543867226985926155e-01
9.619975327536658405e-01 5.221967542530050466e-01
6.694450352016099171e-01 8.347509435563865710e-02
7.914033235730777438e-02 1.995548446082693050e-01
7.992682019971244500e-01 8.580741062137320352e-01
3.099387943641794818e-01 1.672033230799016279e-01
9.451045933170479918e-01 2.189383040907867395e-01
7.793568768981246064e-02 4.725118962382526266e-01
3.089670419881108132e-01 7.642572135054568339e-01
8.981218018425082272e-01 5.957806240809015996e-01
1.335144907505053380e-01 6.962658880510094184e-01
9.220734467906470666e-01 2.044696970694124261e-01
1.772052658495925637e-01 4.591863544563403732e-01
6.231685229486551014e-01 5.705282041094243695e-02
2.043771446802882807e-01 5.870018128292726622e-01
9.506574847509858817e-01 5.190296952176814971e-01
7.271831224760998413e-01 2.847926569918536877e-01
8.955952299488525448e-01 5.810666055813420439e-01
3.781328062532695600e-01 8.058550688599500633e-01
4.912566732076543291e-02 5.721885830089651348e-01
5.362600475298691105e-01 1.164346987682614298e-01
2.543996791306363803e-01 5.207983128885541602e-01
1.156372332881228093e-02 3.792761327175960817e-01
9.739837308514400771e-01 3.806669297214439474e-01
6.769891397351831541e-01 9.231498803322893965e-01
8.222189141969251658e-01 3.293389422348892981e-01
9.936159730239042809e-02 2.526368212573701921e-01
7.088590486269220614e-01 4.451196735221690237e-01
5.984297255856512593e-02 2.803127643362137711e-01
8.281545808590317082e-01 2.001642724594378253e-01
7.495043158836343089e-01 4.159182741034199715e-01
4.660581790398480306e-01 6.457353157647552910e-01
5.614069997009366597e-01 3.178783541642996036e-01
6.145338094162653420e-01 2.668294419920608229e-01
4.701201545499650303e-01 5.621867866312610929e-01
1.810978954541410113e-01 6.824229883200985669e-02
3.330897273989196217e-01 2.378579975242469113e-01
1.601095843807603947e-01 9.773565483108553886e-02
8.860227511095482011e-01 7.947803973872141770e-01
8.622848006651634423e-02 5.190817711078601349e-01
4.336135524008599695e-01 6.894402563419527175e-01
5.421587557029980964e-01 6.680732317578996771e-01
2.107899746886423564e-01 1.917556990793085336e-01
7.896392209518581229e-01 8.341353705472227542e-01
4.292321192451816758e-01 4.592346270747285075e-01
4.716504258138554118e-02 1.534269737381457333e-01
7.433751231183279851e-01 9.379061491846751863e-01
4.358627096658359013e-01 5.051370563268752223e-01
7.547193399475681241e-01 7.421691655516691188e-01
5.348307848666050690e-01 2.899557024655377568e-01
2.629992809297667655e-01 1.457790665805634989e-01
5.900780971429063770e-01 7.927709851115583017e-01
2.319754712467283486e-01 7.234553312883388321e-01
9.459059220336962781e-03 3.365808301147005244e-01
7.140555607340088873e-01 8.475806355943893422e-02
5.572538122477675993e-01 9.719680056142079305e-01
8.334133851329952325e-01 2.536772056117472252e-01
2.699135735730603947e-01 2.949334302189845491e-01
2.056081498262393170e-01 8.445658630672998601e-01
7.332709333727479573e-01 1.184462491865659467e-01
1.324498188949874145e-02 4.076062094226708954e-01
8.897171376715308222e-01 8.191692552018651208e-01
1.259033692659083381e-01 4.849734636838892166e-01
8.500238028197565354e-01 1.711288237337137974e-01
8.231784550936687150e-01 6.398895976722012158e-01
2.850213134027092532e-01 7.385264493958050291e-01
9.851277428326206120e-01 5.656092131285803681e-01
3.093622484902922576e-01 8.213288650336704189e-01
2.197350064783372137e-01 9.789592040391928429e-02
1.309771983436823772e-01 4.712864025520934752e-01
5.762291389820330956e-01 2.194794652946236990e-01
6.819396398464027120e-01 5.485183821099313128e-01
2.026788080061408537e-01 5.229914444827539199e-01
7.277829104786947001e-01 4.662285718783690802e-01
3.223628959251113590e-01 6.979979167797214501e-01
7.016211129725018203e-02 3.744453585282701558e-01
5.699327865940408966e-01 4.289576547593433598e-02
7.883290723010478729e-01 8.767541290878761995e-01
4.835484187093357367e-01 2.855568381197952643e-01
4.289893078956392158e-01 9.189115038862829543e-01
4.822213180840072555e-01 3.572015488809414108e-01
3.413775113848585008e-01 8.146388041915212375e-01
2.825056502470701392e-01 1.820404012995677501e-01
9.746654099777083413e-01 2.911309322225674734e-01
5.963454435928827735e-01 4.146973899998520618e-01
2.037927742957175714e-01 6.506101128444446990e-02
5.278660545833938622e-01 4.707441886453204161e-01
8.983196586498739533e-01 6.420442033890918498e-01
3.307249327106295822e-01 3.114710268826784700e-01
1.815241022326030684e-01 7.634711990470423038e-01
7.873582492656895360e-01 6.727566405507832137e-01
9.111660271480309659e-01 7.273431385806243821e-01
4.996152436230429372e-01 8.207876358143590956e-01
5.025073624385342219e-01 4.138746824263742630e-01
5.684035485631208084e-01 6.093763983863038636e-01
2.045136351626476445e-01 3.089488534696681610e-01
3.868759522158171094e-01 3.668838296270316990e-01
5.107434102110707252e-01 3.789390829923838105e-02
9.285277541995852202e-01 4.267023039673154550e-01
7.952091609347807788e-01 9.088955615958643763e-01
3.398882144380307446e-01 7.819835452656567210e-01
1.343640411191327488e-01 5.744644981181352694e-01
4.782361696597385858e-01 5.547696104836004061e-01
3.240537130708618374e-01 6.141301035991238999e-01
3.097766987869960964e-01 2.609755201177388351e-02
5.918459603181418505e-01 4.641753257707417202e-01
7.237497994526340683e-01 5.954688167451197556e-01
5.722713187174873761e-01 1.596636640127213347e-01
4.401198639043258920e-01 8.538846525626113682e-01
8.770652253738931980e-01 2.011676302534225191e-01
4.237803795609351165e-01 9.566619767516919559e-01
5.852056153888631762e-01 3.587231525996992243e-02
1.436139054406837257e-01 6.127378796385756221e-01
6.703876564551972672e-01 4.064811041086549559e-01
8.373766847649207756e-01 6.365313063939950222e-01
6.629106253106142876e-02 1.962379594188449761e-01
8.773294777766873498e-01 2.568083996464355367e-01
5.560562380001750071e-01 5.635160384967363711e-01
7.963008426282919272e-01 5.001503843389092374e-01
2.235007964795776569e-01 2.550048346671573429e-01
7.015431906473998946e-01 2.922684559760892475e-01
1.106134765957288157e-01 1.552245156148304162e-01
5.881005880506573469e-01 6.467306995034406425e-01
5.265405969106167205e-01 6.508431224459639841e-01
2.444070546276426725e-01 8.003275423134230682e-01
5.962005711690274712e-01 4.330197577393274377e-01
7.438933327471973778e-01 4.917706049022134707e-01
7.862311957711459742e-01 4.504737112094376883e-01
3.528537165059115188e-01 8.919859551118938246e-01
2.761761595463807506e-02 4.977940754240122168e-01
9.170971754475720772e-01 7.693963947347873811e-01
3.279436217029347844e-01 2.433699130653493303e-01
2.440833299661625266e-01 8.190936671882161901e-01
5.819653910161695087e-01 3.591509063001722124e-01
3.513890486441935690e-01 2.085006175376030446e-01
5.933827339526910327e-01 2.506379074591590372e-01
6.615879645077286098e-01 5.224053986355369217e-01
3.493433632822548485e-01 4.469417174251036906e-01
3.672489114065702887e-01 3.999064978521151836e-01
9.889382790104240817e-01 4.257255889988419417e-01
6.377335985031510335e-01 6.988410854166412500e-01
8.668225276304155624e-01 8.106417817225178846e-01
5.728577266886270003e-01 7.885168474600717792e-01
9.697707057153410748e-01 2.815600129456975464e-01
5.396069428394393297e-01 7.634328929624858429e-01
5.943232022660904779e-01 9.112847955653688992e-01
8.245873024816332553e-01 1.487494407405680064e-01
4.492620181187818168e-02 1.888911337099929422e-01
7.907779581059060092e-01 1.225469584622057573e-01
5.980313838719825137e-01 1.284114585561988431e-01
9.670598242152982360e-01 5.880266789462826882e-01
5.845338014090861734e-01 4.532542946341039936e-01
7.591345659985172523e-01 1.463147285150969978e-01
5.620319589094744384e-01 4.740961541804913915e-01
5.907505602616095475e-01 3.304061508455110596e-01
9.601611367286185805e-01 4.259181398832879162e-01
2.260134948336276484e-01 8.659344960094883525e-01
8.608692770368417957e-01 1.834786827882575744e-01
6.596311166474457810e-01 7.016428654389403885e-01
1.921993575945455390e-01 8.284673520813571335e-01
4.361688732141258407e-01 5.991977816404523427e-01
3.359690316978100055e-01 6.792197963787303117e-01
5.855950695064512379e-01 5.763272658070619503e-01
2.074212374775220302e-01 5.665741552274740078e-01
2.170021845962592510e-01 4.572486580862278327e-01
3.269510615908800544e-01 8.300614422943606296e-01
1.297597082793998935e-01 1.485377171510891547e-01
5.593343883340351486e-01 7.973563946243575340e-02
2.175855012693675983e-01 4.352999752484268403e-01
2.278149832588219070e-01 2.873371291873786926e-01
7.323145011283219707e-01 4.832502608858521009e-01
4.190403574881189086e-01 5.908598790194783401e-01
4.683363923729897405e-01 5.102764010785212356e-01
6.812193493496383478e-01 9.056400882449479051e-01
4.497054367996987101e-01 4.752230317282226668e-01
5.662557810947551618e-01 6.916302332522279439e-01
9.153413850834098975e-01 5.899808445844781923e-01
2.459519295892804158e-01 3.918476406600372997e-01
7.399282301325614819e-01 6.305441690737820792e-01
5.134161091326550075e-01 6.301489328116146593e-01
8.359784912916519151e-01 5.806485125079532406e-01
1.967804974072271673e-01 7.405517273414845558e-01
4.058640001044029333e-01 3.293409201564292399e-01
6.394394802350741314e-01 1.731649093210147761e-01
2.025646102191345221e-01 3.358950453277437798e-01
3.189084443579812689e-01 6.136783026411165576e-01
2.406987054323041497e-01 8.051741126142750726e-01
6.004204816891052232e-01 4.119002643707156963e-01
4.530047205825257772e-01 2.831577026493721505e-02
7.932635989321082937e-01 2.151705410975626453e-01
5.640551291342039697e-01 6.074194551517666518e-01
4.248951002179369718e-01 2.972818032805969457e-01
3.287538858821888454e-01 7.555073092664821299e-01
4.180751843203535656e-01 7.393966287952462579e-01
3.309764684205652729e-01 9.001127769572576653e-01
3.913145168907410931e-01 3.428600078222554526e-01
4.035171122574004454e-01 9.076493276049799608e-01
2.961785046072074046e-02 1.969935546749472799e-01
6.008075261834251446e-01 7.704232949052156609e-01
9.025165253688465228e-01 2.653310417958223422e-01
3.851122565248200624e-01 7.903807122679963604e-02
3.024086762124977845e-01 2.698108874359050890e-02
2.072932625046270405e-01 5.658868267433015964e-01
5.848534301003354141e-01 5.345403269858479689e-01
4.363412694948968773e-01 5.646671868135417771e-01
4.980755177197928596e-01 8.484095971356860055e-02
3.801888570072305962e-01 6.846259463634065678e-01
4.521336017678136421e-01 4.883761956809357097e-01
2.169043952990759028e-01 3.661157631998144257e-01
9.616089418990181326e-01 3.479977713739387246e-01
3.663581401692804773e-01 3.925700057156681355e-01
5.883517933885380469e-01 1.379065958804244763e-01
1.730595426952994398e-01 6.802405318650749377e-01
7.323562008118399413e-01 9.439188563507887597e-01
9.807213398756614575e-02 4.380270776826510337e-01
4.474248088354327302e-01 1.998351318920444930e-01
6.023705025599387364e-01 9.257223675057849599e-01
6.458104761947319750e-01 5.238680098768181415e-01
1.543385060298003986e-01 4.645529005632385577e-01
1.152012387058839044e-01 3.330494310947729741e-01
7.259270489685240024e-01 9.690568377665646771e-02
5.183549090016423833e-01 4.008013328215666582e-01
5.380479891109424262e-01 1.240331440527764340e-01
2.401959959202434880e-01 7.675492381297622790e-01
1.429715793354892073e-01 5.224173348763676561e-01
5.356382283420264567e-01 5.797854390659527013e-01
6.348824001377859627e-01 8.126444207031093825e-01
2.106163295652574430e-01 3.987053808401008759e-02
7.592389651311449716e-01 2.443163597243141472e-01
3.778362693881581746e-01 8.752012473674017912e-01
6.744666811804035378e-01 7.770641055660534313e-01
5.106153953140928348e-01 5.743702451382741714e-01
1.731128387339077868e-01 6.865266152846221104e-01
5.707431769314463832e-01 5.397829669409617281e-01
5.725032202792582625e-01 5.479079506523698573e-01
1.752983612779275557e-01 7.804737581435308158e-01
5.697010666033106574e-01 5.234502611110815051e-01
7.133141941105116679e-01 5.399866355224450798e-01
8.544610225499033040e-01 7.014959575769509348e-01
3.140366719984179489e-01 4.078006697170695749e-01
5.969705233742816919e-01 7.981939979669075980e-01
6.238191019573527951e-01 5.040709914856147389e-01
8.987485618395354425e-01 6.955099299547824465e-01
4.822832568471770998e-01 5.483260055543508482e-01
1.277316626253660325e-01 6.784544866201598357e-01
7.700680527066258163e-01 5.324799434398529430e-01
1.142625271433975742e-01 6.889133746133543346e-01
9.486789136535123124e-01 5.114053684883856921e-01
4.374770457045598637e-01 9.587845660875352061e-02
8.672325520180597380e-02 4.447425311489796029e-01
1.911108105308595428e-01 4.509821367533517478e-02
2.619189518067681632e-01 4.678454090464676529e-01
2.897799409671207305e-01 5.721955017598108206e-01
7.499015989197108656e-01 5.198132138952582526e-01
2.883986866508526092e-01 4.750411339096895502e-01
6.296332995316540337e-01 3.396949111298366297e-01
4.891093831334973885e-01 3.178077497180392119e-01
7.281238341585996032e-01 1.642336763526694166e-01
3.481782187070998624e-01 6.425421204319854418e-01
4.965488618608445148e-01 5.701715474459033706e-01
3.667212726251888877e-01 6.947394635511960903e-01
5.435224924913293343e-01 9.830361662877029616e-01
3.489088456149621598e-01 2.144597240398130600e-01
2.158518239989078435e-01 1.857232698506414981e-01
3.007687832137035944e-01 4.329883597864849776e-01
8.187613195581168180e-01 3.392547191637651505e-01
2.968551187091081900e-01 9.191458715934688328e-01
2.913874894446940589e-01 4.814960788168692191e-02
5.935766775566071463e-01 5.468627976659519163e-01
2.332691103960532475e-01 8.719500388747551956e-01
9.985147406534410075e-02 4.688432350246943825e-01
3.876644192867084726e-01 5.293352270172142493e-01
1.527204325431672782e-01 2.549423746489914433e-01
2.805633640762182912e-01 2.994853533634389553e-02
6.559983926500704277e-01 3.095703227996049467e-01
8.273229968870697837e-01 8.876751762334335050e-01
2.144184681385731261e-01 2.278941195993288704e-01
9.896932864181448020e-01 4.473150265551356641e-01
3.961345366900246301e-01 8.602760991791295886e-02
8.535409287836267511e-01 1.649706319490431283e-01
3.896865440894592414e-02 5.591195238912972654e-01
5.364209096826118017e-01 6.518710199224594382e-01
7.145687502999653606e-02 2.185185009086514640e-01
8.052257450108195602e-01 2.215497716336851108e-01
7.850597358288300409e-01 8.997921589875064186e-01
2.529520770461962664e-01 5.947022815883254987e-01
6.478799047643833964e-01 4.315130438937933577e-01
9.430460091079265750e-01 2.970519802777579210e-01
3.310447306673838797e-01 8.544299951129545878e-01
1.571983679674799073e-01 3.969484282000378950e-01
4.335231892288159417e-01 2.389989494336697273e-01
1.121366655155575376e-01 4.294373795439285768e-01
5.894269982067915636e-01 9.574649987808641072e-01
6.845158648110468702e-01 2.223592457762109398e-01
9.536524240336815561e-01 5.581058893710985069e-01
7.365849914522690778e-01 7.892792102580850067e-01
5.829969114553407161e-01 6.256961632251587524e-01
1.719651392380444621e-01 6.582651146954989763e-01
8.558275832490053192e-02 2.586510161561453858e-01
6.664455602525419797e-01 7.304556318160332351e-01
5.355988134641950227e-01 4.520987842135351098e-01
3.125779688072227724e-01 8.491613471848029615e-01
8.196693035339269739e-01 1.395800480593286652e-01
6.874143508077775744e-01 2.562853249396934707e-01
5.346867778928218184e-01 7.043763749620034487e-01
5.562191426233125124e-01 2.796458054034213769e-01
2.773494506798838133e-01 7.426090413824619763e-01
6.431376361510625639e-01 5.496609674284254066e-01
5.450718620436486583e-01 4.775650493055772494e-01
2.356170075391809948e-01 4.413103018510671216e-01
8.772514641995974305e-01 4.581173429671914765e-01
8.882243898478553445e-01 5.409622380800022112e-01
6.978494900913596588e-01 9.568606625924603870e-01
3.732232759436446834e-01 1.653652001251929571e-01
3.266341696520361215e-01 3.147488868195780776e-01
9.706213857617020935e-01 6.274214682834788892e-01
6.226520864464377691e-01 2.951410985159688138e-01
8.954295277423095500e-01 1.857164334633990554e-01
9.580968727893954817e-01 2.443999782491336203e-01
6.803699208862036274e-01 2.329359081865515768e-01
5.592530045652865933e-01 2.342211959466889426e-01
4.257342029897703828e-01 1.695473956213267019e-02
9.402352805450804318e-01 6.236597589212659054e-01
9.090828483128533533e-01 6.730791312028050477e-01
7.472909103305609424e-01 8.965634608225931945e-01
5.675797259149268914e-01 6.133724135334357452e-01
3.840122256703405457e-01 9.361856861518496054e-01
6.472003186330755886e-01 1.117470934540498173e-01
5.660343055567316206e-01 5.832658837488926551e-01
7.451179303551925814e-01 3.369871557995370859e-01
5.538039227443296575e-01 2.400325796280684820e-01
9.186082000279121029e-01 4.982176513804613127e-01
5.652580107978273372e-01 1.188681516428684720e-01
8.762103461666964632e-01 2.262387837070221619e-01
1.501988834270329976e-01 5.353553977467636615e-01
1.119991962948844177e-01 7.150952860011380308e-01
8.607020129840798894e-01 2.964235300625247538e-01
7.039091542909126087e-01 4.714602057147794234e-01
7.586319429954144766e-01 7.662589091178366729e-01
9.304919690428774537e-01 3.731061311358525590e-01
7.466665953371237618e-01 1.239664439061743811e-01
4.693533914119086270e-01 9.113310220154884067e-02
4.578333177103147134e-02 4.585050682315893744e-01
6.300174908690702180e-01 9.122811868450146910e-01
2.830623905930278461e-01 4.004590914334862917e-02
5.560352150741535437e-01 5.897796107523986531e-02
4.126943968674652852e-01 3.873926770480179416e-01
6.144219090802758299e-01 5.663018126344510766e-02
1.958127581464365052e-01 1.990333111464465676e-01
9.006459564529351036e-01 7.999154143743248957e-01
7.037563792200532964e-01 3.976756803872931734e-01
7.586782451996253451e-01 4.818403818810522155e-01
4.706668199318170265e-01 8.598447108801803296e-01
9.382614483967288699e-01 7.198834181449679237e-01
5.156786995571800425e-01 4.548907749224865293e-01
6.103859386208135285e-02 4.681442547427966394e-01
8.654979881999753655e-01 7.797746314579021565e-01
3.177375438446739531e-01 3.144655333138135500e-01
5.707835255812658826e-01 7.826958156297775249e-01
1.846785007193439687e-02 3.645641933667048695e-01
6.239401429391361331e-01 3.089224291677007406e-01
9.511659287996506729e-01 4.652305380687554170e-01
4.450235022192704504e-01 5.977826987327427011e-01
3.407336174967372511e-01 5.567517474081433715e-01
7.275969120255486589e-01 8.043754068290324133e-01
5.867318228167124339e-01 6.550783250898475352e-01
8.552392819852565609e-01 8.268627236847941875e-01
9.558602114728328436e-01 6.166573282893774710e-01
8.783499934662158948e-01 5.313519736067412458e-01
6.039394049567421430e-01 5.610995891154696436e-01
9.534168867720719254e-01 3.772848847192752375e-01
8.836748752934531215e-01 2.674100856402336079e-01
7.933533421179322920e-02 2.718876541724436491e-01
6.089617642666900199e-01 1.262826605781736389e-01
6.741935385703203831e-01 4.283876919195532262e-01
7.528897852602688401e-01 5.306771134656356192e-01
5.555616349203649218e-01 5.855582531156670045e-01
7.577026193358001871e-01 3.523422545978779907e-01
3.997430012770123997e-01 9.219516844944046774e-01
6.007411055072648942e-01 3.324925055531255946e-01
7.211029009947742541e-01 1.981463485016630721e-01
5.748889213297815326e-01 8.396134677298541238e-01
6.698593281942585298e-01 7.381721594393286789e-01
5.801974346052147791e-01 6.867484990449088667e-01
9.460127910181002076e-01 6.483798591153657753e-01
7.035532905549332083e-01 4.899492260145189015e-01
2.897550667240411659e-01 1.781902176723497433e-01
9.264473607332693872e-01 7.510436096383817928e-01
8.773543658566484993e-02 6.133532490878095267e-01
7.503314893314195766e-01 2.849110666879454135e-01
6.148512119430959988e-01 6.141731597310616797e-01
9.503473189238625940e-01 2.255977238102181426e-01
7.983911376396634063e-01 3.385185860572818561e-01
2.772289723769781888e-01 1.743170975816275559e-01
8.572481371808809980e-02 4.823684742321136532e-01
3.472118469457230461e-02 5.373408116838677140e-01
8.466935898430818508e-01 3.048388857556512122e-01
3.158932029919863660e-01 1.180421939101286843e-01
9.919810592279909578e-02 1.472522005085932228e-01
9.679534045662601116e-01 2.621989512313350756e-01
8.758348347441372583e-01 6.525166668416607640e-01
6.547943594178758930e-01 4.702215864778597210e-01
5.380562685310337212e-01 2.693929665178326771e-01
6.802566449492106759e-01 2.283522174240123492e-01
1.865850818167475167e-01 8.025578386225254990e-01
2.923600310525134027e-01 4.824552715670100134e-01
4.429796898372920788e-01 4.154870785041180348e-01
5.326542300258361173e-01 9.830452604378674408e-01
6.016330149542097327e-01 4.407339764531491011e-01
1.698923762972976981e-01 6.479119741503044372e-01
3.443627256963124883e-01 6.460524936104394822e-01
5.568273956904432609e-01 4.622758762329400861e-01
4.291033692403774524e-01 2.037423451937711572e-01
3.028807328352707828e-01 6.856023249034650657e-01
5.499206568158703234e-01 5.157798953566398170e-01
2.484534629958476959e-01 8.284663868228059336e-01
7.689578739197535651e-01 1.103538556619632072e-01
4.539863312462768530e-01 4.669379773817622925e-01
6.388822729102366926e-01 5.158867225864660622e-02
2.323836031065539820e-01 3.939989755350463696e-01
4.743024338928730210e-01 7.481828563637198393e-01
2.256001183948858069e-01 5.478266847767068182e-01
8.349820048921123838e-01 6.349020165258969506e-01
1.446488940628533337e-01 2.706379931910498637e-01
7.864046255976722688e-02 6.593063333694658690e-01
4.460318055701525397e-01 5.078828535963211266e-01
3.025072563681781568e-01 8.938564669211033209e-01
6.052991221457008075e-01 7.917760352500474719e-01
1.445082223344165417e-01 3.737664898456027895e-01
3.265845692517982402e-01 1.012695332475551241e-01
5.710674680367268108e-01 8.365072551000386769e-02
7.539561227937984222e-01 2.343422912301425243e-01
5.995613866094509081e-01 8.384350389025110317e-01
5.589746563563041670e-01 4.697493965712604691e-01
1.648870810494681982e-01 4.076003226844410188e-01
6.169411178652552952e-01 9.788258485898836403e-01
3.960081257405445032e-01 8.869799994999104653e-01
4.959098255933013233e-01 4.430662589303982490e-02
4.409972405759412517e-01 2.420133189389789274e-01
4.687782763746299319e-01 4.201639926013366333e-01
7.726615742779888718e-01 1.414846831270374361e-01
7.050691884191208070e-01 9.409249422879525371e-01
6.247551224024093797e-01 1.489119322022098846e-01
5.446276005523120745e-01 8.087048071738782706e-01
9.671262627561103553e-01 5.904600919400083692e-01
5.611808170438221666e-01 4.144511271202115932e-01
3.268609841927805904e-01 1.397783158219367550e-01
5.413756439457675373e-01 7.553909625090068358e-01
6.589253723806607344e-01 6.047065185311775726e-02
5.798416733706222015e-01 5.238943698043475178e-02
5.262790731786607390e-01 1.876023579741893377e-01
2.930412970359715930e-01 2.816891875454064498e-01
6.900240749711455956e-01 2.063759686819292560e-01
2.743966052043146364e-01 3.140083551299319709e-01
2.481449040798702765e-01 2.040038883789548063e-01
9.066066178962407518e-01 6.070446559629248950e-01
4.072489042981423668e-01 8.926812121173499648e-01
2.311351894677984575e-01 6.937869371765043036e-01
3.527777325801826902e-01 7.764594052053888085e-01
4.177261607725196724e-01 2.551614459810132018e-01
2.068304720433197796e-01 8.070898633162144620e-01
6.020275660536986706e-01 9.808334119712883714e-01
8.382237111309667199e-01 4.794751736376329787e-01
4.523683373202251334e-01 4.856540513620468680e-01
8.973189454121185404e-01 2.064993676513495191e-01
7.645809145065716184e-01 7.735461924517152976e-01
8.420214930763720851e-01 2.809669559418674911e-01
7.385789642581300773e-01 2.905828467761187306e-01
7.057810148336242095e-01 7.750352945946566985e-01
5.698757992044011234e-01 5.808985805931679014e-01
9.167607996024348394e-01 4.047858016491918676e-01
9.139501856129547130e-01 1.972028347384036095e-01
9.402637850107310458e-01 6.287278843359793701e-01
4.662099607456353656e-01 2.491432836912402249e-01
6.553918392857780439e-01 2.708103934976183735e-01
5.349133944562047827e-01 2.717272654328461989e-02
7.255593853545734273e-01 7.090908190238716102e-01
4.069598956148945401e-01 2.295691837944763003e-01
2.996665829579684415e-01 6.609377784825279378e-02
2.195244557414483544e-01 4.572112539109893237e-01
4.929492483678488135e-01 6.464279912972081821e-01
4.835983078384970546e-01 3.472699731340614937e-01
7.926943486571640385e-01 8.730876220095713514e-01
2.220382544178136075e-01 7.907727879276802430e-01
3.410412292350491481e-01 5.241301801652800130e-01
2.138590135814614768e-01 2.062250104220589020e-01
9.607472561408086920e-01 6.587924836998186873e-01
1.250874071753779182e-01 1.054580605710660340e-01
4.246581150016498496e-01 8.190325615665507986e-01
5.396242995749752636e-01 1.627277260157037886e-01
4.948844336905566799e-02 1.505329158089487862e-01
4.234761763358110276e-01 3.689164633874950083e-01
6.824182995084424608e-01 1.817171736570828422e-01
8.835003033864391453e-02 1.328757512748412195e-01
3.671239976212123945e-01 5.207519035062291302e-01
6.320889799393886177e-02 4.149333075805294313e-01
8.371148541789583675e-01 1.724592532839129833e-01
6.207148646469038411e-01 1.051724967721993920e-01
6.161683687826018385e-01 5.878962353793657503e-01
6.597093826033284536e-01 5.868297791003282970e-01
6.870091770760339278e-01 8.038400430370483685e-01
2.779317421411208744e-01 2.449611453615386514e-01
5.183996602476965698e-01 4.265548034082643492e-01
8.363995309261066380e-01 7.028531060780557338e-01
2.598927954010719077e-01 8.297290415632347926e-01
2.932201040526596914e-01 1.416664125753475667e-01
4.492147534799502129e-01 7.492360297284971216e-01
2.129220252752329623e-01 2.519854783910475127e-01
7.274861604173004093e-01 8.832568443439556827e-01
3.865240629405325423e-01 3.264444433174388260e-01
7.185648118331183776e-01 5.074798378773814900e-01
2.279570634121767247e-01 7.786212115580062321e-01
9.491328161832462973e-01 5.089283557028461136e-01
4.830075689203109368e-01 5.052149566643779899e-01
6.166662816486057075e-01 4.692690432248245447e-01
8.968833263937947553e-01 7.404505107171212019e-01
7.429113549894128532e-01 1.350755937663322137e-01
5.229758776002284559e-01 1.191592395087465173e-01
6.436496718733972777e-01 6.928263569326701399e-01
8.071937852048371997e-01 7.433527694074514303e-01
7.936511757187193483e-01 5.794956286353973862e-01
2.957408230424953821e-01 8.198802232590283179e-01
7.594377214945267074e-01 2.289947616132279318e-01
2.473736253147985620e-01 8.834002721094412758e-01
3.864105501800189080e-01 8.824323109328454651e-01
9.248355208134065863e-01 6.464440764716523624e-01
3.731702905223826527e-01 4.862875087502903093e-01
5.892176270894590173e-01 5.197154320847913178e-01
6.914012477102207122e-01 1.296868518535318759e-01
6.824987058197578005e-01 3.873926334502935109e-01
7.537035925994838292e-01 1.205529837597019149e-01
4.721971196853562702e-01 8.533125873755884605e-01
2.015316306489053355e-01 6.084309513273383763e-01
3.628417584090674608e-01 2.644180634562625642e-01
9.113795090748539884e-01 3.017128718726747039e-01
7.391504526628557281e-01 5.113020023937435710e-01
2.767709192842248700e-01 6.054833917227431250e-01
7.066875411065156598e-01 4.899221242654726027e-01
7.087450237961036015e-01 2.019614731549227160e-01
2.257898231936225075e-01 1.536393824725372226e-01
2.365295430841215241e-01 7.831767229248893791e-01
6.564713062151026346e-01 5.325361062230691278e-01
6.877819353216532150e-01 8.836814618955426415e-01
9.182604974447361457e-01 5.544254187819235291e-01
2.350242592530393804e-02 2.171789213928009277e-01
9.905409407796629262e-01 5.026133060491239091e-01
1.172806543157152021e-01 3.655754221305044238e-01
4.671819101504344207e-01 2.499908562617690899e-01
3.986099824467652097e-01 2.351879795305797383e-01
4.792134931582061608e-01 5.219041156944067561e-01
6.475279652233558725e-01 7.279544587434394476e-01
3.180489582542316840e-01 5.919288832929487931e-01
3.776150223046672583e-01 6.012033226055268909e-01
9.412352106336094870e-01 3.222483618057034871e-01
3.862900056829569606e-01 9.299601525587387618e-01
8.404844631491470430e-01 4.872595903239432813e-01
8.267609814499060628e-01 4.492451565074218056e-01
9.000201074564854187e-01 7.514910866284544300e-01
9.723017811071631156e-02 4.272066390569705385e-01
7.169504651771539949e-01 2.218414127138794989e-01
3.886153029602533726e-01 3.970336651046680460e-02
9.741843253931459223e-01 6.145216032604314815e-01
6.091534171341759230e-01 5.984658185472491176e-01
6.286480542690210394e-01 2.515082977411678411e-01
2.505246984993148573e-01 1.786683584091834642e-01
2.942773621157699915e-01 4.227420848205735160e-01
5.227608057279421461e-01 8.449700995354791910e-01
3.275406647312332220e-01 4.394348047023977633e-01
3.736822486680564381e-01 2.827289573659907407e-01
2.421120742210747800e-01 6.178881445455248755e-01
3.478131917636476667e-01 9.462142894338388954e-01
6.914949295440065979e-01 4.096089724337192983e-01
1.167701740867734400e-01 1.555481932969886016e-01
4.513964975749306108e-01 7.475021060257599492e-01
7.285050912248722810e-01 9.198302421650825789e-01
9.252123878145201985e-01 7.411705508273629395e-01
2.831674328095775683e-01 9.101829345602189258e-01
4.201998376389647905e-01 5.578143050110660750e-02
3.751215460303365945e-01 9.380595277668959397e-01
6.765806590064413761e-01 6.290485422961449302e-01
2.557137242120166576e-01 8.752355258340777100e-01
8.289230591263093695e-01 8.865909172970799501e-01
2.927284953040202309e-01 3.488618075280755515e-02
5.713535388620363253e-01 3.196203123353590358e-01
3.496550625179780103e-01 9.376567340557903085e-01
2.203617286947684439e-01 1.762097256532543788e-01
5.609257990191076626e-01 6.566491544075565567e-01
4.478834270257024963e-01 8.628900616171149007e-01
9.114019210523530701e-01 4.525731690644601013e-01
2.392835025171328178e-01 6.318223103339173363e-01
6.490329079976336901e-01 5.494482831206226603e-02
6.994822531468380955e-01 1.324347005791893794e-01
5.748932386093728031e-01 1.009693777881313925e-01
8.809791679402984022e-01 6.842877365889352692e-01
8.579637563435313918e-01 4.716688478619302516e-01
4.864159664257019511e-01 3.862378437109264540e-01
7.217415534027078472e-01 1.851353724193302575e-01
4.619692125140198447e-01 3.997688419991093367e-01
5.619821613258418891e-01 5.329155430753230310e-02
6.862558245391789935e-01 2.309057901717859185e-01
7.032565517544837608e-01 2.236171674857094782e-01
6.949019380673697732e-01 9.213632885774235559e-01
2.687575784149399682e-01 2.305409991943213610e-01
8.813767995814882905e-01 7.058854137305252685e-01
8.180207772041692138e-02 1.193685151796782806e-01
3.187111490343362830e-01 3.935437237390971427e-02
4.552812191028366984e-01 9.759149692861943115e-02
3.181895853327868506e-01 3.257537759513084441e-01
6.324687622596554260e-01 9.750368879430210134e-01
5.278001902576272553e-01 7.074294051633065461e-01
9.035601297663680143e-01 4.124704628021780284e-01
5.278284220757362144e-01 6.418707337192057771e-01
6.735791817160107220e-01 3.807692398764528363e-01
5.499772988243417648e-01 2.110109045020265861e-01
4.051949867855350051e-01 4.320708824366228384e-01
7.053261080874992928e-01 6.369364025687845876e-01
2.022586286727997562e-01 4.123177249213372253e-02
4.027293337335824397e-01 8.492643721988384353e-01
9.768237421182621727e-01 3.043997802213617154e-01
3.964982074343686436e-01 6.879462982242314784e-01
8.368868327749352520e-01 5.267748136002238235e-01
3.333345316446879592e-01 2.455975835214695979e-01
2.844558943493695757e-01 4.001821098506133101e-01
8.033424190626784478e-01 2.855467459913426653e-01
3.720288425492593865e-01 8.527900239427544937e-01
5.198616412787834262e-01 4.993204631070834454e-01
1.828488386190226800e-01 1.015356040477453509e-01
6.644990683850787727e-01 1.161770842039675650e-01
7.065198164731056885e-01 2.742645211819367268e-01
5.152496114567484131e-01 7.198269212862569155e-01
5.408763202686358573e-01 7.410979494056038064e-01
6.974762407971246692e-02 6.497762202454269165e-01
4.796984166489096646e-01 3.887709143075285256e-01
3.285425055546478679e-01 4.282356750898673181e-01
1.968957780238045352e-02 4.491717803923123142e-01
9.393147546154303473e-01 4.766141154512288924e-01
8.090983879387849687e-01 4.780253680151765883e-01
3.977187785978276158e-01 3.424032227012480667e-01
8.717245557876485140e-01 5.131078672896048909e-01
8.888648762351183397e-01 6.455627943380148892e-01
6.668735590796739388e-01 5.401222563335037474e-01
4.670265003188422415e-01 3.146295535870936022e-01
5.410500849932523004e-02 5.620138269995027525e-01
2.476187002317518093e-01 2.873563767960384263e-01
2.370088631712594096e-01 9.008078319244140764e-02
9.894233776765161137e-01 4.385011721111395921e-01
3.821850063732644409e-02 2.735144309945342078e-01
7.272716077578964544e-01 7.229153875739950941e-01
4.841826740960898379e-01 8.831293479209710862e-01
6.067587332048993698e-01 5.306809131315981531e-01
4.522693666412787583e-01 7.756054480368189397e-02
3.362619862182835706e-01 6.247102192551903244e-01
