3.903661888816298831e-01 2.850354517324005243e-02
4.548793364128658201e-01 2.089462884622028671e-02
5.420046826601737644e-01 1.635958720051911008e-02
5.594565981589344483e-01 1.561356981628547747e-02
6.128932534004759569e-01 1.483097156576473896e-02
6.570550026793217091e-01 1.582582156716549893e-02
7.097847450860114149e-01 1.791384474726975817e-02
7.161811591670687038e-01 1.902431428403839053e-02
7.367376564802178285e-01 2.298388796287176294e-02
7.827925534540666197e-01 4.864968648828082998e-02
8.291646688960910838e-01 7.510166264682660575e-02
8.509314564516772261e-01 9.074088246499578680e-02
8.681863901295857611e-01 1.034510555210090832e-01
9.000992681682358221e-01 1.270013445693269905e-01
9.065599826508439207e-01 1.351067820992862822e-01
9.188763087139723007e-01 1.599763151452414656e-01
9.267108440779205925e-01 1.794652497005423397e-01
9.383770294265182388e-01 2.148584356568609133e-01
9.493686800528027270e-01 2.537609622683448807e-01
9.522019257859086760e-01 2.641197609157676096e-01
9.602303434642738278e-01 2.988977873752041159e-01
9.651815840738754426e-01 3.206556896685894831e-01
9.671317514751148758e-01 3.337922639806066849e-01
9.694008867414628527e-01 3.534790298017828070e-01
9.716671467984946409e-01 3.734523407093681691e-01
9.722032656459718147e-01 3.872742598621579102e-01
9.729277694815718913e-01 4.090737104777234512e-01
9.731965388019455654e-01 4.189326771688044460e-01
9.733532504534231355e-01 4.318881139486823173e-01
9.733380520572426642e-01 4.483675950607204364e-01
9.728460027213787775e-01 4.729212923849869243e-01
9.720064180692506994e-01 4.975780275834336130e-01
9.684369318757902745e-01 5.373583405330305540e-01
9.651302053098832490e-01 5.726477955797923958e-01
9.592239098153667598e-01 6.188126758143549511e-01
9.359208799949223501e-01 7.230294421975920205e-01
9.306845248162037842e-01 7.463521060342163116e-01
9.128348200895517461e-01 8.057018304267302700e-01
9.034217570867849600e-01 8.366844607091900032e-01
8.958549371037439757e-01 8.564926025843734303e-01
8.700851187066132031e-01 8.894066355588200468e-01
8.653652818386416978e-01 8.942200440541362427e-01
8.488966543088184435e-01 9.078213313235958815e-01
8.392293096182271706e-01 9.156957419643492191e-01
8.028300985361440656e-01 9.453423040601208749e-01
7.828833038059855864e-01 9.542053373898904400e-01
7.713037225145145115e-01 9.579065919726093004e-01
6.602829688474796122e-01 9.750525973499531984e-01
5.873057867083365524e-01 9.820943890718529801e-01
5.534304426764826701e-01 9.851690284342351500e-01
5.217240701488876642e-01 9.836203486595529455e-01
4.976125252171247348e-01 9.821495259891618312e-01
4.566122321407404261e-01 9.787672851351587600e-01
4.347797847476176925e-01 9.765549498817959195e-01
4.147953788299220124e-01 9.741965951097538712e-01
3.518913405698559371e-01 9.657350910005035871e-01
2.903885004394491931e-01 9.573965631997203296e-01
2.725821692007440733e-01 9.518199164067537854e-01
2.440623019891100531e-01 9.414200055846874138e-01
2.384408575198775360e-01 9.393580720712197962e-01
2.152892530968514295e-01 9.260310028809398686e-01
1.993090923495394184e-01 9.167825747564163352e-01
1.388941747698676510e-01 8.744986425223912896e-01
1.225581941969824395e-01 8.618737040591472054e-01
1.109588075151073383e-01 8.527196677012111037e-01
1.028476600940425589e-01 8.437537351558961340e-01
7.962741309218734909e-02 8.111174586384606311e-01
5.498908737513819034e-02 7.736291088634679181e-01
4.817623396790982060e-02 7.599772923537031488e-01
4.032193756636681670e-02 7.364119360888431443e-01
3.635663579359671438e-02 7.106143421520080272e-01
2.974785478866992516e-02 6.569347956968230040e-01
2.845400045763268881e-02 6.437008606481116058e-01
2.832015165344303753e-02 6.407686698529039271e-01
2.664674954657675343e-02 5.981380890733757338e-01
2.741657917062301220e-02 5.470746038904163999e-01
2.759255924341907917e-02 5.367437200826630228e-01
2.773688824430631250e-02 5.303993270204313548e-01
2.807616348293540121e-02 5.164973748971767309e-01
3.007537401725557391e-02 4.996547334436313159e-01
3.549798251600932986e-02 4.606956621499359583e-01
3.895949182363667163e-02 4.401000548632802989e-01
4.819193576642866184e-02 3.881350932293518019e-01
6.019511056622128820e-02 3.464570819689916092e-01
6.337313202281857905e-02 3.354823243996092330e-01
7.210383012699939087e-02 3.056487225106937489e-01
8.551183628342640120e-02 2.759394764946948575e-01
1.079822639353177349e-01 2.303542411823279457e-01
1.115747444581677295e-01 2.233327362139782002e-01
1.258315841631268972e-01 1.981783237112298979e-01
1.406618966754057398e-01 1.720218886239304190e-01
1.547138218599998227e-01 1.473836281958784689e-01
1.590977819086247802e-01 1.405577880960843240e-01
1.716159493005706693e-01 1.251682415051488251e-01
1.776858937538878802e-01 1.189775356771931580e-01
1.863351077877331008e-01 1.102742048539488984e-01
2.139647001213331734e-01 9.265195495343181431e-02
2.481215611603725391e-01 7.711394193984200118e-02
2.754462518135335491e-01 6.676447303873400685e-02
3.742577508706435019e-01 3.320700432450784945e-02
