8.042109817652912662e-01 1.553105523532563037e-01
8.270132932423960304e-01 1.872387339059603528e-01
8.355954135797308835e-01 2.008092320754966131e-01
8.472641903260169638e-01 2.209285655365597068e-01
8.745264664484194705e-01 2.711741638828873979e-01
8.905700456410176047e-01 3.075622099738215542e-01
9.168593746855280280e-01 3.762746551225487623e-01
9.401971812099443326e-01 4.398239753095111171e-01
9.500564098782499078e-01 4.691631026369110780e-01
9.683936465574126684e-01 5.288957049623831397e-01
9.812108127986300943e-01 5.745231480633848919e-01
9.876813548008409605e-01 5.988822817300618606e-01
9.898026331034958103e-01 6.085394771609594633e-01
9.940151747980122687e-01 6.454335535502535581e-01
9.968516196035238641e-01 6.792657149153434881e-01
9.952795787802599659e-01 7.067370184467527405e-01
9.937849016440547523e-01 7.175870908238297652e-01
9.916139087185579237e-01 7.319278249003269288e-01
9.913256340413194589e-01 7.332427548337974166e-01
9.884366743696796354e-01 7.459563146457025562e-01
9.754593198032636137e-01 8.028803045906174329e-01
9.727692247028288941e-01 8.109319032151260931e-01
9.524352372975319891e-01 8.495673913183654502e-01
9.459837854768647913e-01 8.608060149411790318e-01
9.426751390928704843e-01 8.654576289314366289e-01
9.405511722237730465e-01 8.682888623919048365e-01
8.966075800643098503e-01 9.155139804784016011e-01
8.880525806497386876e-01 9.240760151623325092e-01
8.603005587448204761e-01 9.462803363961407310e-01
8.341550715448209363e-01 9.561251552042574486e-01
8.122463155205228436e-01 9.636146239590462903e-01
7.880460513068037187e-01 9.706333171793587455e-01
7.679939408621336838e-01 9.761139240297238562e-01
7.661282532897013553e-01 9.765988708237347549e-01
7.496695869500944465e-01 9.794602215787695521e-01
7.053838893847292901e-01 9.810929652141586743e-01
6.326369202252116741e-01 9.802077523007103332e-01
5.950231485514865248e-01 9.795970521703410983e-01
5.752115350256936654e-01 9.790464216883736359e-01
5.274070548267311143e-01 9.763533459784867752e-01
4.717971429317946441e-01 9.709414179568990333e-01
4.517633963219153115e-01 9.685162814915608820e-01
4.431975080899686059e-01 9.673706578084514396e-01
3.771979545465337091e-01 9.551103754525439582e-01
3.506632469768168336e-01 9.501322172968452717e-01
3.316702423173301106e-01 9.461397019884807413e-01
2.968710698677078375e-01 9.376151864739544761e-01
2.804179653679265138e-01 9.332325920808688391e-01
2.464777655858476635e-01 9.200019587207586280e-01
2.296573955095182473e-01 9.127886541300502810e-01
1.912331941461618001e-01 8.944003011758858701e-01
1.324455142302209953e-01 8.661413181119763660e-01
6.017463257511856956e-02 8.223405478356423659e-01
3.707510944465031155e-02 7.881097315302302286e-01
3.370725643835870144e-02 7.831054755666825296e-01
2.391195142254698425e-02 7.587550424919844438e-01
1.554595778017564545e-02 7.354050191192891273e-01
1.158648824227792584e-02 7.149309631177053204e-01
8.737880311928458710e-03 6.949003223589644840e-01
4.518299142022952353e-03 6.536282419809181787e-01
4.023736375101338858e-03 6.446732226864037019e-01
3.223471688239887278e-03 6.296941253623452583e-01
3.148380396476135878e-03 6.165256182828647846e-01
3.793283391273272187e-03 6.072814690072988464e-01
4.743715946042281750e-03 5.969124073145942733e-01
8.411911326650090004e-03 5.640038270304771340e-01
3.091573753215359766e-02 4.228433127459289009e-01
3.585256739207776100e-02 3.982029155000169629e-01
3.746752351758586563e-02 3.911799067385131057e-01
5.138445185529594283e-02 3.332059608006764373e-01
6.241524314230784132e-02 2.983941920882927645e-01
7.545946367744749139e-02 2.590901972022376931e-01
7.996857277432956046e-02 2.490106219632304274e-01
8.941439283630903123e-02 2.303358709114358138e-01
9.944104417941423968e-02 2.162437920487808585e-01
1.174789947407310908e-01 1.927185629715459925e-01
1.206561262684288094e-01 1.890706147689060757e-01
1.370826958878481605e-01 1.726784800593091918e-01
1.413638627735706033e-01 1.686197454136418861e-01
2.027842821610538193e-01 1.209078216488124191e-01
2.314495737849747714e-01 1.014844375908596774e-01
2.850462978776213685e-01 7.319090315313725448e-02
3.008541766665087103e-01 6.526980261249204496e-02
3.186512155674670055e-01 5.861026958433956935e-02
3.224323981185603927e-01 5.750657169144113290e-02
3.619103351321405482e-01 4.786739437507125938e-02
3.955216736620800200e-01 4.064958389274930806e-02
4.680606524800776658e-01 2.724826161112692269e-02
5.007960024939249744e-01 2.285867054805046372e-02
5.148411337848433078e-01 2.123468054042565445e-02
5.240322481461889836e-01 2.033990139757657634e-02
5.485008060780006689e-01 1.890703478584143671e-02
5.948979463104488996e-01 1.989462693740617905e-02
6.227594526357412841e-01 2.521635373635622290e-02
6.287435446892271074e-01 2.668082544494676522e-02
6.497837079575095043e-01 3.338417572970442393e-02
6.815445414916466715e-01 5.131568431119937213e-02
7.038493729624764050e-01 6.450863622867786251e-02
7.195340672322537712e-01 7.414009484343930811e-02
7.540401547736920174e-01 1.065954297035526244e-01
