4.239870224397453424e-01 9.808808919606244459e-01
3.266337159140880186e-01 9.677694179813415287e-01
3.053936837759566036e-01 9.625511121250784896e-01
2.945452372331677782e-01 9.595555795682277900e-01
2.564280669175829641e-01 9.459227161800952688e-01
2.201120698470755976e-01 9.325477629288257964e-01
2.119627306839463876e-01 9.292466629794410293e-01
2.033191722710894767e-01 9.218292290882444950e-01
1.609040026107170784e-01 8.789006205604228406e-01
1.443673971642129295e-01 8.585941248453791141e-01
1.325468140004028572e-01 8.433945670485208934e-01
1.153214275783611131e-01 8.190863929925366049e-01
1.116249547017331145e-01 8.136557215891829786e-01
1.073915267583138156e-01 8.073743632396841452e-01
1.006490825587068039e-01 7.965408078158670024e-01
8.517540276898133422e-02 7.675342192843793709e-01
6.432479849355260404e-02 7.269578978365179855e-01
5.599349268588388329e-02 7.088062407676263277e-01
3.511761362312321166e-02 6.549362510018877925e-01
2.079069821212525815e-02 6.125000001179350395e-01
1.680151342392927072e-02 5.968713973056950506e-01
1.662932191861082876e-02 5.948783872857928978e-01
1.374713337614880126e-02 5.544408515759106093e-01
1.297774153185921042e-02 4.853871848385905574e-01
1.500181773720393741e-02 4.560836882063553643e-01
2.168487675038305307e-02 3.897459890970139673e-01
2.466238971604733932e-02 3.691520444874250018e-01
2.674533917466120903e-02 3.551282942406120968e-01
3.134021677210624413e-02 3.366788811233897283e-01
3.363212992966430059e-02 3.276868582514772532e-01
4.618498585550195878e-02 2.923012680707721689e-01
6.145314355383452165e-02 2.532443618884848702e-01
7.531730619642745816e-02 2.201417631518601814e-01
8.689669627093293824e-02 2.064377233368697162e-01
1.094561665387647209e-01 1.833454659813652521e-01
1.309083801490169008e-01 1.662765258508674959e-01
1.634499969877408199e-01 1.405379402973492287e-01
1.763400861463125247e-01 1.305896934825128142e-01
2.007906882552253358e-01 1.126228122454984160e-01
2.037161175888057563e-01 1.109194719338283397e-01
2.465624646385296548e-01 8.819998662489425545e-02
2.960814104510828826e-01 6.339230427301123516e-02
3.366773784243266010e-01 4.759539714718297176e-02
3.459151202951182280e-01 4.501371166524092970e-02
3.563477362766510059e-01 4.212991492266160432e-02
3.653808901651896535e-01 3.967834308081263917e-02
3.931559733744990903e-01 3.282079079640221053e-02
4.064530606582827388e-01 2.981719101747615230e-02
4.291402987700995708e-01 2.758049576728627272e-02
5.166334631361126917e-01 2.058896921737518593e-02
5.354639424837470685e-01 1.989802385540273555e-02
6.061384707199872768e-01 1.891642806038762448e-02
6.398450870160978798e-01 1.938953287991551644e-02
6.646829908624813932e-01 2.421800934771278779e-02
7.165398689642810126e-01 3.931585398592174485e-02
7.287275953298117948e-01 4.375322604906939361e-02
7.603109421809020052e-01 6.128185515932771388e-02
7.773646636735536131e-01 7.092128603630731831e-02
7.801149047675073334e-01 7.271668529066033226e-02
7.929046064438003416e-01 8.260343007725268194e-02
8.234530208611443580e-01 1.063542006275428609e-01
8.361269599349767656e-01 1.180757054079459856e-01
8.513470834974499191e-01 1.372440727131508664e-01
8.658173058556606350e-01 1.561607540907999914e-01
8.956191249420522027e-01 2.031882002166423007e-01
9.001971970914510734e-01 2.117595175402261498e-01
9.125953576808079060e-01 2.367851564856482405e-01
9.352705565400358800e-01 2.922765912330544946e-01
9.422729950011166089e-01 3.140795405230659698e-01
9.471362588220133549e-01 3.308719024775097495e-01
9.525884924541117016e-01 3.576641045530647434e-01
9.535220953451606363e-01 3.624492726243289109e-01
9.778383294706500806e-01 4.940023383619780439e-01
9.805857160825111052e-01 5.119546117054005752e-01
9.855753408994070153e-01 5.526043221071068601e-01
9.869605286217175699e-01 5.792615288927773776e-01
9.870222584681407341e-01 5.990868699841909173e-01
9.852208183440436251e-01 6.396292400373242426e-01
9.845369461632194064e-01 6.503898580471200175e-01
9.783905344115733094e-01 6.896186378534776562e-01
9.742799545739562195e-01 7.114192272320828403e-01
9.629903476001291374e-01 7.444617959458554868e-01
9.392363196463513475e-01 7.872187998943049880e-01
9.108944249147739036e-01 8.192767021512097347e-01
8.951014786091697761e-01 8.342122727483187727e-01
8.583523584711059140e-01 8.655585341242229003e-01
8.512748585617282426e-01 8.712306130410996108e-01
8.421195425836340842e-01 8.775813261406162358e-01
8.356477200802965299e-01 8.816480499338348320e-01
8.096071302140226411e-01 8.978837503547388854e-01
7.940470756212567593e-01 9.068574810012645093e-01
7.816863344565885274e-01 9.137067180731952565e-01
7.324303245580929822e-01 9.341430143082148918e-01
7.106800718936783223e-01 9.419075319029366344e-01
6.614819129376023898e-01 9.552793388549726261e-01
6.385362206643863114e-01 9.607658727972475665e-01
5.810418675667177180e-01 9.684914385448304408e-01
5.515277776617388827e-01 9.718430240600716141e-01
4.582582040807741675e-01 9.810835719396122645e-01
4.292543796885024965e-01 9.810141373017783328e-01
