5.310929666413005679e-02 7.899913055580496390e-01
4.043148810364510792e-02 7.425972625068796296e-01
2.521886897543618167e-02 6.564041922316461442e-01
1.904362678396082087e-02 6.194114534880893475e-01
1.671987681631520450e-02 6.052314321360841021e-01
1.130532277414136866e-02 5.688334111812586302e-01
4.849478346476143731e-03 5.078260621289453214e-01
3.406471348039008529e-03 4.625777346188585382e-01
2.908021819124806395e-03 4.243157838442070950e-01
4.188246948459484198e-03 3.875920857801489205e-01
5.533964467923147001e-03 3.658259971781556708e-01
6.801610512176481382e-03 3.468249316169007557e-01
9.615480853590263610e-03 3.060140080690745279e-01
1.752189512819940509e-02 2.530885746367074196e-01
2.583849442178071110e-02 2.040158519324903885e-01
2.745671233846408432e-02 1.985718336309612031e-01
2.944567202866138489e-02 1.924979940672902901e-01
3.660533217435996134e-02 1.749229996917450736e-01
4.671097833354015405e-02 1.638966391324880867e-01
7.962584886266560469e-02 1.323630395922045233e-01
1.095209550566753065e-01 1.139330968684555412e-01
1.239625348494590162e-01 1.055769202521001926e-01
1.633341653234730573e-01 8.690391814277931282e-02
2.180141034920757837e-01 6.346168096811100057e-02
2.576350713236150169e-01 4.867232103083796169e-02
2.642186430868364577e-01 4.642590955968040056e-02
2.844370741702004213e-01 3.956112372068909533e-02
3.170021655975549524e-01 3.343126426648412863e-02
3.444049734181789391e-01 2.841710672191533060e-02
4.093902621803484077e-01 1.685892378483677678e-02
4.172681896159818327e-01 1.594368918883459774e-02
4.546687901187561054e-01 1.187006191282558021e-02
4.853919744688777738e-01 8.625240005764478468e-03
5.092297759117030420e-01 7.917787541853793520e-03
5.658711376872633814e-01 7.299234441424773401e-03
5.808572963437750314e-01 7.155876879235356647e-03
6.166981149224899372e-01 1.074165183187203443e-02
6.547208107745587924e-01 1.517268470414168124e-02
7.115989030219997957e-01 3.433145602748288727e-02
7.200435255775670118e-01 3.738798309205060288e-02
7.890698810119571860e-01 6.249593128378050366e-02
7.936051300185456014e-01 6.424224687019897129e-02
8.072927918411381132e-01 6.959555618969959223e-02
8.729779024201849147e-01 9.910383329884620007e-02
9.011232725770492724e-01 1.149135483109157141e-01
9.066045799294071283e-01 1.219788032134162536e-01
9.311174492157061611e-01 1.557450377839816325e-01
9.676571872988954937e-01 2.581706990019023706e-01
9.826434005863102783e-01 3.035159515420120524e-01
9.839398249853759104e-01 3.098086460541800147e-01
9.923793750673297609e-01 3.511868911897273460e-01
9.955356135183024424e-01 3.711849936635277514e-01
9.969785553425880575e-01 3.859240806824608683e-01
9.970919781808751381e-01 3.921266845020793257e-01
9.898111428481317642e-01 5.206535383016726026e-01
9.887249895174738956e-01 5.398154541053794553e-01
9.831923046217949658e-01 6.225805204778330770e-01
9.821071825418001833e-01 6.275365477116373603e-01
9.707255862950006087e-01 6.763653201573587292e-01
9.610052882755004688e-01 7.064425630102739717e-01
9.565216864234440397e-01 7.202421499612372546e-01
9.492388934457802740e-01 7.377333492758364475e-01
9.155438373678210784e-01 7.950060298111859547e-01
8.986154385506111009e-01 8.147606478897524429e-01
8.464129153414536866e-01 8.658571195319082481e-01
8.432340513678879823e-01 8.682708527873866933e-01
8.394463785753656371e-01 8.708205556242341050e-01
8.307869827635172566e-01 8.758234319399232914e-01
8.265307775784225264e-01 8.782673019300040185e-01
7.982251483435858219e-01 8.921935891930858897e-01
7.703958776370760653e-01 9.054868053023122920e-01
7.235344320368326532e-01 9.222926422885053821e-01
6.913794446876737609e-01 9.331226406642826321e-01
6.603475155350044812e-01 9.434904224393232397e-01
6.148851325406226032e-01 9.582813791042470442e-01
5.661983246160926520e-01 9.736672328978834834e-01
5.353842903909549200e-01 9.823581470249153069e-01
5.233135189656439312e-01 9.857503218539055423e-01
5.077446294575438390e-01 9.890010485574783905e-01
4.920933058861653442e-01 9.919518736851737906e-01
4.755148918726052609e-01 9.928441231207647544e-01
4.391595621106894609e-01 9.920990935378822817e-01
4.307847528669131454e-01 9.919142479187611494e-01
3.949800884969377202e-01 9.869423438249079750e-01
3.747070365446299456e-01 9.840251984533114893e-01
3.432524748982475615e-01 9.760665929421012965e-01
3.293016172025307609e-01 9.722014038359261257e-01
2.295244984122982168e-01 9.386535840449355961e-01
2.160268547061710565e-01 9.339421390667003164e-01
1.873034048298781173e-01 9.222733844138822912e-01
1.700105959716739501e-01 9.143828777694475995e-01
1.622120735901085298e-01 9.100192662753221473e-01
1.393127393716087625e-01 8.961916347507290492e-01
1.350874993133617807e-01 8.931909479382289518e-01
1.238608967657519044e-01 8.848576845215626596e-01
1.092474095580409643e-01 8.723903126906469296e-01
8.604791270465722564e-02 8.518187080505186248e-01
7.884117532784068461e-02 8.445994108115868482e-01
7.379575579456382206e-02 8.368546419315845419e-01
5.694855920147040562e-02 7.992283318981842077e-01
