3.663793066257380326e-01 9.182026272983871973e-01
3.691206147419068273e-02 7.423919490851736969e-01
4.030823969460850531e-02 7.110287995736782607e-01
1.447800434299089112e-01 3.990830747162025238e-01
5.426943606626707384e-01 1.436566980549868200e-01
8.204742426360401852e-01 9.102661549081736414e-02
9.630879385258093173e-01 8.179737270161291374e-02
9.611341223892764241e-01 2.512060144462304745e-01
7.069216886616400686e-01 8.917038305797990727e-01
6.854431604429419567e-01 8.963764444484764171e-01
