9.612276912581851906e-01 7.073733310136233188e-01
8.659074077945001502e-01 9.699930972504623439e-01
4.713395589105749961e-01 8.710781312236975937e-01
3.877230874181480935e-02 6.712814783560985266e-01
1.051207711889478036e-01 2.511306045196902703e-01
1.973337651768718448e-01 4.357510823129873145e-02
5.078055126736585878e-01 3.000690274953765613e-02
7.026097477033804717e-01 1.652055666082097307e-01
9.130115096775428540e-01 4.200526965139239621e-01
9.318694637451216956e-01 4.947122415784953597e-01
