4.437557353355137124e-01 4.167702922580334146e-01
6.753118673766461688e-01 3.676565320744363818e-01
6.716074857630102146e-01 2.198088566357792040e-01
3.882667624563518882e-01 5.683108685544021599e-01
5.041293454544353292e-01 3.521368426592006995e-01
6.710513978747312258e-01 3.606705789021565911e-01
2.158908930931753289e-01 2.802943336888266690e-01
3.041334582950454557e-01 5.034391769009560758e-01
3.864033593240062125e-01 3.515466933358427082e-01
4.306346386086696287e-01 4.100202658940290679e-01
8.022811738261406145e-01 2.782884728534689711e-01
5.849900299486665567e-01 7.179413510488451555e-01
3.599506683820285491e-01 7.081425921278738933e-01
3.921688222598021523e-01 3.950328521702454188e-01
6.312816053881721290e-01 5.186108977755692351e-01
4.853972072841090113e-01 1.590074987499336956e-01
7.236350888337665932e-01 2.134261454769426636e-01
4.465307406954304170e-01 2.719061496736555616e-01
5.553419208724870160e-01 6.277939800772003309e-01
3.688546422325274521e-01 2.284262696793134817e-01
4.427463799183307125e-01 3.405963938555037762e-01
4.581405691198117691e-01 6.207785303144197631e-01
3.362396264548752622e-01 5.867748117146108777e-01
5.975763455865387153e-01 2.946358800795154664e-01
6.626883358972578408e-01 6.118395026498341105e-01
2.582796137225361055e-01 1.033132691082672139e-01
6.108318423582204115e-01 6.152191542403820934e-01
3.155589133165745408e-01 3.233783797742857402e-01
3.079283332734586986e-01 6.556476825829793409e-01
2.564509639768803861e-01 2.163527561269478205e-01
7.166425324149634513e-01 3.377423600083489519e-01
7.321405603281120333e-01 5.189610273087311709e-01
7.602357561929337093e-01 3.260584760551679673e-01
3.741521490929107241e-01 1.644675292362134944e-01
7.360841708828286256e-01 3.918149315872765381e-01
4.819778583642491676e-01 3.504745654663683485e-01
4.952769281290311243e-01 3.733762635291668630e-01
4.180150882168921500e-01 6.966104001048606387e-01
5.306387780432857415e-01 7.008725663708554876e-01
3.292898725252172976e-01 4.563216677524618570e-01
5.087569657406327828e-01 1.304923272292856096e-01
6.245749625053222953e-01 3.277594578786144908e-01
2.122020855085810509e-01 3.660097620191400392e-01
2.375783868029705814e-01 1.035783834444457541e-01
4.250767404289895190e-01 5.088801124266529863e-01
4.982488704336484053e-01 4.853349608086247602e-01
7.122653184711315033e-01 2.428948157008237740e-01
3.776448530446570029e-01 6.564705500621137446e-01
2.936112090644680261e-01 1.376312095496791954e-01
4.281820619253950411e-01 5.554325619177480355e-01
1.772682603221191755e-01 3.603634991816038191e-01
5.260980095768325038e-01 8.738650096909861276e-01
5.040800797071673944e-01 6.240068629512501852e-01
7.640515096682949370e-01 5.608344211257358936e-01
7.881976381193339654e-01 5.533014091855267269e-01
3.899817108735148530e-01 3.891378155170556741e-01
3.982867197015655392e-01 7.218452289527376164e-01
5.529637790262496022e-01 8.351797957174982301e-01
5.471688990415319864e-01 1.250914685629221090e-01
8.068508386083024231e-01 3.144015962659882368e-01
6.465377933546289091e-01 2.810382069711243602e-01
4.399190340460024107e-01 2.128239504110781000e-01
6.930493996188402672e-01 6.939782815713914088e-01
2.655416379292187545e-01 2.892293715784328700e-01
4.190781520079713274e-01 1.673011628002059326e-01
3.290285033104605183e-01 9.786131970079257891e-02
2.466200976692145275e-01 3.257035310805725947e-01
6.601938033168366360e-01 2.986855742526937085e-01
2.512776760077630178e-01 5.941594836349615161e-01
7.944386035177246619e-01 4.595809470664267704e-01
6.778492454177234006e-01 4.480322680050603523e-01
7.318899299194935315e-01 5.170883931969529890e-01
6.131134388412892156e-01 3.937189805093503914e-01
2.530845387171306027e-01 4.899628006465887031e-01
6.772242802531434069e-01 1.758839615968055825e-01
4.553148374783332897e-01 4.382921506190715633e-01
3.382042483176944669e-01 2.724446544466432862e-01
3.902254919864888150e-01 7.114828510258786043e-01
4.110534316759066886e-01 7.269266856935046039e-01
7.425593464539330668e-01 3.207879049396238358e-01
4.611262282287327263e-01 7.176697415207643482e-01
2.346299115751661057e-01 4.271235668445622080e-01
4.992797926501997274e-01 8.409193687046035981e-01
8.057700422409042051e-01 4.328422289665707634e-01
3.611628411281856965e-01 1.518785685934545548e-01
4.104976268296207098e-01 6.847047308908316143e-01
7.077666378111403533e-01 5.238936782166476736e-01
4.963674037836153241e-01 4.177857767358582053e-01
3.281008939125381052e-01 2.372697646612582090e-01
5.150733001577811887e-01 2.670186184731676571e-01
6.578817270156107622e-01 3.448946472831009857e-01
6.484174002822513661e-01 3.788926193018961053e-01
6.233519701096579269e-01 5.554212541088769939e-01
5.303102299575782608e-01 6.648600549662355697e-01
5.364686088110557360e-01 1.377356390379463891e-01
5.290742863074698876e-01 6.019841513996663229e-01
5.778263043649749520e-01 5.416349089441849785e-01
6.618138314790896759e-01 7.678058726576816317e-01
6.241025206830164151e-01 6.897845076549602439e-01
2.191747113229808031e-01 2.718445896259570893e-01
7.237841029200875465e-01 2.525321177019099750e-01
2.091483139379339273e-01 3.860872006739934914e-01
5.208702444599999648e-01 8.123562086802739168e-01
2.587710710575381601e-01 2.176145753408731953e-01
4.312156520422799066e-01 1.246461687137103147e-01
7.569739294447723754e-01 3.587939133741665509e-01
8.100169869277300538e-01 2.669461167706690397e-01
7.645777375061487691e-01 3.116027375958905776e-01
6.878639647193736106e-01 4.380890797493866007e-01
7.021469834500565499e-01 6.845508761522358654e-01
3.690485125553548129e-01 3.456595280896469502e-01
5.821349034847179693e-01 3.923965230618418620e-01
4.963246305242021705e-01 6.674870557591906506e-01
7.025023864417765385e-01 3.779025164217275079e-01
4.449280886040828387e-01 5.307632962361309437e-01
4.809051422047254665e-01 6.138324179988734475e-01
6.736483249141038687e-01 7.819738560745728151e-01
6.861838316672767002e-01 2.579031576399297143e-01
6.660782562550185970e-01 6.054301617200004149e-01
4.528834810337118433e-01 6.887009537896388034e-01
7.278828209397560922e-01 4.082808225263134805e-01
4.057603097627758837e-01 5.181110619961730723e-01
5.009129703789046983e-01 5.703897613097831387e-01
5.428654075740225737e-01 1.822791906583679233e-01
3.110985460501154987e-01 6.564433977213974813e-01
7.289692669669950442e-01 2.597921466303000360e-01
3.431925998139756517e-01 6.107666124056750911e-01
7.025693861065270829e-01 4.125154576003695617e-01
4.358390564892989372e-01 3.658061611211894104e-01
3.313376593044002894e-01 3.047545170663040759e-01
8.024264781371126531e-01 3.132200523354164989e-01
4.519856642554211379e-01 3.864110362266285348e-01
5.246948694651193401e-01 4.154228537550072042e-01
3.412727289120744967e-01 1.785306064223054490e-01
5.005177763941870417e-01 6.101241884097072798e-01
1.955344450013405400e-01 3.816351989651438070e-01
4.453816644998808139e-01 4.559975698006098477e-01
5.492546887069682526e-01 3.876336726292811674e-01
2.463377136392520816e-01 5.588803263070873939e-01
3.994067416094736478e-01 4.003654072605424274e-01
4.429168359220259088e-01 4.983228329547749191e-01
5.576393619624346876e-01 2.962738770077665285e-01
2.331842495094529344e-01 2.799527994626916372e-01
7.894118954241324815e-01 3.517371014284540465e-01
3.384440072034011759e-01 3.861439525743560197e-01
2.925172968706848953e-01 6.508062963723003636e-01
7.731468888807244699e-01 2.089783597536903348e-01
4.380479405518686864e-01 7.521606010603570924e-01
4.723368422788551957e-01 5.212675466040963546e-01
3.099475884082413812e-01 6.267529890426986050e-01
3.177537846768083707e-01 2.809581961534577954e-01
6.591319615612408755e-01 8.749382442936584070e-01
4.914102466950154291e-01 3.899837160836095440e-01
4.684811246711733657e-01 8.724937539930936736e-02
5.575372467986244862e-01 6.911630678401610162e-01
5.308516450210799542e-01 4.052702383921397700e-01
4.477490784256447642e-01 8.195887484964257952e-02
7.788390244627161341e-01 5.177946298606870279e-01
4.262303483627272183e-01 5.347355530846281679e-01
5.680560232518619967e-01 1.795724340164116528e-01
3.478491609021943098e-01 6.091212690242131522e-01
6.270347432020978440e-01 6.321412881278368756e-01
4.101242965898980741e-01 1.203845934830606451e-01
5.364063966651660964e-01 7.626806627787481307e-01
4.942669255977415466e-01 5.466124640197849160e-01
7.946745965507179266e-01 2.667813279826348749e-01
3.946542525985908823e-01 5.606933813015715362e-01
4.545803846872910614e-01 2.365545825919321832e-01
3.744956041785132972e-01 4.411567037376347700e-01
4.830620981716451934e-01 5.120357808745815698e-01
3.695755926572154570e-01 6.043647728781180728e-01
6.493618350515911741e-01 2.639996521415453601e-01
4.169418786231933183e-01 6.221147775893454135e-01
4.051466008888102710e-01 6.446985177893215235e-01
3.395449072485953179e-01 2.797451365863308226e-01
4.490058157031066033e-01 2.552043506921086724e-01
3.982846328064118535e-01 5.482684659641305913e-01
6.255684908985179593e-01 8.572664410629992071e-01
7.858473209366124701e-01 3.429145970794564846e-01
3.220427344575953477e-01 5.846114199003238365e-01
7.569270947963843144e-01 2.932821226039310503e-01
6.174533547271021661e-01 8.713222511251579316e-01
4.142848178508306001e-01 6.031580923311361531e-01
5.446665579992491235e-01 1.829919225304530717e-01
6.413803934808248730e-01 7.244677786961118970e-01
6.266127419347302663e-01 7.730574854030127785e-01
2.512958933351968627e-01 4.967290527483063101e-01
3.524807229539426157e-01 3.904924403392902033e-01
3.833857758807028282e-01 3.430912424051102416e-01
3.707107096214643516e-01 5.087286924239309283e-01
3.856261605914216850e-01 1.089877155371705014e-01
2.354971706647501495e-01 4.530604902271473389e-01
4.227322368405171393e-01 2.449202619917714707e-01
5.039766143710140422e-01 6.052565853492701820e-01
7.143875998868952637e-01 2.239530623967917466e-01
6.139670907600411898e-01 1.814957400896460848e-01
7.790405480411461969e-01 5.660581343165744794e-01
4.572179675027150392e-01 1.438811768291962390e-01
7.210022452929975012e-01 3.940720229759440696e-01
6.162048216004893941e-01 5.140860215057753146e-01
7.454235585718401724e-01 3.187300753217885418e-01
2.819959645123283898e-01 6.274041551810394246e-01
6.642026136609320286e-01 2.845244549580362436e-01
3.491308371302380698e-01 3.354716608859322768e-01
6.812861386577850897e-01 5.441278755702153580e-01
2.475401155320626212e-01 2.594694626992680164e-01
5.836094560055553604e-01 5.209866966717171533e-01
5.101614234784098700e-01 1.899331520603069479e-01
4.664840595902917109e-01 1.347578340333853708e-01
6.337455154094286947e-01 1.755152675824944719e-01
3.932270646958551108e-01 1.840937108844993841e-01
5.216442690735374477e-01 1.567774669559439116e-01
3.744101789673329184e-01 6.624332347659073195e-01
4.937417416091165467e-01 3.996745380696116179e-01
5.575830309258422712e-01 6.790545018475080408e-01
3.302840789992821380e-01 3.260882403308462685e-01
6.348483931773103439e-01 5.489559601064752936e-01
3.108228197574959273e-01 5.175795055216595442e-01
6.347408485756769192e-01 5.985516946591239451e-01
7.345283874531861601e-01 4.841528281281585744e-01
4.568778349377919934e-01 4.686066597555141322e-01
5.167371305879575605e-01 7.152076403842618779e-01
6.058795574653895732e-01 2.054082770400837976e-01
2.575597248084967594e-01 4.228962887110446212e-01
4.069468325240795936e-01 2.514770634960964979e-01
6.482072239753818854e-01 5.451922784646765496e-01
4.150023682222168109e-01 5.390098965997424107e-01
2.155690482797463225e-01 4.525030642205282727e-01
2.937410350122142133e-01 6.389946316359009781e-01
3.610134023480822685e-01 6.551883482473290776e-01
2.864294132770487944e-01 2.440844392289164277e-01
6.674801976188095010e-01 8.590719498249966835e-01
2.295320960686356715e-01 5.876064920133392544e-01
3.714474243986899404e-01 2.665934927829986534e-01
7.481018037915204699e-01 3.120827741212149897e-01
6.723932079928122141e-01 1.655697364131145655e-01
3.122284398840761144e-01 1.962326372555412424e-01
3.763504071309080601e-01 3.064179846967730603e-01
5.118181913315064113e-01 8.003949829381387104e-01
6.076722501334277382e-01 6.224206700204335529e-01
2.322441692074468655e-01 2.413501680595826759e-01
4.172853906205848951e-01 1.411649224876247999e-01
4.119174048155222478e-01 7.588450763759243545e-01
8.122433745888206769e-01 4.761527626130692137e-01
3.143093690794422357e-01 1.745005360588716137e-01
5.984152325909359860e-01 3.930632597953782059e-01
4.716225693153681120e-01 5.731869783294091247e-01
7.520282594528521214e-01 5.388262298473037726e-01
2.383437836641724705e-01 1.635614827748099187e-01
6.716590617203854752e-01 3.769150755029517796e-01
6.958908592501172885e-01 4.050335227078669664e-01
2.936761840874181906e-01 6.304202880184545110e-01
5.456303889677617258e-01 5.227700083197258651e-01
5.522385766221911130e-01 8.238222273358102310e-01
7.210549040049405445e-01 1.952000100737121824e-01
7.307309054564253836e-01 3.531128008817832065e-01
2.141890012071542282e-01 2.956773172385572801e-01
2.846578028340122635e-01 4.819283762693349904e-01
6.493000449586088241e-01 4.769378630815591658e-01
4.619735483575623247e-01 9.598868656830815416e-02
6.669196496330840329e-01 5.871502633299994223e-01
4.293204358546168220e-01 6.084733005659064276e-01
2.505562421734526257e-01 3.440880002400107940e-01
8.181913295273985920e-01 3.143465753681645714e-01
2.859152994583605834e-01 1.091325296554086083e-01
6.517292464673211105e-01 4.985748566951412331e-01
5.496662473964601947e-01 4.844322998353094434e-01
2.182431574046168055e-01 5.080208534544602417e-01
3.289547422761156525e-01 4.374412888040911385e-02
3.603857225508457773e-01 4.337346213024376729e-01
5.727288695462442458e-01 6.107203730579248147e-01
5.473799911733371326e-01 3.436498307607054326e-01
3.158836316459168736e-01 1.165020884067437257e-01
3.777452181656757446e-01 1.114591181459237690e-01
7.733894474781718431e-01 4.458119344143509077e-01
3.295783099380751313e-01 5.323729169327126032e-01
3.474848635144952014e-01 4.066198194043896819e-01
3.867068411907198522e-01 2.934019496365251056e-01
6.807592656723314706e-01 2.554763616665461923e-01
6.366433229004089256e-01 4.209450998331044635e-01
5.002428119140627238e-01 7.269228081802296959e-01
2.711844619545387691e-01 4.614773180151132692e-01
3.431072396823334758e-01 1.440771701985295861e-01
3.717563983425034024e-01 1.332733627335200288e-01
7.321983782600708368e-01 4.422188593995338146e-01
4.321161702678254501e-01 3.777504211713276216e-01
3.294413072632973449e-01 5.374764660824001838e-01
3.267362313850554756e-01 1.599992858343251279e-01
5.847808411651769234e-01 3.987366263002047884e-01
4.817484399703792497e-01 7.145934192463678780e-01
6.055089675529062854e-01 8.532328571817172636e-01
5.216647658840094515e-01 5.739142217543740099e-01
5.955181800371720513e-01 4.626715652797207534e-01
5.780929944368459195e-01 4.142397942271636713e-01
4.942337884480180188e-01 5.101339665978527060e-01
3.281190518981966231e-01 5.013100940885550916e-01
5.923253205977829783e-01 1.786754131375103138e-01
7.165107844308560292e-01 1.881715872980030679e-01
2.587846754306267205e-01 1.575969770872809317e-01
6.331609680528536011e-01 6.168001595530367975e-01
3.812328922834072875e-01 1.810268701977708894e-01
7.370160492204297364e-01 3.308692045552598104e-01
4.944386835765988697e-01 8.303609393413506901e-01
5.964771136065092350e-01 4.562920327012142674e-01
2.106925853531281811e-01 4.795552207247419374e-01
4.679558320020427153e-01 3.498514337524168960e-01
3.404398221271751068e-01 6.665368969305360825e-01
7.300828349149220964e-01 6.524524636196464833e-01
7.115404455000169381e-01 2.054158113860912460e-01
7.078113730208946963e-01 2.617760186702545178e-01
4.404463613379757114e-01 5.645874468129499224e-01
5.026441030896218187e-01 4.514493084445974080e-01
4.064463946666392324e-01 1.790008416040558270e-01
6.188993205606317938e-01 6.334222352249396781e-01
6.595315330697197886e-01 6.884762146835842200e-01
6.973247051095081694e-01 7.522162993914408569e-01
3.915837977065893538e-01 3.656642898449414258e-01
6.208988645062482048e-01 1.738896180862571639e-01
4.514244195024186834e-01 7.818433533494968668e-02
4.435887543824856283e-01 2.150537730873650633e-01
4.038156827448138864e-01 6.955350370846016261e-01
5.548660462921174430e-01 8.661087394836897158e-01
2.806541525699629558e-01 1.667224636211943056e-01
7.011269996685145500e-01 6.429742657461807731e-01
6.361148345527126713e-01 9.364103883625916058e-01
7.791726930249200933e-01 4.991807209678915114e-01
2.621046358055877379e-01 5.363896984105689381e-01
4.127572710467947159e-01 2.592407297389305310e-01
7.174897854625317262e-01 2.631755604610252486e-01
2.472714563811659605e-01 3.295471975063108960e-01
5.072055031154483196e-01 1.941640478522352609e-01
4.899864428602660471e-01 4.472331393026428570e-01
5.280604353079217939e-01 1.605674248634722523e-01
6.266075335294567505e-01 8.336521735459201388e-01
6.284872893436308505e-01 4.850770073733055021e-01
8.227317396778808245e-01 2.097126108674690625e-01
4.133660340513888864e-01 5.700506633033870507e-01
7.607680738530212539e-01 5.460567864443787167e-01
3.043506196622733917e-01 1.622681899081698520e-01
4.865363895241407444e-01 8.151568756196680976e-01
5.758042573223429716e-01 8.608619000321251491e-01
2.718747245125954226e-01 2.446774599969050168e-01
6.589255236397013604e-01 7.823624985036961021e-01
4.134647053173824416e-01 7.338500633348861157e-01
6.758930837394093727e-01 3.278097281815831043e-01
7.904510635869304025e-01 4.189979903370709136e-01
6.192349836969457400e-01 2.167523777703013188e-01
6.745995579028196687e-01 8.784548415076315342e-01
7.199180564651287417e-01 4.472357262443041881e-01
6.767938335474549261e-01 1.687880958512779084e-01
5.806180760457025913e-01 5.420005087074259986e-01
5.948030810331159657e-01 4.842629839595282149e-01
2.523154860198200122e-01 3.242294520350824105e-01
7.884188651760696276e-01 4.188548950343726762e-01
4.455009801577719530e-01 1.607158718609239534e-01
6.057299060974878913e-01 2.867550147782115255e-01
2.159673387637319752e-01 3.550208098217418895e-01
6.652010441590813228e-01 3.735406471909229476e-01
3.502572322781663527e-01 5.678453570789683269e-01
4.383689496688125131e-01 3.763159248460121731e-01
5.948182730749134173e-01 3.500454107918345992e-01
3.455991140535340511e-01 4.230920241082732902e-01
4.206310536189503679e-01 1.543621885961328211e-01
2.265469174989811485e-01 1.861910177722433390e-01
4.875488417661830165e-01 3.080538889457311580e-01
6.249378676722474601e-01 1.792715710929252970e-01
6.087603283351601391e-01 7.031216110500979610e-01
5.898987078254948058e-01 1.519590067104132913e-01
4.239208781578571728e-01 1.914556566571553042e-01
4.790268385843732268e-01 5.557746150049163170e-01
6.757449700074069643e-01 5.931762432099487725e-01
4.626215347643865550e-01 4.062361888834411516e-01
6.519729768920233814e-01 6.657816042935245093e-01
6.756917761225020858e-01 7.164275877027465045e-01
6.142097177671659303e-01 6.139197395763704712e-01
4.319688416507688755e-01 7.613485431983718632e-01
5.840891620782173721e-01 5.136981264664109981e-01
6.026044914866969249e-01 2.758559926859459055e-01
3.710267046666799740e-01 4.517789032694694562e-01
6.284782386221605677e-01 5.469922051767581728e-01
7.897070650021768001e-01 5.467171841145843647e-01
4.275517596447739876e-01 3.375635717671959801e-01
1.994509511994370654e-01 2.851031207786319244e-01
3.169149769239196779e-01 5.784583164775647379e-01
7.761219188436813132e-01 4.278590550236335832e-01
6.205766186773983284e-01 4.227828044530330676e-01
4.342889988084481789e-01 6.372941039953571307e-01
5.956702914017537598e-01 9.008153631636303116e-01
3.578051386120230659e-01 1.556082667785457785e-01
3.842948118313752603e-01 4.880382061458476417e-01
4.892646703861662782e-01 6.380330074438217425e-01
7.578913967102355320e-01 4.003122188801622183e-01
1.973602756215172005e-01 2.972126247531423626e-01
5.335131299498128143e-01 1.847904175554235806e-01
7.446196760210910259e-01 3.525647740378250461e-01
3.944107247571909669e-01 2.358986824344923572e-01
5.154873872488804354e-01 1.527280644117570141e-01
2.721355369972291438e-01 2.691463862046037936e-01
5.543008778225625433e-01 5.518224667958047114e-01
3.433374819319994775e-01 4.118669520209924384e-01
5.849775699880783719e-01 2.471557191525450559e-01
6.662573595485253852e-01 1.639076382076759819e-01
6.035651991600021748e-01 6.774899023701521639e-01
5.777819702762707621e-01 8.300798879846422729e-01
5.107409770641904156e-01 2.249085744086731509e-01
2.487177475819152828e-01 5.487716707267402683e-01
2.897170803534121486e-01 3.509371580606129859e-01
7.495876270648542672e-01 3.991178526981519203e-01
6.164916360396008876e-01 6.498257788904889809e-01
3.943000205977535422e-01 4.937221410604815119e-01
6.980393871785904869e-01 2.926044845417052342e-01
4.497794991432876865e-01 1.334541768464532485e-01
2.343849053578069830e-01 3.625431897985063601e-01
6.085354159035262223e-01 6.756808327003587245e-01
2.648553505682739728e-01 1.013423884193166979e-01
6.187223134733579322e-01 8.378461317155964094e-01
2.729841371654021520e-01 5.193595040719923839e-01
3.891294770987299700e-01 5.266100946701544050e-01
6.034498899534966876e-01 7.772759952692498420e-01
4.934326968419178172e-01 5.188322759198200629e-01
8.109607982115322189e-01 4.258955213962229425e-01
6.960758667053643656e-01 7.632632146928830519e-01
6.124723071312487832e-01 6.703316610120311214e-01
4.170733913050512220e-01 6.225456576668653152e-01
2.364914781372270125e-01 5.123365868655622712e-01
6.997405310366359155e-01 4.911028235916806151e-01
5.277800222538089336e-01 6.916311945950429640e-01
5.247936583861705362e-01 8.468975547859967090e-01
4.860947739684923774e-01 4.167988679340308145e-01
3.689619119334193176e-01 3.311655545617434582e-01
6.579313760011477052e-01 1.814759725969719850e-01
3.549338603266352088e-01 3.827152197056032379e-01
2.564539462673531833e-01 2.963361625975365343e-01
7.672425723219833404e-01 2.144516288294022743e-01
5.778565069777352736e-01 1.944414288875438435e-01
5.156986997825067087e-01 7.887621142438816513e-01
2.426465460211865155e-01 1.223704164577763265e-01
4.703606777322896226e-01 2.637976355918417726e-01
6.542350982160182182e-01 4.830786993229310156e-01
7.414161902625817646e-01 5.371472107334075430e-01
7.059511312610995404e-01 7.451420406153876907e-01
4.457426721665022629e-01 7.229827455270866343e-01
2.386260631896143236e-01 1.651789462352035998e-01
4.574471134292508179e-01 6.079202185080434528e-01
4.111608250569217526e-01 5.335153764580016222e-01
5.435141614976214397e-01 5.262882363216467851e-01
4.267385666938771083e-01 2.667256559069205446e-01
6.123370540595998168e-01 6.583420756421405340e-01
3.332382920191360176e-01 6.516584994813221510e-01
5.673299991052590530e-01 4.851229375995353421e-01
6.314562400255835373e-01 3.913937775582529977e-01
7.115975089987891522e-01 5.470778506424045506e-01
3.445002649943097461e-01 1.034691902479730058e-01
5.627744663196312391e-01 3.873746638301933110e-01
4.852265721915386409e-01 7.842220113408314708e-01
6.954358321785398811e-01 5.406161252923511462e-01
5.402971550880467655e-01 4.935048361514915993e-01
2.398621861091324026e-01 2.791674105198279077e-01
4.094210290516504536e-01 1.255238512983817001e-01
4.773005191235298317e-01 4.353728580044999852e-01
1.826030482953629186e-01 3.665461708101390714e-01
4.509789827316764699e-01 2.300227499230250161e-01
7.585678494860297327e-01 4.036302362320586812e-01
6.317082646851257532e-01 5.086560607422851987e-01
3.828561480219674351e-01 2.401363961272973135e-01
3.646975369419822588e-01 4.269650601702145165e-01
7.558980272484326912e-01 4.041607903836732518e-01
2.662634193569118901e-01 5.234455266067152834e-01
6.575555521549142357e-01 6.431084206307851048e-01
5.357735064146038617e-01 3.022330854352633933e-01
4.831350316085715746e-01 3.455723962030148311e-01
7.315433019450107155e-01 2.375784446752826073e-01
6.551020727273269006e-01 8.326827649300261314e-01
6.124449320215576975e-01 1.311526472423348577e-01
5.428205536035859424e-01 1.164008204591737983e-01
6.330034181842093544e-01 3.160416048383852261e-01
3.212149321478298680e-01 2.010133526726810560e-01
3.261688192220822957e-01 3.863254510969527100e-02
2.687648203116347889e-01 2.569084892279320798e-01
2.987445344563853800e-01 6.033919159565025447e-01
2.664259671486141068e-01 8.578823887332140408e-02
5.034224897719824510e-01 4.128734244223604688e-01
3.001146221134297631e-01 2.926928267217328572e-01
2.080930138703716015e-01 4.298613133623527260e-01
6.677974295852666664e-01 8.838970423466219195e-01
3.466896465021617746e-01 1.667814462069473758e-01
5.710752067697463241e-01 3.546028970765757737e-01
4.087253503562307544e-01 1.180048668248837307e-01
7.839876292617526943e-01 2.509846450495388792e-01
5.876508647814103758e-01 1.377044012769836068e-01
5.741501332070424457e-01 4.384679748343386918e-01
2.519137854130364951e-01 3.798982176087271623e-01
3.224043356235183344e-01 1.451515341577941653e-01
6.120427095522718020e-01 6.690958729297640240e-01
6.320587535679020874e-01 3.463541772788295559e-01
7.810048286127657668e-01 5.372231416719137620e-01
3.743750320199613624e-01 4.464721610706814392e-01
6.051205047554751859e-01 4.209611871814215034e-01
3.622475223440904668e-01 1.400431722434146153e-01
5.925412274323753614e-01 7.896650369732449715e-01
7.323882783937932794e-01 2.973698113152537514e-01
3.878192168311979660e-01 3.291624061786326827e-01
7.435650903581402238e-01 3.824424152371689867e-01
2.558204793234309382e-01 4.860781674069065139e-01
6.840507300559823811e-01 7.934318433080478350e-01
8.151227519178599890e-01 2.386645471860337486e-01
6.034089036428272879e-01 5.917221842193859382e-01
6.544062249393398645e-01 4.750844759597637190e-01
7.209212819491772617e-01 2.310608873934723029e-01
6.096882492795017150e-01 4.095608883784458976e-01
6.969901507232799664e-01 3.147641524843088900e-01
5.905010814981023204e-01 6.554317788736561123e-01
4.275616681186207857e-01 3.597383931721284123e-01
3.785617594177125289e-01 4.548870708433109256e-01
4.160353167270277597e-01 7.187241001002555585e-01
5.068324097562197927e-01 3.578601936599234423e-01
3.346835932498593014e-01 6.373230600074444308e-01
3.623968450823200627e-01 1.134441013578323110e-01
2.694934786871510668e-01 5.096969621802559525e-01
7.552004339816537071e-01 1.881020936184924497e-01
6.999078620378610394e-01 1.841696188924754618e-01
4.028209763597201398e-01 4.673168081793896977e-01
5.404750093480381601e-01 5.821773382511827855e-01
5.684766389919304608e-01 9.217033764154750619e-01
3.606262105588588507e-01 2.581889808678001774e-01
6.723807519367945851e-01 3.025481429690688451e-01
3.072898478825129009e-01 4.630693278792399892e-01
2.933944296684268815e-01 1.530585294159143572e-01
4.911689703101789206e-01 1.961384783483931249e-01
6.243612385741846849e-01 3.480640092871236657e-01
7.445237460529998685e-01 3.874333408821178937e-01
3.441110100049197817e-01 8.191303056279954087e-02
2.834179923945404633e-01 4.883998257676241961e-01
5.941767646039221029e-01 1.508724758236271446e-01
5.244730176129915877e-01 7.519628923844043911e-01
3.035441743039533069e-01 5.431754129038418588e-02
5.318615707953018301e-01 2.576680758298658391e-01
2.057679409663440984e-01 4.735085791391704380e-01
4.582263759825648264e-01 1.980575977838293644e-01
7.780976829053314336e-01 1.781738262605527812e-01
7.869469460901086233e-01 2.100585588708178131e-01
4.689410040671845303e-01 1.222840556632028702e-01
3.462763104424111393e-01 5.071925933838248302e-01
6.539279421783367185e-01 2.715794829131515931e-01
5.699638463937479749e-01 8.550279656108512594e-01
5.724808836071270113e-01 8.676419832274376853e-01
5.165666292238972890e-01 4.772061721926689759e-01
6.868411575914804557e-01 7.792146474122652045e-01
6.449507508915790499e-01 2.285350168055966247e-01
4.120987701956821403e-01 2.321190260398671434e-01
6.891532065414001096e-01 1.981259516075418170e-01
3.368345892172736611e-01 2.816921100081212770e-01
4.782720774701280098e-01 3.734250261594665998e-01
3.956401695705257238e-01 4.912482479139117508e-01
5.928716226772861031e-01 2.472006693687987533e-01
5.043545801274599283e-01 7.808886771373227953e-01
3.092525347250704715e-01 1.453706007105719511e-01
7.284371345525486596e-01 5.015870217083638893e-01
6.581322314418459607e-01 2.547789494599982385e-01
7.198425990210571834e-01 2.342969376074293397e-01
7.362492113722158837e-01 3.813747338656355290e-01
5.591523501662970519e-01 7.424870950794391078e-01
6.635244330116353284e-01 2.673487183111505350e-01
4.055685604312281867e-01 3.344093812971041801e-01
6.379948440565992307e-01 9.544313656154683745e-01
3.626077087187632997e-01 4.823892469569621699e-01
4.922273027002055934e-01 6.656507509786785404e-01
3.949229389915689947e-01 6.878258135963144504e-01
5.625220329856648327e-01 5.598037481646440661e-01
5.997041756456821249e-01 6.292822507214983485e-01
2.085565651715257374e-01 3.694638727312358206e-01
5.608968245623251470e-01 8.548458725842945638e-01
6.417569223000283429e-01 5.386528128263106119e-01
3.679751646391709041e-01 2.219964616406178148e-01
3.980911351953702604e-01 3.741613585216929661e-01
7.717551739502578334e-01 5.429379118423814932e-01
2.667933183399581187e-01 1.893300705999236833e-01
4.180756480659290619e-01 4.727103533320580198e-01
2.482933461757821370e-01 1.834075732652760971e-01
5.736153343090174550e-01 2.061489719877065419e-01
3.416715661091820344e-01 3.260629857223520389e-01
3.833584731274191637e-01 2.871853062684098234e-01
5.663743530597123987e-01 4.624275643261426261e-01
4.858502836713957107e-01 1.946531478686882310e-01
6.008955150769154097e-01 4.677055025364263430e-01
2.924831993963004639e-01 2.713680143700838432e-01
2.798097526712593486e-01 4.305112447048736746e-01
3.357044858584245506e-01 4.489940895517073871e-01
3.173676343666546606e-01 3.065724032792360720e-01
4.980609535567793733e-01 4.533517191235368338e-01
3.545764846693141847e-01 2.320741265420230015e-01
2.766900522268495588e-01 5.310168609915852933e-01
5.222777034668599772e-01 3.402332846618275064e-01
4.325961557262616441e-01 4.519847101155913816e-01
5.673337393561936892e-01 9.251083130246730013e-01
2.893931870776659809e-01 4.463338465127392185e-01
5.754574908723170124e-01 7.706504208245775756e-01
5.498144948408375532e-01 4.033958995564194683e-01
4.650205850477334701e-01 3.575052363799940403e-01
2.485665322120299003e-01 3.682773619359646644e-01
6.500581932953034547e-01 5.148010317541167336e-01
2.215788987308092706e-01 2.972487066682159007e-01
7.051474301116793519e-01 5.316148438924601649e-01
7.622694935359169977e-01 4.544429515423791810e-01
2.454049812156547383e-01 5.054872276127243547e-01
2.262217538430071340e-01 2.841887510601469047e-01
7.125753168952775329e-01 3.210757925365038679e-01
7.036795953355540201e-01 5.787004999239084846e-01
5.144970229652385818e-01 5.199480435745262863e-01
6.205060200070526832e-01 4.193461655965566859e-01
5.555870229200825516e-01 2.309586701015302890e-01
6.220691729559517658e-01 2.275355174894761467e-01
5.574159483615525046e-01 9.221285936737975142e-01
2.712319621355476218e-01 6.222304732558113782e-01
2.972108936234206800e-01 1.548437699636324161e-01
7.690601570270036991e-01 4.293433020640751163e-01
7.724344407352252695e-01 3.370505811187859413e-01
5.008594366992499269e-01 7.736641497259921785e-01
5.236727488837078504e-01 4.989356495507673017e-01
2.712971887000259485e-01 4.630379351644472452e-01
4.453052367624356633e-01 1.893634221566362630e-01
2.265217908843270289e-01 4.666374356696117998e-01
5.229721133782027076e-01 3.287334917972637438e-01
6.391440518030609974e-01 8.641498771285704983e-01
6.685351360670115373e-01 7.547719891331504671e-01
5.630237203683023939e-01 6.003392147761659192e-01
4.376794906036728383e-01 3.818749283373715775e-01
5.335907979059045791e-01 3.818633947469292633e-01
4.059538482083854816e-01 7.144718916008737652e-01
5.281767297221909852e-01 3.047134261461661442e-01
4.777716761353648645e-01 8.288452045548863056e-01
5.437813701904408159e-01 7.832361928478492885e-01
7.314034806943647826e-01 5.448252543501284073e-01
6.570500530653623494e-01 9.326284517308605082e-01
7.542367210830495106e-01 6.427754969654969619e-01
2.001865862058768708e-01 3.394117619252672857e-01
2.402635075931362496e-01 4.927675825271905508e-01
5.905116722394170292e-01 1.779063617946742004e-01
6.118293632161506679e-01 9.317941021996968276e-01
5.353921641920603713e-01 4.943623306182505783e-01
4.568050510932140096e-01 3.690754761423442609e-01
2.167344411891862777e-01 3.450691644893395527e-01
3.578808300082929050e-01 4.060129138914999603e-01
6.241814761400502620e-01 7.737296930027066644e-01
7.384246488876851089e-01 4.380612943695215700e-01
4.129050638547356322e-01 3.091085936304062143e-01
3.000034623799041622e-01 6.249696834933250456e-01
4.956566618248914313e-01 8.350972238494336342e-01
5.770817605230598168e-01 7.085735609771587340e-01
4.807226371478160454e-01 6.588993489257042313e-01
4.027252864251528175e-01 4.809615962180852633e-01
4.610471117089418591e-01 3.451359566019687186e-01
5.720808487125892405e-01 3.489194877618007062e-01
6.533052605276190583e-01 4.667350793099969142e-01
2.622945169457298054e-01 1.707337086275317606e-01
3.477404173725078818e-01 3.508896637799666096e-01
4.740836621288151420e-01 3.963834738713767347e-01
4.303804995426817048e-01 2.762794360973539476e-01
6.062818417323475595e-01 2.788786351952296516e-01
5.529617408444316151e-01 1.625155059083850106e-01
3.965900298213597686e-01 1.465644825875235258e-01
3.553264570926358279e-01 9.495065784765058248e-02
6.375161756835592275e-01 7.910417234229063510e-01
7.526158282620409867e-01 3.827250920366199183e-01
7.908732036916934494e-01 3.038032829104361232e-01
4.847720346594477370e-01 2.221617161138110808e-01
6.655972159395610044e-01 7.320179485417582788e-01
6.862544169622762924e-01 1.623740044328467746e-01
6.380625295399565688e-01 3.707713056242428751e-01
7.087355492292300996e-01 3.678184334139995015e-01
6.967382321484170138e-01 7.445124015533512996e-01
5.586162344140973568e-01 1.230659136424771954e-01
3.572658265559049418e-01 6.474901899316113374e-01
5.537585439037439050e-01 5.091915111489779822e-01
7.674988572981941148e-01 3.835801711056683327e-01
4.517051076398119758e-01 3.699922757136926421e-01
3.909846835893678318e-01 3.411782977856185894e-01
6.496031248812723646e-01 7.731572224563001416e-01
7.234436371737921201e-01 5.548612348777697267e-01
2.332866572361171342e-01 5.417796035410264999e-01
5.934911081480845896e-01 1.892103204236249558e-01
3.687891123065745180e-01 6.629406247926885598e-01
6.144558072303312191e-01 3.806170080974630165e-01
5.520355726492940374e-01 2.369834113729413216e-01
5.137342853755224592e-01 2.708953543035276801e-01
7.274104211371166251e-01 1.857372913915750767e-01
3.027444725015192573e-01 2.467798986894482183e-01
6.910770796351537459e-01 6.161381150711103816e-01
3.255831376234615826e-01 4.328716919484396630e-01
5.660670090166104451e-01 5.070920705430345121e-01
3.342308108820657986e-01 6.097415170730364764e-01
6.404749253987983559e-01 5.961983574993569013e-01
6.489776924927661561e-01 9.255661617600700053e-01
3.355912826355127998e-01 4.333881994812774918e-01
7.437036033450113992e-01 2.179701421847006493e-01
2.873908178762460963e-01 4.730856130928847714e-01
7.762211688738167581e-01 2.582570960639209989e-01
6.410237033708391374e-01 5.793589295226415636e-01
4.218489973129856407e-01 6.284452686204181626e-01
4.039633276404113738e-01 2.411166794195793717e-01
4.257792476002436599e-01 6.412100462498512288e-01
3.243115205740726981e-01 4.775217631521601058e-01
6.756193956693150593e-01 6.917283549064686676e-01
5.152247116411138306e-01 5.625235011878346736e-01
4.284097879058774705e-01 7.546605039142134652e-01
6.782938822781680033e-01 4.012432002225708172e-01
6.206213432806657604e-01 1.620694393762579510e-01
7.903199877492654846e-01 4.458751079898625735e-01
5.056654429056234301e-01 5.086317033551992495e-01
2.582082737128695293e-01 3.366892746530354419e-01
7.836522957038969395e-01 3.057778404491400814e-01
2.204708011661159206e-01 1.751276177639083109e-01
4.778985160839438473e-01 7.824001119510254343e-01
8.145918299161359899e-01 4.776696370580644224e-01
2.369530183654619815e-01 2.208332960998957428e-01
5.949985982786397676e-01 3.578492621297238996e-01
2.500892189333546733e-01 2.113303865113768387e-01
7.972948311757102058e-01 4.212840938429213700e-01
4.066517365385107219e-01 6.656023487785378556e-01
7.036214720935398681e-01 7.467856087925370812e-01
7.528068640655589672e-01 4.335811962720093060e-01
7.828481730224506885e-01 5.002031358641165770e-01
3.679621879254642569e-01 1.745758305942470279e-01
6.520821745708231809e-01 6.781528950911570597e-01
6.508406223459552997e-01 5.748167777208680329e-01
2.500051702947263532e-01 3.775842112635058867e-01
5.601390502756580236e-01 3.128443304784586099e-01
2.842260390167627992e-01 2.405635330817979256e-01
7.942060024408392760e-01 1.931014108046629485e-01
7.554583798528110572e-01 2.123803596202403776e-01
5.186817281781209710e-01 5.075276455198353132e-01
8.134088829643455476e-01 2.310973096287454176e-01
4.045549236356793532e-01 6.485970392354716285e-01
6.798116815455554907e-01 1.961743494292126355e-01
6.373914202561667963e-01 6.786779537649610949e-01
4.776255663314019073e-01 8.372257281110661031e-01
5.799662529135691802e-01 4.209256959346284743e-01
2.698112677457996100e-01 4.590589447809681478e-01
3.505970527152974525e-01 5.873284719884326321e-01
2.822681079407087235e-01 5.797802582018959372e-01
5.595868325090501694e-01 4.187316745322075540e-01
4.090298066614795891e-01 1.086486553216714918e-01
7.657911289723746684e-01 3.556213480163082363e-01
5.089119324541996336e-01 4.358669080760411152e-01
3.747326050904009054e-01 8.777029984846171362e-02
5.375947540960858140e-01 8.170807847501143639e-01
7.623603969849371831e-01 3.944128475314190307e-01
7.949805998653833861e-01 4.188855538827480074e-01
4.964629828332790540e-01 3.947527378477391213e-01
3.847158476577257624e-01 4.239131395833659610e-01
4.105391898776244997e-01 3.935820425682295953e-01
4.984613160406086707e-01 3.247726064325651141e-01
5.812297642892856331e-01 3.113067780306611465e-01
4.227879407691239599e-01 6.341489999587962556e-01
4.453401554570093346e-01 6.522413603600846210e-01
5.225596854992176077e-01 2.644393794738465475e-01
5.231344495389200766e-01 4.561764883829998452e-01
7.223854095087977045e-01 6.103054272535614055e-01
2.544024714350144323e-01 2.426632770724485300e-01
5.950331056020154996e-01 5.077538666945138335e-01
6.263058025944718832e-01 9.157098088856810980e-01
3.255280334945557241e-01 1.880275271187085706e-01
2.199362651054996287e-01 3.215840993193092023e-01
5.682773957092321915e-01 4.409917682950061923e-01
7.340345335716799147e-01 3.852344735615811366e-01
4.464687103340650998e-01 6.132209703475542950e-01
4.219235506918436185e-01 7.210416632239511348e-01
3.325555302905271460e-01 6.469984334167588891e-02
5.081863809276649935e-01 8.635591316668572714e-01
6.197189541319385597e-01 5.766753683442396028e-01
6.612674383526274680e-01 2.478126644847798432e-01
3.108408711969102289e-01 6.178718255170937423e-01
5.057001331623508511e-01 8.455280202223069974e-01
7.937526977905882131e-01 4.559291358666509031e-01
4.608302728573590024e-01 1.935111968891730927e-01
3.877288150978298598e-01 3.660718075790299064e-01
3.997207412802042947e-01 6.409386996321506658e-01
6.163865660725326157e-01 8.988651007999296505e-01
6.496390873159769708e-01 1.882072865101730441e-01
2.405809438442702008e-01 4.740136597170102606e-01
7.093386637244570858e-01 7.040097788151041813e-01
4.557941096665505398e-01 4.423397010737042390e-01
6.083569734191781597e-01 7.982073084977900912e-01
2.567450335868313172e-01 2.467037734628717005e-01
7.693900616245061830e-01 2.606903359173061707e-01
4.070978662512954593e-01 6.855204270675656630e-01
7.367800505498977026e-01 4.052479273393396197e-01
8.134511550588250373e-01 3.007268864211546378e-01
2.403533250747211247e-01 3.236225771240158755e-01
7.888638698984381525e-01 3.622267161284253301e-01
3.302401203114390671e-01 6.105331948579218598e-02
3.014645502966356583e-01 1.062375943406266704e-01
7.989576141186757186e-01 5.180348979478400784e-01
5.468461607831709426e-01 6.297227878312248173e-01
6.903337319554276874e-01 7.425145231305392279e-01
6.844456983932659666e-01 8.477937443238463544e-01
7.887023030985985672e-01 4.434428831638052571e-01
2.962903949949581839e-01 1.430130914218366023e-01
4.515523738234127338e-01 3.876586643313642000e-01
2.703540790688957474e-01 2.368984792574620191e-01
5.417260529293133064e-01 3.088439085527431849e-01
5.305529788212403064e-01 3.760984275228658191e-01
7.792853026451348475e-01 2.183358576826731068e-01
5.696262161796299406e-01 8.049438484761615165e-01
3.707495797595887210e-01 1.688400732911557456e-01
6.005833973977453555e-01 2.849853603575531191e-01
3.200060422539548477e-01 5.324851538398073236e-01
6.378603797410757892e-01 6.755425349057967432e-01
4.378023639140445344e-01 3.694838520350248734e-01
4.804423338743473160e-01 7.185282330313201848e-01
6.139257501793324856e-01 2.702306355406399185e-01
5.550938141612957732e-01 5.393411928060121152e-01
5.787714074339754822e-01 1.355888377477312001e-01
2.916449027741521705e-01 6.374850003415493127e-01
3.783040983141021107e-01 5.916510375816248085e-02
2.983585292239707698e-01 3.803804350775830123e-01
4.215789261697757140e-01 7.421381436018007483e-01
6.396050926620526766e-01 2.159220802217105273e-01
5.628921798388643039e-01 6.530849018920008575e-01
3.596807791465053139e-01 4.057043148681520606e-01
5.678860515861695601e-01 5.268148970210969617e-01
4.234068497803286646e-01 4.975120711532742268e-01
6.344334347374542826e-01 6.526647185063365608e-01
5.467426906579307966e-01 7.187525056654950895e-01
4.805926056830153725e-01 1.813794772976208280e-01
5.351106874913718059e-01 3.665393169202961765e-01
6.412870204312702826e-01 9.613674548903047290e-01
4.600018213254473132e-01 7.415588996758681883e-01
7.394679355651893049e-01 5.631377281249194677e-01
3.912589092554077941e-01 6.678235005740739139e-01
6.932798106115878323e-01 2.107947261590477628e-01
3.584747412613684681e-01 5.462951458042515362e-01
4.314530271066665534e-01 5.449815373237091309e-01
3.690332196124452846e-01 6.053380565369784749e-01
3.378925775001394016e-01 5.541386080779215906e-01
6.414063314207022470e-01 3.453801918396840476e-01
6.834458837825834188e-01 7.801316410619354436e-01
6.620860033127384803e-01 3.167732798063864763e-01
7.640048819366769273e-01 2.403855952804126450e-01
3.238994557208240144e-01 4.288031149937866493e-01
4.024014205088322083e-01 6.419724240615407584e-01
3.892650790484309953e-01 6.513920900984676576e-01
4.602439724010297106e-01 1.654265631015586768e-01
5.244044232497333535e-01 1.621255317289594378e-01
2.225442545701598052e-01 5.179691886378621213e-01
7.152214579709327280e-01 3.216903355231268691e-01
8.126167448069070431e-01 3.171418846478820108e-01
5.639230229583225285e-01 6.164798323033744420e-01
2.556154634454061991e-01 5.699560427764137627e-01
6.628297688459993120e-01 6.350240770128419143e-01
6.220489362971519665e-01 6.561274580284623958e-01
5.090712208079610779e-01 6.273342516143092240e-01
5.559693514192192154e-01 8.809520792829531599e-01
3.484878673171166730e-01 5.855267482265732459e-01
3.470481569150989376e-01 2.044218660919933650e-01
2.357508414388493900e-01 1.822816142950524909e-01
4.773772817004613978e-01 3.382478855219146485e-01
6.821544595164339420e-01 3.430991801596232627e-01
7.771613667606281917e-01 4.793560315703252472e-01
5.610950499425093607e-01 6.928896471266406953e-01
5.672177764529378052e-01 6.025148993513201878e-01
4.136525628356664264e-01 7.176299623789136328e-01
2.976282635332727633e-01 1.880218547492924774e-01
3.332585969166095841e-01 5.593083529168690893e-01
3.520426340187514658e-01 5.317674364907384321e-01
7.607952455976361161e-01 6.101921263029631559e-01
3.976581710858848040e-01 4.058173352370959552e-01
8.073878943052424928e-01 4.694041657206986518e-01
3.966560947258055969e-01 4.234920926241536598e-01
6.807474444695759130e-01 5.073061317728372321e-01
6.903655662011212168e-01 7.859705701425760971e-01
2.849490050655149043e-01 2.757089875649575972e-01
3.655343216475536727e-01 4.075845782417906182e-01
6.799482378757971679e-01 5.747589520122713402e-01
6.358016243468219697e-01 8.992055042834337097e-01
4.387445820283429887e-01 6.325455848988953411e-01
7.031162090721722047e-01 4.969438991204945810e-01
4.596614457950456423e-01 6.191053403115832632e-01
5.527034466058975415e-01 1.355083556181416737e-01
6.250162538017546288e-01 5.129766750405019282e-01
5.454035404802233256e-01 4.146179854639113205e-01
3.893604072225689827e-01 1.982995186225034456e-01
5.932318910467537787e-01 5.821974014805939568e-01
3.270683982833856307e-01 4.178456664181160463e-01
5.255824428543369731e-01 1.441967827782305589e-01
5.451313742970033127e-01 8.101280988277737016e-01
5.561510921916997807e-01 8.978159066801016941e-01
5.274777422393193138e-01 7.748290559036388192e-01
3.619381840493917646e-01 5.978079766359605252e-01
7.013913942680760627e-01 7.776723908712535049e-01
3.776200281786027402e-01 4.730963351465729549e-01
5.923726724066925575e-01 4.209196459154101455e-01
6.482331425029635996e-01 1.836407316140722390e-01
3.135575764213788252e-01 1.509007812878112031e-01
3.077318605803383011e-01 6.172195111123118805e-01
4.758053199275349421e-01 8.298564832144279535e-01
4.552319887261825349e-01 1.592487672905832097e-01
5.378254637552649653e-01 4.316228250999434302e-01
5.593281696766994049e-01 1.178116130594547423e-01
5.110380081940577579e-01 6.037533661692576770e-01
3.075341031733244135e-01 4.234992773073218419e-01
3.775508542158384495e-01 5.110041704809764607e-01
6.348505468718993461e-01 2.066251754197070689e-01
3.811132073362687445e-01 7.392403896920576312e-01
4.434213886755679068e-01 7.382698810889203322e-01
5.768765373461383072e-01 3.360820138993263484e-01
6.373722263951533407e-01 4.334881732137210175e-01
2.918182145738020261e-01 1.658989048613548345e-01
4.750645837814849171e-01 1.086848667582641648e-01
6.642844378797339022e-01 5.279717439230309228e-01
7.156391678471809570e-01 6.830022884190800614e-01
5.803170739925492816e-01 5.651828334219258787e-01
7.560486119330510624e-01 4.974211262612344697e-01
7.001212303066777221e-01 7.940775413738366817e-01
6.533319437065686630e-01 8.751475840133887685e-01
2.991246268782509765e-01 5.388363562530400497e-01
4.387215109808733637e-01 4.224812443581680288e-01
5.963068571948422214e-01 9.360350984124834461e-01
6.042946922203041860e-01 4.333124987582086529e-01
2.641152653403509021e-01 1.115189750189629903e-01
4.961146085691994778e-01 2.578101318917315754e-01
4.490663391071509913e-01 2.268832250424850927e-01
3.518306353306591694e-01 5.748156500190237939e-01
6.406542552555607450e-01 6.592485336950359986e-01
6.646429336145212030e-01 3.546357890072834307e-01
5.964034875799963942e-01 2.969292834902002576e-01
6.680212991299814274e-01 7.213013073952248000e-01
6.109025158233236663e-01 5.230252154953378696e-01
4.493760890226192184e-01 3.263922434976553877e-01
4.691683434694138843e-01 3.595768418160774638e-01
6.245768105416342753e-01 2.988644880143447868e-01
5.969621180706459196e-01 2.872122030285839678e-01
3.728050948011226717e-01 3.787746747945283099e-01
3.390019288707979417e-01 5.168326447126052603e-01
6.806093726095288066e-01 2.612350338494827118e-01
6.165126868084225276e-01 7.598130401459438632e-01
6.493113045737257671e-01 5.514472805867380867e-01
2.758065026774491058e-01 2.514112806936573685e-01
6.540166408580703195e-01 7.741748676179693867e-01
6.516048705609263081e-01 5.021103334254657380e-01
4.879717224458598457e-01 6.464730879053239843e-01
5.299496262469881591e-01 1.832253698102594142e-01
4.590951070005906409e-01 4.649260317545997889e-01
5.261497746786352181e-01 4.745958113715519344e-01
5.365693975474448152e-01 1.750892175340486023e-01
4.811592607787402720e-01 7.100737179181535463e-01
6.465914526467810841e-01 8.873747321951890310e-01
7.882670888794193198e-01 2.121559657755719419e-01
2.787082230638890934e-01 5.945564131592973034e-01
7.142509155067668924e-01 7.101234248797263504e-01
3.240681098296717688e-01 2.662406264761195684e-01
4.340665434900164432e-01 4.044919495235442253e-01
5.266633346916398395e-01 7.571703988405915631e-01
3.586394746855417481e-01 5.887390260757312532e-01
7.307873016769007579e-01 1.739236752949729070e-01
3.476148182548871590e-01 1.876998150010913968e-01
7.671640643471056009e-01 2.370433883263846631e-01
2.433621068561768741e-01 7.535985033086878282e-02
3.947933007411053574e-01 6.695477504534730340e-01
6.732411934065445358e-01 5.130784025730785736e-01
5.046045578246765029e-01 6.768835357806494146e-01
5.353913399250308514e-01 4.621924200513360392e-01
4.724070292561532991e-01 6.631635755308413760e-01
6.466826171835480253e-01 8.694824520002674140e-01
5.020548176478992763e-01 4.813891445279080417e-01
5.853631554894730415e-01 9.275762945956353978e-01
4.506433122481744991e-01 7.324972518804094834e-01
6.900871429927104561e-01 6.456396103660281272e-01
5.352175727285647389e-01 4.617604611821216065e-01
5.329795998892726816e-01 8.696413325090339708e-01
3.072127431205845527e-01 2.355365361472903651e-01
6.739961810051845470e-01 4.832353395300658661e-01
7.641362916101435143e-01 3.075468633337541946e-01
7.559038362663234034e-01 5.146975846219482564e-01
5.316488201842164418e-01 2.272165987589387093e-01
6.923769433377330307e-01 1.521631503374668570e-01
2.925284384562714113e-01 3.725619157354570499e-01
3.030872821832452102e-01 5.272470495665173562e-01
5.269491532088805830e-01 8.501200438274586491e-01
6.006816227543292364e-01 4.714205804829417756e-01
6.620387578215513047e-01 8.006897313502554514e-01
5.997835191555080936e-01 7.991937548008758441e-01
6.555858886164163124e-01 8.986347591363195164e-01
4.401892482607753787e-01 7.380196975271865467e-01
7.578290091417081431e-01 5.003736305954114005e-01
6.726335434324723916e-01 3.955258136821838688e-01
3.833228514114457308e-01 5.311745446828223249e-01
7.897292146885295239e-01 2.851635926529974552e-01
5.242115280619049633e-01 2.612962806742223920e-01
6.974529423449100651e-01 1.903523653262075011e-01
3.048535539969568497e-01 4.004161538668482567e-01
6.025508530149672470e-01 3.806389856697035001e-01
5.553758718972170438e-01 7.026743506373847037e-01
3.069012185328752196e-01 2.559044200226439636e-01
8.037381832739243226e-01 4.665157515553590706e-01
2.282886406031391924e-01 2.472537336109852935e-01
4.790718460674472379e-01 4.192884118130421611e-01
3.192291660102035133e-01 5.686673633155001628e-01
7.070118414460587752e-01 3.221837147490889119e-01
2.335114549478851109e-01 3.375920421422895501e-01
