6.074730576426827788e-01 6.958016142754155364e-01
5.544389929061621647e-01 3.780735624437674414e-01
1.390318519676619069e-01 6.429416207704571340e-01
3.160658304344539093e-01 7.963454702332271040e-01
7.317648844425274079e-01 1.724910646275245596e-01
4.270074898266411068e-01 8.721494638538878075e-01
1.690606088010089270e-01 8.207674190418394744e-01
1.734508559991271848e-01 8.035961847610486597e-01
4.887303505793511027e-01 6.674599802359848510e-01
6.047168336944086509e-01 5.959101669173259008e-01
7.609548346811456643e-01 3.882902053693496058e-01
2.953834998599974004e-01 6.258315190020056207e-01
7.139204153243613460e-01 2.358195635662146128e-01
1.607193500158047850e-01 6.487690617899003476e-01
3.357675725280942491e-01 8.308814914402723462e-01
4.483916890573313441e-01 8.395523421732069558e-01
7.485434504188550608e-01 3.381600284761362984e-01
6.243661873529150474e-01 3.070770538178284603e-01
7.546213818531603001e-01 1.705550859958315790e-01
7.009301858599501500e-01 2.988571601116168930e-01
8.372789137171043894e-01 1.268039905532792055e-01
5.096154378960411346e-01 8.586607604250466874e-01
8.707858858125258061e-01 1.802847319890354960e-01
1.002922400954609494e-01 6.046265322596223735e-01
4.930651049089427307e-01 6.014754284771191006e-01
3.043217575369367989e-01 8.592011284159706275e-01
5.227254539030851133e-01 2.274929026597062864e-01
6.457453792827434480e-01 5.977687791989602095e-01
2.920551571705577998e-01 4.033504386119383112e-01
5.344814057577338406e-01 8.475300243939406508e-01
4.525148512493905595e-01 4.022656977707720349e-01
2.174708302517389669e-01 7.663203351142846564e-01
2.387076065362639943e-01 6.406488891347259518e-01
7.603778407197328004e-01 4.294298155315397492e-01
2.970940945539906064e-01 6.311699881649086574e-01
4.385040656160318351e-01 3.966975544643469576e-01
8.885298896529936208e-01 1.479747200170461463e-01
4.444231485021365446e-01 7.165335415823242959e-01
7.335945902314051636e-01 4.669602763760545838e-01
3.932945827792007076e-01 3.249623645253441051e-01
6.196825244915711295e-01 1.802225508228131323e-01
3.357675154296771991e-01 4.479001958210883649e-01
6.351747280391407680e-01 2.597164758209755120e-01
2.263793209761664482e-01 4.166248538797336920e-01
4.651032616927761043e-01 3.446769793778925450e-01
5.299300986617347942e-01 8.812046893461061847e-01
6.719878314999511160e-01 5.390021627583044816e-01
3.580017365103408400e-01 5.719820142316832667e-01
5.273224487536934957e-01 8.702430539804826282e-01
2.163622334654038692e-01 4.684913321967909550e-01
3.175549039411201813e-01 8.826560578838769100e-01
5.891792913716450419e-01 6.062208921431386788e-01
4.507830731873591623e-01 8.577219897556133121e-01
4.116843985120398619e-01 3.220122566087161853e-01
6.002185817679909219e-01 3.589657699638293398e-01
3.325511225559603101e-01 5.860109380347402475e-01
4.424188026608443791e-01 7.887268345988123208e-01
4.796760387041034690e-01 6.615699648426711654e-01
6.918186423800102292e-01 2.041843603675155272e-01
6.335394901998178119e-01 3.791886466638785813e-01
6.210786493968146749e-01 3.219984636717269644e-01
2.751925592992331415e-01 7.710425893802193009e-01
3.803376873365843513e-01 5.596780696868318694e-01
4.360053542284840766e-01 3.943261129125200659e-01
5.997868182328403019e-01 6.512493358926720877e-01
4.393595286791444066e-01 4.327895368156217670e-01
7.645692243071511296e-01 1.271153727864109406e-01
5.366653980264539658e-01 2.214090281268544513e-01
4.658852438958518416e-01 4.700723587321463115e-01
1.665623278156277975e-01 7.941765839253085435e-01
3.450709244341436666e-01 3.831406513346649056e-01
3.274129610637162568e-01 7.986826937183121311e-01
5.505167595332228769e-01 7.946258049374635979e-01
5.206601692335236509e-01 4.703236061410456248e-01
4.864042149428073336e-01 8.468129112205409204e-01
5.782957548197111830e-01 5.144372324685443365e-01
8.699910005075963682e-01 1.678185364069232910e-01
1.878244982438667388e-01 7.549234685715282556e-01
6.559061495161533362e-01 2.731861492274022529e-01
3.763677502251570051e-01 5.082275298720189127e-01
4.099768104397741864e-01 6.194412372143129897e-01
6.164224659540726847e-01 2.713905225698613477e-01
2.112564352545687196e-01 8.429827181692892690e-01
3.453088981927260881e-01 7.756172498648816749e-01
5.261271094700099571e-01 7.245392766146550034e-01
3.014237314362336884e-01 5.049858522560614071e-01
6.812789117992807952e-01 4.844646558826044003e-01
6.174287819932978705e-01 2.441100151743120783e-01
6.461526602470459846e-01 4.778751962068701897e-01
4.226011771778211967e-01 7.179176231651491769e-01
2.197791417958543936e-01 8.528934282135305356e-01
8.168171431354366296e-01 1.574927739777574609e-01
2.025793456214202426e-01 5.755935174781210417e-01
4.771244282885780952e-01 6.533613570502529999e-01
1.768184451228504983e-01 5.055167325026849179e-01
8.309170310222582234e-01 3.017767103038272447e-01
4.125465716166982211e-01 5.354547607589507097e-01
3.018340816501952073e-01 6.444673823992133066e-01
7.662214821210399096e-01 3.058002704367154823e-01
6.024633904781809823e-01 5.280881965007159229e-01
1.047686333276265092e-01 7.193377964180849293e-01
1.484249064852146693e-01 6.615975608329289770e-01
6.330462114755900371e-01 6.396714775344912729e-01
2.018087595016969382e-01 8.018149228596391787e-01
8.744887320690035715e-01 2.155606882903149391e-01
6.229165621086055760e-01 6.437194231996773430e-01
1.700857625180038357e-01 5.268334354516138740e-01
4.750347906580266177e-01 4.547180075677476063e-01
5.254025780684423719e-01 8.015105859494362495e-01
8.170973876864611185e-01 1.844682674472973016e-01
2.088742157630419372e-01 4.988912328635641269e-01
3.463315056851279938e-01 3.728619794885552619e-01
1.807669152454711714e-01 6.542780235660548005e-01
4.336021515144143912e-01 3.885226966544592653e-01
7.670672824386898236e-01 3.841229837812880632e-01
7.280587554030364394e-01 5.164659006466860713e-01
3.441997650254913221e-01 5.802437425532827042e-01
2.361316899044305917e-01 8.861335477749745504e-01
5.667891765901506007e-01 7.851918124397830878e-01
3.474117896834656438e-01 6.459512808333288669e-01
1.714237300679149478e-01 5.970674125495394335e-01
5.528644278041245919e-01 6.156036742746281432e-01
2.671693734680302135e-01 8.083246311526073313e-01
6.321399124348767717e-01 5.572250226389248162e-01
4.597098195987167624e-01 4.646798538382385102e-01
2.837084235838125967e-01 7.048267738446338804e-01
2.952870485567388181e-01 6.861819919164507953e-01
3.552173445516991768e-01 5.701564688565091688e-01
7.526098714319848781e-01 1.072583992873469005e-01
5.218130321012431905e-01 7.058836587479916380e-01
1.857762230675812365e-01 6.063784527026299109e-01
3.069901179945058178e-01 4.041920183250473086e-01
7.245066313322753304e-01 1.957325660322727923e-01
5.138395577770455969e-01 6.849205858950450088e-01
4.056926300642515471e-01 5.530304376678525369e-01
2.452893246629200275e-01 4.657963214065191093e-01
6.584128242944622400e-01 6.170267830970949108e-01
2.173774720382051773e-01 8.379686343176491192e-01
5.221622124241354079e-01 6.553519688874143156e-01
4.536653968543340465e-01 4.273057503357515219e-01
2.819016020302220760e-01 5.739046469497912639e-01
3.471797446950695143e-01 3.279257403816993044e-01
6.234410029072494641e-01 5.859278236106789661e-01
4.443410533561529818e-01 8.526144907630038849e-01
6.114419641131975114e-01 3.831183392282504485e-01
7.868749009718883913e-01 3.392561716369936198e-01
5.974983666933649795e-01 7.270493870144839610e-01
7.457449904469728441e-01 2.889724431500836910e-01
1.832270057395992136e-01 5.858030795722377615e-01
6.164641311621542608e-01 4.428757334700953452e-01
8.324734230137422752e-01 1.261710108425403432e-01
5.623231180100246585e-01 3.749689057513198032e-01
6.913051787793038638e-01 5.242323943511391082e-01
8.547565947756020632e-01 2.021922441190461828e-01
1.325390357027742549e-01 7.382333972299559566e-01
3.486483819809932383e-01 4.225773802484624753e-01
4.187842771901997274e-01 8.357959352177994905e-01
3.665400017886207840e-01 6.109066350080132324e-01
7.512594783975239388e-01 3.572298230117576523e-01
7.694187484580875536e-01 2.996616851599503972e-01
3.008269433539365045e-01 8.612483128174992508e-01
5.018267408858665402e-01 3.995944301909124530e-01
5.325350588514002892e-01 8.197975354610453902e-01
6.103733075586756929e-01 6.941003772320831766e-01
2.327916307688369657e-01 6.214004378086128710e-01
7.484088556932977365e-01 2.740985515123650629e-01
6.158478971023562121e-01 6.090115461232255001e-01
1.527953785242768536e-01 5.274859995801561841e-01
7.323644909359241506e-01 1.317274235917466618e-01
8.102841725484799529e-01 3.290168527328731218e-01
4.360615779347566390e-01 4.718914020225191130e-01
3.007055863817461594e-01 7.290564889623923905e-01
8.875877630246168382e-01 1.892223481531436491e-01
8.116152226007229409e-01 1.442011096280399474e-01
4.172526726753915671e-01 4.417086812410904173e-01
5.293009631651296454e-01 5.259845829709103304e-01
2.076680559551728200e-01 7.616995201675598182e-01
4.175623821823662429e-01 8.860597094685693786e-01
5.018787618138403905e-01 3.714490253052719071e-01
8.178705327519522061e-01 1.501273708475985291e-01
3.052440724790317916e-01 7.681754598448438109e-01
3.189799036874447213e-01 6.328142531751735911e-01
6.486835165974733641e-01 2.902379587787937143e-01
4.112270063860746783e-01 2.925698743121868950e-01
4.386025713449809293e-01 4.555163200849879912e-01
6.226871103753295333e-01 2.187210803149546856e-01
7.772156851969465041e-01 1.580260807267880319e-01
1.853651632461833787e-01 4.829846941072374333e-01
4.284431677962031726e-01 6.899514029260964687e-01
7.203619686697971813e-01 3.436962025691869260e-01
9.432991032122595154e-01 1.136854137565784795e-01
7.223108996357231470e-01 1.151211664877977436e-01
5.740686301058821606e-01 6.107632194969385697e-01
4.963316022483371670e-01 3.700294877007693772e-01
4.241872413901265348e-01 4.743893615417940079e-01
5.731952556247889019e-01 3.421872832349973637e-01
4.315196024229573935e-01 5.695107528447216350e-01
4.082108095363414235e-01 2.882832202198746807e-01
3.462490321979485586e-01 5.481491024591197414e-01
3.561113877411388184e-01 6.880893443240375662e-01
4.980670010602257225e-01 7.878809086339776391e-01
5.018587297229309963e-01 2.481874842409992898e-01
5.859981262614822883e-01 3.710278710822529913e-01
6.672260713844810898e-01 5.450916105448332383e-01
3.737032281136657974e-01 8.265236785865085478e-01
8.771150600509733941e-01 1.249059325420766448e-01
3.343449277781362361e-01 3.420501102066745847e-01
1.017495981255118337e-01 6.741206729796090924e-01
1.592576190480748111e-01 7.253673434757819116e-01
2.723500347352360573e-01 6.403838698530592843e-01
5.971154743145891119e-01 2.357211744311461521e-01
3.702383958191647340e-01 7.599447893597213177e-01
4.198367323422801389e-01 7.348253546732583796e-01
3.594943217052796736e-01 8.668834932281230810e-01
1.512985618529489040e-01 8.048868173381709124e-01
5.637771106836979573e-01 7.228191911143533321e-01
5.063176371322130054e-01 6.173333988206337608e-01
4.654309517378977801e-01 7.419190780982535260e-01
2.088818412211658204e-01 8.003778397273278999e-01
1.182892638408725994e-01 8.127264747826705715e-01
7.600267817186612263e-01 3.559815906128328544e-01
5.301130659077581964e-01 3.494088721759726068e-01
4.178144106383057110e-01 3.653803294774516375e-01
9.044489922222508360e-01 1.775604668273256803e-01
4.896292254848385594e-01 5.977597401918453013e-01
4.383564739736679483e-01 5.129230175979199169e-01
5.755869639316079089e-01 8.029524681356693394e-01
3.253485040901483716e-01 8.549205119276381826e-01
2.001533880064149951e-01 5.662250535628245984e-01
2.123519831983698980e-01 8.485649969205475429e-01
3.879001812660277659e-01 5.186116516787206976e-01
5.444896807114244508e-01 5.290831703653835483e-01
6.857298240230843556e-01 1.336141403088287327e-01
5.021555291293198220e-01 2.792481307496416654e-01
7.165071989225606508e-01 5.404794842557629764e-01
3.076844127373653537e-01 5.086094110013690273e-01
2.265052333316560640e-01 8.748290159645311093e-01
2.702655044970374010e-01 5.132753919051934455e-01
8.370543503992903256e-01 2.535382670456155507e-01
5.825714694958415985e-01 3.000787119426757688e-01
5.214761950946377178e-01 2.454087370390229672e-01
5.572066160220938702e-01 6.769293886018078465e-01
1.732050452133397367e-01 5.591407342165417571e-01
4.059278593963590032e-01 6.112253873336270793e-01
7.053354769082903486e-01 2.101564545958718722e-01
7.637254346544737338e-01 2.945608287808359482e-01
6.881325990654485469e-01 4.567917197544832941e-01
4.452317730729641321e-01 5.459240049825182517e-01
6.233709418449184803e-01 2.184895459691117148e-01
5.205181523741424510e-01 5.643940224415577855e-01
8.895141609120307269e-01 1.344627756047089007e-01
3.018207269500428058e-01 7.965242654630896313e-01
4.704689071803986322e-01 4.508295590345343662e-01
6.296011163244261688e-01 6.215903969670951712e-01
1.834249143176156505e-01 8.592470870122506099e-01
2.109488029340566562e-01 6.938475290978254328e-01
4.190353270696959842e-01 7.521716094426839083e-01
4.442203229458683289e-01 3.096111418565838935e-01
4.770786936459301963e-01 3.333594754651272862e-01
5.999880160860296963e-01 6.419639970233067539e-01
4.300018527688370118e-01 5.510165238786648434e-01
5.087690923387028219e-01 8.255718086604122430e-01
5.589713264563894723e-01 7.902886799072267321e-01
4.205071568551955741e-01 7.586197852415534904e-01
3.869197887392500368e-01 4.490042423274070993e-01
8.806382687773438578e-01 1.455972814563974149e-01
5.401946049489687596e-01 6.848923905471574480e-01
3.517328449935643309e-01 8.405171730085407855e-01
4.690720054168009967e-01 4.329995342683404802e-01
2.014805819803168474e-01 6.266507177089239988e-01
5.749196851150363274e-01 4.191322150006273617e-01
6.471333714401747983e-01 4.503826542243015707e-01
3.207854111129704866e-01 8.779366735566549451e-01
7.120448191710135877e-01 5.468054899186649553e-01
7.530237177542843385e-01 4.033543592145932832e-01
6.900598823801495918e-01 1.569904625656325659e-01
3.526939005437994545e-01 6.610126395245523589e-01
3.225779692061184756e-01 5.307683795896069867e-01
3.957848437517977325e-01 6.589879190935001851e-01
4.191462322984959021e-01 8.494774236807098866e-01
1.837074406651067193e-01 4.934228115395143388e-01
7.185859365203290938e-01 1.219737273860497240e-01
2.599527390707009333e-01 4.469570055853906432e-01
4.228649744971675339e-01 7.127181531743824738e-01
4.837517562952582395e-01 5.062867266307968794e-01
3.860899512672920086e-01 3.932245306795086881e-01
2.085648122437218366e-01 5.303014201255751292e-01
6.145597091147098068e-01 3.994705419769397081e-01
1.509594364687638912e-01 7.602354600260319284e-01
3.525369776594218241e-01 4.605814460836167301e-01
1.912697214464711137e-01 7.128149225291665614e-01
5.594978345858689917e-01 6.119375704260091586e-01
5.067450561627016015e-01 4.190790437303502647e-01
6.798538868127154133e-01 2.927204350413136758e-01
3.057721749241060771e-01 3.560928666173128754e-01
1.289801011489020710e-01 8.701269128874459247e-01
5.973746897874876449e-01 5.788543294946422169e-01
2.464296396152630131e-01 5.833846739399670689e-01
7.350157095576099753e-01 1.121465212815633133e-01
3.661564623294177312e-01 5.920114077232141447e-01
8.101304137641884839e-02 7.719670504474002160e-01
2.718356931561725087e-01 7.330234112158302562e-01
3.439335123139702910e-01 8.246518103204841799e-01
5.176425306019708517e-01 6.862332177496626162e-01
1.262549350840174445e-01 8.749495880852589114e-01
2.204060150734857004e-01 7.340290095221082556e-01
3.305486232705646676e-01 4.878249357804138597e-01
7.228785024189496866e-01 2.000655631097660037e-01
5.985696108303706353e-01 4.939608013645432893e-01
1.116162716607671246e-01 7.947538718287762149e-01
2.803554239153582817e-01 5.475814003889356574e-01
6.605959278233864973e-01 2.738948337831633717e-01
2.749930426075342105e-01 8.017028180466250209e-01
2.909549120718818438e-01 6.419885110373910742e-01
5.599787343411593010e-01 3.308457422307292117e-01
2.928076904625476207e-01 6.815899556529573244e-01
5.178349992128198354e-01 3.543850606702790840e-01
2.960151419934277661e-01 7.883656735167384744e-01
3.223426662906920814e-01 4.654929736262455320e-01
5.449939200494759994e-01 5.420501075312837980e-01
3.953207447654148998e-01 8.339168709889571707e-01
7.964006646968113667e-01 2.154915068872102768e-01
6.342513833665789358e-01 3.474027123505218362e-01
7.480420920695550757e-01 4.393083589183523485e-01
5.893790767936091246e-01 7.512283604232558032e-01
3.526338601295471720e-01 8.562881259175980642e-01
6.128984420427998625e-01 4.742773461966366955e-01
7.507447897466718034e-01 3.213349354952613202e-01
5.527579786953364938e-01 8.272969502473119796e-01
5.726282056533813503e-01 3.524395136050024191e-01
7.738761843901332815e-01 2.433491495681835703e-01
6.586334189031367581e-01 4.349255658401354752e-01
1.935673737566792341e-01 4.469899539040665393e-01
5.869003804773262889e-01 7.712904466570713602e-01
6.396563451523529231e-01 2.038024273960941102e-01
8.569588990054599620e-01 2.676556747484311050e-01
6.256530253318719481e-01 2.577628525739860121e-01
6.584015958729149132e-01 4.432410544698641708e-01
3.705494103581146170e-01 6.901037906266335176e-01
2.914390227256096200e-01 4.939646159529601510e-01
5.988607127432263866e-01 3.412793061011762941e-01
5.763645255920191168e-01 5.535500417975526277e-01
7.073450441961486312e-01 3.374047784711802778e-01
1.449096102519337181e-01 6.106516274148248158e-01
2.462578728366940362e-01 3.950054513269664613e-01
7.410742277567494707e-01 3.169746980982137141e-01
7.873519043891273883e-01 3.829578238538328683e-01
7.430903162726010258e-01 4.107673812708055316e-01
4.351520250320587424e-01 6.646183722928716842e-01
1.123206193329798763e-01 6.352932281317117402e-01
1.833126844429716629e-01 5.918276312169832298e-01
4.458882669320449743e-01 4.215132862796163726e-01
5.767396539310584158e-01 7.300101601514534799e-01
4.699684378578285471e-01 8.161742258549481432e-01
1.335339768497680046e-01 8.435133316696977746e-01
1.663069605837724507e-01 7.264901887453634188e-01
2.336626618264604216e-01 7.636771455571271794e-01
3.154635340986833292e-01 5.940657816038372729e-01
1.879440875290336599e-01 7.509199226757612422e-01
6.368071625930127322e-01 2.873867157603214872e-01
3.749318244906109099e-01 4.539606107684232006e-01
8.122826435929354494e-01 2.458711956434641022e-01
1.361502711049330516e-01 6.300742812420949690e-01
8.213808948880838012e-02 8.641262466555773569e-01
2.406614674074455673e-01 6.981819828530474448e-01
1.070570624925590297e-01 7.241562663301825964e-01
3.303983363212168456e-01 6.268366777886793528e-01
1.254970306719010997e-01 7.085603422352543257e-01
5.317713848204717042e-01 6.642496676648735887e-01
7.777306389016201971e-01 4.119727994343338473e-01
6.890042761940108340e-01 1.694601014580862375e-01
3.277351930360057897e-01 7.581810491381889561e-01
5.266929918283925760e-01 5.749331459203509409e-01
1.083067445693132319e-01 6.754717796098663740e-01
4.833574582992276047e-01 5.541334210698449780e-01
6.651895512457951520e-01 3.084532011764766768e-01
5.621902611999572974e-01 5.657162781009725805e-01
7.258313502524801342e-01 4.468742488760165110e-01
4.833319758977254743e-01 4.705666665672286753e-01
1.701796198705253504e-01 7.081189862792359735e-01
4.299703981341827519e-01 8.340464866957710832e-01
4.156761149021516166e-01 6.144363056309412041e-01
2.856328711192259728e-01 5.825815456359012545e-01
6.122112954524059347e-01 5.178398941834845282e-01
2.439037766028192000e-01 5.983577238045292290e-01
3.075002314478016974e-01 7.020031846049851199e-01
6.839642141324341340e-01 5.628047674071146034e-01
3.001861942569133967e-01 3.965743586807044530e-01
2.609926877675425860e-01 8.610112782128767073e-01
1.124762389789661365e-01 6.660964260027402162e-01
2.697632619291926437e-01 5.529158785785781571e-01
5.181672069064712227e-01 6.312968477966368619e-01
2.376542795547966491e-01 8.485706089876072777e-01
4.922993834972269056e-01 3.523758273771595562e-01
6.026851880732173594e-01 6.726398350174801477e-01
7.725729274006657432e-01 2.203242203265034782e-01
5.127322629350290484e-01 4.262623602069578466e-01
4.057028199581160788e-01 4.960434549923984360e-01
6.626220742593048607e-01 3.133589268369971759e-01
5.168129903463573038e-01 7.988264323906830722e-01
3.932744048559599359e-01 8.488371219849628613e-01
5.588110490642972383e-01 2.186544787151704361e-01
6.111559442299673295e-01 4.982755357116128714e-01
1.909713172819691163e-01 7.780330989724936197e-01
5.463957215036403525e-01 6.453936498450094650e-01
5.415396074772409474e-01 6.819675580383132152e-01
6.142756214322711017e-01 5.482710113648713302e-01
3.642906042040506831e-01 4.111675755931605281e-01
9.145187163275747544e-01 1.200045955198464354e-01
6.870031158945809624e-01 3.368028801419026275e-01
6.153262924776281562e-01 7.116133214098867565e-01
3.359908755429149574e-01 4.741859386957781863e-01
2.357254751657127390e-01 4.952125920767400102e-01
2.323822491306919424e-01 6.257005938442790072e-01
4.978334876656267394e-01 2.777414468746139953e-01
6.784368895712070691e-01 4.085846485950677121e-01
2.918577817149803910e-01 5.835116518635721228e-01
2.825439544761039756e-01 4.316822994327108032e-01
5.773931577217338296e-01 2.160914789248821744e-01
5.164525851618545493e-01 3.227938660776670243e-01
8.671513540815948273e-01 2.062628630107385397e-01
5.502342657779615287e-01 2.573704079926636412e-01
7.310592297349807200e-01 4.893366373335300556e-01
6.492689376042373173e-01 2.188726983086392019e-01
1.661386956546873073e-01 8.246943817394007947e-01
5.332127335653586986e-01 4.509917557544398381e-01
5.521809612580202975e-01 3.626187250855448796e-01
4.246936453752576113e-01 3.362535838967946056e-01
5.422169741423000788e-01 4.110557249529614987e-01
1.676772200461319196e-01 7.490591138237592261e-01
8.597331405799160109e-01 2.160639885825699769e-01
5.373514191766566306e-01 5.477711385942495292e-01
4.630201578906394388e-01 6.758350358392203328e-01
3.077778460482856748e-01 4.289312225600917516e-01
3.613637708792915015e-01 7.691308739514868265e-01
2.528134669027973791e-01 5.923655665322579145e-01
7.534220379841374271e-01 3.658329937640960594e-01
5.840524435250018520e-01 6.648871599024233081e-01
7.887426910980313011e-01 2.688186150078928360e-01
5.360738368157936806e-01 7.519052766079671324e-01
6.749085531834330132e-01 5.996813798184851274e-01
5.369154767692873031e-01 8.489641011740816090e-01
4.793321758291419488e-01 7.610162240241539200e-01
5.363457364544524930e-01 3.740948176721919372e-01
1.487241345541205628e-01 5.528431207569282080e-01
6.212201102631346172e-01 4.298456610688599078e-01
8.169981986190660850e-01 2.654117081183891558e-01
4.518092410450937901e-01 4.302210089639052493e-01
1.541047038031264083e-01 8.716111167836632090e-01
2.826345982609558827e-01 3.748710054602532038e-01
7.883814927100516456e-01 2.964635812242150115e-01
7.257976234605008070e-01 1.762560185127216295e-01
1.655846602718390459e-01 5.130316962709541295e-01
5.780179640314060396e-01 6.349670794334860702e-01
4.351334487930819117e-01 3.838665860705970934e-01
6.358825813030331009e-01 3.817452067922474934e-01
2.913800959782761879e-01 3.930402564256450515e-01
6.819779141388485622e-01 1.614754099261232478e-01
6.797382761892118985e-01 5.948328810555648660e-01
6.708031198372838011e-01 3.524474946243837392e-01
4.265672903870219024e-01 7.083848449717577989e-01
6.833219433865262982e-01 5.238448694848346632e-01
1.644989118161269970e-01 8.772336182791136139e-01
2.656404179996364467e-01 4.541386949191545952e-01
7.356186405795223093e-01 2.313628115696720888e-01
4.380638670339174201e-01 4.217160844142166520e-01
6.829570726295606242e-01 4.798718640388882628e-01
4.573411677976409462e-01 7.636918232727258893e-01
3.634662019680421352e-01 3.159459422986906074e-01
4.793978856785405251e-01 7.692852244466307221e-01
3.316399815178272537e-01 6.264682236687948436e-01
5.415175699581955548e-01 5.065540325819523071e-01
5.409484130842168170e-01 2.863803923298476328e-01
4.052178046299148573e-01 3.848719006921170194e-01
5.681838603059093940e-01 3.609942579115241745e-01
3.909073895393123665e-01 7.637382477929937075e-01
3.054041605541552018e-01 5.378059432355930536e-01
4.485118244891584949e-01 2.784213250565262809e-01
6.998522376969141812e-01 1.615556270419871154e-01
5.211400697338224308e-01 7.276306037615026812e-01
4.463678520179707454e-01 6.736030933815324584e-01
4.176077997118517460e-01 3.077650090718693776e-01
2.301076391139122712e-01 5.136520940769476740e-01
4.135348162170248143e-01 6.299813740415178831e-01
7.001649535454579354e-01 4.413782502082929105e-01
1.753234703356040536e-01 6.980258280335598364e-01
8.634405133569685864e-01 1.767892164519173914e-01
2.269626285072794680e-01 8.644007391898519410e-01
3.713318736403217746e-01 6.794723830056877967e-01
2.557804057829977662e-01 3.951498837823219645e-01
4.214013139960803289e-01 6.246450002299834825e-01
4.105268430531872625e-01 8.372869904093499516e-01
5.992306405490475107e-01 5.202595824435147787e-01
2.976678982058917344e-01 7.003673117841731077e-01
7.254832729197127072e-01 1.179332521656243776e-01
7.667283578985228942e-01 3.506518897675215962e-01
4.428351207680316648e-01 8.646827609974345741e-01
9.365152598762918612e-02 7.119765485801250460e-01
3.085897686713711119e-01 8.006793019380277210e-01
4.656132470459100059e-01 7.290897909637751306e-01
6.395876208989379474e-01 3.329350660959993768e-01
2.186683370231047308e-01 6.495657964620293878e-01
3.636456229654650429e-01 7.273358578313865452e-01
4.643267597088064913e-01 4.567255592108754314e-01
6.380075626843084713e-01 4.635011098123995033e-01
4.484768803315087871e-01 5.544916058673696746e-01
7.012266378546688772e-01 5.216985062995179723e-01
6.451632850088819815e-01 3.611536514979851731e-01
7.018299919472459347e-01 1.928204636700831809e-01
7.539392549161947343e-01 4.440142389032097348e-01
7.542815956911790298e-01 4.165819969195754258e-01
4.161980558071595726e-01 3.444905247538697091e-01
4.915618956648737381e-01 4.462083451577495974e-01
6.804123491935167856e-01 5.024732253104123858e-01
3.066009264886590535e-01 7.819429827806386735e-01
5.700772048079544296e-01 3.504905269236719967e-01
5.447140259855159927e-01 3.392180508035885222e-01
5.044516840542466740e-01 4.872660276746703656e-01
6.308109970663597910e-01 2.220793898147718770e-01
1.187499438261772067e-01 7.336967921017234495e-01
4.996876224621232820e-01 7.935873327621381090e-01
4.848975497649155586e-01 6.399721471489516755e-01
7.302973084420993910e-01 2.363785374793722915e-01
3.370755507161121711e-01 7.676171402256787291e-01
5.695192495624274986e-01 6.401246176362315188e-01
6.829760755240028569e-01 5.733154294127924544e-01
4.939167073739284541e-01 3.557154154056524908e-01
1.692985525416745018e-01 7.519099711972959676e-01
7.306723833577826177e-01 1.370593308878454153e-01
4.020144644637772546e-01 8.712795725375839240e-01
5.642823365208641251e-01 7.728216862120080854e-01
5.473310087216883835e-01 5.612220377894464596e-01
2.501472825479078010e-01 7.296647192382248459e-01
7.259960671800517185e-01 1.703016984576233295e-01
3.748736610274074343e-01 4.083069963998271490e-01
5.186397657036739828e-01 6.179443100618877693e-01
5.279002163634182176e-01 6.541173006212421814e-01
5.670089678774054009e-02 8.943224232213810021e-01
7.283413698391240088e-01 3.187586998146357264e-01
5.387618645561348396e-01 6.313100902563456573e-01
7.612165975698440556e-01 4.196938008163619283e-01
6.734532721740795758e-01 4.192169198386394569e-01
2.624966916394564920e-01 6.760977843088706862e-01
3.222938711095155173e-01 4.750829741140351059e-01
8.201862748904216183e-01 2.824228680792251756e-01
8.162448164199402889e-01 2.105903412058672819e-01
8.999947439795294990e-01 1.233111221902305765e-01
6.429696579123199696e-01 3.537260626614379677e-01
4.693424623606898827e-01 6.099783883180605049e-01
3.035904160028416454e-01 6.123183003045916672e-01
6.162451840205385167e-01 6.913201247046032449e-01
4.354402791298754294e-01 5.570244885158768255e-01
2.300254449796822476e-01 4.508016809624443288e-01
5.487008110230051638e-01 7.877965916306128857e-01
5.360759798136920384e-01 8.827686681465862772e-01
8.752749402882794572e-01 2.017213748033954701e-01
8.129206061529651306e-01 2.625754106049751901e-01
5.629252525951514707e-01 6.046253034993879227e-01
4.035265943373629316e-01 3.931017450954015779e-01
1.384322035599105938e-01 6.368794619905883136e-01
7.270059140147693277e-01 1.619542515096801805e-01
1.023437851455562264e-01 8.089329810328161896e-01
6.064023400436096001e-01 1.627714545992580697e-01
5.892780803748524088e-01 4.997202126926593158e-01
4.726124708553534615e-01 5.198317086964928668e-01
2.721637028423410376e-01 8.381868262989062845e-01
3.884631668786789338e-01 7.319818404516921229e-01
4.513350987632238631e-01 5.754947790237142646e-01
5.119552108140149604e-01 5.504493424093712672e-01
5.992792815111229743e-01 6.060518612621219603e-01
9.054092234305834985e-01 1.812807300576552427e-01
4.995469407094955683e-01 7.129301246987583829e-01
2.687092638828508240e-01 4.212311207703167137e-01
5.176348730942350596e-01 8.727653294258450600e-01
6.260636689951404321e-01 4.826516934092504596e-01
2.656593677829692246e-01 5.874131566313448571e-01
5.211704035436670601e-01 7.821830269911946854e-01
2.731552605482118201e-01 6.707198390353115158e-01
3.165149345154627536e-01 7.254692387065432291e-01
4.347583912577360765e-01 4.952723098199693919e-01
4.991925796783093228e-01 8.449904562261182361e-01
5.452469519637440643e-01 4.970146791802657060e-01
6.346741622563739638e-01 4.524353624848169719e-01
6.303280226962252319e-01 6.759566723996566218e-01
4.816594581354364246e-01 7.390486440748265107e-01
5.422750996158575143e-01 5.924802787580883967e-01
6.313717618936759424e-02 8.841583120645610805e-01
6.358388209597339857e-01 1.885665544553579709e-01
1.432935712781757964e-01 7.639941553709514999e-01
4.127408432352074330e-01 8.780803817112875498e-01
4.030464194943972900e-01 3.845773061690138661e-01
3.769979201639271915e-01 4.514397391258559988e-01
1.211698511042112736e-01 8.531537339271699771e-01
6.574108232576458821e-01 3.480275756362102291e-01
3.400312951086554847e-01 7.636115114299142359e-01
5.284761619123379273e-01 6.055970808192439048e-01
4.720026665642010899e-01 4.448993926544801969e-01
4.968769069712327680e-01 6.062959672804887346e-01
2.571575612535131894e-01 4.827367823907545707e-01
6.902093904787640621e-01 1.099707172774370134e-01
1.861860053718465413e-01 4.464822128408982849e-01
6.786008804819561036e-01 4.881616508528776044e-01
4.753791501321699697e-01 2.862384596673873127e-01
4.625546912278011846e-01 2.520831368650779392e-01
4.041252382945087485e-01 6.710407893752532438e-01
6.431044518947984789e-01 2.680199484700156454e-01
7.467985187793036994e-01 1.319952276720713358e-01
5.982465314079207230e-01 3.953138904785654106e-01
2.700433203368896029e-01 7.345792259269049440e-01
1.487351949950984076e-01 6.431472173907639700e-01
7.143038027632083731e-01 2.726956276325037121e-01
7.312584928356761216e-01 1.650494107315386150e-01
5.113312251665016461e-01 4.679864404761696628e-01
5.136613112985637386e-01 6.309600254548282106e-01
3.244420280953776992e-01 5.461992388235700213e-01
5.220398403891558514e-01 6.116465247841061936e-01
2.454620351667043399e-01 5.393630834323874801e-01
6.068266948441657371e-01 3.781403791552268578e-01
2.508772909062964573e-01 5.841768131906702743e-01
5.770536222743575250e-01 2.300930638558405239e-01
1.124417790285701102e-01 8.565145891976300163e-01
7.488631167997465976e-01 1.115837357428783871e-01
8.212450977346952286e-01 1.717629048626714561e-01
6.712347439777870406e-01 4.783753355248340222e-01
2.446415805057283732e-01 7.542023109318938268e-01
5.924045222470956107e-01 5.293355893598877815e-01
3.593065902755342989e-01 6.903337120042174480e-01
1.936123079448478779e-01 6.234068580281997285e-01
5.311282632245347690e-01 7.581314010579617291e-01
3.927498914275870390e-01 5.383665876782252058e-01
7.384768088950770526e-01 3.858646947346776046e-01
3.968646612233887039e-01 5.279154374754537749e-01
2.740299587847633278e-01 5.833041240232476055e-01
6.493397501566918750e-01 5.560858632408804958e-01
2.567785847023740797e-01 4.609664791894041436e-01
8.699109732697954400e-02 8.144790360044940059e-01
3.027650320765993275e-01 5.484711632246761503e-01
3.364646346978856783e-01 7.258026071011091096e-01
5.562790686765073378e-01 1.960068780582921999e-01
2.979671521484681951e-01 6.798471700533745832e-01
6.510827578686767536e-01 6.180851953671899768e-01
5.655528432565815056e-01 5.406815436564799127e-01
1.120358893136695622e-01 7.209477177107139756e-01
4.142465952955016184e-01 2.843356797959361026e-01
2.147006269790734112e-01 5.619889259015354854e-01
3.964125225850079759e-01 3.163485187035366963e-01
2.848250693779597054e-01 4.589628907477064645e-01
2.002733523742821486e-01 7.825284317554020985e-01
3.872499057854986715e-01 6.971814648504202072e-01
4.193804207664594830e-01 6.739568186534280470e-01
6.218147598630151540e-01 7.078327912628313845e-01
6.652834406544599899e-01 1.560327018877708249e-01
3.519063997367536945e-01 5.845002732519130051e-01
7.201471941062650428e-01 1.500873950051589412e-01
2.647920054985181126e-01 4.445845944202280187e-01
8.136739386467153334e-01 2.054465429577535807e-01
4.608395143088487300e-01 4.944127824872650567e-01
5.840071707508434073e-01 2.118848849554321734e-01
6.965176386435989464e-01 1.994345374656579239e-01
3.299465384937431689e-01 8.569047617242351311e-01
6.800369709688809383e-01 3.932177821754858082e-01
1.365124818358568470e-01 6.881514771729034807e-01
2.935655435062698437e-01 3.920278857724384114e-01
2.706147464112370615e-01 8.012872386870389940e-01
1.974262474239966980e-01 8.257442028198074269e-01
2.684590113570949899e-01 5.355355034869895281e-01
7.788634190229124510e-01 2.570425544976567833e-01
1.602907120082848469e-01 8.223700532349726977e-01
5.257130249932021604e-01 6.115308234823065847e-01
3.880013698707482361e-01 5.479394497037557432e-01
5.013704101742956221e-01 3.012936564922231719e-01
3.493035253899444137e-01 3.818310717568750290e-01
1.255076639029976127e-01 8.585646566925602130e-01
1.451019046411995417e-01 6.819033852079000591e-01
2.682514891975479876e-01 4.023704928817079529e-01
4.802626330745843330e-01 5.009104388349332471e-01
5.114201761905685650e-01 4.131806229017831456e-01
5.813469556883607003e-01 4.275071320048166035e-01
5.013859200374024550e-01 3.032205183662659564e-01
7.964911129943595958e-01 2.383124518880344045e-01
4.340072442212188353e-01 4.950139020581022509e-01
7.258971873808399700e-01 3.964498717207313172e-01
1.641326693772473810e-01 6.442117747003277550e-01
2.754849405075148749e-01 5.334922844424405675e-01
5.454223179556356715e-01 4.024856206464767494e-01
5.790563191777762242e-01 4.412327101732468337e-01
2.653663069342033221e-01 3.743508310928007621e-01
2.205989318589457182e-01 5.455235654787431443e-01
3.839009845082628214e-01 7.426903373599398339e-01
7.442423118885254096e-01 2.971887956088715144e-01
3.903022748940569997e-01 4.039085734935620176e-01
4.997644986885762530e-01 3.668239453438520981e-01
2.082363326231629619e-01 4.183710127896625997e-01
1.809867363665455808e-01 7.473986376882512106e-01
8.573666208620814855e-01 1.615256110042083693e-01
6.077135070043480081e-01 6.986083813166733547e-01
3.416972561929326746e-01 8.430931620799815285e-01
8.493781921759975262e-01 2.053968812348363204e-01
4.282307750047010253e-01 8.694692557155313528e-01
6.390136993888381189e-01 4.187982916168931924e-01
5.823232866511046657e-01 7.340288165813392274e-01
6.335957643471772371e-01 6.717700441677409984e-01
4.429976894970545920e-01 5.851985998459987570e-01
2.002809805029049650e-01 8.278950215496321263e-01
7.083881223133425831e-01 2.518036453201295544e-01
3.343042539998664631e-01 8.303271020179359141e-01
4.991880570728443045e-01 3.684778017745543588e-01
4.892210596766987107e-01 4.890930582558278839e-01
7.054547018830357175e-01 4.623501605003501602e-01
1.645249872607320030e-01 8.134888626005379875e-01
3.204912976558672022e-01 7.914796355864149868e-01
4.194232729297291407e-01 5.076194499964159501e-01
5.609900443980336826e-01 2.479492194566236818e-01
6.689522168828953008e-01 4.333065652485712516e-01
7.853114690531586284e-01 3.188196248760040152e-01
8.947339785868140272e-01 1.770808786637730892e-01
2.986163798708487693e-01 4.621489657569658460e-01
6.877602660501511700e-01 1.659655178254916263e-01
3.284706923910417631e-01 7.383174963051759576e-01
5.183335993010254050e-01 5.602124289781996724e-01
6.821193187321321627e-01 2.781158747886329219e-01
3.714993150046699277e-01 4.645518718412182668e-01
5.421106650616850375e-01 4.230640366810000663e-01
3.800743946938341389e-01 5.478351180714347013e-01
6.760965874571229772e-01 3.508234800905572492e-01
4.083653542475889076e-01 3.389000613220038982e-01
1.339618082864018067e-01 7.850417168015637603e-01
4.804953580209440078e-01 3.235672375263892731e-01
5.884875978513258721e-01 3.377042035474139281e-01
5.641485725104757876e-01 7.811885513981600138e-01
7.171658453474152317e-01 2.264255619314715084e-01
6.123796609298317595e-01 5.735264747080998093e-01
6.076714558340041705e-01 4.996034256685532582e-01
4.192667750589086362e-01 8.084496858938718944e-01
3.407253664352286604e-01 7.658692032301985808e-01
5.072304437848257352e-01 8.555761404263958481e-01
2.407597911292717607e-01 6.871276420103080707e-01
3.159473168679362565e-01 4.809281629487128784e-01
7.402018125354139499e-01 3.364526406991312224e-01
2.076511126867371937e-01 5.053781329665183453e-01
3.592116135625582629e-01 4.331909559306422741e-01
5.366688412588088708e-01 6.673791051200772539e-01
5.542299326389931169e-01 2.333545434995158430e-01
1.114407455507201716e-01 5.893087079962232577e-01
8.598841432139034957e-01 2.329324902714078604e-01
3.632007494673933357e-01 5.825581344967145636e-01
3.654389472440046638e-01 8.001305050080657066e-01
5.649388119535411201e-01 3.524187085335904746e-01
4.023728146063761391e-01 6.249183639899363873e-01
1.666045727231614260e-01 7.752744064919196987e-01
5.272462004214999443e-01 6.486725983469066037e-01
4.258668299706429017e-01 8.373848517099452549e-01
2.048924146762342580e-01 4.205326583200071910e-01
8.364387088980380636e-01 2.192045442164172742e-01
2.348965417024754254e-01 6.612491825948619839e-01
4.390317608397625859e-01 8.252942569839386566e-01
5.054727088423580650e-01 2.368406407027802141e-01
2.638979984636620202e-01 8.492245418764952092e-01
8.282145398514084711e-01 1.818706540266237792e-01
2.068815848374897792e-01 5.346971865519746236e-01
3.445175544398237366e-01 6.429329765087750115e-01
2.429241126326589229e-01 7.379690218659624712e-01
8.040089712841618219e-01 3.618722579164921349e-01
3.373668455784036846e-01 8.317604029824640088e-01
1.398503283651017226e-01 7.210254825419271096e-01
3.226715136074836954e-01 6.990752287344007554e-01
8.621457035962358517e-02 7.337201562254109799e-01
1.144534258525142512e-01 8.718513285596787288e-01
1.162318743652313996e-01 6.978297387302228039e-01
6.577571984097939639e-01 2.800070829122952576e-01
7.229180430920054690e-01 4.900346879169155123e-01
8.019796692431039320e-01 2.301360953643068474e-01
7.422579668420671295e-01 2.206847597220138457e-01
3.189329931450345379e-01 6.901350420384869677e-01
2.547690255289572492e-01 8.371134501120454097e-01
2.518155274743391625e-01 8.538408188034022350e-01
3.715816173630451802e-01 6.321266238072602572e-01
6.549660649047845951e-01 4.520050288893017187e-01
1.044229387047199975e-01 7.481254831005297312e-01
4.849765127798134623e-01 3.669378839146243410e-01
7.929294260489012647e-01 2.884773969709030217e-01
2.642218937176883942e-01 6.337492457066753460e-01
2.790539258625135965e-01 4.697241296591256887e-01
6.828945514717461585e-01 1.995596234391990298e-01
4.176274071284962197e-01 4.957965212239882069e-01
4.349267184690204235e-01 7.741867951292297212e-01
7.147707337376032477e-01 2.695729865274036352e-01
5.564966317751272040e-01 3.848527350663276669e-01
7.879443407814875622e-01 2.239562365737627347e-01
3.648180534840386180e-01 3.383991016987212830e-01
7.121470901993811609e-01 3.286433470244807253e-01
5.178059651053918966e-01 5.521411923237232733e-01
4.626679292335513782e-01 7.079890835798602344e-01
7.299290319405068450e-01 2.517011444795902997e-01
4.210865076885758618e-01 5.863614120098101790e-01
5.216786580162111608e-01 7.704925125937223118e-01
4.570241076543570813e-01 5.408934107224575571e-01
6.406375410518869717e-01 4.319611649685879962e-01
2.914183992691387615e-01 8.823295388218339586e-01
3.838173087252229609e-01 8.657934180068925789e-01
7.221096137796534364e-01 1.056775767786189979e-01
8.904097092447961215e-01 1.416584737823340379e-01
6.431103617406065398e-01 3.139321529652791543e-01
4.994553720946333097e-01 7.229023371189795544e-01
4.373197002234081032e-01 2.756520076580828427e-01
5.077085555266376282e-01 2.834158640487633996e-01
8.535731330290718955e-01 1.846244490744878841e-01
2.451179237055353954e-01 7.979385520597847004e-01
7.796672975975111886e-01 2.311442354538405519e-01
2.461577384609180685e-01 6.330919334339876192e-01
2.909031940681159334e-01 7.600297093361825240e-01
2.178774584922426594e-01 6.110806755192564887e-01
1.745891426055372619e-01 7.260827506489274663e-01
3.599968468634154872e-01 6.645634744147457251e-01
2.579223441453387111e-01 3.895710191308885406e-01
1.646211880838034103e-01 5.047575679798621540e-01
4.389212180528287988e-01 4.061124551710725283e-01
4.426595439877104576e-01 6.832834944063570504e-01
6.588342484458313830e-01 2.315146455632413891e-01
1.170319318097118588e-01 8.106293405455607948e-01
4.263885397311511505e-01 6.235523040022121766e-01
7.010921805846782595e-01 5.101141557652636438e-01
5.763853725391236971e-01 3.001649961199159278e-01
4.148295257597902075e-01 6.964697461768434295e-01
4.817972424071922388e-01 2.810731433308927274e-01
4.966956622530184218e-01 5.369182298306658385e-01
2.416592215552726686e-01 5.274351784340843841e-01
3.505672437325646484e-01 5.582419783358849585e-01
4.524402345600379571e-01 5.197955614866429652e-01
3.758000439513707880e-01 6.020175983904576533e-01
6.594912734123600240e-01 3.060507196203392510e-01
7.063084159085336600e-01 1.628342047136677184e-01
1.365286620589891975e-01 7.681853590977640867e-01
6.310982083932278330e-01 2.542913055674412282e-01
1.128534527356477996e-01 6.510062116812636024e-01
5.757863033689246679e-01 2.704179834581991737e-01
9.104458152900297696e-01 1.434199327696062398e-01
4.160963780557750957e-01 8.671930888462073828e-01
3.898494526746242306e-01 8.258470120748666599e-01
1.944998287985859886e-01 5.162268605297033464e-01
1.631879419710145496e-01 7.735997356114319157e-01
3.752477290829930867e-01 6.608386492247468880e-01
5.185768197846895022e-01 3.509633177658182945e-01
2.759656109799510926e-01 4.862354989435743735e-01
5.825099784874535613e-01 5.557851866711938094e-01
6.393879928770369592e-01 2.668970751024451471e-01
6.521618178641678254e-01 4.068556036462500081e-01
2.361452909356744345e-01 3.990501543807257745e-01
6.643170763833702308e-01 4.702601262433123708e-01
2.659899575002467320e-01 7.595355560794426752e-01
2.289858384420582205e-01 5.795343870704039446e-01
5.916192569359093323e-01 4.699341324214079130e-01
2.074462111677176646e-01 4.867622555211001956e-01
6.207128974640946373e-01 3.700100015006817511e-01
6.289425365468802598e-01 4.151083594052532577e-01
5.354619049599909086e-01 4.215017997553788254e-01
8.327485427677298879e-02 7.917545043166692720e-01
5.599881679818666802e-01 5.597093749006091246e-01
2.836013633435062742e-01 6.368407784899527968e-01
3.910299635195618184e-01 6.030188896435013657e-01
3.173117862120024002e-01 8.443637402215068422e-01
5.619273079372401059e-01 2.263741949120085528e-01
4.343410806321695294e-01 6.288093397304910237e-01
6.610456143580757393e-01 5.997165187877290249e-01
5.270796891090537839e-01 5.135252485503698505e-01
7.751409964454716306e-01 3.222329196596287471e-01
3.486390138750976031e-01 6.481459024710126693e-01
5.186460429419210705e-01 3.050883182215459177e-01
6.743888459818948578e-01 2.793757142758283019e-01
6.739421490244038582e-01 1.549721511581210742e-01
3.854534184318598733e-01 6.439115105603441247e-01
4.564308898110657209e-01 7.563404594246064816e-01
5.022425404407385718e-01 7.782389938492092485e-01
2.121715453525735151e-01 5.157141460052301341e-01
2.348476888419101793e-01 6.395310081829673754e-01
4.336877080952200592e-01 7.578974212173631431e-01
7.439773681290853258e-01 2.372420622734435214e-01
2.946011520499609571e-01 7.229354508811798308e-01
6.413074254939588048e-01 4.353416780604716374e-01
6.175221865168539770e-01 6.182804798575761707e-01
6.700167865478767748e-01 2.998870819183369618e-01
6.432629682457341458e-01 6.567539218560781711e-01
6.195515559548980811e-01 1.569861047948257760e-01
4.687070630966078122e-01 7.932825946641615111e-01
3.079707252835884868e-01 6.352724283839353836e-01
7.165895477417507653e-01 3.948172436622898185e-01
5.007540770358531734e-01 2.808356500673560574e-01
8.467311765352868447e-01 1.453694201563454080e-01
3.682980689850219869e-01 6.413818581203063474e-01
4.083927218654795355e-01 7.687157188427298227e-01
4.472946614336862914e-01 8.487174794922928145e-01
3.987647360820590348e-01 3.120739811300156097e-01
5.725469200410242543e-01 3.256245030659403739e-01
1.231129328902187958e-01 6.487621801617445838e-01
2.434015170115657045e-01 7.992471438729902289e-01
4.393456011724165000e-01 3.715818303294741165e-01
6.264823758628949024e-01 5.260511989574775393e-01
4.170967720656925670e-01 8.746424899165351485e-01
7.407800478570307767e-01 2.139471421065350931e-01
8.188015569025539619e-01 2.878419424013045069e-01
1.401584939514045614e-01 5.613471784540573495e-01
7.911456702955701470e-01 3.435762768829851432e-01
9.437442904162446355e-02 8.252908675065676603e-01
6.852191125180309150e-01 4.217568813007539497e-01
8.044289888547231371e-01 3.682280915916856801e-01
6.960122579254044428e-01 4.174326065738888092e-01
3.539988539970210235e-01 5.580848296505331874e-01
4.817282179138336895e-01 3.956720903394410627e-01
7.452763375796956913e-01 4.484204050309276157e-01
2.295324374815070900e-01 6.135122446869898383e-01
5.013933986288453548e-01 4.696060690582460340e-01
1.010503551699275110e-01 7.374151150980539082e-01
7.384208218730907713e-01 3.601420804054373814e-01
3.494786188276259864e-01 4.592668926193134160e-01
1.578043336175863898e-01 7.137611780652817206e-01
4.389393940598905752e-01 6.395619872676382434e-01
5.567359683195712838e-01 8.404257799714156540e-01
3.146437928702809361e-01 8.605831049647094666e-01
7.109437220631682486e-01 4.655314053728012436e-01
3.964359207161696208e-01 7.748824565951567545e-01
3.994819443912197010e-01 7.404231910184126964e-01
4.858952910286894467e-01 8.401704710709535506e-01
7.960897781677025442e-01 1.325024677325957190e-01
8.107549667642655056e-02 8.755430241626591670e-01
4.932462228996141729e-01 5.945938189266138929e-01
5.082516489178720009e-01 8.229237181794131217e-01
7.602320967122012663e-01 1.358223930707916360e-01
3.749118221811928997e-01 7.655538025421334547e-01
3.483254950939125849e-01 7.619274329494667430e-01
8.363956862668469050e-01 3.006921870289879228e-01
4.244430379443162593e-01 6.803879827589508489e-01
4.043004102012175416e-01 8.639729881572076886e-01
6.144473669240053670e-01 2.525329265905280063e-01
4.708660097951095080e-01 2.565707814509053941e-01
5.034391853004464012e-01 2.492214646236891595e-01
4.864585761539305109e-01 8.058347036609448955e-01
2.268076283249105818e-01 7.932992706580229703e-01
5.244762200590863399e-01 2.288471392046152464e-01
4.744755228034285288e-01 4.625296136872378838e-01
5.551817562343428492e-01 3.441820820732647834e-01
5.212232918604503551e-01 7.083666423430764469e-01
5.070300046543472217e-01 8.282865275281185991e-01
1.393238940927557790e-01 6.443873655594375416e-01
1.837198632793835273e-01 5.748720722457503207e-01
4.401903758313840953e-01 5.366265718787912586e-01
1.548043333808643562e-01 6.431647328254945783e-01
5.041007146333060795e-01 8.260476778517797936e-01
2.390231060941032104e-01 4.257956438792173115e-01
4.733500555738294757e-01 3.072198469842903901e-01
8.659920893264753117e-01 2.444224029473498205e-01
1.681853526189393544e-01 7.828037358580144378e-01
8.311112162161617967e-01 1.145979143155442526e-01
4.782560248646838263e-01 3.964154508311706904e-01
1.974860341623151938e-01 5.707454505230098452e-01
7.282255014030600826e-01 2.892892521994460120e-01
5.473565872761181339e-01 5.433935123231707909e-01
5.656536831326014481e-01 6.207375097030716216e-01
2.280163707588253874e-01 7.492182813186653023e-01
6.090836778069290691e-01 5.444717053726427780e-01
4.596518576890587515e-01 4.393032287200051567e-01
4.157895895059838254e-01 3.928450358896463657e-01
2.970344357346652031e-01 6.306759119137108627e-01
7.079927185848484683e-01 4.349971093040777559e-01
1.299216581479433197e-01 6.671824213341489562e-01
2.896435121051374462e-01 7.351745443317736495e-01
5.812549239249430455e-01 4.096061175660324905e-01
3.526812734343317546e-01 4.123421984662299922e-01
5.730122059418819580e-01 2.674465080906493486e-01
7.724380116291091891e-01 3.544817647131188743e-01
6.060105343846079462e-01 4.728488766239435370e-01
4.239136901236608690e-01 6.380814918420892878e-01
3.864488321249374136e-01 6.651898139777688845e-01
3.334067316518363189e-01 7.330340298762283435e-01
3.442155869594908379e-01 6.736993544462182015e-01
6.567271647058713357e-01 3.379322732579304600e-01
3.786626387768234903e-01 4.553626460921634811e-01
3.097518304485551988e-01 8.797744518039842809e-01
4.945165835890136807e-01 4.879214764970611906e-01
3.049710672728370153e-01 6.788638747755090241e-01
5.781187953535018575e-01 3.483402080692453162e-01
1.886850947003565759e-01 6.407120914675156209e-01
1.123083266543194736e-01 7.853228922237035503e-01
3.094824621618177396e-01 8.559352114867079253e-01
2.862059490788209648e-01 8.688892294959283946e-01
5.186957418932071073e-01 6.680848353429716946e-01
1.948357106404559891e-01 8.422185355842387589e-01
2.611117549824176209e-01 5.689390596197367866e-01
4.632270851399403755e-01 5.486551265530210664e-01
6.521326988842049976e-01 3.682893912954817717e-01
5.789955581031531739e-01 1.802491252723792403e-01
2.197567649259415112e-01 8.437709017168459891e-01
2.383679518195567781e-01 6.894922986112631547e-01
1.830227535443480769e-01 8.910816318827262661e-01
4.941526387611756554e-01 8.180599624208840792e-01
1.150638745701509508e-01 6.277209365346684278e-01
6.721994794647139226e-01 5.500253140468821522e-01
2.793838112568629573e-01 7.641367389701811952e-01
8.201324077894402986e-01 1.434711253118283181e-01
2.031534883584198425e-01 6.257596234745034236e-01
7.005521881074534551e-01 2.636776767322034365e-01
