7.002753535840480215e-01 5.708663036455574602e-01
3.916002792702676372e-01 3.423861731178439172e-01
4.740211375068722477e-01 2.189281097129068265e-01
2.812214795011294122e-01 5.800640308272790868e-01
3.574123447075587268e-01 6.520269806882339481e-01
1.120879565044864551e-01 1.561806071449279298e-01
3.003712917959578954e-01 2.167660091174118397e-01
7.646162465373106398e-01 5.289038972857572629e-01
8.592219111798262698e-01 7.549885590124518764e-01
8.071491767020949615e-02 2.218796441160920674e-01
8.283718273417356448e-02 3.980968873428044619e-01
1.559158606543405989e-01 3.309547514205929408e-01
3.538249144707920069e-01 6.450096027350701311e-01
3.997463499572236900e-01 5.286380100750394107e-01
4.590920810440410338e-01 2.590462182124452228e-01
3.381626109115199452e-01 4.302940068401874818e-01
1.200889782865489086e-01 5.490216565027814521e-01
4.401722477635196529e-01 4.612515577319000748e-01
8.212197884420783245e-01 7.610419338938987366e-01
2.105841826112963833e-01 1.852430626698323701e-01
5.663800811963854986e-01 4.873905219483063433e-01
8.049529183140388122e-01 7.654721831200947957e-01
1.603673012857733393e-01 6.148238442121951586e-01
1.972004721181417897e-01 5.278838256763840331e-01
1.932130024063649087e-01 5.958525586705858412e-01
3.105800405902069405e-01 7.411725036608306505e-01
5.922492226653387482e-01 4.795712451729317594e-01
2.902282764809819837e-01 7.281989439412285270e-01
3.865017482799055770e-01 8.063291597351265327e-01
1.414994025251620491e-01 6.378031772983017156e-01
1.399444752536595227e-01 5.913682669772705180e-01
6.618287036360279707e-01 6.308563500154744652e-01
7.621394138218827718e-01 5.591233608937207222e-01
5.781091068141674949e-01 6.760771766711110020e-01
5.320341373343687730e-01 3.215995604949605791e-01
5.975592224435167799e-01 3.091802106414290874e-01
2.105449953582421707e-01 5.343484445145814110e-01
7.933939833232782624e-01 6.796484301460445909e-01
6.064695388502886475e-01 3.147293175723924752e-01
2.173020279255692966e-01 6.754424183661975611e-01
2.939323542512973786e-01 4.973513267719451569e-01
7.136624689842544500e-01 5.670308685092410039e-01
2.129146344004023694e-01 3.781615008753277385e-01
4.531291848828319369e-01 7.836593714428983226e-01
4.207995997730644699e-01 3.387028815541814897e-01
2.697719940631208013e-01 7.482923537275039116e-01
6.260342367060371949e-01 7.691652700422483280e-01
2.080550657826417127e-01 4.793631314814819078e-01
5.130419231203502406e-01 4.332003426142009284e-01
3.504258999243817785e-01 7.922907485578403186e-01
5.130413987271109644e-01 3.930595979240474325e-01
4.848329382374776397e-01 7.776148638547454306e-01
6.413406017057308173e-01 4.139248654005242556e-01
4.742199380272432152e-01 2.788320551078770082e-01
7.514668436956895015e-01 5.846423798113924430e-01
3.520913932855438411e-01 6.803363876572119384e-01
1.290370405128515585e-01 5.784705560958740556e-01
5.085937484002027720e-01 2.996184027842460074e-01
2.849706894960992165e-01 4.419043020702833613e-01
1.564937067567681583e-01 1.726823476939454427e-01
3.378936945631803024e-01 7.623066645025715626e-01
3.456299713580873734e-01 4.810117340388902485e-01
3.787977417750922893e-01 6.091396618251656569e-01
7.617137617441936959e-01 7.331522921043578389e-01
3.353974128905679586e-01 7.294881688393921593e-01
7.401019718271526493e-01 8.264023581396380269e-01
2.986682218862296012e-01 6.106226367824911794e-01
7.589898392268124017e-01 7.029782449948733802e-01
2.726504442908045389e-01 7.421881660301723471e-01
2.232489004132968691e-01 6.844961851541635500e-01
2.361778273025429975e-01 6.857563421216730237e-01
2.457273502155977452e-01 5.039665595118326680e-01
9.374307063281037689e-01 8.124655602299150070e-01
3.891124445699112311e-01 5.740578603221090370e-01
7.665754185999706927e-01 7.553728983844091305e-01
5.366205268722781252e-01 7.340799673041213946e-01
4.688152514513004854e-01 3.042545365147618086e-01
2.004826270017524836e-01 2.167824055936016792e-01
1.183787486661565802e-01 3.445366843501553311e-01
2.845641713995159527e-01 3.859555450812641730e-01
1.014812700390209654e-01 2.819321662586655175e-01
6.373519273969091570e-01 5.932554793528280745e-01
2.089114535096275593e-01 5.850153708681795628e-01
1.754385830552456504e-01 1.457283325650868822e-01
7.512826178181515324e-01 6.911764491124487986e-01
7.028744089837981601e-01 7.687274720129336769e-01
7.468493230203780975e-01 6.019534061691159676e-01
8.466899667860149359e-01 7.919612884436662004e-01
6.649441209687887433e-01 8.433021414149803885e-01
4.317033161972379518e-01 4.689769379714522346e-01
4.967843220443780017e-01 8.366393468794812716e-01
3.855598293833220058e-01 7.188278818498852196e-01
4.097093222291636749e-01 8.261404462241670466e-01
4.752920283085801390e-01 7.652009439092695153e-01
3.896177386346729721e-01 7.116584909371560519e-01
3.111588735938716210e-01 1.947875074590681710e-01
7.735226052635633121e-01 8.142659737040616186e-01
2.663157319201462370e-01 2.357894301433243744e-01
3.580057353864556369e-01 4.651626028836626237e-01
7.912473398594470630e-01 5.718128692452668638e-01
1.166911600509001057e-01 2.625887583604132880e-01
5.688550049694894861e-01 8.234305399415475790e-01
3.532089222852677901e-01 3.264562185309144993e-01
6.694636110583049859e-01 7.976139102825628990e-01
5.868791111663663740e-01 6.670832238676263071e-01
2.839656035468593465e-01 2.497213486298642815e-01
3.452477190722376132e-01 6.550347320567666554e-01
6.496240991071073889e-01 4.592271731514037114e-01
4.155963312158762468e-01 6.683534643005326625e-01
6.818571640182095051e-01 4.450448720029795413e-01
6.723004700465884387e-01 7.844057597518502289e-01
3.444319453032393952e-01 4.252825432898815206e-01
4.050403574399498163e-01 4.673122334215188411e-01
5.917682356617754991e-01 5.647816779312699875e-01
2.773290291674367358e-01 5.516435939830385271e-01
4.253011118090498366e-01 7.547645623669303472e-01
2.870331633471879806e-01 6.184276564321633529e-01
6.500434091121300995e-01 6.291347914261095076e-01
5.825681696233702134e-01 3.976813121595447753e-01
2.789348597542278263e-01 2.694909275539090765e-01
5.763693884876412987e-01 4.684688608736637394e-01
4.006902288838374293e-01 7.003931712224769068e-01
1.765531210165556253e-01 2.126050969127126489e-01
7.343461157976773901e-01 5.106016660207841618e-01
2.576926150127360482e-01 6.218359665883270715e-01
6.889700381944701135e-01 7.191289337733750564e-01
5.347813221246331405e-01 7.327861708569767263e-01
5.443191566515457325e-01 6.918682681387630096e-01
2.336551132012406051e-01 6.454361299819165732e-01
6.076190636266217693e-01 4.971257597620554192e-01
2.178086292637427812e-01 6.764395298681192825e-01
6.449285854722281996e-01 7.186229562437324025e-01
2.541896179475846562e-01 4.739150945875599263e-01
3.661924229327195857e-01 7.973747883916102452e-01
2.717211061841823261e-01 7.374383904742647378e-01
1.391141135354711511e-01 4.529161989886179573e-01
8.774218134043948458e-01 7.285935898298241398e-01
1.347577311666085242e-01 4.865467335970425355e-01
7.321208637827278931e-01 4.692085589693945624e-01
2.876720927556501994e-01 3.361726388615128847e-01
7.046173555939941879e-01 7.065428303695500123e-01
7.351669762202146519e-01 5.962252184963829915e-01
2.406527355252265354e-01 5.686611914614824181e-01
2.501743452212796814e-01 6.596818229063707850e-01
2.236962921794100612e-01 7.296299004850026471e-01
5.228437133804434422e-01 5.052221425883697270e-01
6.262089806658426294e-01 4.980077179582942382e-01
5.478268341399712416e-01 5.152564483854907840e-01
4.335689309971313965e-01 3.495960383611772526e-01
2.317574176072839387e-01 4.814942108418916455e-01
3.196306991919608542e-01 7.452785515966523500e-01
1.613733270629202909e-01 3.877237609933353868e-01
8.988916433842844000e-01 7.588571097955459921e-01
7.261788944889491226e-01 4.875777008240504418e-01
4.713834468701254554e-01 2.596663633742326560e-01
3.660007054380320923e-01 3.859158850010913633e-01
6.647772787614733003e-01 4.681415067013701137e-01
1.223240918517345538e-01 1.449549081692539376e-01
5.107105296182992138e-01 4.226503305881872397e-01
6.312315577709041170e-01 3.966600363272932972e-01
6.443414977638679542e-01 6.166597957544255326e-01
3.706650477074924788e-01 5.704936893562979616e-01
3.843368821015524794e-01 2.863566053692343516e-01
1.349869116212432663e-01 3.546233682908241369e-01
4.370584852444550639e-01 7.154025960652367067e-01
6.572936060328498087e-01 7.011394906471655197e-01
6.093546076771290121e-01 2.847830222303346925e-01
7.669097427092163022e-01 7.219858972738354419e-01
3.922708370946405010e-01 3.860897122529748371e-01
7.357813775965764691e-01 7.779425841779064044e-01
2.531253795276248719e-01 7.568977570002115574e-01
7.243329075414404183e-01 7.470405389178468303e-01
5.473549427316285465e-01 3.839307158659592822e-01
6.075399471056066592e-01 8.042495929086439510e-01
6.036516262345559269e-01 2.855942701541709372e-01
5.013957426088090363e-01 5.676382776063459978e-01
7.720552918662876296e-01 7.859715489232508290e-01
3.966477314162254464e-01 3.788693897309114433e-01
6.001783559830209391e-01 6.723235213323145443e-01
2.389959292906655985e-01 7.631073635033440716e-01
4.952302486998449993e-01 3.876174674237468087e-01
6.115267112876260347e-01 6.766425247735660120e-01
6.857152405569885145e-01 4.696352221215738809e-01
2.569168509731064032e-01 4.097407579688095991e-01
6.303685057138588288e-01 3.247653543940402510e-01
5.742711331170000655e-01 8.100221491781759431e-01
5.088972389365962190e-01 7.632943362116589858e-01
7.934193728295355630e-01 7.086822976934341600e-01
3.744120194796161649e-01 5.643278351102510859e-01
3.446453091918574851e-01 7.489564984584743401e-01
3.073979782522618942e-01 5.845883166707886991e-01
4.653771297366573467e-01 6.772847948950277974e-01
3.145308722466456652e-01 4.358336522110571876e-01
1.358085066814564701e-01 5.931395281352657145e-01
2.264174302866913402e-01 2.293639625801384141e-01
7.532421886287016255e-02 4.521805338978477917e-01
4.020274855919988011e-01 3.651815685725382510e-01
3.362887061751280160e-01 5.764111548018233666e-01
2.028125076566327512e-01 6.263936734493616987e-01
8.422281731140441874e-01 7.771206257411565899e-01
1.243352846189693384e-01 1.742842459049386283e-01
7.378332495520105727e-01 7.427899802168437260e-01
4.073384981934416449e-01 7.831758680882332513e-01
4.362723054301130832e-01 8.138488983929195175e-01
5.851174303384854003e-01 8.310732216540412942e-01
2.744019500085004282e-01 5.462247535695379241e-01
4.449244159744855653e-01 3.519617858845557334e-01
2.909225350771650342e-01 6.455264144876169397e-01
2.356333147495802416e-01 4.581294224167917206e-01
2.169564285234805712e-01 1.971479621692724671e-01
5.904088187915492725e-01 8.126032374712229833e-01
2.693029405512017971e-01 3.858441943799698626e-01
1.108146581603306202e-01 3.886918867096714192e-01
3.593863535556803823e-01 6.947776753228633861e-01
5.862937719171043005e-01 6.092820730820353026e-01
6.305637862519810621e-01 5.805413119412529133e-01
7.958176192961223805e-01 5.910141193109628155e-01
5.615824661013066876e-01 3.311466702055811950e-01
5.639929312792879568e-01 3.893171592371229561e-01
6.357805680359218670e-01 4.369134406411434024e-01
9.500547284791215075e-02 3.283988557770697869e-01
7.712020749313370782e-01 6.477473915285357764e-01
3.765114287776726298e-01 8.340482036911973651e-01
2.492560529232996369e-01 2.951691028205528089e-01
3.749748740779438316e-01 4.961411881751925934e-01
2.092730437978645441e-01 6.062403923626406010e-01
6.605815475328979947e-01 8.108118716006116333e-01
4.628657177491182773e-01 8.463598657802515746e-01
8.402589894521643732e-01 7.322566117235504990e-01
1.569743936304935916e-01 3.359605811857854230e-01
5.848256059421406139e-01 6.555834890820086969e-01
9.059517722867385103e-01 7.719636375297200814e-01
5.771049682825403204e-01 4.776916510228274571e-01
3.395015253486433071e-01 7.488669457718603040e-01
3.028231181583032061e-01 4.235173337551980111e-01
1.745510550644044367e-01 6.850313458822248069e-01
2.229332703030343643e-01 5.357320634936197923e-01
6.370690585929867922e-01 3.925136621810906279e-01
3.614896681903213005e-01 2.120259521148650239e-01
1.076376999203210727e-01 2.945572669960972445e-01
6.909376706298897552e-01 4.042905570072413690e-01
4.446687764915474572e-01 3.821892646088346224e-01
4.951102425389344863e-01 5.070575425200090081e-01
5.501020285432998147e-01 3.386615167496920265e-01
2.733370240558796183e-01 4.342121218130112204e-01
6.304335251294733711e-01 3.456664886699232220e-01
3.711731688830891551e-01 5.962494257164384637e-01
5.503379423916527902e-01 5.620184757103217077e-01
8.346014103808180318e-02 3.748535115685164287e-01
7.961511968975228948e-01 7.754022508794147228e-01
6.714288747046802674e-01 6.311493724623777890e-01
7.921721893240056822e-01 8.048608415042481923e-01
3.521454859640147927e-01 2.037090409622045462e-01
2.653794855434285505e-01 2.331582202951881233e-01
6.096443711529616616e-01 8.473565027861413856e-01
7.701194830101025790e-01 5.842720149715212585e-01
1.356712274181960109e-01 5.795513936474133709e-01
1.613303214699972621e-01 1.847974368254292066e-01
3.521704235722619702e-01 5.410743743438215514e-01
5.921769318066575361e-01 2.644873458848234771e-01
1.113545297210513374e-01 4.588516448292999650e-01
3.466454814983185306e-01 4.082005190160683528e-01
9.921944167131907522e-02 3.626550571832970471e-01
4.652959603803530908e-01 8.190515104903876020e-01
1.202621556179317847e-01 3.727064488010541909e-01
1.211601272802197704e-01 2.680285640063444497e-01
6.812913297155249737e-01 7.491193966697389239e-01
1.400684837347473122e-01 1.981771608727679879e-01
6.818609713034889941e-01 4.350857333058794629e-01
2.181686733413576995e-01 7.278023584352097952e-01
5.936679882370459183e-01 5.933034775081863499e-01
1.278051114213718809e-01 3.781687803818063465e-01
5.098568485468369937e-01 7.227351784173824401e-01
8.367849867824681542e-01 7.066403183072038630e-01
6.865854548173470073e-01 4.677329867052550938e-01
2.191178322072228069e-01 6.370980344258070360e-01
3.039733515716438461e-01 2.220054456795794162e-01
5.159968194743521641e-01 4.201050672568306110e-01
6.060057687721368547e-01 3.914999238257398373e-01
5.063170552749773901e-01 6.948698391317097434e-01
8.207323011795056300e-02 4.159549035598992250e-01
2.653592558699095494e-01 1.974619830037344093e-01
6.620430914465007532e-01 3.928552504319736682e-01
6.743147485027028987e-01 4.965456056280505015e-01
1.406041975681598666e-01 5.123421361778431882e-01
1.238184013529342181e-01 5.674704522268929630e-01
8.789485459773773712e-01 7.840272075465244406e-01
7.530984501391225772e-01 6.342157888938959598e-01
4.825259980662283121e-01 6.683684432575947021e-01
7.789119557008988837e-02 3.538114136359746809e-01
6.675946368571156198e-01 7.965321754913694541e-01
4.958712251545227545e-01 6.012675918016879839e-01
1.707442554626661946e-01 3.423243618946305022e-01
2.433847749643512914e-01 7.698130778320749767e-01
5.802337462183042582e-01 7.567564409480784793e-01
2.996988171780851085e-01 3.425453164441606968e-01
1.490237229838616284e-01 6.192231869088592466e-01
1.535441905808531959e-01 4.727803809525340517e-01
3.274044566963121849e-01 2.231841657030503023e-01
1.870796856200811209e-01 7.294492385998563311e-01
4.138637866964730572e-01 7.090569834498322566e-01
1.452267913101193408e-01 2.685242642636160859e-01
6.068435177613262788e-01 2.766309822025586063e-01
5.286596616822385464e-01 4.225967699601292926e-01
7.350463860607019395e-01 7.603847661793099455e-01
3.226625356579202464e-01 6.970862473757180044e-01
3.088541398124113879e-01 4.974546664502331739e-01
4.687359233368457168e-01 1.916421500726900318e-01
2.981034417149103777e-01 6.845404329624482642e-01
3.994808516960720590e-01 3.192641572450938270e-01
2.135436517846878157e-01 3.519717409861404800e-01
4.181736322581008358e-01 2.711710380665454112e-01
3.326512475715330819e-01 6.676552764252188243e-01
3.568212039426660875e-01 3.415320015181098623e-01
3.360713483919240963e-01 7.615369967489419301e-01
4.502126361933302401e-01 2.051190122886867584e-01
1.337901607972232232e-01 2.604857530148719236e-01
1.184327849183239856e-01 2.072859155265844022e-01
6.256929367189628666e-02 4.009211215917937166e-01
7.442613839067112602e-01 6.780510351436673799e-01
1.130364171247688065e-01 4.840921932732089594e-01
1.420118631317232594e-01 4.237168166426378280e-01
3.187387714302343800e-01 3.643204631383727410e-01
6.207828924051929098e-01 7.379259926307641937e-01
5.259379496452436520e-01 7.998425873095433847e-01
7.051963688842093347e-01 6.667093586164142271e-01
5.796573459146260321e-01 3.038015558492164758e-01
3.623551821974450027e-01 4.577409506930806837e-01
5.192609450825861339e-01 4.553073574026891279e-01
1.563899780247041682e-01 2.229499583656761041e-01
4.724806143121536017e-01 7.006924386263939653e-01
1.969117706584645744e-01 4.883014006856449818e-01
5.384402620056830679e-01 3.568951993279015911e-01
4.512120438845319548e-01 6.194558358815375199e-01
1.174723720172551195e-01 3.028227107133632523e-01
9.156859191273405418e-01 7.871836656754208628e-01
5.848978977101964016e-01 3.100307580565749288e-01
4.018047099595513094e-01 5.606723450331098091e-01
3.947335154626117060e-01 8.017384653946979522e-01
6.129382946859455172e-01 5.617089961039590795e-01
2.966327176003431543e-01 5.243783739920849785e-01
5.385232940434946380e-01 5.733518026058389561e-01
2.608895946729057891e-01 6.281008672966215123e-01
6.662424702658314990e-01 4.804470059475823840e-01
3.896179969746708105e-01 4.352038243806555240e-01
1.088953744259933687e-01 4.156723405529819670e-01
3.564991788212231727e-01 6.930456030610272489e-01
2.791793150037744087e-01 2.156529921922245019e-01
6.888172321834989953e-01 6.175869144126243659e-01
2.439946671661580024e-01 7.207925264897552253e-01
8.047796236476167930e-01 7.106948141087611193e-01
3.739671792826267938e-01 7.994074221194769070e-01
6.690777304853916529e-01 6.174845222967095815e-01
2.787309917978646467e-01 3.811887561170322902e-01
3.332267171837997033e-01 5.449717062695943470e-01
3.332421364512241913e-01 5.493281931993451161e-01
4.751804669100884171e-01 2.672563580592858812e-01
3.625106980315696559e-01 7.518753051548965338e-01
2.971159344185703155e-01 5.130536877539227936e-01
3.669033674445157933e-01 6.369817826580785880e-01
4.479579140012299732e-01 4.969589326016203845e-01
5.793579320110580078e-01 7.085545949841445257e-01
1.793733467354733380e-01 1.748476696902252214e-01
4.173540522237577099e-01 4.786159649425623108e-01
2.030499483472833766e-01 6.232339089297906920e-01
1.932952572811935110e-01 2.293784398751515241e-01
5.283875884344909624e-01 2.357126462094460695e-01
7.275752084883653215e-01 6.247188104648929707e-01
3.692821906664946474e-01 4.213122019603380286e-01
3.715864384843494683e-01 8.391178280155275893e-01
5.573309717295662491e-01 4.323457814432687396e-01
6.196423214580017991e-01 4.268937951444582435e-01
6.155206088563596190e-01 5.718583417031509741e-01
5.316299563011473994e-01 2.285353809341242326e-01
4.197141656459641990e-01 8.111853924802152616e-01
4.389365649615878384e-01 4.742036888467632272e-01
8.134255813454821515e-01 6.763297915633554869e-01
3.485625854024354542e-01 2.678366555957802375e-01
5.991623515219527407e-01 5.207343840560851866e-01
4.184794865263627983e-01 3.116199443132590674e-01
2.040304079384303582e-01 6.833635094721395298e-01
5.204481724808406318e-01 3.727234212789336532e-01
3.631214916372698109e-01 4.027137639820740356e-01
6.163559593588221475e-01 4.192167652331627581e-01
3.462706838548130772e-01 3.286168771113377463e-01
6.262582242279737255e-01 5.712143566029821429e-01
2.438445990399422669e-01 2.185599054169314326e-01
5.038973061514184781e-01 8.269223280558093414e-01
2.436821722932042411e-01 4.145302252994170766e-01
5.293681859319722127e-01 6.073263123850674017e-01
2.325300947934267615e-01 5.760737982332623242e-01
2.853324878907345652e-01 8.043335611279870401e-01
5.166784732104825473e-01 3.345429113729554427e-01
5.964461392077357038e-01 7.301178309279998668e-01
2.521008446206190468e-01 2.740037258481783922e-01
3.502250613028649040e-01 5.423107813452674453e-01
6.433633972952383928e-01 6.682573685646848727e-01
5.279896489869934095e-01 4.600412627250146658e-01
4.403776016289310258e-01 5.230277823109067414e-01
9.402123865838342420e-02 2.699773111843803419e-01
3.771713749160301998e-01 3.216527221873952680e-01
3.411710873860236415e-01 4.540198586311423590e-01
5.607853253634325075e-01 4.856349427338385039e-01
8.620566489716258163e-01 7.415143287311056763e-01
3.413896757614376387e-01 5.967574564153794725e-01
3.283442736565052589e-01 5.008633316997126439e-01
2.708655259524602732e-01 5.873422689626860427e-01
3.674560257106971317e-01 7.943793652398187799e-01
3.751685639560810026e-01 4.320638947203142566e-01
1.638506451532292796e-01 5.884507465443117313e-01
8.546700591636970934e-01 6.814101033667556706e-01
2.314486786746412228e-01 5.045332526601891132e-01
8.495987272350262465e-02 2.955263703452473689e-01
6.048423253984976933e-01 7.744358725454879577e-01
3.655093813372614076e-01 3.357888988143001852e-01
1.955162061913151839e-01 6.013384508923930172e-01
4.727896850378160987e-01 8.123161232516298291e-01
6.193121969249324454e-01 6.691589333938218198e-01
1.828691437506807516e-01 1.756648839835561193e-01
3.825665461213799134e-01 2.658629690858896888e-01
2.653523159350814620e-01 3.257884639108815650e-01
6.872130070712266781e-01 6.524502426771426888e-01
6.775200410682465924e-01 6.743682974400908581e-01
6.522283790560217120e-01 6.616151529986596946e-01
8.141892634741354495e-01 6.926453668108530914e-01
3.754996811245464028e-01 2.527961454937652230e-01
5.265064260525492701e-01 7.983742531901081296e-01
6.578012935305770359e-01 6.503369124964883952e-01
4.602010369949541269e-01 5.190055783066044315e-01
3.371068884332136806e-01 2.796041451838479075e-01
8.010355032613298842e-01 7.848030739638058861e-01
6.347058838146215631e-01 5.056887708317823193e-01
3.384553843373055426e-01 3.361626643366567024e-01
7.357286405287252196e-01 6.513134607303887602e-01
9.262359768436310981e-02 3.001032719178567953e-01
4.822965450344756655e-01 8.586268130612326743e-01
4.522846455143063049e-01 8.152423071243538599e-01
3.274832307999722136e-01 6.349036254033881832e-01
6.783081290561679966e-01 3.754451985687915494e-01
4.754063079265324898e-01 3.361237351388024486e-01
1.184922540617114328e-01 2.748663212259551680e-01
6.355505650994907052e-01 4.723432304917226654e-01
3.503259413089957475e-01 7.151398398334938289e-01
4.410307392110921487e-01 7.369494145322258438e-01
6.690583715601063908e-01 6.702256128262931156e-01
1.530834057454842356e-01 4.242986822752741194e-01
5.247572710082766267e-01 6.416890858912431828e-01
5.485087336949053816e-01 7.594124238941261096e-01
3.741852456497828938e-01 6.164429451786208602e-01
3.239114636322095730e-01 2.446806234070077746e-01
3.715225137054088966e-01 8.175320977905080611e-01
2.791653847534356081e-01 4.058852401252626696e-01
1.477924877297837614e-01 6.278271104537311853e-01
8.181253392229381749e-01 7.761184766240036836e-01
1.222259374952830296e-01 2.183930329129506187e-01
3.152932689310290471e-01 4.313347596660533356e-01
3.631586450752091189e-01 2.453684017782717386e-01
4.680555305402768207e-01 5.707580650088164287e-01
5.919770825349363053e-01 4.794743750754882905e-01
3.411344577331583139e-01 7.634012483728359610e-01
1.167789884599959027e-01 2.386796453539606067e-01
2.670814032554166828e-01 2.960086810701367255e-01
3.535760369131268899e-01 7.567264975243732650e-01
7.955721316618566963e-01 7.286916760921473557e-01
3.821009137016102009e-01 2.322998091951704036e-01
6.511024496154552699e-01 3.449677041796281873e-01
6.852486858143939097e-01 4.166678119858644447e-01
3.607407168987137869e-01 7.167467856949450988e-01
6.492579819344063141e-01 4.133125596377708044e-01
2.715370150631555846e-01 4.034336495930862521e-01
4.018501370753979063e-01 5.302123554711287712e-01
4.294373481729162334e-01 6.122476149396616218e-01
4.572727080826163304e-01 5.626806051313948398e-01
2.051224206348928047e-01 5.895708735125069211e-01
6.114005673939920671e-01 3.206684917335413942e-01
6.698568030382928695e-01 7.938346054116901529e-01
1.267067067867946317e-01 5.429056957908091618e-01
3.367335686226811675e-01 5.765757875610197924e-01
4.693986885746354587e-01 3.739188330124620929e-01
5.494989861710347645e-01 2.807958221441952951e-01
1.663522227767831319e-01 3.386571770288361316e-01
5.839873034891313042e-01 2.681471395238510524e-01
7.448891426405993554e-01 7.390484357373907631e-01
4.758721283783027833e-01 4.638513003596189677e-01
7.120417838424204504e-01 5.685551786330882429e-01
2.755293066658916490e-01 4.330984579478907581e-01
6.037792853384857938e-01 3.652920280114093643e-01
4.725479826148132334e-01 3.954775361421911106e-01
2.981239515810069074e-01 7.369384456772088976e-01
8.251485821172248603e-01 8.113876208675548929e-01
2.826421006962936411e-01 2.305227801977089430e-01
4.328524143311532346e-01 6.297494381857786649e-01
3.207395593583456384e-01 6.395707446776454086e-01
5.009992933480847954e-01 6.663345764130704785e-01
7.423204584171640974e-01 6.207148533058858275e-01
4.829304230472535875e-01 3.626918461503732538e-01
1.385316291472612760e-01 2.884663895518224663e-01
4.281301681953747496e-01 3.954714669255329218e-01
4.512828791661242511e-01 8.218406887899856184e-01
2.855625427897756641e-01 6.287148720353088471e-01
5.823620142395843358e-01 3.858264576728200335e-01
7.096407529317698692e-01 7.674418388557240345e-01
4.927260799566329785e-01 3.443168420875067914e-01
5.747644489080402375e-01 5.562601286386135158e-01
1.804753846326004052e-01 6.767519492665796665e-01
3.781047254809210556e-01 6.077795975097982639e-01
3.183317919471447821e-01 2.177023293115216140e-01
7.667508494845457490e-01 6.592261268358463600e-01
2.772827808118573656e-01 4.742995627697873529e-01
4.082327800106007598e-01 7.540708426128915898e-01
2.012821502182557676e-01 5.620480515414745248e-01
2.804126837316565646e-01 7.226697010157596690e-01
5.544956738064855672e-01 8.423168801525273697e-01
6.730146819211396680e-02 3.451793531073384935e-01
2.441134206460627842e-01 2.296889368451453806e-01
7.154346086468910126e-01 5.960828722465141283e-01
5.829612084187152377e-01 4.827015710435172968e-01
6.946307316863098436e-01 6.157360915207068519e-01
6.581853770976133777e-01 6.313247235683663305e-01
6.142416307842161194e-01 3.624950360949728001e-01
4.256771216525492840e-01 7.533298135216307534e-01
4.544218258765540530e-01 7.977674791759769013e-01
3.105136788742433041e-01 7.268944662426962688e-01
2.806629510581350462e-01 7.410310843314011908e-01
1.824767288730208825e-01 4.836601546523303652e-01
5.016567135435338054e-01 4.909858252564414105e-01
2.548723129596754955e-01 5.332866819995699670e-01
4.274673590612034224e-01 7.723986133258150533e-01
5.432608297789792706e-01 2.557843859659266750e-01
3.726976010346478296e-01 4.799326443521464425e-01
4.186315443540063463e-01 3.801122978222261084e-01
2.331637747525618087e-01 2.096971751413546914e-01
4.103077865321270723e-01 5.939369776088642139e-01
6.382346606255387966e-01 5.453792002133582839e-01
2.966026063916663569e-01 7.967512996545983439e-01
5.004631283841235456e-01 6.187605743298982830e-01
5.906275159331859648e-01 3.724541701715167741e-01
2.118250565496507531e-01 4.229031836729048033e-01
6.005443271271696526e-01 7.876589435250960225e-01
5.887252649604022281e-01 7.222353224061257571e-01
2.649066678407243636e-01 3.365019961044914965e-01
2.955878251534613255e-01 2.219072504182933725e-01
2.190555618170381136e-01 4.059837835799774419e-01
5.246809028004133513e-01 4.680848853667550769e-01
6.243967378468426865e-01 6.543974687047580119e-01
3.964391949962330353e-01 5.130719254082358738e-01
6.587513607117709835e-01 5.884924061081906466e-01
3.086717382895957096e-01 2.686168244260963012e-01
5.028173489446322586e-01 8.379360524802665910e-01
5.213273645980243121e-01 8.443633323464486695e-01
2.470498900126401609e-01 5.003044081198029236e-01
4.636018811535297379e-01 6.051870715125428069e-01
7.144031254791798069e-02 4.313130518384693524e-01
1.081216390284708562e-01 2.922313503689808467e-01
3.552538459876559696e-01 2.746304324918185658e-01
3.627064147792354309e-01 3.738989424447807797e-01
3.043777857007336496e-01 2.433449062799726559e-01
3.045815923825464511e-01 7.746791733709510464e-01
6.182302843511426893e-01 2.941205131031245368e-01
3.491518905287458452e-01 1.830549959065891075e-01
5.835408994184942966e-01 7.468080609551367433e-01
6.128564991151589370e-01 5.636345118474470617e-01
5.331576222317047087e-01 3.294851371431339881e-01
7.936595019181142963e-01 8.023291079871078813e-01
3.028965094277148440e-01 3.044817191720671778e-01
4.383696691686908009e-01 4.805738013899749084e-01
5.599984665975306086e-01 4.330587802268413000e-01
6.803899132803270522e-01 6.543216806290561571e-01
1.289308056057827945e-01 6.686548639153057083e-01
2.673209381878171031e-01 3.429100889702577648e-01
4.663254281146481106e-01 3.300843698221438416e-01
4.706239766245629563e-01 7.684603816637253226e-01
1.395852908568468165e-01 6.358591696045853281e-01
1.577654557318417528e-01 6.760384554398451984e-01
2.308639542014251367e-01 7.402208002419347066e-01
5.443380748976777150e-01 5.786581991059802643e-01
5.427275206869116575e-01 6.596012428001377659e-01
3.486008400403836638e-01 4.003893020228696531e-01
3.776706889992420546e-01 2.916829388631161923e-01
1.037775139178268441e-01 3.257274899400959267e-01
2.764730309389717977e-01 4.625873678154891477e-01
1.312258328596193069e-01 3.797417549742361231e-01
2.172152459971864735e-01 6.347040001417161292e-01
9.378761363517665317e-02 2.277696357297320229e-01
4.562174023096900455e-01 7.966644690043960253e-01
7.197569442521281058e-01 7.592208424900372954e-01
4.931622598219993492e-01 7.723298726398688530e-01
6.841777952338534696e-01 7.012348067756211112e-01
1.928327241181821139e-01 4.658132210463729050e-01
5.069662146698487026e-01 3.716916646895330190e-01
6.592392836722578142e-01 8.141854749849621875e-01
1.911989276474818644e-01 4.478972231741941701e-01
2.661189642739756334e-01 5.308968458733405171e-01
5.616850791975430690e-01 4.394636737915976754e-01
3.238362127738709795e-01 3.820877869620648015e-01
4.176781064352248496e-01 7.055402508996134747e-01
7.093846353950324923e-01 6.020038320803040577e-01
4.797710243343012992e-01 3.942591972915037712e-01
8.634307383166646144e-01 7.141779162371215683e-01
7.174809498536969254e-01 7.276418746008881389e-01
5.122040702868089213e-01 2.677310541495923069e-01
5.418884088632677232e-01 5.399830130695146835e-01
3.748418636632351308e-01 6.358519168616063588e-01
8.098289776567060283e-01 6.404746841030789506e-01
3.448915078636960452e-01 8.162601716560986542e-01
2.464328662179355589e-01 1.882700899848262499e-01
1.002727999357082012e-01 2.540023828259309058e-01
7.476472418677718723e-01 8.205561300913816192e-01
2.214436350564392142e-01 4.035960412378657436e-01
3.674916511152713783e-01 7.559980359708216024e-01
2.738898655187874120e-01 6.576536622399462573e-01
8.763742784042158895e-01 8.121929235198062091e-01
3.308815106250345695e-01 4.061701251350231523e-01
5.437741556373018037e-01 7.424190301455257934e-01
6.480398209029026857e-01 8.251938406818907223e-01
8.124144519432240363e-01 7.297381036648111774e-01
3.754595300226682975e-01 5.053181961286441481e-01
7.779150578611639943e-01 7.491921418493443507e-01
7.098668812713335718e-01 6.818909357347210376e-01
5.065116361647213905e-01 6.903619231305482273e-01
3.461298566436379343e-01 4.011326072235039675e-01
6.745118709133209878e-01 7.337597921557386105e-01
4.433095812140281922e-01 6.968791536472426218e-01
4.226902152559896542e-01 4.433376220764274622e-01
4.433776229463903817e-01 7.253959570410620783e-01
5.348587628002257066e-01 5.894644830105745248e-01
3.228823397277635343e-01 2.839718488569138999e-01
3.503836199331786805e-01 4.876598032621843881e-01
4.194085814283394775e-01 3.395774346509103925e-01
7.883310084996730804e-02 3.745559439821736780e-01
3.972868669158024502e-01 4.544985626335763529e-01
3.514439305686051229e-01 5.372085045340648790e-01
1.136575744372314012e-01 2.466513648340408760e-01
8.751923004737693912e-01 7.894861997317318414e-01
7.268936879271068463e-01 7.524387994916612588e-01
4.710998143108670044e-01 8.076426715152084101e-01
1.172802217695703419e-01 3.081213821864997038e-01
9.134172839493324147e-01 7.934115173254072673e-01
6.749576100997587425e-01 7.133178878393342526e-01
3.027040451950936406e-01 4.620289864717256334e-01
6.284203960697729574e-01 8.209777611236945827e-01
6.343925838239246051e-01 7.298195143697250309e-01
6.879019434296950175e-01 5.774908439316313036e-01
6.912673082637692534e-01 7.659733120183118693e-01
2.190298942252597025e-01 4.874915348905891066e-01
6.742628622133288729e-01 8.363741698173856598e-01
3.036167226230696570e-01 1.753436821722359484e-01
3.851951836406375951e-01 4.701097281428453512e-01
4.564246540049743950e-01 2.896108051560263297e-01
5.592889662039555176e-01 8.096207246863535989e-01
6.963387619767398284e-01 7.451363158752223326e-01
2.977890737976514046e-01 7.714340646766177922e-01
3.028804981729756873e-01 5.082332513422191944e-01
4.914444020604653018e-01 6.749463183119327470e-01
2.091104146410379672e-01 6.216993286295718901e-01
2.894369693714351488e-01 7.586879075518186966e-01
4.832372955502590717e-01 5.414351264199069869e-01
6.623401265033377339e-01 8.389012457546665136e-01
6.816928614262965924e-01 5.954057088562677569e-01
3.435398562554107249e-01 6.521471046181794851e-01
5.908903574295283345e-01 6.849570356471023080e-01
7.995383017483261856e-01 6.996836667637916785e-01
3.495270304318878196e-01 3.145650316104081079e-01
5.922342714094895877e-01 8.035293176923092862e-01
4.387600021994023103e-01 4.796081775096382449e-01
6.835681447809109912e-01 6.433266207605833342e-01
4.713930564637349718e-01 6.350179127621967679e-01
6.560488245244409100e-01 7.254691971047977361e-01
3.863333799270300406e-01 2.696863507204183552e-01
1.702251337003578002e-01 3.693288387686329832e-01
5.818560867827089478e-01 2.890518766011133112e-01
2.099900131407778925e-01 5.176319268641683680e-01
6.672483624006946279e-01 3.892343667264924201e-01
5.475062127908684184e-01 5.868171083215133477e-01
1.006730178931861952e-01 3.405173715599437712e-01
3.403576732563140528e-01 7.267491190930064349e-01
3.610801457057766783e-01 3.741512977071717039e-01
5.835835746959141535e-01 5.194073204012384926e-01
2.806803647842265881e-01 7.155561767015652386e-01
2.519570470417070163e-01 4.125434782972605685e-01
6.580763605230441904e-01 4.786350764083404652e-01
3.045455160261508754e-01 3.333561665061858248e-01
1.770699112483821724e-01 1.558441298026876365e-01
5.940110846206283490e-01 7.794584319367185987e-01
5.031780162708827664e-01 5.412917264477994372e-01
2.428383936229339679e-01 4.668762070911387507e-01
5.886115705323428093e-01 7.304556733673059910e-01
6.986615835558475096e-01 5.553030722414771247e-01
1.074581596222389662e-01 4.034762295806690879e-01
4.355904018556515656e-01 6.038214736907983049e-01
3.606706731992819770e-01 6.020078249789089231e-01
6.613502341005996765e-01 5.754069768284771902e-01
3.755604705154677592e-01 7.102930296961089685e-01
3.978559587767037664e-01 8.475737405670074054e-01
3.705062028660950912e-01 3.535337915243384477e-01
3.554549405022389696e-01 5.902369293186562338e-01
5.684746188770677389e-01 6.134968620795065997e-01
5.647708280175774975e-01 5.483467191955558873e-01
5.386838581107632473e-01 8.118356461611804242e-01
7.701969999109654630e-01 7.517420860688972528e-01
4.078242800212885100e-01 4.682075880792084810e-01
5.009709771887072005e-01 5.089445131451407756e-01
4.334818837876329156e-01 2.222046405715915329e-01
3.427270980554332769e-01 7.041700530339224384e-01
1.943582015518864614e-01 5.356480884189791514e-01
7.423348503889318772e-01 5.836228252424154883e-01
4.904549099198156070e-01 2.787381628955992174e-01
5.430968845960262303e-01 3.954286338575611626e-01
3.903107668595029445e-01 8.254074655761660662e-01
1.685109135159278126e-01 4.191803581912740273e-01
3.345159946766753656e-01 4.304729790816620993e-01
5.876807720974680516e-01 4.499407359808841322e-01
4.550494320558044481e-01 8.359497238271504926e-01
1.624725887118142198e-01 4.496365935521046131e-01
3.498715469848840964e-01 2.502556503100461516e-01
5.051201985676296857e-01 7.643078402604753796e-01
7.046692005927055469e-01 8.123889311069283359e-01
6.746398756926730300e-01 6.009264424625079259e-01
1.920392463484344447e-01 5.372199357655011998e-01
5.886143270321338994e-01 4.974734337339665191e-01
7.660500901263892493e-01 7.025576307559965317e-01
5.042017023906876227e-01 5.560118047821164255e-01
4.202281652808229073e-01 5.793804468029567500e-01
4.114256621561598326e-01 7.868323625680040401e-01
5.734030173003005215e-01 5.589668289202389673e-01
6.504913339364775116e-01 6.604156990294762775e-01
5.299571844282434663e-01 4.551002984947792318e-01
7.460793928724366308e-01 6.795159128852228392e-01
5.464918240884262257e-01 4.723951203062970450e-01
3.716715836147716501e-01 2.114094479781278846e-01
1.395603777202926443e-01 3.026186063382265701e-01
3.999613413277035567e-01 7.070380798470002892e-01
5.592599164350270380e-01 4.134402136837564412e-01
5.483201578206530202e-01 6.351457795653261407e-01
1.585948420907238865e-01 6.512706955060425518e-01
4.596974040611307988e-01 3.772483607780356962e-01
3.615488697722481493e-01 3.654557928051958560e-01
2.720236233181438923e-01 6.124791033386139949e-01
3.321112256965006448e-01 6.052147984222780996e-01
4.197317469763492959e-01 3.686208726042722872e-01
5.415374826450529699e-01 3.444674389641861900e-01
2.948247205285746131e-01 3.588371071660746980e-01
6.701836146844021291e-01 4.212746991130330021e-01
3.850427611667917027e-01 4.170272046658887177e-01
1.850074963769472447e-01 4.192173310538331310e-01
2.413422980714480248e-01 2.983064352090307736e-01
5.043865674165651791e-01 6.745174397753066486e-01
4.660578173498389765e-01 7.490479456995476903e-01
3.661628943802189839e-01 3.292308986156873285e-01
1.645523771225277099e-01 1.709804269474500260e-01
4.210844039789184978e-01 2.551063497859114571e-01
6.918876246694831700e-01 5.412593204561155780e-01
5.835130068983055418e-01 8.139978544439336883e-01
5.069093770635725305e-01 2.767568175763447380e-01
3.420093837360787536e-01 4.570564465574286084e-01
3.096331805906833989e-01 2.033092159475209104e-01
3.434116655356515002e-01 4.976012024064954686e-01
9.101251319689225294e-01 8.130766014852550683e-01
2.940211136550026638e-01 6.508634610978663027e-01
6.735327603065515145e-01 6.072940030465621142e-01
2.391495733658634548e-01 2.143310139596405484e-01
5.233457355320880744e-01 5.727936987845103634e-01
3.020639502295119350e-01 7.816623676688319033e-01
6.436887610657304748e-01 3.373075828122487074e-01
8.211715296537895892e-01 7.559911684955260558e-01
3.928091383544389248e-01 2.208360584741358434e-01
4.419837076714251967e-01 7.666355569587214314e-01
3.682741423616808785e-01 3.574915917453653225e-01
3.911658519828198344e-01 3.476168837288003965e-01
7.616775904455348467e-01 5.438520875114993824e-01
1.781248401953632599e-01 5.147139787582856174e-01
6.388990585033609282e-01 7.119513454157967436e-01
5.265733763314901505e-01 2.805301834183476783e-01
2.613151132709040647e-01 5.694457374605184086e-01
7.066053409055064183e-01 4.876545853830170918e-01
4.598470489186957666e-01 8.415847789589147032e-01
1.195900226701957503e-01 1.317187036414685375e-01
5.424832658497313886e-01 5.129299021486248833e-01
8.858378291998963983e-01 7.532737740655696124e-01
2.766081926867458574e-01 3.574521363215123482e-01
3.808785529480165355e-01 5.281937931237513650e-01
5.438429030361829897e-01 6.109121580355344472e-01
6.613109833575123719e-01 6.710461818981494631e-01
3.808847871667967455e-01 1.937169078863724136e-01
3.307015513015058028e-01 4.604214040607909064e-01
2.715523240564484686e-01 5.633475347798853061e-01
5.054043252487994131e-01 5.710147390961430869e-01
7.293359947114913533e-01 5.343917146316916611e-01
8.023654058239273468e-01 7.461985270638131773e-01
4.059043975694000550e-01 3.339819998186053795e-01
1.079355907461033437e-01 1.999770004686586278e-01
4.869999019386393457e-01 7.553292476278692380e-01
1.425417876288603003e-01 4.377345723200660732e-01
6.226958856523162611e-01 2.816153790388749578e-01
1.593381341311531085e-01 4.251863584686361164e-01
4.349428815353933997e-01 2.100916715018670833e-01
1.855280800081851034e-01 6.880470506746069193e-01
1.579150900534052049e-01 2.101908521781299943e-01
3.647565322257520504e-01 4.639073844701934179e-01
4.186511564219330683e-01 2.212495709341143757e-01
3.541396651356292224e-01 3.844296011477654762e-01
3.568713699410791529e-01 5.920543921441350221e-01
6.807733505409453434e-01 6.745993853016017949e-01
1.615528061989922604e-01 2.917963609477912112e-01
3.029085314725917799e-01 1.733951833372175955e-01
5.042214840764485118e-01 4.623613765507620377e-01
6.649110161517970408e-01 5.485251312132656265e-01
4.636999940364804895e-01 3.265933297487136344e-01
4.942292841109562351e-01 4.526773736924277758e-01
4.114593070850207646e-01 6.419912520886061902e-01
3.480464967645721663e-01 3.440830124469801965e-01
1.007818324366526463e-01 3.252664476358504975e-01
5.450600061787129746e-01 6.763881437108090200e-01
6.574325593494447784e-01 4.245561890449159881e-01
1.032365514202215062e-01 5.273117991008904326e-01
1.237540495738451707e-01 4.567160623631746352e-01
7.032033513744999631e-01 4.199078217307417038e-01
4.672123601089612777e-01 4.802791000160124835e-01
3.408787336010606350e-01 2.942050796970343551e-01
8.194392190009524013e-01 6.201572304780452738e-01
6.376551930259154455e-01 4.442898313027786039e-01
2.517757201657230270e-01 7.481978121584650365e-01
3.813700081818124921e-01 2.163818446182054767e-01
3.163943618530143387e-01 6.867230787553897375e-01
5.828874460845087091e-01 3.577736600074991613e-01
5.027613988475636564e-01 2.726742352618070631e-01
7.764358476019845856e-01 8.042592889988640081e-01
3.882424860050407434e-01 4.837022968772191067e-01
8.241369024044071789e-01 7.411095632516460086e-01
3.812367965493995148e-01 5.032011846572296276e-01
6.206372115248417476e-01 3.785491422524290273e-01
3.212826603019340310e-01 3.726738363328448433e-01
6.279250760150040245e-01 4.901183295890400582e-01
1.448025997260531939e-01 3.056597912184393917e-01
1.467595307409994554e-01 3.578021091512163521e-01
5.232893138036450731e-01 2.668975494714422858e-01
5.915819228405644337e-01 7.215484374975492665e-01
6.973791838414465927e-01 5.175124099635078911e-01
2.479493834925881601e-01 8.050424596852689962e-01
5.271287124431627280e-01 7.961360637809763441e-01
6.455187955720786963e-01 3.191424829402141339e-01
4.092409053600065127e-01 3.199963774561035423e-01
1.405966878590809155e-01 5.755269180470643509e-01
4.435729071460741690e-01 6.861326037837887082e-01
4.128015366022005916e-01 5.124835983581718102e-01
2.270176981064972732e-01 2.797031489018816930e-01
2.975697375923359589e-01 2.019696534552788969e-01
2.112912691366357898e-01 1.682240158806541097e-01
1.999213124910004802e-01 5.920155424693844814e-01
6.257059286937485254e-01 5.654573238110823796e-01
1.383406143322704895e-01 3.775345644829567471e-01
4.012090026612325500e-01 7.189689901783947734e-01
4.250742832741221111e-01 1.872312345410411805e-01
4.147321253792465856e-01 8.145132139660222759e-01
1.855704739899844968e-01 2.263629846570221760e-01
3.238482498133540832e-01 6.572010514537788284e-01
2.616993356436292384e-01 3.525912828252655284e-01
1.450673190454856154e-01 3.062698167472622246e-01
4.211796635580681292e-01 4.077195012461604096e-01
4.653817496846208712e-01 2.518345858955536865e-01
5.270354114420290337e-01 4.203127360027952841e-01
8.044185226714970494e-01 8.061554460033028002e-01
5.265408999964436010e-01 7.934109668926417891e-01
3.335461939207698956e-01 5.272576124494167127e-01
2.494557981578343631e-01 5.940658795090876243e-01
5.168162998856589141e-01 5.774277427720015954e-01
1.170953230431756031e-01 4.601111508663445204e-01
4.766155957247340536e-01 7.010522878632202692e-01
2.415106873814805710e-01 6.067560741808112335e-01
4.636574139522413041e-01 2.896446524869203953e-01
8.516553939577410359e-01 8.172387026503856733e-01
3.634817054704499451e-01 4.852030872115895010e-01
7.579301226796880675e-01 6.338983572225498353e-01
3.423531099177262171e-01 3.978224063699686841e-01
6.659835950815973238e-01 3.977191198129578220e-01
6.392248551050291328e-01 7.107741842173118663e-01
4.532299854798058081e-01 5.078143143863901310e-01
6.900615309411622933e-01 6.141914979905456207e-01
7.433922078496338903e-01 5.165304033347508650e-01
5.113300485589147293e-01 3.628169718179702352e-01
1.733236477835639333e-01 2.294014125814256844e-01
4.172819303090069543e-01 8.201823002388023420e-01
7.383416294050264561e-01 7.849418794801135135e-01
5.356730676493147714e-01 8.356301569116986183e-01
7.281409035041944700e-01 6.963740340387525318e-01
6.689896000631885276e-01 4.760466616571484844e-01
4.075364501525730043e-01 2.093434620259463086e-01
5.971536462082712715e-01 3.393919508560171994e-01
1.524843286600588155e-01 3.275202026686048207e-01
3.631798654174983598e-01 4.479452924661238011e-01
3.230598708890928261e-01 5.316615455369599896e-01
7.301977724655792645e-01 7.076072923741376641e-01
4.993530085644483640e-01 7.491283916830963063e-01
6.898678307480511362e-01 7.814519169396401121e-01
3.305320379429463884e-01 4.954490395270156333e-01
5.681571700306224937e-01 8.324135773910472658e-01
6.098449799662204462e-01 6.948233040372000513e-01
4.299295917804996092e-01 3.978020654631404529e-01
1.841222558833089662e-01 4.397179545077781748e-01
4.558690548500934359e-01 6.465320633839604092e-01
2.834321755357042116e-01 5.729295899386536162e-01
2.667491054260033301e-01 5.133127411011596530e-01
2.305355623229825013e-01 7.485112402676366017e-01
2.229013504222742137e-01 3.120569596068240026e-01
6.516203689574163738e-01 3.893733426367148587e-01
4.724583237041538042e-01 5.841720536017924736e-01
2.457986984437223743e-01 3.240420492837759459e-01
3.921659145853667039e-01 4.225994611011693602e-01
6.772094733307720826e-01 6.644741802440065070e-01
1.429924299646593566e-01 5.385368443381587378e-01
5.917344960250831010e-01 4.853170669009493343e-01
3.327454572063406335e-01 6.759012575187270944e-01
2.006221177379918785e-01 2.483642023136964916e-01
1.958841490469144242e-01 4.462581421925869707e-01
5.132767699392409844e-01 7.816421087329680217e-01
5.117560440884183492e-01 6.042063636172005925e-01
3.371283772722903915e-01 4.506598899369337330e-01
3.915788482798527870e-01 7.377332824342630602e-01
8.895288151604396898e-01 7.723034244299161744e-01
5.488674672608451210e-01 8.212353356367841917e-01
3.264515390466063982e-01 7.493913786635173491e-01
3.004999998251020044e-01 3.898326515992668884e-01
3.800975969950680100e-01 7.020974130599503260e-01
5.649060809693535745e-01 8.003152840404941237e-01
9.128056744020235369e-01 7.710692064195628914e-01
2.355306229699475340e-01 5.396438206461241505e-01
2.785840402063980981e-01 4.915944596833167757e-01
5.010043467855190835e-01 4.734572700119906719e-01
6.197627139301578048e-01 4.649999363664131247e-01
6.485318757572049453e-01 8.460997556334916014e-01
3.871108443724572412e-01 4.917849138402299314e-01
5.293400530015390792e-01 7.902878901067132977e-01
7.854250735751237000e-01 6.690852294050477767e-01
1.814178324865192704e-01 3.420709004643598394e-01
1.851872228367145157e-01 6.681613774391057525e-01
7.313823792881194441e-01 6.554684962778790647e-01
3.185305894302099539e-01 7.647555090419293489e-01
5.338887970855482612e-01 4.971521921280402379e-01
2.485133520421561326e-01 7.091005076533593021e-01
3.737491030639620848e-01 5.758226978986016320e-01
4.633223573164675924e-01 8.430623065219909895e-01
5.040915557426257632e-01 7.657086354484746726e-01
6.606773840138348008e-01 3.994221288649957291e-01
7.827947407744378916e-01 6.853464129994888410e-01
4.245417528753518965e-01 6.216146980867862659e-01
1.433049846471637356e-01 6.058246797860511457e-01
1.508968526906593610e-01 2.941947439123989150e-01
1.687989414518671627e-01 4.030407205021034889e-01
6.837513583568068931e-01 8.144239580624258457e-01
4.838409099727863927e-01 8.047276545612628285e-01
5.069968475294097665e-01 2.172308691751125287e-01
7.770597708579365381e-01 5.590916396628056173e-01
7.385986967571512851e-01 7.792660480425166458e-01
7.589387645664672499e-01 6.869471954941810399e-01
5.597253322339129644e-01 6.311496958277951208e-01
7.277603984617102562e-01 7.227479574736808132e-01
7.487023589190751061e-01 6.046509588370834187e-01
1.327757867106584555e-01 5.748746868475986815e-01
6.689540125531290293e-01 6.118709602316048102e-01
6.138409571629956929e-01 3.432215661421350594e-01
2.653861079833043091e-01 3.290640966058402395e-01
2.677178343015567119e-01 7.441217061442609859e-01
5.076351616169101355e-01 7.278881403918580073e-01
5.774561698776077279e-01 5.505280243419120589e-01
4.247770800392637325e-01 5.588807275479282799e-01
6.177980481016205339e-01 2.703110861328289483e-01
7.124836387884968536e-01 7.981723213425655494e-01
4.425019288682201513e-01 5.514885596604033324e-01
2.688551564178934816e-01 6.308568251337229871e-01
5.067614473590192903e-01 8.063827234622682472e-01
2.315280456200260739e-01 2.933849184220835293e-01
7.774246106649540522e-01 8.085098890361920310e-01
6.543174455963876035e-01 7.456799182228643907e-01
7.035080855392857047e-02 3.405362255953082173e-01
8.240246702933626821e-01 7.909258567087367187e-01
8.673312633718519571e-01 7.092497434990665539e-01
4.164386249887592206e-01 3.347229029711688564e-01
2.029266144179453779e-01 4.873039477039535772e-01
5.304067263533965848e-01 4.997669313268898184e-01
7.903341186511536609e-01 5.715801272769100994e-01
6.920686984837056688e-01 4.925543772085185235e-01
4.675223159894504321e-01 8.682812963585315735e-01
3.588567450872984232e-01 3.432255093452654116e-01
1.044440896904732380e-01 5.336150671029726844e-01
8.992674477295192759e-01 7.881875529559821958e-01
4.501674000321289060e-01 6.992484944277210790e-01
6.283171166048439060e-01 4.825889636556173201e-01
4.605280655812957202e-01 5.445929243546276943e-01
1.480452846617621721e-01 4.391480943085639965e-01
8.746788268589168747e-02 4.040403964016173743e-01
6.296958469561082516e-01 4.718254289691769521e-01
1.796737354145224452e-01 2.495120279850600031e-01
2.684980419712929001e-01 4.817048982572716409e-01
2.948120131762028140e-01 7.095246656607110403e-01
4.276543134507253541e-01 4.895344243571588261e-01
7.746600421682452442e-01 6.648866865053668640e-01
2.756223448019001210e-01 5.921979099161188698e-01
7.197359631022748339e-01 6.811429198081468961e-01
2.692470308696639503e-01 7.857503571232546946e-01
5.973888077254541074e-01 2.913491484291858558e-01
