6.382187623142039357e-01 1.257407920178193195e-01
3.824624464321238482e-01 2.881893447756214699e-01
4.578645802049388647e-01 5.426380158036799850e-01
4.932888960030925585e-01 3.359644950019893272e-01
5.463070679209384162e-01 7.781566170751124112e-01
5.307315271237350585e-01 2.414887888355702339e-01
4.680737779222371997e-01 3.901947153121915202e-01
5.007663799444121988e-01 8.277272038413410749e-02
5.428029087519876672e-01 6.690519393446219265e-01
5.039624614629027999e-01 5.380943436678399250e-01
5.212985096398236040e-01 4.663689351069771338e-01
3.237560415510764567e-01 4.325960107240157115e-01
5.609240774394963491e-01 5.233604868592772741e-01
4.846296517572754037e-01 3.721654533211791183e-01
5.123201008957916081e-01 8.124359354216610374e-01
6.310372310158212095e-01 1.316271454810406527e-01
4.646238531081023915e-01 7.998537828032104002e-01
5.809359652563939047e-01 2.821294327149060921e-01
6.100785408125793952e-01 3.519768831649391361e-01
5.937964009041282187e-01 7.059212958022502704e-01
5.369304732907860256e-01 4.621422595981509174e-01
5.204248299678634337e-01 4.869989932191286508e-01
4.149912909275655926e-01 1.452742186657534351e-01
5.750207252440263650e-01 3.874275083811437592e-01
3.146840348849731517e-01 3.486122625457049318e-01
5.881432928641620039e-01 6.988543856070269511e-01
3.402587263602686041e-01 2.599771409220671403e-01
4.648631754467303923e-01 6.419790521345105638e-01
4.960498012180457050e-01 3.150166623156873680e-01
6.020639078609794081e-01 1.156300986963038624e-01
5.474090066508843222e-01 1.132071431212745005e-01
5.640851242380303665e-01 5.108692828508158978e-01
4.419386243183105467e-01 1.904394696681246391e-01
4.175203788850658793e-01 6.542801390398096384e-01
5.729918808080528558e-01 3.736067311349190456e-01
3.071225272183452093e-01 3.368609660017041207e-01
3.670734645833083620e-01 3.813152841482562727e-01
5.401609219854793809e-01 4.875495664014892760e-01
5.790513502852369099e-01 1.213574571732387863e-01
5.978475642419658342e-01 8.294795747348967518e-01
5.359696424530866476e-01 9.397511964386213723e-01
6.318709072557064932e-01 6.885757798657758944e-01
6.058543594236756036e-01 8.746646780553640754e-01
5.174704465125534725e-01 4.017368428077197628e-01
4.393516497562721668e-01 3.459681569429774450e-01
5.721059556209014962e-01 8.636722175439575100e-01
4.906615910622567078e-01 7.852246649716034810e-01
4.295359178210099715e-01 1.245370752616018484e-01
4.759845832118816400e-01 8.103408040249131528e-01
6.027165705920667360e-01 4.146335914090646391e-01
5.713688482922796297e-01 1.590368905230923890e-01
6.040306154440022723e-01 8.157105339054273596e-01
6.562332142831948101e-01 3.393081210431968531e-01
5.418095081852118966e-01 1.844915828976954608e-01
4.281713938305254930e-01 3.036831696498883959e-01
4.056857032861673207e-01 3.036804085489573368e-01
5.652740400208429161e-01 1.967934238647698897e-01
7.191784484984354853e-01 5.718517089329550052e-01
3.678243488002214123e-01 2.665254935678898485e-01
5.307199564048905582e-01 8.922819446592324955e-01
4.888940405242950815e-01 7.757100327782037175e-01
6.113221989432229275e-01 2.915943800401959995e-01
6.901442806705458954e-01 6.098694138572460233e-01
5.678847589230228143e-01 1.984891446655753788e-01
3.925360966319900724e-01 2.904436488792906390e-01
3.905215550936957936e-01 3.708714948409150836e-01
5.981186148903090416e-01 1.547398839847345386e-01
3.875768687477028074e-01 4.575579485587061290e-01
7.011172705838115693e-01 4.886368388603169466e-01
6.943364366916866537e-01 4.142142897924481204e-01
4.046409826295579437e-01 3.458462671396073662e-01
5.847350544840125286e-01 3.713654557191085059e-01
3.933463817646428717e-01 3.314414905188201588e-01
4.467568491042351875e-01 2.711294934859724837e-01
4.348133570902573131e-01 2.394848151132443759e-01
3.099436478421030983e-01 3.422759530045718646e-01
4.596585387939414735e-01 3.328847060145502246e-01
3.937430295423097748e-01 3.038860775311762463e-01
5.685403544770823991e-01 4.523865845334004154e-01
6.494383677527769683e-01 4.611562620718334671e-01
5.195783375334021015e-01 7.702996632491743156e-01
5.256616067707917672e-01 9.174978294841509285e-01
3.468638110314876677e-01 2.610696536892279651e-01
2.719613129346770686e-01 2.950995353105380081e-01
3.621570374998225872e-01 5.923030674925681138e-01
4.314946368240777375e-01 4.487092652562663653e-01
5.743135402941168532e-01 7.031437540939686759e-01
4.892802856099170428e-01 8.648949543610998103e-02
3.230829861658992552e-01 2.290997534214178344e-01
5.287679925032156003e-01 3.957201243863311402e-01
3.577118366661609095e-01 3.340549979298496064e-01
3.701479424541912477e-01 4.569484778682584847e-01
3.343800799567576143e-01 4.031342330071219782e-01
6.094273141302861685e-01 5.588773124592680830e-01
3.607232212983246256e-01 4.371864718285310980e-01
4.702943487881528495e-01 7.538395673905730066e-01
4.911889625255296266e-01 6.311430532062181076e-01
5.502923205977428012e-01 8.641059394839807339e-01
3.189563799933571309e-01 3.075184999381741502e-01
5.302726843508475119e-01 1.440659128459040317e-01
4.973344967151057672e-01 6.717641296987657551e-01
4.325902856230287030e-01 4.997551798667601575e-01
5.591833899824085741e-01 2.459265097167835645e-01
5.286819718868234208e-01 8.625659252722885917e-01
7.007339331198403354e-01 6.009637701025113410e-01
4.315184391485037407e-01 2.952956874718634661e-01
7.032314805685778714e-01 4.221727569245882217e-01
4.403642245615952411e-01 4.176790003044833499e-01
4.992056677057765679e-01 8.600822634664229138e-01
5.645448101121974815e-01 3.386386381575522408e-01
5.624039676481752403e-01 5.113106091736450143e-01
6.265325788034258325e-01 8.000537684588636678e-01
5.505263716213296687e-01 2.580862472027407595e-01
6.401053414756605608e-01 6.178273858256428941e-01
5.115090110833363513e-01 5.000165517522165981e-01
4.676405270716751383e-01 9.099130194543593453e-02
4.431837260054938832e-01 1.351526383418982513e-01
4.387822609110121896e-01 1.579873837655079161e-01
5.659512436104767730e-01 8.272542410472440988e-01
3.490124883756949847e-01 4.810022811163974787e-01
7.325116888376945745e-01 5.921524685737163951e-01
4.660992116125695639e-01 4.638650147457894501e-01
5.338734107494450543e-01 6.109126607768804451e-01
5.984275884997852790e-01 8.945827426297224827e-01
4.712261448453616275e-01 3.693235692573957341e-01
5.056111815638697493e-01 3.555304018622605922e-01
4.783910201999310718e-01 8.075810802151179857e-01
5.975537753845092670e-01 8.042798011032112893e-01
5.406342775104885368e-01 5.365709747291169673e-01
5.810439481276392648e-01 2.611914945996088866e-01
3.193951378456743040e-01 3.555071185198125372e-01
4.228594796566526592e-01 4.987237573242021549e-01
3.732698647890810850e-01 5.450551951283368890e-01
6.364492738836554642e-01 6.275151806983197966e-01
5.371856705520272612e-01 3.879700350516517848e-01
3.335155785756577784e-01 4.772666959606551851e-01
6.397001152312997707e-01 3.664452144918403653e-01
3.494404215583730711e-01 4.244657377734549208e-01
7.046661014784914023e-01 5.790956755073873863e-01
4.667614701154209067e-01 7.260238117799231450e-01
5.879227410964475986e-01 8.661765653616312344e-01
5.628173835728749186e-01 5.764515750854144471e-01
2.814149709279877842e-01 3.241039540442050559e-01
5.710466531194428041e-01 7.022632325008955068e-01
5.834793749936635354e-01 5.680838237815217795e-01
6.049855942591690905e-01 6.411384701515081552e-01
4.615248131683848953e-01 2.142472110752112469e-01
4.831653373178084188e-01 4.706890231088846077e-01
7.059171681539130327e-01 3.676761584651795922e-01
4.984813885309338222e-01 1.090616636078600155e-01
3.976951977518665693e-01 5.310555392035422040e-01
6.519603303667015348e-01 3.978442908243419174e-01
6.931480570969980048e-01 4.381612749206281743e-01
3.571388037546018301e-01 5.522572940751224735e-01
4.950179661527706054e-01 6.321178274537098130e-02
5.022059541935652849e-01 5.287218703363982808e-01
4.902058361937702280e-01 4.145888679853703129e-01
5.626359658543363951e-01 2.746089726788917273e-01
4.666874687218097728e-01 7.044961490571981511e-01
6.644867015421993539e-01 6.923702016709404328e-01
5.313589070968939287e-01 4.225847990501730433e-01
6.875156379040973098e-01 2.414167461104253787e-01
5.766841621396929796e-01 6.590215827507577284e-01
5.574184615962506362e-01 2.314329151422326036e-01
5.061819991075794389e-01 7.398680527810668206e-01
5.043107218060193242e-01 7.029694920381021617e-02
4.732822952761262525e-01 7.598351051434037995e-01
6.288565443508393749e-01 2.146689830655278963e-01
5.876721714609963731e-01 7.265719246139890064e-01
4.009675527840593223e-01 4.845276613129393950e-01
5.699173392818479567e-01 1.031242819362046814e-01
7.118944018858474054e-01 3.681744331021644667e-01
5.457782542628379918e-01 4.957747202279952359e-01
7.253959837308812109e-01 6.858404103941334595e-01
5.470270595575047468e-01 3.580011390876819410e-01
5.840407288034105138e-01 8.900932581314588421e-02
4.172517314540643563e-01 6.024945986376630813e-01
5.756668385730258075e-01 3.576544767144828052e-01
5.172272104440464036e-01 2.078631303746348302e-01
6.579969152738583960e-01 4.042219888292005736e-01
4.943594679658859237e-01 6.530484637647364643e-01
7.203578833563742956e-01 3.993549243217435762e-01
6.687842611719616581e-01 7.972353780783358879e-01
6.251089664872196972e-01 1.655231199218271665e-01
5.184665888725569216e-01 2.394903487191688551e-01
3.621625025982176949e-01 2.975252811851778478e-01
3.436307021465975775e-01 5.972670946682766546e-01
5.659097129718202446e-01 2.163038119907975121e-01
4.500455583350120303e-01 2.002663644800403708e-01
4.349985953808974681e-01 4.373003353261005199e-01
5.460771436101774512e-01 8.439180870188969230e-01
5.307951070874241672e-01 3.865000926820628679e-01
3.394379972015229563e-01 4.948886793507270565e-01
2.867539675134748167e-01 3.788884937256437047e-01
6.436454983597886814e-01 5.233098984883743920e-01
3.810701598422776004e-01 5.431614429741264960e-01
4.929051417017017434e-01 8.484995050300598862e-01
6.344577212910419428e-01 1.423145958300771341e-01
6.848076132820825057e-01 7.508672870690025203e-01
5.370933797118702113e-01 4.120555998398373054e-01
4.775536415977048033e-01 4.602106940289737991e-01
6.579244964362100934e-01 6.019658948226346284e-01
3.825046239154170080e-01 5.899815782247672669e-01
7.118135580369824300e-01 6.099032916855673392e-01
3.726789431375856498e-01 3.762206066604661947e-01
5.243127458395206997e-01 7.376447090997768630e-01
4.719248617904023280e-01 4.672421303157038297e-01
3.658679147197131942e-01 6.118785173481511297e-01
5.429607697587928161e-01 1.448357096389204790e-01
6.371280073648613040e-01 2.523858856272722662e-01
5.253751444198282439e-01 6.161616746938647360e-01
3.155079249517980244e-01 2.900766432731061717e-01
4.996002405272114144e-01 4.532077172787781216e-01
6.770469893596534616e-01 7.925673959369987642e-01
2.686565801416820332e-01 3.025574131170919445e-01
5.989493364219478089e-01 7.132154250340818624e-01
3.931729540959537084e-01 5.791614906599271695e-01
5.381949645651833425e-01 9.214368710198516110e-01
5.060236577318584228e-01 7.133598780901232450e-01
5.547218803700515455e-01 4.650245120865857951e-01
4.377358337284419365e-01 4.085283375856793575e-01
3.370563646886395315e-01 2.567996991566801057e-01
4.087761022463558547e-01 5.409771839201950039e-01
3.946026391030951208e-01 4.611299529594373170e-01
3.474239277321501396e-01 3.921863948669879751e-01
7.335357988184371125e-01 5.935090504878655082e-01
5.890959131719237796e-01 2.601383445281565954e-01
3.657294448297079281e-01 4.999585611938821561e-01
5.629509199122170182e-01 1.873250190121019121e-01
5.846195705882691884e-01 8.798374036833380707e-01
5.013218807152151069e-01 6.771459864966051789e-01
6.795320629487706654e-01 3.012130466341063073e-01
6.031423300196249171e-01 6.024880356137862769e-02
6.517578751288292116e-01 6.703691204662380887e-01
4.953888198239933538e-01 5.363366058560193883e-01
4.020393851511150918e-01 6.661086725339632197e-01
6.248961697563650830e-01 8.255698574991826577e-01
4.598686448757171585e-01 5.658920446628710188e-01
6.135786850497212397e-01 3.988274583150125951e-01
5.721994727131622938e-01 3.094081497925043056e-01
5.991782013898150350e-01 1.492249426108350208e-01
4.683283348284543735e-01 2.900210431800249733e-01
6.872988298502891169e-01 5.552645240509852531e-01
4.356613255993552203e-01 5.668608660435296986e-01
6.134971729751980130e-01 7.699740242514936384e-01
6.642684294269390888e-01 1.526712750932268658e-01
6.049624700558930979e-01 6.765120170267954758e-02
5.266597017096618094e-01 6.345200470846393825e-01
6.903454769012226100e-01 4.325477431757431823e-01
4.201352652761130013e-01 6.730550246895267152e-01
4.515707443235633112e-01 5.702718867300532457e-01
4.977865698905796776e-01 3.391492556275478298e-01
4.655427559473451771e-01 7.950959097736824965e-01
6.133665795516073382e-01 4.937996541508433701e-01
5.860997359329068734e-01 3.266276251381979301e-01
4.884390869787864631e-01 3.823566496354807720e-01
5.173399338850251938e-01 3.719562630643970524e-01
5.839104939955926943e-01 2.417678705565665109e-01
6.776988553910152646e-01 4.481433996167243916e-01
5.735582589559384825e-01 8.423677253848728119e-01
5.491943031384622920e-01 4.500354630090051544e-01
5.615760685064234981e-01 4.370501254015963233e-01
5.597744212774151684e-01 1.880294603540051956e-01
5.818285575505706131e-01 3.342271769977562812e-01
6.613268639024177942e-01 4.908318634468978314e-01
6.222874796582099632e-01 8.972011000347782650e-01
5.041067258060025758e-01 8.236499163613530961e-01
5.431035312822681815e-01 1.497224421410003614e-01
5.232131780346434002e-01 5.130181670817743900e-01
6.067660283588015568e-01 1.558335358459333186e-01
5.051494008629423549e-01 2.274239369458136151e-01
3.667587110927275629e-01 4.421334447552298097e-01
5.311343364007445889e-01 4.474238799782092046e-01
5.474162852787342048e-01 3.791230837832817446e-01
3.494478638783838909e-01 3.979955321351396069e-01
7.196736872424505105e-01 6.841605913569545061e-01
4.481486064651333812e-01 1.101772043053357852e-01
7.266500417780521470e-01 3.727780124871125089e-01
6.754687684941754755e-01 4.542319073242191974e-01
5.513457024453604083e-01 1.326875666338456772e-01
4.770737213252310704e-01 6.623666971952875127e-01
6.758651485052187269e-01 7.563684779983192996e-01
5.388600533834255746e-01 1.345248165088969161e-01
7.338343605562998029e-01 5.972633679582635136e-01
5.708731861760247828e-01 3.513425797624107894e-01
4.026882134801434976e-01 3.573112972984337499e-01
5.558481362112133173e-01 6.339349612741818074e-01
4.690376314466701002e-01 1.434647971121247312e-01
4.275816632476594492e-01 7.476341430951585210e-01
3.578715796971654872e-01 5.532289527512899152e-01
5.185871788104743363e-01 5.384478324760304524e-01
4.631498461202936401e-01 7.445835692572969622e-01
3.670699530522599785e-01 5.377240397090842228e-01
5.735854370979466266e-01 4.914619154655658351e-01
5.601669527608369448e-01 8.476124292658020476e-01
6.410187783113060478e-01 4.281701806672204014e-01
4.354111590029640655e-01 6.155673127850015414e-01
5.272765377253950669e-01 7.955993806375759592e-01
5.843849505447197279e-01 8.251321622712628479e-01
6.714365258500079037e-01 5.213169854429149375e-01
4.772768443311701247e-01 6.569075582645338418e-01
5.005207232116708482e-01 7.286276837131966388e-01
4.299406596894906341e-01 3.985792607185606462e-01
6.271956272283535361e-01 4.017565114141204430e-01
5.376691475512990204e-01 8.743148672464685633e-01
4.154055065649274736e-01 5.015651702053156580e-01
5.324566607897155412e-01 4.802201649217602286e-01
6.412230549742401475e-01 4.920197885868427545e-01
7.171237887005803557e-01 3.843513084448891837e-01
5.197397541738248972e-01 6.325674511238837949e-01
7.122183167527560421e-01 3.566496826769264827e-01
3.042314443814785885e-01 3.462495217791194402e-01
5.561827871733940887e-01 7.821484858052737965e-02
3.068526572360881777e-01 3.516437127760981274e-01
7.147572664987835722e-01 5.924815907668345982e-01
6.774738687746740817e-01 5.988441086098019728e-01
4.842960788621296087e-01 7.133914949047353016e-01
7.044620482025454322e-01 3.347985871307049832e-01
6.892447601600403262e-01 3.331729042404138474e-01
4.919543595600083807e-01 5.354774229167271749e-01
5.214145930467637413e-01 2.207031932741862490e-01
5.520631318315337710e-01 4.768339119709103513e-01
4.958108588982166332e-01 1.585313001404133892e-01
2.865308129003470983e-01 2.424336383410887752e-01
4.267210421836107881e-01 2.977247220370689007e-01
5.901426123781240429e-01 8.723748882404378513e-01
4.339478180457885248e-01 4.199822544124381940e-01
3.600188241622169771e-01 5.785491210408073570e-01
5.187775148972153527e-01 8.091108861138404107e-01
2.918354010837592161e-01 2.797244073544369880e-01
5.126576001083849032e-01 1.421173919936352947e-01
7.089272629999303632e-01 6.224212458436502171e-01
5.189171633326962185e-01 4.366469047140182913e-01
6.214770103145323965e-01 2.146452279221977566e-01
6.541890488568674611e-01 8.003098923745978199e-01
5.564872391287196685e-01 7.301813431077830430e-01
6.459214074374094450e-01 7.837265114560650892e-01
6.153986896181449229e-01 2.963425464171484669e-01
3.831459711589785821e-01 6.492198267760780350e-01
7.056607427491432549e-01 5.228585555972925514e-01
3.273653007234945678e-01 4.825300625247874731e-01
4.013192503313570692e-01 5.599667018226174298e-01
5.675835003236083809e-01 5.214616364837514340e-01
3.467462242933886385e-01 2.150441154801082111e-01
5.964387783754138139e-01 8.789583056691652185e-01
5.409491796331600266e-01 3.559763633068980249e-01
3.946622976471424460e-01 1.496765342316261072e-01
3.957511995923783110e-01 5.068077930124275099e-01
4.447634942238350986e-01 2.710630585095263334e-01
3.117485148294239505e-01 2.761462315586983296e-01
7.029856459234542498e-01 3.693294248734140250e-01
4.191500228934195160e-01 3.298369547013443315e-01
5.632524909496633425e-01 4.996177904157237948e-01
4.224632899355283966e-01 3.067192269020139750e-01
5.363149213303184393e-01 1.902989522055052174e-01
6.566865424843837395e-01 8.219737672877336365e-01
6.794496626113109006e-01 3.557928062889125775e-01
4.174294454216412320e-01 5.037780648577361298e-01
4.440202513956161279e-01 2.082942911923674201e-01
3.669143991414288708e-01 2.713675361310036727e-01
4.219791499573213311e-01 6.506494974247751806e-01
4.531269421852943680e-01 6.839351076993757106e-01
5.229854825909335814e-01 4.230437961314997275e-01
3.253095321552200714e-01 2.536416673972081703e-01
4.765785608179459731e-01 1.981422894920286115e-01
4.036719292710466700e-01 5.188342635768955491e-01
4.406249485031701330e-01 3.757124556750471855e-01
6.154080666229138075e-01 7.583427575594021697e-01
6.822555958942183585e-01 2.375943734964098275e-01
4.946947402309247455e-01 2.411345413369093138e-01
5.312697706553329846e-01 6.590327624392474659e-01
5.658139277742403328e-01 4.564528527617555675e-01
6.407290275536521307e-01 7.445827245330877142e-01
4.965513686896374512e-01 4.588685080118262150e-01
5.026416150105295078e-01 8.592127862672443994e-01
5.552646194247909950e-01 7.566579927389464055e-01
6.618047213401059281e-01 7.006853425596719642e-01
6.447196025002076558e-01 3.882996494292048073e-01
3.060851311610970904e-01 3.114723766426056306e-01
4.805954176279020329e-01 5.291681618014903998e-01
6.248672531403686170e-01 7.871513271441193949e-01
6.201128491895712136e-01 4.770833174906498053e-01
7.017796162349836386e-01 5.208627712485645045e-01
3.085542878220831065e-01 3.165247241942010237e-01
6.284833871064303690e-01 6.173035057718133656e-01
6.583740081347237982e-01 6.429868262464574213e-01
4.154055454263124725e-01 1.810026829835290896e-01
6.993864740152623272e-01 4.414319809045682552e-01
3.444659902146298136e-01 3.732400818378360241e-01
6.256308217621916468e-01 6.201406094872619068e-01
6.147826496087358539e-01 8.349109367064331266e-01
4.187763918753466541e-01 4.660463916304885545e-01
5.379914661264708631e-01 6.632205579139253127e-01
4.634820151870412408e-01 4.854640870540139486e-01
4.466841615955048361e-01 6.747173236937787921e-01
3.803694200769489608e-01 3.992914318273912966e-01
4.777305415339174188e-01 3.468858321595531535e-01
6.638169561740933089e-01 7.679883831760173640e-01
3.092789057527774998e-01 2.652237018796348988e-01
5.767982379772756962e-01 3.681794713730343616e-01
4.291683020352516365e-01 5.865898631206021285e-01
5.050625039188035847e-01 3.669837928888963763e-01
5.358453299003632653e-01 7.844566764485740862e-01
6.193771085920389829e-01 6.731736811950150834e-01
6.420850065829289965e-01 4.224569830129994985e-01
5.269630213259385298e-01 3.815667962881005293e-01
5.121284518108335515e-01 1.085788659035505227e-01
6.540975162961014666e-01 6.395228572337987583e-01
5.237719296323682938e-01 6.054566730800303720e-01
3.848105223127870067e-01 2.577796141916348649e-01
6.190956183395861512e-01 9.001102348038297896e-02
5.968318882607007714e-01 7.223473413994651038e-01
5.741644531318985667e-01 5.654573514968526116e-01
5.235647713078066534e-01 3.469955788543693798e-01
4.406690368957389969e-01 3.394117440309474820e-01
4.408532013666958127e-01 5.294548101018853314e-01
5.917792942235450271e-01 7.271404763668662952e-01
5.831934663122246842e-01 3.085381684211181419e-01
4.045966169873582707e-01 2.643219189411880610e-01
5.924636263716057671e-01 8.065056163159026736e-01
4.476303915374899578e-01 1.549322054490092637e-01
6.634270370865438249e-01 4.562770290533990081e-01
4.943321755616540969e-01 7.405834214292902895e-02
5.951606273120443324e-01 5.132229695794668922e-01
4.344909855508983232e-01 5.367806891554863791e-01
5.982552039022570600e-01 4.935669144261408126e-01
5.378897802748274781e-01 9.069324258138518058e-01
4.070553472620825897e-01 2.331368856018158631e-01
6.270884316189279106e-01 5.891695753287840009e-01
3.592343892822867368e-01 5.924495373684236510e-01
6.947641679489329203e-01 4.502854462005811964e-01
4.926561828224592654e-01 1.702911001619746290e-01
4.966044604976270205e-01 1.765780242238285391e-01
5.520225178792406151e-01 8.186751871907365086e-01
5.232159021702429413e-01 2.084637489705752633e-01
5.209677554160799806e-01 8.384804762120852129e-01
5.315795093790723902e-01 8.781829600012700521e-01
3.302830820343404250e-01 5.478982303441650714e-01
5.673641284863292222e-01 3.443876011287347882e-01
3.765068581215511578e-01 6.275069508315423983e-01
5.469622614613979250e-01 3.237359924820557566e-01
3.341266820515349512e-01 3.112192795469047035e-01
6.523994592659339009e-01 3.548153750998346290e-01
4.892547620102671857e-01 1.854112080423577225e-01
5.972279552484817122e-01 3.394468759882280917e-01
6.312682128358407807e-01 6.144850148775852228e-01
5.046702057348448900e-01 5.841537343924956271e-01
5.573838963063888485e-01 5.446754006435778894e-01
3.214900599194686626e-01 4.302721084960296483e-01
3.779424768310838401e-01 2.399134946369926857e-01
6.695528377737862691e-01 4.340881245531158505e-01
5.867419205310224761e-01 6.643746089160363910e-01
5.218738900337873687e-01 5.752766235695763175e-01
6.550842643682939226e-01 6.237423433459630129e-01
4.260659036666584187e-01 6.439355890170932462e-01
6.188159743159488135e-01 4.028483031393942371e-01
6.342801764044400104e-01 8.755100631895924579e-01
3.672666484921247032e-01 4.621507229429132613e-01
3.615872525114841585e-01 2.382412101407200000e-01
5.301108804448747547e-01 9.109918433922860048e-01
4.964732813153960311e-01 8.513456567363695271e-01
5.423207807233220157e-01 6.725990411639992672e-01
6.682287876511140423e-01 4.668789611340080636e-01
5.041732181455237383e-01 7.630012653382816090e-01
4.995565787053039553e-01 4.255409339544785063e-01
3.627846890207034880e-01 5.460857284348736851e-01
3.326514811004019911e-01 5.660838935361238722e-01
5.614867987545159034e-01 4.317963065835274672e-01
5.783692521318930524e-01 1.643964175027121111e-01
5.226294063143521740e-01 2.400185495732277130e-01
6.067403175818650851e-01 6.637014193352243074e-01
4.343117862818146602e-01 6.506105553304494249e-01
5.721761152798693351e-01 7.479879390334569500e-01
6.413594648879203941e-01 3.333143714473402186e-01
4.143339126817555118e-01 3.805879373063147386e-01
6.198375641818760773e-01 2.180889218579421251e-01
4.048035718445427977e-01 2.657676753538514847e-01
5.153200891769194047e-01 4.043268245195407173e-01
7.072765512808678601e-01 4.388209735342885054e-01
6.871962720229667365e-01 3.300018893819013366e-01
5.826670895307801690e-01 3.286135280161326389e-01
3.630339165515247823e-01 6.396146260065239675e-01
6.119616445889802803e-01 7.380992073196135372e-01
4.834516957182497521e-01 1.200566466336810828e-01
3.917907118673173428e-01 5.115448017459962582e-01
5.138516122979502887e-01 3.039427179096378939e-01
5.044230388861351555e-01 9.356737725697236718e-02
5.145604951515887482e-01 4.208490741177390859e-01
5.569931633961940909e-01 8.192014327916697924e-01
6.769904406529356766e-01 6.014923286429788574e-01
6.262823357948061886e-01 5.423739695360479951e-01
4.838415009393698951e-01 4.131473901594556186e-01
5.945450384380930320e-01 8.891677411441878398e-01
5.781957149677602326e-01 3.418843645415179933e-01
6.943000483367401943e-01 3.894238033436289159e-01
4.213872966168284995e-01 4.264273857435298964e-01
7.141802911198706916e-01 4.302386851149787028e-01
5.980278526572192499e-01 7.267909410061201836e-01
5.073453140383348270e-01 6.855138517745841265e-01
4.842811439003371632e-01 6.165477188755370541e-01
3.380530346393463836e-01 2.973725751013099883e-01
4.843340195882022137e-01 1.626672476070063489e-01
6.183935456000222430e-01 7.852581373748676041e-01
6.788465462773958237e-01 6.559686435162637164e-01
7.331477533640607946e-01 6.572249311552157414e-01
3.242898560947778952e-01 3.790508160545472682e-01
4.679325819389419383e-01 6.767131915340346415e-01
6.221989450345652983e-01 5.458147770481576178e-01
4.020176336850231347e-01 6.175478384000926413e-01
4.880938246174633122e-01 1.025246360922312805e-01
4.739362462177588164e-01 5.006197530799657569e-01
3.359960046654144050e-01 2.445342273554935442e-01
4.433940068648725141e-01 3.340237882070623554e-01
7.055377886508116259e-01 5.562953018631118240e-01
7.108761504205960424e-01 3.273265523560918711e-01
6.411898583334006974e-01 7.010194006892742635e-01
5.243744450953320424e-01 4.314693746910995831e-01
4.647421103956947408e-01 1.229486438380318070e-01
5.909386455891915135e-01 8.559551347992186976e-01
6.681896874850621337e-01 4.804255910488793857e-01
3.127564205458061020e-01 2.563607977559327900e-01
4.742005178889472372e-01 2.855525635138122520e-01
5.438750651903001554e-01 2.755972596411772058e-01
5.041408365380687373e-01 7.896141557237681408e-01
3.838535807599881000e-01 2.231829370652994582e-01
6.966181129581617837e-01 4.151566728489298197e-01
4.347603616960814543e-01 6.117914430448870844e-01
5.726480950716331675e-01 7.799723809595845436e-01
5.280008598281832333e-01 3.144628232519416366e-01
5.383839075119319917e-01 9.267601174160811084e-01
4.689017637241832404e-01 6.962592104350249222e-01
3.756363013724444699e-01 2.175674810800712067e-01
5.501357911344267881e-01 7.023148075262188872e-01
5.823017998997596090e-01 2.856143728270538196e-01
6.577185859349465868e-01 4.555790616285511074e-01
5.266392092881507780e-01 6.312861453910137977e-01
3.795598376335639901e-01 6.271131274662089528e-01
5.577807584327141299e-01 2.626763338956362159e-01
3.034548878983696074e-01 3.239659283395069922e-01
3.289129329104386601e-01 3.099496809537096720e-01
4.429923026753616599e-01 3.144910345766090409e-01
6.983823117967138394e-01 4.735540510190050512e-01
6.623618554169532491e-01 6.145526039379923811e-01
5.454944886886041733e-01 1.119687524102178366e-01
3.016440432414612127e-01 3.157458754537576517e-01
6.450266563238565842e-01 3.531672243202143568e-01
7.032841955264063083e-01 3.465762792389566194e-01
6.052192264306750502e-01 3.465078120627399505e-01
4.560029278907182237e-01 6.163020420844883551e-01
4.309868537980233172e-01 2.881573474639528842e-01
4.368806346810870100e-01 6.648602676672608069e-01
4.367885409705837274e-01 7.457490346428832240e-01
6.823896528529141969e-01 6.740747908231997654e-01
2.963024344079142058e-01 3.223298317755361464e-01
5.013168519134587608e-01 1.880796031228757770e-01
7.297088569507886868e-01 7.041130633019518914e-01
4.948498611761121824e-01 6.841284059167231923e-01
6.899914578639904095e-01 4.043991518596469770e-01
5.475382918767759399e-01 3.932600439434249529e-01
5.095172933394473969e-01 7.033664655363193186e-01
4.847026952157101332e-01 1.949016362139911196e-01
5.687355970618611645e-01 8.608342373411944637e-01
4.360761879420445020e-01 2.524538653216598649e-01
6.979190586611536684e-01 6.789279586609847650e-01
3.105645030994720335e-01 4.796346430845535580e-01
4.964621670867630510e-01 2.304061186347734769e-01
5.235671518000224456e-01 5.118899966236165611e-01
4.485300592368031136e-01 1.770086471761903035e-01
7.269884705584235274e-01 4.153430571950887940e-01
4.067873517889170065e-01 5.237793776267338774e-01
4.120952407561564446e-01 6.351301759176030126e-01
7.232318317291934751e-01 6.477131953665786757e-01
6.167717132589956019e-01 2.858769863230147257e-01
4.418084437282196464e-01 7.479906230706938608e-01
4.186250153491628545e-01 6.446953835428552715e-01
4.088252512420921803e-01 5.565322616530149480e-01
4.663082876143322397e-01 1.034626059780362900e-01
4.446512158112171376e-01 6.498059081168930939e-01
4.479042002798640509e-01 4.688063486675880243e-01
3.936044583433268018e-01 3.817270798078646332e-01
4.076975404873421915e-01 6.562346680588125869e-01
6.060347292685467346e-01 4.400378941318636161e-01
4.273798072637439716e-01 2.703600558317127422e-01
5.844436777661802251e-01 4.202576869051927733e-01
3.834415208794300645e-01 3.958927292700047396e-01
5.753887308996400440e-01 8.523315417245840298e-01
3.656110791904840229e-01 4.618347200776088957e-01
5.848679815061892384e-01 7.145393386817262549e-01
5.084162539139058801e-01 1.977986530573454249e-01
7.192320760141102109e-01 6.356964737319921177e-01
4.383242229236732901e-01 6.994622496669627987e-01
4.646616526863023289e-01 6.131312296499751291e-01
4.247234822444504454e-01 6.243867494383379402e-01
6.258393384548702754e-01 4.463979407542520428e-01
5.978309319752447282e-01 3.857151684857791363e-01
5.535439284874521526e-01 9.199276973701054905e-01
6.445572124804714864e-01 4.790517354587288668e-01
3.765379837239978267e-01 4.754289328297113815e-01
5.124020195971490388e-01 3.698755634631178957e-01
6.205602382280268614e-01 6.111787529372021410e-01
6.069427814354191320e-01 6.152144385685219818e-01
3.212398718245583762e-01 5.067755509919764645e-01
7.294710262531869382e-01 5.315750677501097643e-01
3.476633190549936470e-01 2.767900177773261472e-01
6.499441427126531057e-01 5.929225489728606746e-01
5.972292295823653507e-01 7.699050054848263214e-01
5.342472408106344606e-01 5.446959877931581984e-01
4.949674710267022437e-01 7.826079546239972373e-01
4.464891987288071573e-01 2.864153709472680998e-01
4.239246496943097076e-01 4.221112976471887990e-01
6.134951911894065413e-01 8.298404604371639737e-02
4.617057542229356937e-01 3.119741802046869239e-01
5.668462430077837455e-01 6.143628214908622986e-01
6.428990248183479306e-01 3.496512875681473953e-01
4.616644620994498904e-01 4.188154154538263896e-01
6.588170555835961562e-01 4.547347673684900560e-01
5.363490583716710169e-01 8.015216598721278674e-01
6.651526804927535563e-01 8.088313280043757381e-01
6.561244706150615169e-01 8.263482362881267029e-01
6.635943205849725857e-01 6.979144259970965214e-01
3.648141215191000319e-01 6.319388389502220704e-01
5.870252394838575416e-01 8.599788419737260936e-01
7.382129923020057660e-01 7.114176991718089704e-01
5.688945852039144491e-01 3.131527925659450262e-01
5.986287374500067759e-01 2.021384102783113368e-01
6.830247984271825556e-01 2.327616011984541267e-01
3.937074940182391236e-01 6.512949356251989119e-01
3.420371522886467841e-01 4.141577931935218060e-01
3.246324361637774603e-01 2.971706338137517500e-01
6.376537808535933660e-01 7.401713228801063416e-01
7.110991814767902985e-01 4.314134773121120481e-01
4.186460471784909654e-01 1.592692277921208266e-01
3.386455170703382977e-01 3.710867391316289288e-01
6.913260305183985821e-01 7.768253180259627744e-01
6.760698711271575512e-01 6.086805536978640019e-01
6.386553967210163441e-01 6.679965660856970189e-01
6.421776089369448659e-01 7.691124145344778729e-01
5.415035607635297898e-01 3.718473254408412587e-01
5.765695587113961462e-01 2.336079794391039965e-01
4.148988911788252243e-01 6.384635322701931459e-01
5.735692936011482779e-01 1.527432432444144061e-01
5.505594369511572772e-01 8.741865441394809366e-01
4.983090662214440525e-01 3.980586290662851412e-01
7.156689055776067621e-01 6.631885817645415404e-01
3.386336930533039302e-01 3.415078078061435374e-01
5.828568749581841679e-01 8.812762625021366425e-01
5.967910341857541878e-01 2.023486465728445705e-01
6.072812536746405865e-01 2.903081603908860830e-01
5.111539908430013934e-01 1.217349935538316746e-01
4.222538260794037046e-01 6.634510423681990732e-01
4.312171216519443684e-01 3.860409090304183222e-01
4.102445394327691175e-01 1.993736724298167950e-01
6.457380863226158674e-01 4.435991771788833082e-01
5.844768185394110249e-01 1.056216004915828816e-01
3.885985684023505193e-01 3.976963196654926813e-01
4.685779211400953326e-01 6.550697358298347428e-01
6.467489039873873802e-01 2.260578994883256088e-01
5.211560152103442700e-01 8.490041884114851722e-01
4.936501129104938768e-01 4.960266849940920819e-01
6.151352218685954831e-01 3.740159695229544612e-01
4.725438160585158642e-01 3.046615569806975232e-01
5.730598091996723653e-01 8.205293053903511824e-01
4.379649187946576538e-01 7.143093725018125895e-01
5.994301740591824190e-01 4.812425503999790410e-01
5.892361376105548221e-01 8.707606475066280716e-01
4.707094794898833978e-01 7.045819988928642141e-01
6.569807223281638464e-01 3.994508748956589472e-01
5.581344692781223804e-01 4.476446299588455746e-01
5.231542511567115472e-01 2.079822019183333870e-01
6.413696747371346873e-01 7.041355151935682066e-01
6.242269997150133864e-01 7.370613963499006438e-01
4.420661094353002807e-01 5.967475251960245863e-01
4.254366221342982257e-01 6.283632334334046110e-01
5.623801477486027878e-01 5.285614645463726502e-01
3.491805195063752421e-01 2.610392009686874348e-01
5.789050735538883163e-01 7.514037996237927786e-01
4.751660657880719674e-01 2.229223315455823029e-01
6.152803032727582888e-01 3.194655604511896230e-01
3.865874071082392449e-01 5.595337879184367758e-01
6.737053259829141050e-01 3.013236624697591126e-01
5.631396792881069313e-01 2.194559221324108023e-01
5.989674160193603214e-01 4.700834794674573769e-01
6.201335836189993955e-01 1.433105216407589977e-01
5.780442035931558920e-01 8.906923229919945229e-01
5.701250282446085338e-01 3.439850226751426376e-01
4.667121437297617192e-01 1.260139396113038879e-01
5.917872396081189645e-01 3.868688509197216185e-01
4.839427264072592161e-01 6.321524790895202139e-01
5.934096382857293461e-01 5.475438049733112322e-01
6.471929212961706757e-01 2.384379611016070044e-01
6.072047804689997275e-01 1.137708189909315687e-01
5.779805007439424713e-01 5.160032553268222300e-01
6.376457665332267988e-01 4.598799213676692532e-01
5.056213783150498298e-01 5.358938498009847562e-01
5.389320632359426710e-01 7.277608829176631655e-01
6.725553966073110068e-01 5.925839739739493517e-01
3.694257235280071217e-01 6.444242732839352561e-01
4.713016005669840025e-01 7.458326198725653278e-01
3.590780769007543838e-01 3.894495739113443267e-01
5.751379398472999949e-01 1.002261005856919657e-01
5.521424787894824160e-01 5.080268012361537355e-01
5.652301264881207654e-01 3.401531625319841878e-01
5.751568639526996041e-01 8.224672470513763045e-01
3.946289568764420608e-01 4.390811173040327642e-01
3.111252336880625524e-01 4.682783668492550566e-01
4.665396991544900063e-01 1.405078538447206704e-01
3.741732831157321137e-01 4.620929154436685393e-01
5.060430245994761433e-01 8.151277578116635780e-01
4.537742192696670451e-01 4.961910786096375703e-01
3.269905222225811259e-01 4.161951433356848584e-01
6.398135943722859098e-01 1.202995804447797579e-01
6.666141272818693064e-01 6.016165948333338509e-01
6.306130367004593174e-01 1.776799214337131394e-01
4.945593059181584428e-01 1.372622781272107573e-01
6.469787009769339958e-01 7.104972364744326363e-01
4.159790970251640019e-01 2.242365783029170445e-01
6.504466623147724391e-01 4.039940019972541041e-01
4.468537526346635369e-01 3.723254872405253324e-01
5.951664413312354185e-01 2.758425589697767744e-01
6.291039818710197906e-01 1.121541791478030958e-01
6.534048262004663599e-01 3.517387820068580973e-01
4.799791598395382053e-01 7.827800904273187754e-01
6.746838451613724752e-01 4.100547472097124668e-01
6.761548831531770665e-01 5.224399008688744850e-01
4.809494911089243763e-01 5.777537158143004614e-01
4.303447506570753922e-01 4.576726760534887140e-01
3.652130522215800701e-01 5.121935517263671578e-01
3.891343080892521455e-01 2.128695086875709852e-01
6.421322766456394326e-01 2.104831655882707375e-01
5.766086259153929694e-01 3.634272714796822901e-01
4.334892794138172634e-01 5.904092027283460720e-01
6.093774119446602189e-01 8.618363348128922352e-01
6.300833011599284994e-01 5.306895365847235091e-01
5.456262800873641350e-01 8.289462758053551816e-01
5.031839634089416702e-01 1.911074471146220755e-01
5.653789187954522122e-01 1.627908669079323467e-01
5.696443402248310139e-01 1.213362118936138073e-01
4.626822013552772117e-01 6.543062195407345349e-01
3.739082998156059157e-01 1.805705174459380224e-01
5.798102869384106350e-01 4.473730211088992603e-01
5.026578135369560441e-01 8.524731027190203259e-01
4.773095609975936404e-01 3.606465173823640846e-01
6.554214467346964890e-01 8.017001667504148887e-01
5.458534578993446962e-01 5.454629107541233424e-01
3.358951302713476528e-01 3.824296815561483154e-01
3.462473152842288071e-01 4.297446648674647651e-01
6.014896757999309562e-01 8.828575078014656574e-01
4.741073144396313888e-01 3.740109993770618368e-01
5.763849111490633170e-01 6.765525622471157963e-01
4.260224186683537195e-01 5.580955696558279611e-01
6.039117338042525596e-01 4.234614315011239749e-01
4.459933590794208369e-01 6.070113461583048764e-01
6.274974687406954521e-01 8.391193761365451920e-01
4.294468394294811975e-01 2.934764816625303752e-01
4.712540323517615537e-01 7.093183499276349835e-01
4.505627692945899931e-01 7.459358073009719758e-01
7.058852326417457412e-01 5.212860387723732281e-01
7.080247454324967160e-01 4.689146932611457652e-01
4.991971151030639153e-01 1.836772363326723279e-01
4.523961447399710845e-01 4.811208894087805610e-01
4.395875529925307168e-01 3.603179686195513431e-01
6.320906822192486896e-01 4.364711171002366719e-01
5.546230198240875708e-01 5.985168516893654145e-01
5.288605893611467712e-01 4.289478875314824413e-01
6.229249970184237428e-01 8.201824718425873018e-01
4.943660302606326384e-01 2.520061010379241462e-01
6.133762029635869695e-01 5.775837543940243179e-01
5.986294329244834511e-01 3.474705476614495248e-01
4.253728898842373263e-01 1.950666437286645016e-01
5.176733549624925601e-01 2.254612509796383446e-01
2.794278196395894587e-01 3.159813375323737850e-01
3.991288348373432382e-01 6.852093710349564937e-01
5.836214274067704766e-01 8.049721621107430725e-01
6.500960760474729927e-01 2.398562238484912845e-01
4.356739728379417365e-01 2.197519561864998139e-01
4.772895639244139065e-01 7.970736121546329045e-01
6.684360466735179696e-01 1.891136355239262379e-01
5.770051272663154762e-01 2.384444383637382980e-01
7.173758497133202461e-01 6.803773093034490849e-01
5.665763733204207675e-01 3.347717528449346558e-01
6.520254158970107961e-01 7.099610267342595371e-01
7.198771615354295772e-01 7.090452259610553476e-01
6.349369611102095856e-01 4.161110773547108677e-01
3.861619022728783879e-01 5.687624343923872727e-01
5.221173560177503337e-01 2.103693870459481530e-01
6.029716376593465821e-01 6.908113115673346627e-01
6.562299966920905891e-01 4.658889376092596457e-01
6.698731223135231394e-01 4.560787598162384104e-01
2.978677447645814436e-01 3.245066743286034172e-01
6.295724941758781279e-01 1.696254610614676139e-01
5.156690175782568941e-01 1.635844345635429908e-01
6.241000358448833829e-01 8.574041330265330663e-01
4.434272904660725434e-01 2.639278050993857372e-01
4.685040552354294285e-01 3.937648576019445734e-01
5.260076133140426657e-01 5.980959732105792792e-01
4.393719964106699849e-01 5.793841871132963117e-01
6.080197143699045403e-01 3.080616475609115334e-01
6.764290535118137049e-01 4.220506061945235032e-01
4.509082822037174254e-01 5.653630564443233864e-01
5.730034161091106526e-01 7.328729558465103544e-01
4.189946903523993349e-01 2.761861588274264756e-01
3.491639442860055564e-01 2.217971785984933220e-01
4.012313818258506082e-01 3.904640817382908358e-01
3.168691169522740991e-01 5.103541389825565489e-01
5.356351611132420532e-01 2.101825023373011248e-01
5.922971430197012666e-01 2.483681695680508006e-01
4.103729850903530818e-01 5.959793375263560122e-01
5.355594390875846322e-01 4.345969161171349127e-01
4.422000026915784421e-01 2.385843907429163191e-01
6.904837792984563904e-01 6.186368837723574821e-01
6.793777040632612563e-01 4.693213240783627449e-01
5.169225112936948197e-01 5.876234881196757964e-01
5.682452288984218836e-01 9.366230651162922582e-02
5.921743707377847832e-01 4.800214318578867601e-01
5.886503240237729306e-01 3.575660762070289045e-01
3.159036445456124831e-01 4.234562829067315404e-01
4.202833937509299345e-01 4.689109378472805512e-01
5.835646521311094181e-01 5.533254206918358786e-01
5.783879685222641509e-01 4.444005015872603548e-01
4.767852640640291018e-01 4.856428967503664818e-01
5.706672082272186142e-01 7.638022149144865769e-02
5.524615255865887864e-01 8.108669967427640790e-01
4.648087730191641787e-01 6.801826002547471939e-01
3.987418145540934100e-01 5.392459599939765091e-01
3.331934314420323950e-01 2.968412523078135523e-01
6.510397732211123945e-01 6.250402908921142142e-01
6.972461012718981221e-01 5.214074886854994650e-01
5.243165555661105648e-01 7.913111860267053599e-01
5.513105877521371490e-01 1.645974382759206045e-01
6.076547631412183570e-01 3.523034049455711081e-01
4.545979160153649223e-01 1.472495818621190611e-01
3.579647424467057304e-01 4.349548113977022012e-01
6.429051070025495473e-01 2.093311755497263282e-01
6.601345981211548253e-01 8.223541328045851362e-01
5.936457450027108340e-01 6.592878649942539582e-01
5.892982608701331504e-01 2.505811767286828529e-01
5.136224247864185077e-01 3.857591427371422910e-01
5.292482725400625698e-01 4.788443743468445701e-01
6.599761592567483515e-01 3.789590148191586128e-01
4.348195608306575366e-01 7.621965067332515664e-01
4.990833051936895970e-01 4.342710250736504518e-01
5.941601703880220464e-01 1.337537203808716879e-01
5.352731171013072053e-01 8.120306100685171780e-01
6.241044205128335465e-01 4.356375739832019089e-01
5.800935906206267090e-01 5.123735804566906804e-01
5.186440224925026321e-01 7.952183210319555551e-01
5.216820606616887623e-01 4.921263155527206834e-01
4.897091009213294099e-01 5.459944268384172572e-01
3.192665779552145144e-01 4.358790154091082281e-01
5.394406056488670886e-01 8.560234149589872610e-01
5.637518412008923896e-01 8.024507311634752060e-01
6.158827046940322791e-01 3.591841170738432343e-01
6.033367339849067257e-01 1.025046891886566280e-01
5.066424872673644941e-01 4.691097426721343999e-01
6.425248438758248692e-01 7.716785450030241300e-01
5.105024453000760465e-01 3.330879053052786531e-01
4.051214855514154167e-01 2.363758905630907459e-01
3.866140037875476221e-01 5.781235164822192685e-01
6.171505831113106577e-01 4.200836326803132903e-01
4.357974019481503092e-01 1.557518017072230809e-01
7.025466261868558160e-01 5.827603717086221602e-01
6.942633568411040734e-01 4.192824095008613194e-01
4.312213623038415045e-01 5.912116607545883085e-01
3.293804988616895191e-01 5.211698718530519692e-01
5.998528463014536349e-01 6.596744355377630598e-01
6.900299778741348922e-01 7.654788282775772945e-01
5.960246106010413936e-01 8.003302392210440708e-01
6.013656870490738937e-01 4.066454698544162971e-01
6.193319820207782156e-01 4.337356718103805298e-01
5.121379289038534566e-01 1.551992236536201830e-01
5.368912439630708633e-01 3.390580214656860880e-01
5.917955401084811218e-01 7.332518790621528337e-01
5.868419684069894338e-01 4.850007742607161387e-01
5.511062093704230946e-01 8.457956344465472620e-02
5.901617083380124029e-01 5.084398520817987599e-01
4.735553146499031918e-01 4.705268246785631048e-01
2.617870076979942340e-01 3.106406646290968965e-01
3.742734867495316475e-01 4.661701448304374495e-01
5.760279401481585015e-01 2.862937510481011749e-01
4.737826323213316648e-01 2.060309037306594093e-01
5.465783987049471770e-01 1.534279432807695298e-01
5.187106971243521381e-01 7.172365066912765874e-01
4.095830676027794603e-01 6.869503297012655718e-01
3.973250273009145128e-01 4.228962812436675711e-01
5.520022456072301020e-01 2.707759226766411342e-01
4.464701207064218358e-01 7.093361034654848130e-01
5.449906587020201254e-01 4.333027715751641695e-01
7.226731541074024046e-01 6.869445150123475452e-01
5.451934117430315974e-01 4.452634065027790689e-01
5.989154147076315438e-01 3.944038962085874012e-01
3.421475328944068028e-01 3.196426785915287283e-01
3.991982862188702130e-01 3.775814032783709751e-01
6.742178233007177779e-01 7.094878105738298135e-01
4.374514026746840201e-01 5.934835194499508138e-01
5.859948632262117485e-01 1.620461583803196604e-01
6.639018182372877774e-01 5.724336402729270912e-01
5.771215994665631621e-01 3.357188706740256712e-01
5.382577283160687731e-01 2.260658129978325159e-01
5.763953077108818768e-01 9.154378235090567806e-01
4.212972599378251304e-01 6.899880651442573676e-01
7.194561997772916939e-01 4.424164740742148050e-01
5.786760675120329322e-01 4.539587505464819928e-01
6.179487554134577287e-01 5.646387977384839107e-01
6.074268507127000838e-01 1.526168896403580777e-01
4.529020525380501594e-01 6.119204621078582207e-01
5.391173452564232971e-01 6.426236053288841843e-01
5.942377685885749106e-01 4.575642079197205225e-01
4.742163427925407682e-01 5.626916555734071679e-01
4.783119183087757853e-01 7.456283981214757439e-01
5.747442080487026317e-01 3.285776187092621647e-01
4.472589398198614230e-01 7.052274771450193214e-01
3.193117760882780987e-01 4.217326370618194042e-01
6.653724224284569555e-01 7.693474956539492204e-01
4.536594932381797229e-01 2.336581112960413043e-01
5.959706295975119028e-01 5.542699969452686837e-01
5.959188178422877291e-01 7.660130083387817201e-01
4.481295956356974863e-01 5.815665405997718640e-01
4.419209289079007452e-01 7.219338992188915061e-01
5.160154552697526764e-01 2.483677401735410462e-01
4.132094458156443384e-01 6.980241169942008606e-01
5.389935082447112613e-01 8.809875356247564016e-01
5.785955572436929373e-01 1.189616685516302341e-01
5.165923956371233361e-01 8.254787027932394272e-01
5.677873808209774609e-01 9.186782434678757436e-01
5.854817034659625108e-01 2.560964734357791261e-01
4.210746633053311649e-01 7.033968176104717918e-01
4.833846660303034448e-01 4.510651035154915611e-01
5.873824231562772002e-01 1.156084510194463066e-01
3.240098128887358708e-01 3.992531321614456452e-01
6.718799488385958085e-01 3.365398125613908165e-01
5.399793397413114038e-01 8.006500211215457075e-01
5.091299336909638207e-01 5.704216796958361257e-01
6.376293832342115886e-01 6.297984699701089095e-01
6.313876060739244123e-01 4.030387309006481233e-01
5.214932818287709715e-01 2.302177371811746642e-01
6.648899611323868530e-01 2.547240136791145693e-01
6.161658283609575681e-01 3.158804428847438173e-01
3.231793732442062028e-01 5.369090749443686805e-01
7.114123905138605153e-01 3.688649203208521632e-01
5.714601606853673132e-01 9.087164471889541684e-02
5.260366364996420518e-01 3.801587476054215098e-01
5.984940908601708021e-01 3.137006165410459735e-01
4.693733092471830126e-01 6.017691273643648309e-01
7.039468841235200225e-01 4.265835117128126130e-01
5.633897750968309692e-01 2.526037524862536632e-01
5.460116508648470424e-01 3.647212919540193665e-01
4.546055232218331188e-01 2.236904499984418704e-01
5.507405100247214635e-01 3.020985613427655259e-01
5.891190209441331538e-01 6.130369179019652393e-01
6.507961124800161201e-01 3.752506098656205324e-01
7.365020810247644434e-01 6.778752653601197720e-01
3.854391511547686222e-01 5.341385368906175213e-01
4.837536575443543985e-01 1.995591548617816069e-01
6.179941387484898518e-01 7.962758005454242394e-01
3.435339194142821850e-01 6.130227512770813902e-01
4.538753807682058827e-01 6.708652666084534699e-01
2.968788683814234663e-01 3.516559216781659503e-01
3.446458688737173981e-01 6.187347108956673392e-01
6.946785303734073214e-01 3.576787634889713186e-01
4.492425066960277213e-01 2.204371985015001756e-01
5.508547215936321351e-01 5.726881547570448205e-01
4.589368764066469319e-01 6.216101351256047014e-01
4.575927533617858423e-01 5.554416697649003920e-01
7.095367880972058838e-01 7.227104763036691359e-01
5.496875468809208076e-01 7.674834585565708522e-01
6.271891417510805367e-01 3.963183892294423472e-01
4.154187342581602826e-01 5.418756363438197443e-01
6.703235447283697468e-01 5.659902311545013109e-01
5.071280960870677701e-01 1.872184106840764917e-01
3.842876062359141809e-01 2.721037982669576305e-01
4.400310668318380136e-01 3.687056115895491759e-01
7.196671436277340961e-01 6.033123451680245664e-01
3.106963082705020973e-01 2.285868273266310757e-01
4.142073376697752440e-01 5.273488893353265317e-01
6.542854138945534137e-01 2.914069400091555684e-01
6.082004006198208357e-01 5.304109519299482489e-01
3.638587503142726165e-01 2.766127956663286813e-01
4.433033943111510666e-01 5.624002144022917093e-01
2.878483506388258006e-01 3.149793917606246163e-01
6.553588580367120109e-01 2.935635170130301286e-01
6.588690409639035295e-01 2.226257073112122842e-01
3.625701055957454844e-01 4.024371302901418312e-01
4.196629614600706493e-01 4.548255300220874764e-01
5.322478311330439693e-01 6.755009183673461592e-01
6.417796527524280981e-01 7.554900114958246204e-01
4.348583066586257373e-01 5.842012186898551951e-01
7.030511784102047024e-01 5.148491477930505766e-01
3.963751047131874872e-01 3.203836777482220732e-01
5.089195974158620128e-01 5.840791284802646643e-01
4.116554281246411762e-01 2.266520213463439903e-01
3.350998968466644135e-01 3.855883436887596050e-01
3.767135544877875386e-01 1.883975520155165284e-01
6.437766222010492534e-01 2.686881563276317664e-01
3.949586584355342933e-01 4.564158476088086003e-01
6.935148721021746621e-01 6.692120382182933369e-01
7.150634863170665101e-01 4.404868056294502510e-01
5.029054405700408292e-01 6.498424248299445871e-01
4.850807313753359717e-01 4.913918260454654408e-01
4.349144032085156542e-01 7.388968682262938570e-01
3.689618635342374331e-01 4.639049504335478469e-01
