9.051262617907152030e-02 8.972867835247522184e-02
1.079859109115759441e-01 7.201923818344702077e-02
1.178804446126325844e-01 6.715151519905870892e-02
1.632559346004657241e-01 4.686997933997438803e-02
1.982559448861458407e-01 3.601792051441865539e-02
2.398554283181592028e-01 2.353566992027145144e-02
2.643709738996661285e-01 1.695776680401950287e-02
3.267565999338604144e-01 7.564591956722654942e-03
3.671471308231839537e-01 5.530745728325348054e-03
3.805873479457626551e-01 5.599406301708742539e-03
3.963669295492554534e-01 5.977163946587982224e-03
4.505088632740501531e-01 8.153091219199937179e-03
4.987446720807625633e-01 1.295294972756155794e-02
5.151541741799097185e-01 1.559320105562311820e-02
5.482819195117306643e-01 2.156240353414873301e-02
5.851560254741681177e-01 2.853496231404262229e-02
5.879169257061862552e-01 2.918954068505863475e-02
6.400141388066837855e-01 4.241640187225947933e-02
6.440397950735797794e-01 4.345312515903343442e-02
6.685666904445568548e-01 5.138580368777256879e-02
6.939757690407089008e-01 6.004838730288253323e-02
7.137244248251839451e-01 6.785373419233142744e-02
7.660320467226917618e-01 9.402046919987960827e-02
7.748057864160435848e-01 9.843184591276399331e-02
7.834864574148859839e-01 1.028824077685751570e-01
8.397925715512213340e-01 1.349773643520064681e-01
8.655382987116477800e-01 1.509815966734563419e-01
8.732577413610510542e-01 1.594411691958216304e-01
8.874794037872384411e-01 1.766589560976827844e-01
9.087659407572531434e-01 2.116399819517535974e-01
9.143945901205154936e-01 2.214958427452518031e-01
9.329222385100428561e-01 2.697129985348177827e-01
9.462575761609931524e-01 3.055797537177382672e-01
9.573480481698503075e-01 3.386775406625717189e-01
9.623538062156767880e-01 3.569540145382466001e-01
9.744825364296546555e-01 4.018768042812895791e-01
9.806976832794593868e-01 4.285389108245450940e-01
9.835920425606512474e-01 4.422741029944304847e-01
9.851701025491825803e-01 4.517485449048084245e-01
9.874157463216096664e-01 4.659301305076147814e-01
9.884561784050582833e-01 4.762981433800077546e-01
9.910435399408903390e-01 5.575401479942836414e-01
9.916594299702196080e-01 5.852373308471958691e-01
9.909162499177435190e-01 6.157824117369923300e-01
9.899407406540843279e-01 6.281504749535004040e-01
9.851655771087021174e-01 6.618154577492334489e-01
9.745344807327006587e-01 7.072392778421672244e-01
9.710842217303841117e-01 7.216889428293880027e-01
9.624906245667719240e-01 7.478594674447320845e-01
9.490081095834653757e-01 7.888082964045637357e-01
9.464844655010701269e-01 7.940790218962787694e-01
9.384503202846083969e-01 8.049437388646643043e-01
9.292872587106413285e-01 8.167131094016133463e-01
8.864315475701062264e-01 8.625121471408918605e-01
8.794509715125687910e-01 8.692857738377606225e-01
8.397273148315699265e-01 9.015431418084337567e-01
8.201886567456965205e-01 9.162804181779549140e-01
8.059780639965741234e-01 9.267802530770886671e-01
7.659183055924947414e-01 9.551044539812938439e-01
7.572767012980445855e-01 9.610810333767425551e-01
7.425174160324471417e-01 9.697664711958461359e-01
7.186231407229901613e-01 9.789161389863614282e-01
7.106983532223636324e-01 9.818961462049445865e-01
6.853290628792736427e-01 9.913337506584748438e-01
6.764687672431843879e-01 9.923708306668587165e-01
6.623108505095431919e-01 9.930281383777798121e-01
6.022248586481748767e-01 9.944692542716746519e-01
5.873381125087669963e-01 9.936352530847030184e-01
5.401366328442694931e-01 9.881263096605563678e-01
4.477243700591894138e-01 9.741894868551214115e-01
4.112234413393457411e-01 9.685897730985324472e-01
3.774520317869627384e-01 9.618199268668411461e-01
3.595517781502920451e-01 9.573287266518537564e-01
3.254970791742595182e-01 9.472283881835175112e-01
3.141792574818045303e-01 9.434011861768158980e-01
2.607379430026218747e-01 9.222097855835336144e-01
2.453625493451851991e-01 9.160610358890861615e-01
2.290214617778656425e-01 9.083548392733338250e-01
1.434414900822489347e-01 8.657753581752244409e-01
1.150562533650771879e-01 8.507413699445307564e-01
1.111185440471803565e-01 8.458439421883345855e-01
1.054321221304810319e-01 8.386035231337672924e-01
6.811773817332866798e-02 7.878342818868738773e-01
6.083839858156914193e-02 7.778842744996210534e-01
5.777813727966296664e-02 7.736586905919563550e-01
4.178808313939930130e-02 7.334351830898991897e-01
1.716442564538200877e-02 6.561313226726492864e-01
8.642176514133126375e-03 5.728717897048062335e-01
8.428039128355546694e-03 5.501354307316109749e-01
8.340570029780391970e-03 5.094462852385550633e-01
8.421643230452802165e-03 4.927874086585944946e-01
1.118969703728933673e-02 4.145106358372239175e-01
2.122298744508832602e-02 3.066509954623665157e-01
2.247695551253325874e-02 2.945220818761988824e-01
2.648143548918280299e-02 2.719358798916525766e-01
3.301422890260652387e-02 2.430668431283945496e-01
4.112482455387056479e-02 2.108300146943010711e-01
4.948736923909913266e-02 1.822392869305849983e-01
7.106967053603641116e-02 1.200862629681361815e-01
7.904855903939300710e-02 1.073451498187498743e-01
