6.476480020526476089e-03 4.704288013268108637e-01
6.210546155575591420e-03 4.157021357680421580e-01
9.714386271316488575e-03 3.622074245349274912e-01
1.357185538179550566e-02 3.209017898937681634e-01
1.969385171318960293e-02 2.745323329973832216e-01
2.621186385572693567e-02 2.399607808085105765e-01
3.852415607258108388e-02 2.142337911848929410e-01
7.271148611717259680e-02 1.439260120388514697e-01
8.446154810754680220e-02 1.255133231865841470e-01
9.210372206864148037e-02 1.140288062761091181e-01
1.055317730388110053e-01 1.047857727797182337e-01
1.599792135098800916e-01 6.862537975706217708e-02
1.733608526356544832e-01 6.329105177820426587e-02
2.461114590917020672e-01 3.503064675230849190e-02
2.884990186921468913e-01 2.296553109430454764e-02
3.009369180769568830e-01 1.979355014048778116e-02
3.301851971671359021e-01 1.315382043112023336e-02
3.345903223767560108e-01 1.232878007081661398e-02
3.394065913845598637e-01 1.233421836802961469e-02
4.207131918879516430e-01 1.916941135596061940e-02
4.567132408497127649e-01 2.470902716751566253e-02
5.099222443759460210e-01 3.399738358892678836e-02
5.822166033821394304e-01 4.664119891703477627e-02
6.465395354267023942e-01 6.375196914654701619e-02
6.611449900092886134e-01 6.786858269919693321e-02
6.714509557899690506e-01 7.088376049210320939e-02
7.204647843957653341e-01 8.854330766831575161e-02
7.346814255098943480e-01 9.405436881298967489e-02
7.617852127417813479e-01 1.058002292422162149e-01
8.022583390330344510e-01 1.271380197183875627e-01
8.304567519268736264e-01 1.427344069702899398e-01
8.482599133133439384e-01 1.535395886532672227e-01
8.666203018344695863e-01 1.688971045037856999e-01
8.917963399441095618e-01 1.931482106864442772e-01
8.947044068088934043e-01 1.968146548734366341e-01
9.042454157607771048e-01 2.109104568129298585e-01
9.130369410468240909e-01 2.279875682093618350e-01
9.475749809036518867e-01 2.981047942886159152e-01
9.555265558015513250e-01 3.142984758098712472e-01
9.636621977600356992e-01 3.335881802620275227e-01
9.694782012634088897e-01 3.476479543285413421e-01
9.767560467517704126e-01 3.668963052843332573e-01
9.778451945546671187e-01 3.699943386272074308e-01
9.781006914507230920e-01 3.707628693253416374e-01
9.820713770159382738e-01 3.841721644489333176e-01
9.875045144696287247e-01 4.065696333247952321e-01
9.887444810020687980e-01 4.300030931985774352e-01
9.937894538444245196e-01 5.254524368404940304e-01
9.923628361762285577e-01 5.670016753690275690e-01
9.879855848793468454e-01 6.142552575130846293e-01
9.871154016886231064e-01 6.221016403063625022e-01
9.812726752345577452e-01 6.723048139250629163e-01
9.800708711213463875e-01 6.797890404547283216e-01
9.763989483722236296e-01 7.007629284326142294e-01
9.729764813324417450e-01 7.155740079375864093e-01
9.617694546861472737e-01 7.445082852592108669e-01
9.557105207701432903e-01 7.596351691407733364e-01
9.354212025566969180e-01 8.022740831904293657e-01
9.042666750080766702e-01 8.466410787378476632e-01
8.980291843623937620e-01 8.546694046532501421e-01
8.836648085868074043e-01 8.710646636972184664e-01
8.508186445599302816e-01 8.971027935566439071e-01
8.399187703594083176e-01 9.054389108186773338e-01
8.204181509005784578e-01 9.193293141300138416e-01
8.057578688854164506e-01 9.293449298573294159e-01
7.747141529265466620e-01 9.490624035595881525e-01
7.661499921144446779e-01 9.535246942793297320e-01
7.604698683984107976e-01 9.551823905678760163e-01
7.372512252727220217e-01 9.601938367195955726e-01
6.880455000353653539e-01 9.701210076275567085e-01
6.773579095693957886e-01 9.719557750278206010e-01
6.669294689050729863e-01 9.734100168328405633e-01
5.695872961556048830e-01 9.852268637100458637e-01
5.551705143747448501e-01 9.869411545280976084e-01
5.426178232847699290e-01 9.875915858737408515e-01
5.383821680738181126e-01 9.876712199291834970e-01
4.995136352696547544e-01 9.853431296898497171e-01
4.630879874593536449e-01 9.823233997310096832e-01
4.167782105978488083e-01 9.771169577411390472e-01
3.611925937323147151e-01 9.681842920796928098e-01
3.486283433457302294e-01 9.658555539531783474e-01
3.370800470266170912e-01 9.634333905715734003e-01
3.152995873493589229e-01 9.559490872981446508e-01
2.821943262182176060e-01 9.442182676649235606e-01
2.790544061046386082e-01 9.430133481339565416e-01
2.402855758115676199e-01 9.276614970455694387e-01
2.204085031598926880e-01 9.195255909322864740e-01
2.179714307269964291e-01 9.184157473282975603e-01
1.816101318209195625e-01 8.966654083953528032e-01
1.801180957907739799e-01 8.952914254057984245e-01
1.322504449511252567e-01 8.464889371917166949e-01
1.124427641369336595e-01 8.224945651664480328e-01
6.556488340832988815e-02 7.393893885909259556e-01
6.214369740000624809e-02 7.327543720960590923e-01
4.208154330462199333e-02 6.897480649468867853e-01
3.266013333289663478e-02 6.617448913932947319e-01
1.411183643847002678e-02 5.903780281507714500e-01
1.299469028171162943e-02 5.824329051862837670e-01
9.093218734365415834e-03 5.501679936700070161e-01
7.902566856937465190e-03 5.175133947384028543e-01
