1.252761866053164752e-02 3.458233430439553446e-01
1.626297886448457852e-02 3.288325927874005128e-01
4.646695390088984023e-02 2.578004077776965275e-01
5.286981716651539820e-02 2.445356054286530467e-01
8.675312696182657657e-02 1.877980712472404612e-01
1.012552052548757464e-01 1.635346979134048029e-01
1.102560462161555899e-01 1.496275817432094479e-01
1.178364114289028874e-01 1.381676579370590963e-01
1.271913452714088510e-01 1.243632499883444709e-01
1.327096663676695654e-01 1.183299757341981229e-01
1.817833299053810414e-01 7.647070778484577058e-02
2.193428944567678007e-01 5.115767386833325325e-02
2.361319125529079965e-01 4.101635858464469653e-02
2.389407420796439974e-01 3.971022087158326830e-02
2.595807200144653049e-01 3.076468044586633255e-02
2.896519368623061697e-01 2.022746289168830813e-02
3.427543640678808456e-01 3.097716413971496330e-03
3.682205884552288699e-01 3.270698316158338059e-03
3.833129327376673112e-01 3.501458427189185763e-03
3.943154957781825898e-01 4.551712168264443470e-03
4.069223517990406824e-01 5.781932542949119735e-03
4.317091567422186582e-01 8.211670734845744057e-03
4.456132644865801185e-01 9.822596571749997452e-03
4.674086259802336940e-01 1.251242735175084331e-02
5.003013236433153654e-01 1.669070563287933240e-02
5.600459273722427911e-01 2.437964141851656219e-02
6.246656350124391022e-01 3.361389237436485100e-02
7.032892795627012639e-01 4.849737576174728559e-02
7.180461036727577850e-01 5.183448353610897730e-02
7.565352463233384617e-01 6.629646838716418689e-02
7.624997659040999576e-01 6.935107480269131486e-02
7.800511791209537860e-01 7.941846284219611363e-02
8.105019665592515521e-01 1.006295523009266280e-01
8.407301982337587187e-01 1.217238236813188434e-01
8.610410319943202495e-01 1.365754470427975598e-01
8.720616767449728135e-01 1.448055111371835402e-01
8.908976416338555415e-01 1.588948020254462579e-01
9.231051014340270200e-01 1.966905705671614379e-01
9.371458855507396324e-01 2.141190929727943004e-01
9.594199210122972277e-01 2.774347841163424810e-01
9.690155593384991439e-01 3.078993253917307049e-01
9.887960964051796253e-01 3.869703623789335634e-01
9.914414720946362891e-01 4.055292794442827420e-01
9.936106051680575479e-01 4.582528501945241084e-01
9.907916369588207761e-01 5.209795218534380989e-01
9.897074081775891763e-01 5.384616035873150963e-01
9.879384784562581512e-01 5.648662051188737543e-01
9.860825402117149308e-01 5.872469898097236740e-01
9.792626846610005265e-01 6.440910010372418171e-01
9.760066373171747411e-01 6.610460345632664936e-01
9.748636658067031391e-01 6.663427942167208240e-01
9.551091118197038154e-01 7.210395912529611318e-01
9.367639528280261585e-01 7.631209532175029508e-01
9.243978457145592964e-01 7.840346146861444376e-01
9.079407867065372173e-01 8.065778735111962527e-01
8.864210349184916682e-01 8.277149186823957727e-01
8.705666133836421627e-01 8.422501725828808183e-01
8.571149853177764122e-01 8.537616201429675256e-01
8.334592752903915436e-01 8.726813103766395407e-01
7.878548682165884554e-01 9.043807035153620388e-01
7.550695083151265363e-01 9.236389721446702783e-01
7.040633148678712150e-01 9.527758974379716417e-01
6.888491126061780934e-01 9.604047896926387606e-01
6.331636842651868768e-01 9.804001731740078496e-01
6.237958798082057221e-01 9.833323866148218073e-01
5.688637320735923097e-01 9.942870043177388650e-01
5.631892962602617070e-01 9.949827241387264598e-01
5.156016425344425169e-01 9.969022835860286147e-01
4.628305319677343821e-01 9.950174524923165453e-01
4.512064079053620391e-01 9.946020526496230918e-01
4.216762648993627183e-01 9.933553174909759420e-01
3.990341555012129060e-01 9.895598593228991380e-01
3.852678360706224270e-01 9.862147235395437583e-01
3.788348456218788574e-01 9.839205523461976854e-01
3.420751667809733831e-01 9.690500487982248723e-01
3.087500371384321873e-01 9.539806800562332656e-01
2.953620054567026587e-01 9.477838455987591670e-01
2.829269024612881545e-01 9.407065692182031702e-01
2.387014354315464271e-01 9.134967572370338296e-01
1.918528293178488608e-01 8.822971624923920952e-01
1.347869026997596809e-01 8.421898967118242041e-01
1.190417919781042722e-01 8.290355981589530021e-01
1.130997298659243144e-01 8.231558740495482640e-01
9.032503427388871575e-02 7.997211282046637892e-01
8.452694766513391134e-02 7.929262369102521024e-01
8.140385261121063643e-02 7.885057052893081897e-01
5.498580455960611069e-02 7.484458572762303641e-01
3.992730977462721764e-02 7.175455928615427359e-01
2.586366609857693177e-02 6.883451655923332746e-01
1.829934964493051819e-02 6.705602610985825773e-01
1.641263045124208286e-02 6.649934644111166193e-01
8.897091555625458170e-03 6.233513245406260284e-01
7.622151020533318722e-03 6.139290049426222584e-01
6.389394831942452058e-03 5.845196315750400551e-01
6.542261736713017584e-03 5.464877219483926796e-01
6.674971363087256471e-03 5.170006348108255878e-01
6.977379206077549689e-03 4.841211381919845458e-01
8.533649669381082603e-03 4.182859842287675045e-01
8.799704922757611847e-03 4.104769271339583359e-01
9.596260577520276946e-03 3.957906298563848013e-01
