1.571664563171321083e-01 1.696461965143543082e-01
2.296178996106353898e-01 1.222641678315774527e-01
2.375304615284226095e-01 1.176797419723442095e-01
2.483889140324009315e-01 1.118958664873119790e-01
2.727091065188241847e-01 1.008457795508442834e-01
3.467710928908295243e-01 6.892098060086937483e-02
3.784591576056434148e-01 5.530421104908123109e-02
3.848545781335478422e-01 5.319923737196441405e-02
4.371828019142438571e-01 4.155951650789280194e-02
5.453889807270956291e-01 1.916320736752663567e-02
5.811377465421656563e-01 1.716949295322145463e-02
6.050225272834032220e-01 1.716496246817367233e-02
6.228178556552951273e-01 1.826437686111326286e-02
6.382612513251659792e-01 1.923823204547714383e-02
6.489427513472797449e-01 2.076443027745233927e-02
6.936739941769269890e-01 3.547420201109996452e-02
7.149508233869615870e-01 4.250794276100711144e-02
7.412961531059176767e-01 5.646764556684236158e-02
7.655381549427895393e-01 7.320101357749886350e-02
8.244362604095779590e-01 1.178653932687003802e-01
8.742975599320341740e-01 1.573295370259076842e-01
8.989284722174613051e-01 1.779047645579185932e-01
9.016604888161993125e-01 1.804350452385091730e-01
9.187356669849245927e-01 1.992595654061771748e-01
9.401129276165804960e-01 2.304912862761404613e-01
9.481268601018398856e-01 2.425568761186420730e-01
9.558150132706989544e-01 2.541568025507505713e-01
9.580301818990631935e-01 2.577673920524065077e-01
9.638265892028102799e-01 2.696298603663160875e-01
9.762101587801096381e-01 2.979159793667961464e-01
9.805725165462122472e-01 3.134807411254122433e-01
9.816193023416595054e-01 3.183851654704593637e-01
9.898801689661121950e-01 3.643998890432113003e-01
9.953439986799438310e-01 4.272126756406022796e-01
9.966411186258778976e-01 4.499698865193321184e-01
9.975584303991102963e-01 4.921626154717986257e-01
9.947508500547542765e-01 5.233018977663449478e-01
9.901097358083689182e-01 5.744709775150654840e-01
9.872567115796127002e-01 5.961856129465974430e-01
9.809423943462202145e-01 6.398633326280541711e-01
9.793571460824004316e-01 6.474604356890544254e-01
9.791409437628827428e-01 6.484512640444752840e-01
9.776881760211166839e-01 6.542065558872519615e-01
9.713266733506481510e-01 6.792907017487322952e-01
9.686954243408378851e-01 6.874709098856505163e-01
9.628454428772715845e-01 7.052816096164260529e-01
9.393651055939811201e-01 7.736597664095777871e-01
9.250017096169570463e-01 8.107848228935992108e-01
9.148451793546598099e-01 8.339961498045468380e-01
9.091741932893869782e-01 8.452446947613543315e-01
8.937438181681421900e-01 8.646025538177530834e-01
8.678061743095949465e-01 8.898045657744199088e-01
8.557352911714204424e-01 8.995815694835868070e-01
8.411543964310317367e-01 9.108290797552900386e-01
8.270062995261306948e-01 9.205637960732265812e-01
7.777463511366423665e-01 9.544067928435057135e-01
7.448259616009126338e-01 9.745439245999738542e-01
7.276039496731686596e-01 9.796979681944939511e-01
7.246566699590174521e-01 9.801362150349473001e-01
7.100888090750053783e-01 9.819211004375534291e-01
6.929875735489671174e-01 9.826724435526483781e-01
6.761238795643521593e-01 9.828350375318264387e-01
6.063960102068193248e-01 9.819940203241394050e-01
5.948417549158309114e-01 9.816246806711128592e-01
5.739184384605556799e-01 9.801364558063858645e-01
5.297217522698138836e-01 9.743979976749895799e-01
5.091031868427625673e-01 9.714924343171759125e-01
4.818388396575490340e-01 9.672285381387135672e-01
4.603613775793142793e-01 9.637019422665668023e-01
4.414131529804591336e-01 9.572947298374785419e-01
3.776822811885027775e-01 9.289062770490551513e-01
3.381306854803372008e-01 9.109744040601104320e-01
3.078807214198423514e-01 8.953245251655428394e-01
2.738990618649365105e-01 8.763158353103426279e-01
2.540277224192137862e-01 8.639749174748595495e-01
2.227956920213228775e-01 8.329824383419637268e-01
1.995531303525892586e-01 8.089077826593462639e-01
1.840640283289317614e-01 7.921812776302896708e-01
1.661362205249014012e-01 7.726080916121788045e-01
1.558479333866017447e-01 7.605022403833511246e-01
1.320739806060475807e-01 7.297838404136880452e-01
1.095305820767572547e-01 7.004076884057501839e-01
1.020166897513142823e-01 6.894177143246609241e-01
6.282488516747575247e-02 6.310883985791789774e-01
5.580482369719286240e-02 6.160337672256041008e-01
5.175938626724940761e-02 6.071546733742581026e-01
4.220039016067056448e-02 5.817382511589178629e-01
2.510489783112623829e-02 5.346540405505254556e-01
1.980908751654464339e-02 5.170225334718299148e-01
8.225106204886700745e-03 4.733877844578844307e-01
3.859290695691242057e-03 4.292254337179185475e-01
2.441569600889703651e-03 3.954805115815391847e-01
8.932615358965834140e-03 3.732691568902634094e-01
2.585386561776170655e-02 3.199765356863998322e-01
2.890333763235397591e-02 3.131841273837699946e-01
4.883612051667085563e-02 2.867477799543420858e-01
8.293350078258743263e-02 2.488227981362345353e-01
1.214578687219033393e-01 2.060100583587826106e-01
1.316586838491623501e-01 1.950634023325671373e-01
1.443893123713807514e-01 1.820528401277937691e-01
