6.266117641642556801e-01 9.982528336571401262e-01
5.991699626554997105e-01 9.984205334206950333e-01
5.514397955940087970e-01 9.977245744953727735e-01
5.166615040283011329e-01 9.963745663891531157e-01
5.131454703758981939e-01 9.962234352754388844e-01
4.654186367346287989e-01 9.906362174539821153e-01
4.475081425661470158e-01 9.879705113570984576e-01
4.189086847788314749e-01 9.831477389944013323e-01
3.887565402320813934e-01 9.771174399375631703e-01
3.529638520415779857e-01 9.690953112979558970e-01
3.408346680414110486e-01 9.661771309837565713e-01
2.981655245596400716e-01 9.525521596104602473e-01
2.822860910035330795e-01 9.459858429994770779e-01
2.792136713478522436e-01 9.444609400900151330e-01
2.595130600298958257e-01 9.333329851822275147e-01
2.414524426795083833e-01 9.206887356299749969e-01
1.994422431372783189e-01 8.901653605516958168e-01
1.466260144582308689e-01 8.492201214131948062e-01
1.306480375762786306e-01 8.265165969255957590e-01
1.263789762182065957e-01 8.196839550984813538e-01
1.195720669425318627e-01 8.087819544580181486e-01
8.549922465844861375e-02 7.537642334424992097e-01
7.191942625207625728e-02 7.291279832310185727e-01
6.238931018201199219e-02 7.114391996094893145e-01
6.083716645781744869e-02 7.054945941848590474e-01
4.763986354197913275e-02 6.465464647044056878e-01
3.633141780748805338e-02 5.858491477163004779e-01
3.483082230723122397e-02 5.769467877170296743e-01
3.355428715783304039e-02 5.665119630661230588e-01
2.949961685718183180e-02 5.223982638045476801e-01
2.828205169418473997e-02 5.082851655215808728e-01
2.723351422353548212e-02 4.891153839640903778e-01
2.690081705244495858e-02 4.661754454696976913e-01
3.066802670732626801e-02 4.070143210477258355e-01
3.328036679840584711e-02 3.881636936918355651e-01
3.609532575937413057e-02 3.749553439586176262e-01
4.809912009672534516e-02 3.235520985830965257e-01
5.348974021444063975e-02 3.031412580812181679e-01
5.987872565745788744e-02 2.802764038883314157e-01
7.935099255302768828e-02 2.368432645164284533e-01
8.771468772440271788e-02 2.198522953124770751e-01
9.044480030677648497e-02 2.151181088942049069e-01
9.793715513949108331e-02 2.046022922274770561e-01
1.169981866679064009e-01 1.825057251145087989e-01
1.240797013483440070e-01 1.750152913073745875e-01
1.462979512474498200e-01 1.551132951220027811e-01
1.706349621348144385e-01 1.339041430511127562e-01
1.945405155518796780e-01 1.143981148685772053e-01
2.017083037058871042e-01 1.102864335400468576e-01
2.441153085572839165e-01 8.655931467935851220e-02
3.149302191995911882e-01 5.071965507660924910e-02
3.259338133849936092e-01 4.630788408030761527e-02
3.444834866166933685e-01 3.889777004378325298e-02
3.663177211529907717e-01 3.018448674758777983e-02
4.244781136869099081e-01 2.000988737846476351e-02
4.671780081342605806e-01 1.381298196405289502e-02
4.886180928014163261e-01 1.103021887382149568e-02
5.532337734223304881e-01 3.016792848542393379e-03
5.688248499618034915e-01 1.673199801787705887e-03
5.714231550185691066e-01 1.579466579305077722e-03
6.419271787019600328e-01 2.597196921796718350e-03
7.107092793952897170e-01 1.361088487205108777e-02
7.247704701979739150e-01 1.597038591333810320e-02
7.669782315131262740e-01 2.672793207070445209e-02
7.855263437115209690e-01 3.340175755609042785e-02
8.032403438181208166e-01 4.011307919868634109e-02
8.348593359557133775e-01 6.432116532564002842e-02
8.473825381249702193e-01 8.239653477010489002e-02
8.677452851272826617e-01 1.179191886918835586e-01
8.924643367041031894e-01 1.707394257954162331e-01
8.997646915711523530e-01 1.870856388136576953e-01
9.018528455826255730e-01 1.922714646200114341e-01
9.113734053328116369e-01 2.208511408067063142e-01
9.235836548798661561e-01 2.575998436450446238e-01
9.377690501008478785e-01 3.030450400535956712e-01
9.490127651838091705e-01 3.423148629463078629e-01
9.521962141063022855e-01 3.542869410415863118e-01
9.634793371672100148e-01 3.989914250871108292e-01
9.699140190042164766e-01 4.548936275209608526e-01
9.730991829475550414e-01 5.150372191678213030e-01
9.723764744904662694e-01 5.310054907416213998e-01
9.677487917643947668e-01 6.087309468019105330e-01
9.655564913209031541e-01 6.438818109096291487e-01
9.620921429747977260e-01 6.813750915060906577e-01
9.529126273285032367e-01 7.356332479367484467e-01
9.443962466107211906e-01 7.771335748558269030e-01
9.374635244020040892e-01 8.054589869040900130e-01
9.309842203831688590e-01 8.304549091594186638e-01
9.304168956045144601e-01 8.325109999199720168e-01
9.195262147534639663e-01 8.554169313360252547e-01
9.102558952130765935e-01 8.706633062166644343e-01
8.728797104667631590e-01 9.025882790907726605e-01
8.617945084764090380e-01 9.107321735665431239e-01
8.292417241001961425e-01 9.294785960381576340e-01
8.138024688825177266e-01 9.374936925847993097e-01
7.897176575663931164e-01 9.494269578384494368e-01
7.642863502293856248e-01 9.616765527044907058e-01
7.514902316822023032e-01 9.663783900976304908e-01
7.346797594640875895e-01 9.713013461307413721e-01
7.086698455044516676e-01 9.786458014637893221e-01
