8.221080808411196372e-02 2.089894582342298746e-01
5.549361552374926232e-01 2.546206617659791394e-01
6.686486582955877278e-01 6.032520496542554955e-01
2.867285718484572921e-01 1.322033135816951255e-01
2.783978802699640237e-02 4.708864753554888871e-01
9.270894625139978196e-01 6.606467293019717690e-01
5.381702969851595020e-01 2.325168770124930173e-02
7.756307853367763183e-01 8.263627563483272320e-01
4.332492336941849986e-01 9.816918379767822778e-01
9.271561373827964525e-01 8.783198561868302834e-01
3.247279661820123842e-01 7.153139417330783845e-01
8.066573979952575968e-01 7.994992735654523619e-01
7.026784957920713115e-01 2.734547179629323033e-01
9.847501186375314797e-01 4.998433496293758216e-01
1.824233267847249484e-01 5.763972975306966839e-01
1.755988419930744893e-01 3.472761860639145270e-01
2.526548122293997833e-01 5.391125456294454388e-02
1.984673190245441754e-01 8.604241053413267393e-01
8.176732953240173352e-03 4.429757606739287423e-01
8.373513341090964290e-02 2.469607681049941217e-01
5.280720587432097268e-01 8.351219996744915219e-01
3.146159163609962839e-01 9.478305516605234349e-01
1.500638342527885194e-01 2.052892234839102104e-01
9.042021991609990872e-01 2.426467156358768085e-01
6.996615434899667862e-01 9.746175122181037764e-01
5.123676490831510222e-01 9.840726269393810233e-01
1.056256622803091183e-01 1.818301816205721844e-01
9.549105258413933539e-01 7.207087240819344265e-01
6.882046788830771256e-01 8.120047054049361890e-01
7.858504539155476420e-01 9.586041182259640303e-01
8.443539120944542065e-01 1.635833834697195677e-01
3.346303123292998505e-01 7.203378259697822417e-01
9.803115608858633534e-01 4.719473021625786302e-01
3.007054531676978115e-02 2.851548776122951878e-01
9.766653722869069743e-01 7.531366022107448543e-01
8.691473862562365538e-01 1.890311484584459301e-01
4.505007254876238765e-01 4.167541856809223177e-01
1.103342534212215509e-01 5.650853236903458088e-01
4.224176113374797370e-01 6.801721198992077833e-02
3.094237056953508258e-02 6.004522223956778593e-01
6.474842195244442378e-01 5.092815177258158688e-02
5.794282365895814246e-01 5.458019261170754532e-01
9.899499338572725904e-01 5.690944589128379416e-01
1.743392371924523676e-02 3.183498271885578657e-01
6.450389657099850904e-01 9.822703748435271942e-01
1.417955374256152368e-02 3.427435794552275983e-01
8.857784500330686539e-01 2.106949960462118909e-01
4.755322775275827585e-02 2.565344760817298564e-01
4.375271345385021160e-01 3.758870219564635073e-01
9.186917535507399535e-01 9.142034421886342521e-01
7.942025344860120795e-01 6.082650014987535103e-01
1.308545137052206375e-01 2.492226317298651961e-01
4.805687368718971619e-01 4.919193159595413589e-01
9.067036505288429415e-01 2.477326044768090041e-01
9.645833100479278555e-01 3.995257141996894079e-01
1.795455131106839519e-01 3.894225944934034400e-01
1.812119790393675878e-01 8.450040149823530022e-01
8.753847874434551590e-01 5.343224784812857786e-01
6.846491998453767547e-01 9.773774976370056544e-01
9.111351419912142591e-01 9.017274241912321964e-01
9.165624098423930111e-02 2.072415792546042079e-01
2.347231859205382021e-01 8.886488898416999849e-01
5.713377514212747421e-02 2.432529687536164609e-01
9.471086214937889380e-01 8.630214945335299426e-01
5.778443933054269177e-01 3.002927498334728718e-02
2.462396584533779742e-01 3.600312357398574026e-01
7.581786314149954187e-01 1.015336329460145848e-01
9.746961076496546417e-01 7.621898041450260175e-01
1.851479472283068528e-02 5.565398832926810035e-01
9.837703996395233963e-01 4.917070600531771030e-01
2.290148807008523246e-01 6.356700170483315926e-01
3.523737616292804686e-01 2.406579099536354516e-02
5.547588642103860046e-01 2.710746853142759760e-01
1.342256841855549165e-01 1.517490686581798309e-01
4.542392729247861638e-01 9.826425646496821376e-01
1.348878780172346747e-02 5.328767276866192004e-01
5.725240762162742136e-01 4.710175690505704615e-01
4.287677940431771639e-01 1.015362168524213821e-01
9.000061045013055816e-01 9.269910551225679640e-01
3.441911846611892534e-01 6.740463729810771687e-01
3.725960064404009175e-01 4.683128549167469012e-01
9.770812424793955397e-01 5.182365478259167713e-01
2.336939883087029157e-01 4.105641413478720581e-01
1.325322046038046597e-02 5.313665876730954141e-01
8.948293183959290520e-01 2.260744080549954571e-01
4.989344417909547524e-01 2.573024396310800155e-01
9.625549018715685579e-01 8.149395269089307892e-01
1.619045939671432954e-01 8.225406174201810305e-01
2.506710484192964383e-01 5.514966572369417452e-02
8.329254770996575852e-01 1.534697725078574271e-01
3.384815049271826526e-01 9.611721824152783533e-01
1.846597623324910398e-01 1.082555042327264516e-01
8.608286951785050212e-01 1.798572383535608221e-01
1.534416206977284869e-02 3.322140109667521823e-01
1.366150602853190010e-01 7.926142004795361240e-01
6.047712214069783654e-01 5.834868603193374414e-02
3.184433235131728379e-01 6.631859028420938884e-01
5.844470636208256575e-01 1.973204636407675794e-01
9.356485774979724779e-01 3.171570741420688400e-01
9.219421123552103969e-01 2.830022431847258879e-01
9.871845383193831314e-01 6.998836023518794081e-01
8.782970557252504085e-01 2.003481663290680448e-01
3.355330814302031062e-01 7.689354456662504944e-01
6.576360598060593254e-01 9.808827639599925208e-01
6.179344681818627061e-01 9.837920055107196582e-01
4.945312403513535959e-01 2.340917945327912197e-01
7.992643235726208939e-01 8.778996112009535002e-01
2.170070000882784456e-02 3.036508146751862869e-01
6.321669084227085067e-01 3.060458966054350749e-01
6.940494630138746013e-01 9.336233516003470401e-01
5.593538173022443161e-01 4.855023573361639255e-01
9.369481270668875705e-01 8.826536048164066450e-01
2.848414840288095995e-01 5.463979822649487339e-01
3.354754730902594351e-01 3.753286046278253019e-01
3.681507969597749841e-01 6.991359080375511015e-01
4.763677635725522830e-01 1.488335948970365141e-02
3.425002592209936414e-01 9.522582364833226398e-01
3.281575822733845404e-01 2.251726112415230741e-01
9.480761928702672314e-01 4.421554256027697694e-01
1.543503245921514777e-01 1.340705883173715085e-01
6.561459780046535739e-01 6.885741380042670334e-02
5.461265634501399902e-01 5.608483131155352769e-02
9.141556463468569760e-01 6.304280355350836418e-01
1.181611583492322148e-01 4.290149484530956792e-01
2.426622931780203496e-01 6.136334616010608034e-02
4.869098372052560464e-01 7.833548007682109571e-01
8.831915384624389187e-01 9.339489594649524884e-01
8.859204688129251881e-01 4.246999079638448804e-01
3.966352338113043885e-01 1.865445267583920597e-02
8.093710722091965737e-01 1.353063945670995860e-01
3.363821486298327890e-01 3.551695206981708708e-01
9.852827453655232937e-03 4.051394168587830746e-01
9.616306467950377357e-01 3.862343254460145481e-01
7.926596647008454788e-03 4.951228082273264608e-01
8.896697552579120594e-02 3.534668416922255862e-01
6.857512003495362940e-01 1.437968936681451315e-01
3.697488841383109737e-01 9.742476870313591109e-01
2.740024950149396732e-01 4.394880731717376587e-02
2.330986783908456372e-01 5.849888415563220256e-01
8.593453175247697806e-02 5.676589480876812477e-01
5.136068608492919685e-01 1.036430902601701287e-01
5.001802168999509579e-01 4.057994017629089623e-01
5.675229793698548242e-02 5.910551720708920875e-01
7.300935180787553325e-01 3.460576944853870351e-01
2.055051038214518178e-01 8.661707984370544677e-01
6.881768644794563627e-01 9.391255473358628425e-01
4.467010489281075802e-01 1.541368043230073592e-02
2.969777296211839612e-01 3.576587887465498827e-02
3.241475825140678890e-01 2.524352853351318204e-01
6.681986511297048903e-01 3.665875082982903432e-01
8.549149067419854475e-01 9.423448079477857453e-01
4.685376532747964617e-02 6.459232056978194692e-01
5.182633591009300211e-01 1.053077473858614749e-01
9.287533041965210234e-01 2.999517951993401210e-01
4.152279781871318631e-01 6.264013233831523531e-01
2.521753764433061207e-01 9.343954421391065246e-02
1.880480464881739699e-02 3.103131695719515415e-01
3.585154614979094712e-01 9.039577262994262785e-01
6.356413762684438584e-01 4.046842892420374205e-01
5.852792201736917166e-01 3.194304213031629036e-02
9.569037407519473959e-01 3.707861195837299784e-01
1.965613321762317012e-01 7.242599571924236423e-01
8.769066925475044183e-02 7.260008522922951624e-01
4.916000626488399305e-01 1.776259095734939730e-01
9.920633035475394657e-01 6.479220943410869404e-01
7.166130501609597747e-01 7.714683746002271025e-02
2.630156598663815348e-01 5.683981964964458511e-01
7.626120703668153311e-01 5.059838728743250025e-01
3.692914340418048669e-01 9.089676042051948457e-01
3.795807843699802175e-01 4.000441541477051111e-01
9.548570938791013374e-01 8.463255624164706115e-01
8.697222399398464310e-01 8.424436051117927260e-01
9.893862588620281340e-01 5.598286937991097112e-01
5.135639865284438166e-01 7.413832178705974385e-02
7.990554770250863914e-01 9.560805730765452592e-01
3.827711450646833491e-01 2.009362423603322512e-02
7.812302508990123240e-01 5.606451658641424807e-01
4.386658226695691609e-01 1.406871289885621434e-01
8.110769774227020168e-01 7.057649023990084647e-01
5.763681464416965383e-01 7.445025198359803142e-02
3.533506403040303501e-01 1.938137695294943064e-01
2.645525230581683429e-01 4.820520248599424740e-02
6.077753931676510568e-01 4.044373532011227845e-01
2.360971388110994773e-01 8.814286105692831219e-01
5.590143383490728812e-01 9.848170451391211611e-01
6.103248658381758007e-01 4.466367145283943185e-01
8.339534240060190173e-01 4.874160585601249318e-01
9.876000951670804717e-01 5.339064021341644040e-01
6.416616639842098735e-02 6.906331006138641815e-01
9.920734033529915452e-01 6.705207088167677298e-01
1.143236584627570496e-01 5.206309893630695074e-01
5.841107111046993650e-01 9.851166405102962376e-01
3.651988488824757795e-01 5.694491518185766932e-01
7.313312383780142811e-01 8.531220272110207059e-02
4.854978836715017065e-01 6.855380028007838078e-01
1.162421601216384603e-01 1.705736081880213639e-01
2.497950317433856871e-01 1.919587994531441466e-01
7.251830297880603737e-01 6.377808826683829535e-01
5.457527201841251285e-01 2.442817735951519076e-02
4.597438347060933683e-02 2.588954267303423817e-01
