1.289476060286988135e-01 1.165719502798646667e-01
9.799717715117590711e-01 3.222463381996298892e-01
2.433784895978720053e-01 4.323050829137312090e-01
5.572013332655258999e-01 3.088003997082080510e-01
5.409310261466406811e-01 8.373179587756324205e-02
1.849660158963070122e-01 8.667110821475831894e-02
8.960438346228862816e-01 1.918470571463397611e-01
9.974246094355381231e-01 4.489991673156865648e-01
9.517676041986932178e-01 7.275625574606271462e-01
1.206489702544511350e-01 3.939793919215134332e-01
6.097744262171219676e-01 4.239836062159232921e-01
4.068952899306131910e-01 1.734730126843671560e-01
3.466304178819795134e-01 8.206388229654474342e-01
9.030615967256139243e-02 8.003598473405163505e-01
2.790932384538852284e-01 9.413592430475589135e-01
9.306527757461919848e-01 5.407926230839852355e-01
1.700057719200804840e-01 8.850344261883714703e-01
3.906215941954179205e-01 2.487457322339308441e-01
8.105917117778829173e-01 1.416836217963659550e-01
6.868339320257164093e-01 7.826913802790380625e-02
2.540194866284741226e-01 8.927015260719416423e-01
3.150108686504193845e-01 2.396655550289818748e-01
1.965619596589844864e-01 9.032086387727049637e-01
1.612963784295505798e-01 7.449797160124046469e-01
3.584909621180594752e-01 2.482747530107759226e-01
6.108121075723552118e-02 4.537548440594582067e-01
2.698577730465412383e-02 6.825950484655872730e-01
8.694066704927305711e-02 5.707428950833078884e-01
6.263133876772011277e-01 5.329851568936320172e-01
2.537132347500526963e-01 5.524470880516497706e-01
6.513411719856961879e-01 3.143592048990120902e-01
4.475732769116157472e-01 9.823967062170101405e-01
5.124274222226579134e-01 9.840555850144777628e-01
6.964779132058092348e-02 4.314448663024847974e-01
7.313700758954867487e-01 1.008093850068351172e-01
7.282373256050633792e-02 7.792395780774957759e-01
5.457014279334458928e-01 3.032682815208298521e-02
6.220530971669518960e-01 8.237233710561868705e-01
7.239027877263497501e-01 9.227682925551232707e-01
9.047816890333171269e-01 1.998945821437840831e-01
2.807019258882625934e-02 3.211078516866308075e-01
6.793648903716563714e-01 5.384868696951290445e-01
2.024120945111399505e-01 5.116800498894739091e-01
4.105236284876154773e-01 3.157626816319247243e-01
6.697223381850773150e-01 9.701629505792296326e-01
7.025817921364572172e-01 9.575127928096283103e-01
9.958686677052703828e-01 5.015942463065864443e-01
1.576989580539865099e-01 2.238862432279388193e-01
6.770231177509148379e-01 6.531720522100209481e-01
3.554708487046009946e-02 2.940155358077520820e-01
2.290052857511760132e-01 5.976338950947800432e-01
2.271819507727701470e-03 5.470005501472364751e-01
1.138819945228853880e-01 8.271040912918676824e-01
4.337354548355201178e-01 1.649403312465647087e-02
8.523151711498312411e-01 7.984809646117390081e-01
2.965912854082892736e-01 3.629627586063544076e-02
6.270009941106191587e-02 3.042778194536736036e-01
4.462908718475852576e-01 5.958422812860044715e-01
8.338229410625863647e-01 1.552998675250727434e-01
3.920883545799799252e-01 1.585629354770290433e-02
9.200717724238119954e-01 7.802871087286158414e-01
7.553293166543681991e-01 4.513250500637289164e-01
5.019120367565665930e-02 2.435616577248128634e-01
1.828172952038964461e-03 4.634875695336329038e-01
6.498655115954565797e-01 6.423040205253093271e-01
5.993673042090230663e-02 2.109487828702685253e-01
6.172310717988377382e-01 3.621711828787486098e-01
4.260773026564671495e-01 2.520516043025098352e-01
6.665177459840887497e-01 6.948272670690913699e-02
6.424813895739907021e-01 6.050931900442468869e-02
7.052354699421400364e-01 2.500320282502985769e-01
1.875434634037498327e-03 5.129186124819311576e-01
2.896400605123767846e-01 3.867771130524322309e-02
3.692866708643882667e-03 5.698142165702307915e-01
1.577460710658116771e-01 5.576345460504005258e-01
1.312021083466896609e-02 6.363997856760662541e-01
6.234285691240792904e-01 4.206404953657684187e-01
8.080464062804747494e-01 8.846048045311921681e-01
4.375376446466127112e-01 5.347797099050123348e-01
6.585231321401212590e-01 9.005367741573847562e-01
2.236996236344783728e-01 1.753510547274859943e-01
5.689330672948423873e-01 9.825715381975241858e-01
1.465020800432659254e-02 3.752213989853675491e-01
4.323911290865210533e-01 5.449680482263458137e-01
8.399983309759689876e-01 8.591231546194944002e-01
9.331481981468017217e-01 2.378085781582418567e-01
5.980155419219942425e-01 2.107322027302465095e-01
8.670083847365093188e-01 8.253283369513570999e-01
9.935052602875378280e-01 5.430588540239557060e-01
7.579531011054629897e-01 3.460312311218096681e-01
3.465198423678460538e-01 5.605579462490929421e-01
3.097754256831979358e-01 6.176035935177454084e-01
9.332553773289484766e-01 7.616808773463856763e-01
9.644333438112275836e-01 2.909436003465426523e-01
1.260284337547978861e-02 6.330464412223282267e-01
9.630030339484529911e-01 5.334452229656740929e-01
6.165843516645314049e-01 9.783271026135132997e-01
4.808581233062784177e-01 4.439914112134060176e-01
9.867083262927454079e-01 6.102510021084976977e-01
4.459457658880012221e-01 4.004449458889152158e-01
3.432577851813437553e-01 1.364080165133124689e-01
8.802867026469065603e-01 8.221253861816958386e-01
8.322684665706332474e-01 8.232811845875556145e-01
9.480471010437407919e-01 7.363898956047165711e-01
7.697086218904136690e-02 1.552073261199707899e-01
5.812801758497233573e-01 5.270471225927441522e-02
1.544048278915232664e-01 2.224331311324163896e-01
9.091719241279430097e-01 7.934250451930503489e-01
3.383783675302411975e-01 2.323850082327627575e-02
6.302305477611923612e-01 7.055802262401711378e-01
9.372905088143017593e-01 5.963295991376086347e-01
4.949317997954227333e-01 8.482799483912072391e-01
4.193830421360118521e-01 8.701601059665308169e-01
9.718265744456047184e-01 5.343066887055167857e-01
7.531700372809756461e-01 1.536717542881169130e-01
9.950117332832014716e-01 5.251569421693197404e-01
3.251471354121764357e-01 9.549023825908310448e-01
4.912134063349169466e-01 2.105246132632743183e-02
9.886915156618290013e-01 3.402094041528467283e-01
3.203437387322425334e-01 2.842416374304734816e-02
4.705879856728946709e-01 7.868337747119626968e-01
6.830835449540868520e-01 5.950750225164445073e-01
3.674067909761096762e-01 3.608658230070271311e-01
9.693860215037171379e-02 5.235821131213631574e-01
3.922075557763715636e-02 7.185046007728660422e-01
2.178049756469175868e-01 9.139975286200801019e-01
7.153081400216272367e-01 9.251255345523401452e-02
2.895729315321778907e-01 1.333842872287788472e-01
3.455788669232145449e-01 1.332373519752282076e-01
2.080269202314670718e-01 1.008089453097112675e-01
4.066102356517620198e-01 1.574652796080366901e-02
5.904271306753128279e-01 9.810395324898099068e-01
9.148346855534310595e-01 7.872467001275029741e-01
1.031354551841255907e-01 1.349317557241226373e-01
2.828904708611809649e-01 5.521265050614414527e-01
7.224275621273033021e-01 9.462592055181155981e-01
1.972814606554842976e-01 8.467121965069641654e-01
9.954581336681567194e-01 5.149183140384125945e-01
9.438245213000209244e-01 7.440756910215566844e-01
2.873107545685894548e-01 1.856447697311733314e-01
4.245609259739778762e-01 9.805740510255679387e-01
5.052307321098773452e-01 9.841954954179346071e-01
4.529877306414261673e-01 9.505078035806745484e-01
6.329331297069197282e-01 9.522337785080243755e-01
3.431584149696834674e-01 4.927623476113754952e-01
9.062848087604173930e-01 7.956841524796172127e-01
9.775835410123113745e-01 6.541618171566279116e-01
4.224605484097466723e-01 3.135954361567767079e-01
1.241728681805754908e-01 1.193244957934225248e-01
8.141826251519140856e-01 7.434968286347002353e-01
9.770609595195008934e-01 3.162864948235676321e-01
6.248967041048048010e-01 3.129047650614196763e-01
1.582535944006677464e-01 5.210618582607736693e-01
5.359842173555442457e-01 9.834905916396959880e-01
7.283969414305930812e-01 8.268718196533481057e-01
7.859361801780877510e-01 9.005522925091049569e-01
3.656667089753251609e-01 9.458571310703718371e-01
9.756322907014444157e-01 6.614239883534354103e-01
3.994094135967940495e-02 7.202997098838538337e-01
9.402204015389643565e-01 2.492301981756379625e-01
5.011105778317861414e-01 9.842534720391962200e-01
9.951587619479446145e-01 5.228108340933264042e-01
7.379010019693906797e-01 9.225958844330620634e-01
2.153975434130374622e-01 2.696060430814377629e-01
6.827530395593098822e-01 9.677283888473294793e-01
6.773148224781659898e-01 2.887511334685096687e-01
5.871741426217685911e-01 4.096056298134409523e-02
1.141102139622047762e-01 4.067491908297181658e-01
7.969871373293176964e-01 7.319616496217423718e-01
5.173021125322635472e-01 2.401360769321181365e-02
9.969178682670459812e-01 3.576006838279238709e-01
9.582051568385833162e-01 7.115672787476042815e-01
2.507944411051465372e-01 5.339156856140193641e-01
3.629243466759222714e-01 3.083631848964181743e-01
5.829587778261799969e-01 4.443870234388243579e-01
1.209695926864810672e-01 8.166434857691522442e-01
2.817326926536065645e-01 6.539206168524492879e-01
8.493289464337963057e-01 7.282471454808763234e-01
9.138589381238177989e-01 2.086938561286179050e-01
2.543872935910151956e-02 6.779239910480199249e-01
6.414147112736605649e-01 7.332383501214019272e-01
5.530113050217000392e-03 4.334196174651463451e-01
9.415062525511552760e-01 3.403471022307758553e-01
6.767581281522085934e-01 7.365255362980849263e-02
6.618649775941194413e-01 6.873147610588039580e-01
6.586337441526866066e-01 9.721982360092363828e-01
2.184385493324345062e-02 6.153966727303346040e-01
5.259145309424954062e-01 2.950783486653071885e-01
2.251960053645866155e-01 6.687210091609596674e-02
3.599018889998075732e-01 1.827901489194339035e-02
4.256296774100579716e-01 9.808344932676699157e-01
1.437708770627226518e-01 3.912776816482418374e-01
5.630020879045525284e-01 9.790846332652120010e-02
9.290098709051864967e-01 2.312244118527815306e-01
4.652126206754658155e-01 7.830532912817494973e-01
9.979166579740831322e-01 3.782161574545003235e-01
9.938526993164283896e-01 5.395003334743568857e-01
1.619754713271659430e-02 6.480836422242721717e-01
9.981718270479610355e-01 3.855622046755773358e-01
7.495985032231420320e-01 4.899401025077824157e-01
