8.610433851110438352e-01 8.022947712414693067e-01
1.678567530380822292e-01 2.906845846492083218e-01
4.036989323424772236e-01 9.003316197727380121e-01
2.332652365103273229e-01 6.804272659976811077e-01
9.592588085801836417e-01 6.362561906722409288e-01
4.491613987000734332e-01 8.781274653415381826e-01
3.331737560976558155e-02 6.678842180065934775e-01
3.510008627234328937e-02 2.988034474996821288e-01
4.770155868826632117e-01 1.448656387567309745e-01
9.342050500499935461e-01 1.991778141033667682e-01
6.567376744457178450e-01 1.478793206918316283e-01
4.080332845771132977e-01 3.809687491523761627e-01
6.373606590891047752e-01 9.835276647228682334e-01
9.325847931490435228e-01 5.756183685348547074e-01
9.450293581301684176e-01 2.208996598711122639e-01
5.428585492508049004e-01 2.902004074219636243e-01
4.353271772308313636e-01 6.211662224316851777e-01
3.127597871544345320e-01 9.583400359721285788e-01
6.161977252298119767e-01 9.979653863615434162e-03
9.628698157429678162e-01 2.722060223875361062e-01
3.698732712615173668e-01 5.581563804049094468e-02
5.972276457589921206e-01 9.892073121718765183e-01
1.589476899732413795e-01 8.582377035851207481e-01
2.922602885659179028e-01 8.688062208478908310e-02
4.865141298109344481e-01 2.012520043863841313e-02
6.042943978023155305e-01 8.841375816092678086e-03
8.933026136134540884e-01 7.961825526706992617e-01
1.709609196424918820e-01 5.651624432804833731e-01
7.262831297681858755e-01 9.212862380818348518e-01
3.953679036877645880e-01 9.685055802313899953e-01
5.600688172390821951e-01 1.048227512577160070e-02
2.437110229386063587e-02 6.280369284928964957e-01
6.866801655221967948e-01 8.620875567793641059e-01
5.189696759481322585e-01 9.904842977674386262e-01
5.212658871148903028e-01 8.800567371779924875e-01
5.339565063763469510e-01 9.909317901770647863e-01
3.635192528149216451e-01 6.381597154504690117e-01
4.372216177823813332e-01 9.878649004607018558e-01
1.655056366404139556e-02 5.505217767170080823e-01
8.640070922992780789e-01 8.361834545706890998e-01
5.370575921250571039e-01 7.802336101759312914e-01
6.041024767588284439e-01 2.376887094309581006e-01
5.134957720418065197e-01 4.265579797146091812e-01
3.661035807064507708e-01 9.746060355121168861e-01
8.759576458459537029e-01 3.997269921038932861e-01
8.252746684472046512e-01 7.669359627698500992e-01
5.633312839121222826e-01 9.911586241839074329e-01
7.390972446175727573e-01 9.542404805179328653e-01
7.122797932744900917e-01 4.551563464908762735e-01
8.378304757482535337e-02 7.851132124343583873e-01
5.924791358308767464e-02 7.470312863375480061e-01
8.308726084423346814e-01 7.987220877184142420e-02
6.021574406842955529e-01 6.390243160832218550e-01
4.741460164664708654e-01 1.407666474112659605e-01
5.242482603685183484e-01 6.558300815535499095e-02
8.627492593668749654e-01 1.026918215923490196e-01
7.595158260094816427e-01 2.805095914889323971e-01
8.308027066072775080e-01 8.777190580923057706e-01
6.000201317139087775e-01 5.302157080483064222e-01
7.940321220750644615e-01 9.120247590688101980e-01
8.945211171289356722e-01 1.363184891277366972e-01
1.679896295176354082e-01 1.584630657798673514e-01
4.692801753341216409e-01 7.314821182330649707e-01
9.587180472234924089e-01 6.383939924757399131e-01
2.878492202123169030e-01 3.051437846481096505e-01
3.862468652458822538e-01 1.956138371748414873e-01
2.194334251720679585e-01 6.103293485521014139e-01
7.661725245139230367e-01 5.095060104146668101e-01
8.455595919535771054e-01 8.604993220970895695e-01
7.722579169350096695e-02 2.365583710251017990e-01
6.165069149484864175e-01 3.324721020346979028e-01
4.429899848741331025e-01 3.051112174977577141e-02
4.920119818022028468e-01 9.896374247274274394e-01
7.323001662773750420e-01 3.566457171571535412e-02
7.195679709461131335e-01 9.359516838259984706e-02
6.237743264676768318e-01 6.963242377170271169e-01
6.392732051383961389e-01 2.709714557313758765e-01
8.554271661639154534e-01 2.655090598342765285e-01
7.061883921173357503e-01 1.210683380439813439e-01
7.216391314876827723e-01 6.083661654382093165e-01
9.015736698918775938e-01 1.450004204501725846e-01
1.120949895766976123e-01 2.058429437216294788e-01
3.308337692537088315e-01 7.212497077890679398e-01
8.568373458544337185e-01 4.913570410611567962e-01
8.362421122185663691e-01 8.409723699629674254e-01
2.322009733050103275e-01 1.133980762709826395e-01
1.565687054192699268e-02 4.376751945337695737e-01
6.310227092118522174e-01 1.192705079888300990e-02
9.510222633698310890e-01 6.684249934148773775e-01
9.849049193514223255e-01 4.669903597455091759e-01
8.688425250254719345e-02 5.710168976322609335e-01
3.015627876144698072e-01 6.045555522901963075e-01
8.881862924852533536e-02 3.260442816389852450e-01
3.803728801089720224e-01 1.833659939015644391e-01
6.884878894676732530e-01 9.726766504305087713e-01
2.550385585354398299e-01 9.297216826945539081e-01
9.116997889981630632e-01 5.173038279989572441e-01
7.192601367070712293e-01 9.637822739988521903e-01
9.209809062999139151e-01 5.952532511452905961e-01
3.867040088199654724e-01 1.586342693263844417e-01
6.612820355058707245e-01 9.787848500809578356e-01
9.697200273774181367e-02 2.375132818119586042e-01
4.091846059721938600e-01 1.897548092812977871e-01
7.806884753422098644e-01 7.159774047231316496e-01
3.700094917479308521e-01 7.444985468385773020e-01
9.253029310778234651e-01 6.981224401044301420e-01
5.761588933510580768e-01 9.906900278774154467e-01
5.387246515049748385e-01 4.349587349867894415e-01
5.096323325598436371e-01 7.344913491585947085e-02
9.778484343702300574e-01 3.675091496483509079e-01
5.758929533868171191e-01 9.907087016052239514e-01
9.190045770901675848e-01 7.523140202735322246e-01
3.446840394949945985e-01 9.696492559190578175e-01
2.825395758836356519e-01 1.709194529559845410e-01
9.057435734171828123e-01 6.177681691484268045e-01
9.307422802756067926e-01 7.302693905133729180e-01
2.323315993114360989e-02 6.191337024825002144e-01
4.402921265799630834e-02 7.086374124974454958e-01
4.788370663243434189e-01 3.164691846175666234e-01
6.756262449300719508e-01 6.762398421609383536e-01
7.443565085107315404e-01 6.478605918510164929e-02
4.205263672777818096e-01 4.271463677978825646e-01
1.835687568910804313e-02 3.764241573109596839e-01
3.112605629494114012e-02 6.592214901130964977e-01
8.524084619503170535e-01 2.373902311124763131e-01
1.490107647737054508e-01 7.068314107514291900e-01
9.820141685060966852e-01 4.205946240101535727e-01
4.462251782729013128e-01 9.823556035196633340e-01
3.404471722082650365e-01 9.682189033462228478e-01
5.059272482608797583e-01 1.687850603665641547e-02
2.760148725152125060e-01 9.391899127383573909e-02
7.783580333621149538e-01 5.330589308487032607e-02
3.157796380207990028e-01 9.594360305446025805e-01
2.981035943331149518e-01 4.064303972076003246e-01
1.581405167766825048e-02 5.405859781331597835e-01
8.111505526811908506e-01 2.049847125817581273e-01
2.797555851904749424e-01 9.453933158649743262e-01
7.297204355939450604e-01 3.076039200197530077e-01
6.502965271002806302e-01 8.257298419905866327e-01
4.669667974817002243e-01 8.698431441720639867e-01
7.376864621255355692e-01 6.591528095768217632e-01
5.169250969544815222e-01 8.224133496974465052e-01
9.350203999494405283e-01 7.179750306618405409e-01
8.500150337048291427e-02 5.813482503544198376e-01
7.052222652718062035e-01 6.210170652505474925e-02
9.485442883968688843e-01 6.780794230517689369e-01
5.625836864747264521e-01 7.378519214637977441e-01
9.720387518402715532e-01 3.039963598630709418e-01
3.986348716765975020e-02 6.976677511694000522e-01
1.509508064857767451e-02 5.007765434338443677e-01
8.042955114635789160e-01 9.031260844854768211e-01
9.721946811402227828e-01 5.648613776853801394e-01
2.352706190036644440e-01 4.862362474071001972e-01
4.854639145491671526e-01 3.595857255488894566e-01
6.185712452881996226e-01 9.005239845503467677e-01
8.434127331128080662e-01 8.697371743042825454e-02
3.376734726482107790e-02 5.897562438541965602e-01
3.781368380845672172e-01 9.769850299480903333e-01
1.582886220972523073e-01 2.313989280551193850e-01
9.307764423445478164e-01 1.930341890815764350e-01
5.339603173789297941e-01 1.611814378939049608e-01
2.183878770988545437e-02 3.283519857047703105e-01
7.605899617859624984e-01 4.492562098279573313e-02
2.639322014644136516e-01 6.889562091601466598e-01
6.568806124034320959e-01 1.533517285428065424e-02
6.747426212135990697e-01 1.801728623840470611e-02
5.501989904852567781e-01 1.130018953959255334e-02
9.835435828581730044e-01 4.853652175265013025e-01
2.429864757074986503e-01 9.273707967851341216e-01
2.339497547498046170e-01 9.227323598845493802e-01
4.214556082642421098e-01 9.851223267771122005e-01
9.566357468932098485e-01 2.518186049683992511e-01
7.581300893398372764e-01 5.656366516614946827e-02
6.992759242299423361e-01 4.264335311241983506e-01
7.510733192583680662e-01 9.474447155108454144e-01
9.234385786578057642e-01 1.806043140544606462e-01
5.291226203672119155e-01 6.994587627081577663e-01
6.463101091733822745e-01 9.820291774793857842e-01
3.038321225221620736e-01 8.950628274800960238e-01
2.187100833006121459e-01 1.194629512228335688e-01
9.264328600480318254e-01 7.392559316675405556e-01
4.101533742925568271e-01 9.830580718158166142e-01
3.335017496081392752e-01 8.799550566110616590e-01
4.244283066335430288e-02 7.045231519179852020e-01
2.163338423760163831e-01 9.106715086382123348e-01
9.164663236138185232e-01 6.908210446473341815e-01
6.543181734260526961e-01 3.031745829165915507e-01
2.628392620729686491e-01 4.757936373166405386e-01
9.817053072420401927e-01 5.004154176867082748e-01
6.434968629349955282e-01 4.407675920646415002e-01
1.886134005527967394e-01 8.864893011651415744e-01
8.680388591528076514e-01 7.498433921803175917e-01
6.907947216691719960e-01 7.637720676665101793e-01
4.564743863973674265e-01 6.004441431265876428e-02
7.160684986166532262e-02 7.721172203693180691e-01
1.313472767407666275e-01 7.828245343666561107e-01
9.701269154293454822e-01 5.762825057695744047e-01
7.157316657493713041e-01 3.098760792829235999e-01
1.824393218028141916e-02 5.719174001356047699e-01
6.822093960720656547e-01 3.405734743948243826e-02
