9.958149496120413113e-01 4.347202392355702383e-01
6.173316594443012395e-02 1.985098084076908354e-01
4.254713687602107441e-03 3.927235458575610849e-01
1.161043673601851456e-01 7.539675735653912358e-01
4.149880686013521780e-01 1.785488642823562788e-02
3.937237024704353106e-01 9.677422485305758881e-01
8.703849686514903983e-01 6.962240855026421427e-01
7.237321922714913258e-01 9.402569504016462520e-01
9.062614723759018220e-01 7.819353589116857517e-01
1.365972658602291334e-01 3.543202608592431746e-01
5.549774720862697963e-01 9.745036598327235788e-01
6.074274104531480756e-01 5.176308636470134950e-01
3.239678713724867265e-01 9.340121591957440961e-01
5.454987086857493450e-01 1.601976544814808778e-01
2.081815795836045591e-01 8.630731601683190313e-01
5.568149112542393198e-01 9.819987185049520173e-01
5.297792627480422123e-01 1.822068535042346005e-01
1.246570386182296181e-01 4.712881146645622188e-01
1.401420039543062879e-01 1.763876787321141948e-01
7.226239896558328546e-02 7.412013603973806042e-01
3.981073857351548617e-01 7.369515270336373103e-01
5.325762691898405787e-02 2.105235152021858180e-01
7.393272342227130700e-01 9.333827657798605681e-01
1.940274674352425455e-01 3.154963824434636188e-01
3.811395935748396191e-02 6.652591368396907345e-01
5.515950486071726777e-01 6.104416120626913189e-01
7.991677929606189057e-01 6.944675061794325366e-01
1.013152613885723863e-01 1.449582470044997740e-01
8.143366774222197124e-01 1.565305912144876466e-01
8.847199120025587282e-01 5.963522551419410123e-01
1.989555779438856309e-01 8.803714707193972533e-01
7.321509674091317699e-01 5.695024362243361615e-01
7.461314422087327314e-01 3.468895325651651929e-01
3.302780191225136441e-01 1.377771331964730561e-01
6.076341560861635571e-01 7.811655228782269367e-01
2.075728148078970214e-01 5.427967132241928727e-02
2.557178390925127776e-01 2.136294388596108873e-01
8.812757281882710458e-01 8.262414313292782975e-01
7.645868169776641743e-01 9.199428949699597347e-01
5.003871269351591877e-01 9.800683720662817233e-01
4.755992702500977387e-02 6.908314928171636060e-01
4.230286039816791854e-01 6.378053411878411572e-01
4.180468115392824147e-01 2.358607745093863894e-01
8.091493525246256091e-01 8.916548992095502113e-01
7.515945716721571523e-01 9.032414503506440706e-01
8.936673751515683550e-01 8.107604361671690851e-01
8.517112350001057042e-01 5.767900087273903909e-01
9.859433948802825975e-01 3.777138220019001791e-01
7.092594672754612972e-01 9.459205387943245835e-01
4.543122487399744447e-01 2.665397691384963075e-02
9.788151679980195974e-01 3.647440490606576047e-01
8.369271950639719515e-01 6.653079182457537488e-01
2.447607562326636899e-02 6.232149815169812923e-01
1.635065618576725388e-02 5.813532667828793521e-01
3.245411540643652892e-01 2.169182875290434076e-01
2.412411283646149762e-01 2.380975576549327344e-01
2.021375525069162848e-01 6.953626725910708739e-01
5.791862677432686457e-01 2.370501723184791354e-01
2.314645214038840437e-01 3.650647210002381238e-01
3.867561926703400044e-01 3.993920849420330987e-01
3.931867146764650434e-01 1.665638305293570820e-02
1.505108054507275916e-01 8.375741079598950645e-01
8.674688803504152501e-01 2.056389911646993029e-01
9.394507515005542375e-01 3.058355416742135624e-01
9.809683103234163593e-01 5.304559990446422457e-01
2.011238638588686012e-02 6.024995309503932139e-01
5.797235708949897148e-01 2.625922889390439607e-01
5.690401449936391964e-01 9.451526552048223895e-01
9.902913022577145563e-01 3.893757383687865836e-01
5.921226693100248850e-01 9.043513386390578113e-01
8.992500593740210268e-01 2.416058172473671828e-01
9.963399218330248885e-01 4.080757157026152493e-01
9.425777362233346279e-01 6.743312535751425640e-01
1.340695812878591742e-01 1.101345665861274137e-01
1.074510184912439437e-01 7.936731779557434363e-01
5.948598582769540899e-01 8.277170444784699710e-02
2.492028214201784941e-01 5.703117471558279972e-01
7.573722906493148832e-01 1.228737053220376740e-01
1.086980175427092465e-01 1.358982393900883823e-01
9.370932840109136297e-01 6.916209069452216029e-01
2.034501453672623583e-01 8.836784921060466536e-01
4.364920114178175159e-01 8.848773008975228116e-01
9.517937213334596303e-01 6.426106849078495609e-01
4.501545975165294200e-01 6.169280662585486796e-01
4.109232432406162427e-01 1.739010757949710495e-02
9.212364486231972016e-03 3.458968260592981681e-01
3.388077306500596880e-02 5.258148379244563797e-01
8.649552622233076526e-01 3.369620189138599065e-01
6.119108113758192635e-02 5.648625331074075273e-01
8.046447409933638051e-01 6.063234892687172639e-01
5.448725359582073935e-03 4.840810055802028389e-01
6.137423814600453387e-01 1.643610798958192731e-01
1.689880663771294866e-01 8.540799927653637269e-01
4.992579728384521909e-01 3.871977159303485738e-02
3.988071254495355045e-01 8.224943737106299446e-02
8.376190830131573506e-01 1.768001285686781054e-01
6.910694208809038397e-01 5.387938299305776724e-01
7.744194181795288623e-01 2.572102477285693745e-01
2.232374584527140604e-01 5.401574850136793282e-01
6.927118943002333884e-01 9.515809046028079754e-01
2.144301267150854340e-01 7.530939254973615382e-01
5.885200093361593332e-01 7.909836989992873324e-01
1.975814112018704494e-01 5.839491865452506314e-02
2.678125586894885002e-01 5.482663340771755101e-01
8.617195151127872155e-01 6.398964802104297744e-01
1.295050356427585037e-02 5.607395864071510472e-01
1.432274458612136092e-01 1.016615751077289964e-01
5.839626604213976613e-01 7.296169374715160139e-01
2.521272564727150001e-01 2.312619889150252517e-01
3.706027246596661495e-01 9.589052204136719881e-01
8.553578966376762516e-01 8.534938036493582292e-01
4.761020425603412765e-01 1.226767480214516898e-01
2.750764884502915342e-01 1.698777211502127682e-01
7.649351534787357521e-01 3.102716244792380618e-01
3.189062320749758150e-02 4.887655474460739224e-01
8.330059719797849871e-01 2.018881531887998237e-01
6.724404242744873583e-01 8.022353696613869767e-01
8.215282598994751995e-01 8.817404766505354541e-01
4.168588952357166200e-01 2.562329311431975065e-01
4.963192152970983262e-01 9.817518879998901049e-01
9.355363373386490489e-01 6.076725611686057960e-01
7.716307994230732215e-01 1.297382943214401285e-01
2.695845945288633527e-01 8.726781033361232787e-01
9.565680049268201479e-01 4.165063442279602901e-01
1.490748776907124817e-02 5.729784121573232580e-01
1.896062696712220996e-01 1.916744420058049403e-01
8.103954413711629556e-02 2.168015273548306587e-01
3.523599686602396641e-01 1.848739752789507751e-02
2.519413908625960374e-01 3.571185953790947387e-01
1.628434376617488022e-01 5.951067929526083766e-01
3.315361543745241057e-01 6.550339309222671380e-01
3.453776675175102007e-03 4.412783946006122449e-01
1.307427397986182793e-02 3.257003740786644785e-01
6.048280603512246056e-01 9.748232602506521349e-01
7.602114812411253641e-02 1.786710947705038022e-01
7.959902251845908383e-01 1.430513213077780899e-01
6.877159113785353828e-01 7.117933618177773036e-01
8.646944074544699044e-01 8.441669699693860052e-01
4.660591140354904960e-01 2.971673528067420023e-02
1.128874711960238253e-01 8.004452309681397981e-01
1.338184834315220006e-01 2.257532806892254829e-01
9.115144878169655351e-01 4.440097131456582913e-01
6.785978798777283494e-01 7.034362931285998988e-01
7.174576970908723705e-01 5.367205111746589097e-01
3.425468774303221942e-01 7.811337806785573212e-02
1.938868379409081077e-01 8.762594977505294702e-01
4.772451977943108492e-01 9.808041409071965866e-01
8.213888212426908586e-01 1.622212385209947927e-01
2.706621939771620688e-01 9.179305907121049213e-01
7.621396440818333229e-01 4.876582587908753208e-01
1.018726555643595655e-01 1.677379819702172203e-01
1.325752598651976921e-01 8.207044002781891390e-01
3.651131555524998462e-01 5.344685308643424282e-01
5.521069304455681337e-01 9.824493716898969886e-01
7.156348704164059438e-01 9.437264896083602528e-01
6.113406706460899898e-02 7.234783656809482544e-01
5.318109842738056869e-01 9.833436169470641808e-01
5.136763041718611644e-01 2.158215505981159188e-01
9.500323754275178390e-01 3.136024721382685287e-01
5.116940952400111930e-01 6.379755993013057624e-01
2.108938552092431973e-02 3.025942987772807236e-01
8.848572219352753843e-01 5.513073492878242110e-01
8.482858315877901401e-01 7.917480445289903912e-01
9.107169011653595270e-01 7.691639792839889411e-01
2.586694654694913220e-01 3.328159979095546284e-02
3.721271887153765334e-03 4.522213070255484135e-01
3.741717081911414278e-01 1.530058099964272944e-01
6.344513311208430650e-01 9.696959960405202583e-01
5.052301430408188132e-01 6.163553155324802413e-01
6.703552691180492129e-01 9.503778460401299810e-01
6.724453088164161763e-03 3.633822203135586015e-01
9.728586599958325420e-01 5.645571649320922925e-01
9.526673632821281990e-01 3.180959343770337622e-01
7.697949535663540788e-01 4.643744594950969251e-01
4.219284576486497240e-01 9.772975065375654191e-01
5.404560364508605996e-01 9.831929173689293311e-01
8.703405720960745440e-02 4.777264122361488119e-01
3.057323736609101061e-01 6.795709674051079174e-01
8.460528413684498261e-03 3.504557736260238698e-01
8.757980424789069129e-02 7.654084451060461092e-01
9.304043841414939564e-01 3.645200235754074702e-01
3.680143306204349818e-01 1.020982890271539684e-01
6.564220498870079190e-01 6.596984487451078571e-01
7.861156878333220854e-01 7.327634704205776561e-01
2.643523902044041529e-01 2.712894923978731443e-01
9.965462233248248980e-01 4.211933229549534863e-01
1.740869693780074390e-01 3.755006857000770526e-01
6.875653933506746807e-01 3.499222806603762281e-01
9.636854642044265784e-01 5.993350827220187416e-01
5.940877715500618717e-01 6.791549745455327525e-02
9.949810018694963398e-01 4.029273023009076748e-01
2.232871172237849144e-02 6.142719311651784198e-01
9.943044738537631932e-01 4.590532583763528018e-01
6.689083973617957479e-01 2.537489387349653458e-01
6.886513343727187486e-01 9.808054944941990705e-02
9.919506412988047250e-01 4.826690410794590713e-01
9.304497382648870829e-01 7.121208699584481439e-01
9.613576413940894128e-01 5.547330735013518144e-01
6.509152258824825177e-01 9.646830916633526432e-01
1.480866161497751132e-01 6.928173929163345957e-01
