9.879093480863363474e-01 6.728843651793954272e-01
9.833120919708605578e-01 7.157985679265862489e-01
9.740487860791655628e-01 7.476741409208984557e-01
9.481774687700894599e-01 8.135706897428183204e-01
9.391316449401311273e-01 8.355331857293104569e-01
9.273063458153015803e-01 8.634939301798461031e-01
9.263426912958808712e-01 8.647198151882431461e-01
9.148174696066732059e-01 8.768787938425695039e-01
9.103609270249014562e-01 8.815368483122482113e-01
9.046845315249704145e-01 8.858030048479311747e-01
8.594713229893891082e-01 9.172467233643885054e-01
8.430034844797412719e-01 9.286948590038319740e-01
8.342470165288080608e-01 9.346209963557867706e-01
8.140124927517675690e-01 9.459449198770876199e-01
8.011865007240057679e-01 9.507743051964518965e-01
7.557263838582257698e-01 9.655034940359592532e-01
7.318688031200101252e-01 9.717917490551055693e-01
7.251959073219491625e-01 9.733740242703263768e-01
7.124073887234142477e-01 9.760993349080298032e-01
7.061848707662460312e-01 9.770836772477383692e-01
6.906015370502590622e-01 9.793782284049663556e-01
6.355806352457458175e-01 9.860438669652831223e-01
5.732009423903949852e-01 9.925538615246225493e-01
5.136058788127467745e-01 9.916148864279364927e-01
4.828789542150475622e-01 9.910440068003284475e-01
4.229382094225987432e-01 9.814484076625580311e-01
4.098442302607001597e-01 9.792014110956327455e-01
3.776034712592835074e-01 9.724071674161255396e-01
3.257541761365165822e-01 9.611144764277675945e-01
3.025728380256251793e-01 9.532074965726187177e-01
2.914276611428223696e-01 9.487861517654365695e-01
2.905051397198405994e-01 9.483570253704413089e-01
2.872388182269842716e-01 9.467488911187267320e-01
2.254792916342406306e-01 9.158224648754530461e-01
2.135183379209686372e-01 9.090786648857600571e-01
2.066898321138145311e-01 9.051274712580136272e-01
1.689119858941102725e-01 8.719738068573981149e-01
1.220780866974092715e-01 8.289819988696806030e-01
1.000276612125898801e-01 7.894122076335028382e-01
8.504322420540078031e-02 7.609754230930769747e-01
6.757343065880494493e-02 7.258446938402304260e-01
6.249066980783801739e-02 7.141600301944501794e-01
5.008144323840735268e-02 6.786431310760018265e-01
3.958816606162562923e-02 6.369397073146867427e-01
2.538007327505253929e-02 5.754597010532421786e-01
2.353771486736344620e-02 5.669302188062530501e-01
1.987439889180531161e-02 5.483907709637441119e-01
6.747015881644502500e-03 4.427181120578870255e-01
4.460308997868089875e-03 4.167482879832917764e-01
4.189750463434283034e-03 4.090546357176273462e-01
8.372857779559539360e-03 3.743818518703948550e-01
2.087320215899912679e-02 2.920848179963999591e-01
2.543030326957007592e-02 2.712741855965082882e-01
3.241997252888983994e-02 2.401235570510795725e-01
4.539740419922566605e-02 2.066970518180895056e-01
6.826249982350229839e-02 1.542943201762526639e-01
7.004064994236991470e-02 1.503508999233583721e-01
7.569941908480526394e-02 1.403843215937328193e-01
8.844937296850796660e-02 1.186066419764418844e-01
9.545752997426415476e-02 1.082811480735622611e-01
1.066797329967078545e-01 9.923966290747066044e-02
1.370183918154804781e-01 7.712705859103641259e-02
1.579009821233453570e-01 6.345354387449908540e-02
1.686188511996460360e-01 5.782194125919581928e-02
1.886871156854743603e-01 4.744374471341761268e-02
1.901855628161842615e-01 4.675764218526623495e-02
2.018998779712511960e-01 4.192797311052665066e-02
2.265433645572647592e-01 3.652052676534478515e-02
2.747954047880082351e-01 2.723651775469349001e-02
3.712148718795033053e-01 9.883806489148772023e-03
3.984022570519317741e-01 7.790221791245000027e-03
4.146603051903298143e-01 7.511618493449279121e-03
4.216734994741462295e-01 7.446138475377339638e-03
4.242300560340810378e-01 7.495155813747822471e-03
4.498567943005953307e-01 9.670285188422278466e-03
4.609646957916330168e-01 1.063687449477646041e-02
4.916186950363425900e-01 1.438244792299991914e-02
5.167073740092615886e-01 1.774728618655174728e-02
5.598335758949773977e-01 2.428456383149335540e-02
6.064998452325272016e-01 3.179704173443442805e-02
6.367947543109975239e-01 3.816006879898370396e-02
6.670809577980899574e-01 4.980229494775201271e-02
7.379546391697939800e-01 7.753317973892637216e-02
7.915289444966805421e-01 1.095703990709296916e-01
8.064794282447805829e-01 1.219358277882196528e-01
8.075760117574848351e-01 1.228661652042803976e-01
8.309010049288286792e-01 1.427348982797482790e-01
8.616521382954844821e-01 1.706217040419710784e-01
8.733905877675269824e-01 1.838649632352419294e-01
8.830974741885393442e-01 1.949231109709747001e-01
9.016338452889428590e-01 2.162515361553104531e-01
9.392048228407449129e-01 2.611891779926066581e-01
9.708216442052421957e-01 3.105752565147968935e-01
9.849891832849562157e-01 3.408282462265431745e-01
9.894041006332295884e-01 3.849419368132910302e-01
9.940316399425045413e-01 4.751565346995691996e-01
9.958102495365658280e-01 5.133257754554927388e-01
9.936934223759721352e-01 5.578796506991137161e-01
9.922895457120968210e-01 5.866718605622553984e-01
9.913065026608148811e-01 6.066404989948769311e-01
