3.792191059819893795e-01 9.809367587715953629e-01
3.218401530407825062e-01 9.689817893058283449e-01
2.963683076853108611e-01 9.621076579912343218e-01
2.883720512143796988e-01 9.598558259617786526e-01
2.811429945433906452e-01 9.571469855267079607e-01
2.773763781804701178e-01 9.557301394122249549e-01
2.700682104337817080e-01 9.516813953072159604e-01
2.277352623337270954e-01 9.253860015920578608e-01
2.011314944109562353e-01 9.088556626393080595e-01
1.920423103034262224e-01 9.031452085827124110e-01
1.443448399656727110e-01 8.647189431083435185e-01
1.103422105770427430e-01 8.273718220820965863e-01
9.590624618079812702e-02 8.056269188451602448e-01
8.007212889298387370e-02 7.814929506075276588e-01
5.958709242723247979e-02 7.390411281692413903e-01
4.801317522712822417e-02 7.100989520981297876e-01
4.493634576145799642e-02 7.002320283097066556e-01
2.828258463336152939e-02 6.420697475647749730e-01
1.031094723809300451e-02 5.711836673237791207e-01
5.656384383564416751e-03 5.476148835302503404e-01
4.137330684222284560e-03 5.345950394276473006e-01
4.345056353095233526e-03 4.901062976934990045e-01
5.707010532321921126e-03 4.182177841451121258e-01
6.893898022427569217e-03 3.736641209210777026e-01
8.034483031551187260e-03 3.430532682187820148e-01
1.136435742959951423e-02 2.885460045182683952e-01
1.706139667518746794e-02 2.518610816484299075e-01
2.071298264593746108e-02 2.296178045182245553e-01
2.218245249949135633e-02 2.238179852653533475e-01
3.063686610830185231e-02 2.001816336982286115e-01
4.156583863851015526e-02 1.881340735535951270e-01
4.928173445066674763e-02 1.804682000558041066e-01
5.596714602120300697e-02 1.741020903946612908e-01
7.199857759032701754e-02 1.593379688841990438e-01
1.220732811259075401e-01 1.206555750552156248e-01
1.666285400442775178e-01 8.713527902875251030e-02
2.033584631979514779e-01 6.491406972231028583e-02
2.187207117205007822e-01 5.572283986189052740e-02
2.658217008262043768e-01 3.641165856391204159e-02
2.795477515020551307e-01 3.199940386611588305e-02
3.004620021753737769e-01 2.545089767226549338e-02
3.426770981389849480e-01 1.430544320335069841e-02
3.790127328152975705e-01 6.120609095855544801e-03
3.853121809018477117e-01 5.457290489437105485e-03
4.140805209481934757e-01 4.355125614928456734e-03
4.412776007824137370e-01 4.715207221047124087e-03
4.490513725719169624e-01 5.379108078084504641e-03
4.798629744238013251e-01 1.068310986394893636e-02
4.905277352119176149e-01 1.296381413176528330e-02
5.353795711253992451e-01 2.685899750952658316e-02
5.758053644084361045e-01 4.072473706371848579e-02
6.049223289666151304e-01 5.105686357085170712e-02
6.476532966188854878e-01 6.979326313855449548e-02
6.754974612922458599e-01 8.381627528312107778e-02
6.847384521214373576e-01 8.965532699930023330e-02
7.192107772572812197e-01 1.123542125335409425e-01
7.234698996033793739e-01 1.155884985429906919e-01
7.408790620563109330e-01 1.296096549841085910e-01
7.655484243972123792e-01 1.499044579513716391e-01
7.942976507967205446e-01 1.742209949000859126e-01
8.202551214451949679e-01 1.968814458845467019e-01
8.306678365022700516e-01 2.060126966602464638e-01
8.435708230992106094e-01 2.179869731525381216e-01
8.667109368637444522e-01 2.491423463280314499e-01
8.902838362893673585e-01 2.925374235085534957e-01
9.153456786283815649e-01 3.392875863881966714e-01
9.241092921332572097e-01 3.558937402948050277e-01
9.309279162350393433e-01 3.707473875868542157e-01
9.356152323028955609e-01 3.810116338365232558e-01
9.388772173417133660e-01 3.883023717650506690e-01
9.492767398582291349e-01 4.118323612023241376e-01
9.510135112828058679e-01 4.157777443272122619e-01
9.539164555732149164e-01 4.233088451354332094e-01
9.607617074494040343e-01 4.467142004139498246e-01
9.865942904558084869e-01 5.477093595103743606e-01
9.884710480919078890e-01 5.643494678822437161e-01
9.918546860746876304e-01 5.996947614044679797e-01
9.948699953012629660e-01 6.371536278074726445e-01
9.957517718717343591e-01 6.909741999150379455e-01
9.958626693157778265e-01 7.200778018415795456e-01
9.929600905280483447e-01 7.492520292459152742e-01
9.887816296844678110e-01 7.760093358306657807e-01
9.860875034102687398e-01 7.919876605180055096e-01
9.743515290415371011e-01 8.420471647131695381e-01
9.672405274977045053e-01 8.711029077456122760e-01
9.646927664088463805e-01 8.812566813963111922e-01
8.939907599070954225e-01 9.224670729626722743e-01
8.697649741250313982e-01 9.353135381451197494e-01
8.380845505223714076e-01 9.503356446647955869e-01
8.054978297637875873e-01 9.655212203083708422e-01
7.801944431614469266e-01 9.710747320746254685e-01
7.245743162455771103e-01 9.816911425841198247e-01
6.926416356851604617e-01 9.877557079887220315e-01
6.756307188372682182e-01 9.897813193675754073e-01
6.453802119302384233e-01 9.917265574910414383e-01
5.847282824370056975e-01 9.950829532708985736e-01
5.542276418257130466e-01 9.956448743850716543e-01
5.060531905866524349e-01 9.955673574601672238e-01
4.823009690824302531e-01 9.952141384073803776e-01
4.211879283297016441e-01 9.871616057864390781e-01
