3.148029110074490600e-02 4.808644887125231859e-01
6.086345415765236355e-01 9.718155516571265196e-01
1.758495985605892376e-01 1.304588771337407138e-01
8.579258096506627851e-01 8.824604900812100805e-01
7.335668240485592184e-01 1.047616776470967626e-01
5.882743102212710795e-01 3.703526003902402053e-02
3.858703967296375215e-01 8.213496426395239247e-03
6.735851060694736381e-01 9.551582936085674103e-01
8.583171166823484466e-01 2.185666518065603192e-01
7.015710588300594353e-02 8.469356657053646042e-01
6.262980243886500098e-01 9.675121599784123338e-01
8.267731933289113044e-03 6.187555556488731900e-01
1.217136436543287958e-01 8.933681965692633620e-01
2.565027307798498635e-01 9.685240101022026815e-01
6.811132768823158212e-02 8.447762006432480986e-01
9.593171873708622455e-01 8.035633263131208848e-01
7.345801107529551510e-01 9.373134080283770375e-01
9.923430912121212755e-01 6.125985278179374438e-01
5.069748669544341668e-01 9.884822069263549116e-01
1.110734112186251288e-02 5.877214370952228428e-01
9.756977107521928039e-01 4.706704811453571446e-01
3.572415236851670395e-01 8.327817208247489944e-03
5.815871554950668987e-03 6.861279939991210552e-01
6.208517046885742019e-03 7.264880377761376851e-01
9.302896982009016824e-01 8.313749416826647920e-01
1.623852081089888211e-01 1.543843982929715697e-01
9.931004033525159258e-01 7.170760597457114249e-01
3.956542995860850009e-01 8.379511444588039204e-03
5.444776069251259232e-01 2.526976106946987599e-02
8.041881406230533269e-02 3.235584021207215111e-01
4.202060197131540775e-02 4.395373927593744234e-01
8.390070436782163243e-01 1.897687949091354520e-01
5.997603605326495835e-02 3.811136282097473682e-01
9.030725646362477432e-01 2.860013121956421767e-01
8.164744144872647658e-01 1.609141664846212016e-01
9.578276428927742225e-01 3.919622126156142583e-01
8.204555509950488545e-01 1.658495332013376622e-01
9.736438410484843375e-01 7.724998852216069523e-01
9.543721884105050846e-01 3.836532537616589300e-01
3.560705589629473700e-01 9.868026865874555131e-01
5.955882219626507101e-03 7.111128379825564227e-01
3.137059356492756246e-01 1.581242617486389168e-02
9.379897108123291805e-01 3.516780361772066099e-01
4.638865490228771815e-01 9.909360129172281040e-01
1.810326301131337523e-02 7.674722110168361588e-01
3.456594735593879752e-01 8.501883077416838574e-03
8.856349914105661192e-01 2.594729610801077557e-01
4.025432165233989723e-01 8.733281552180449658e-03
2.171078710496573416e-01 9.564288070916533435e-01
6.102948732623277861e-01 4.605312540229933305e-02
3.191896741919137970e-01 9.819772423196271305e-01
9.907713095094798916e-01 7.280899934807638640e-01
5.666526199096283412e-01 3.067648960661695234e-02
3.051947120188580609e-01 9.795400998192809183e-01
4.013714762677416115e-01 9.917865035736048718e-01
9.499777488431834227e-01 3.746716363743574085e-01
9.279984568005450463e-01 8.334025136815237378e-01
8.980596732647412317e-01 8.578691143387783269e-01
7.921044491711159985e-03 7.371449690088356377e-01
9.070663625920512008e-01 2.934524038727625017e-01
7.004319200509083743e-01 9.474630432542294756e-01
1.747929293415230179e-01 9.301897939812852067e-01
2.063764163110647365e-01 9.499462151577949820e-01
6.471709137474113138e-01 6.146926464553803537e-02
1.522430691116904988e-02 5.624379312098364281e-01
1.987842273970709117e-01 9.452995689145793357e-01
2.539897763578150558e-01 5.689992461571458104e-02
2.275473204807476613e-02 7.793449564101141425e-01
8.243504261483662887e-01 9.009316862439680218e-01
1.120943637215596755e-01 2.508314340492606709e-01
7.620301735393573139e-01 1.230693827473955393e-01
7.185198798147790500e-01 9.630525011329482687e-02
8.265849134387480701e-01 1.734743803574092524e-01
4.283018467830612686e-02 8.135341181856843296e-01
9.315067537422261346e-02 2.941178065301888189e-01
5.718495383871760041e-01 9.782615372628870043e-01
1.487354925964203822e-01 1.795231516125097571e-01
5.871952310136818731e-03 6.548394782353428312e-01
2.984948160304623510e-01 2.509242051551452413e-02
9.703275491400586983e-01 4.335280897353069873e-01
2.475223201674475737e-01 9.659599297072628543e-01
9.941841284450493310e-01 6.747759497215954916e-01
9.649273536345246427e-01 4.119543536984608956e-01
8.908159546267268025e-01 8.632740098985789423e-01
1.095426168270896561e-02 7.476479908553055331e-01
1.001760154866253583e-01 8.765047516003480199e-01
7.998476308589279604e-01 9.117377624899040134e-01
9.166088643931394886e-01 3.113697894468637761e-01
9.935387563570742264e-01 7.009487566301030315e-01
2.048134079370643734e-01 1.024260686045816993e-01
7.790841598706078619e-01 1.343501435117822052e-01
6.950057084828731302e-02 3.533101949401433739e-01
6.779947920641687942e-01 7.552512497111707468e-02
9.546193340470212618e-01 8.083666793915827986e-01
1.039241847368835847e-01 2.692551893416726960e-01
7.490107396179459531e-01 9.323425578029506111e-01
4.731953627247105221e-01 9.904411300492298453e-01
4.780956024237805746e-01 1.706749081136904600e-02
1.561067189600130467e-01 1.657031596080251745e-01
9.870862137936515790e-01 5.511881411712399315e-01
