1.051599357431234338e-01 8.160249633896842214e-01
9.470480925028290642e-02 8.050428497590427224e-01
5.219426728517928549e-02 7.545425652796180493e-01
4.518024977891477167e-02 7.353381119494706297e-01
1.757981600822922097e-02 6.582448978366041148e-01
6.598184904090031999e-03 6.265723071139007727e-01
5.758085791992217928e-03 6.215944248983983345e-01
3.543774123276999255e-03 5.854907190432850905e-01
5.318720383748809510e-03 5.650069236996904110e-01
6.913341390397120811e-03 5.471877258818733658e-01
8.995789837619172502e-03 5.248645059291244808e-01
2.003066254590479822e-02 4.374400565099303417e-01
2.104996073829723535e-02 4.300701787127485520e-01
2.709078448198054545e-02 3.949888794326477104e-01
3.123885047776198132e-02 3.759891105822629198e-01
5.291394541007710117e-02 3.120005271888391940e-01
6.372190638391073136e-02 2.845772260152542588e-01
7.954637079933968291e-02 2.602431129404272347e-01
9.641920252868396712e-02 2.386253134129798781e-01
1.140862770973650742e-01 2.180182697810308934e-01
1.154923059660228901e-01 2.165233905695370664e-01
1.668264418837102081e-01 1.624169959741372793e-01
1.861646097191640425e-01 1.464062745185882308e-01
1.990287556469174657e-01 1.372471291994680209e-01
2.248547947873598130e-01 1.190658101249869594e-01
2.562300595855631080e-01 9.824044274809851096e-02
3.152584742451868260e-01 6.081373229550779413e-02
3.200329815676843381e-01 5.785668216532269259e-02
3.233553711335177550e-01 5.586159583613137247e-02
3.310135514754067865e-01 5.132206284866447366e-02
3.433205015048336195e-01 4.523309943682018996e-02
3.784408373776829704e-01 3.641813550357830831e-02
3.889210906769727805e-01 3.467218318059439586e-02
4.098810236518175554e-01 3.167543784957516095e-02
5.367072907709876661e-01 2.214510376897860233e-02
5.435535167877321161e-01 2.178783070907963637e-02
5.744954033037570351e-01 2.280252607669741582e-02
6.110398550336102463e-01 2.642889950641935659e-02
6.585634953531023239e-01 3.182011926945105262e-02
6.662188015277068498e-01 3.390866065805764329e-02
6.949850631844183280e-01 4.199221490807458768e-02
7.471157123210057094e-01 6.172785412696768503e-02
7.548084813391028325e-01 6.468081528888180998e-02
7.722568143164562082e-01 7.372485753538093878e-02
8.081080397594956333e-01 9.287663570239657052e-02
8.279157464067046224e-01 1.056205399377084797e-01
8.377966930653298894e-01 1.145881259075718361e-01
8.414943415061207910e-01 1.180287645494374482e-01
8.482270876447158825e-01 1.247598957035210843e-01
8.563446185300380709e-01 1.365046172973284344e-01
8.597328403665125407e-01 1.419695846228692382e-01
8.812029932114990860e-01 1.778553113648686512e-01
8.842733609823932861e-01 1.847484099405397595e-01
9.087335989513450896e-01 2.404611411338987148e-01
9.225600511158946748e-01 2.827467319123747602e-01
9.328929667369812995e-01 3.153221017559724171e-01
9.493149282769265396e-01 3.702668177670744853e-01
9.539262844708507050e-01 3.867882339297700200e-01
9.607411980873841184e-01 4.117448876545007908e-01
9.658208345648814364e-01 4.310530477867072774e-01
9.694821941287415923e-01 4.479376363117103521e-01
9.790142638562577826e-01 4.991112577454520638e-01
9.913526413822860706e-01 5.910833105793280584e-01
9.945181023644681373e-01 6.195650989303349565e-01
9.959622480791109345e-01 6.407105688200505078e-01
9.964562258767231118e-01 6.558224901016709296e-01
9.770763681795122668e-01 7.115399298885273227e-01
9.668762218828892419e-01 7.343470011875776748e-01
9.621793085150220914e-01 7.436687992813546533e-01
9.489059073122950716e-01 7.661089175362441051e-01
9.406616472473299240e-01 7.786437795483261981e-01
8.949810782166798262e-01 8.235663431667664680e-01
8.925856453099527688e-01 8.259029741185722751e-01
8.897559188015866649e-01 8.285345300597384277e-01
8.524740548273094243e-01 8.627047756134297307e-01
8.332550045101170255e-01 8.787729108838358005e-01
7.780423255065362920e-01 9.149707671507862905e-01
7.554767314846690951e-01 9.275072982659459120e-01
7.401523726252772217e-01 9.357008049095439928e-01
7.163092532161043913e-01 9.466534779323614313e-01
7.039939003012325447e-01 9.499714271900415730e-01
6.597991191131040711e-01 9.618514882852998715e-01
6.393618031008447833e-01 9.673246964642975287e-01
6.205146851401437402e-01 9.705821074953869809e-01
6.021330916526361765e-01 9.735291705942998863e-01
5.995125589288778922e-01 9.737041548105944688e-01
5.650288113318260308e-01 9.759135854909308794e-01
5.180036447854308168e-01 9.782121692909203636e-01
4.749956383109283919e-01 9.777781352068530829e-01
4.626993715366490845e-01 9.773289200720346459e-01
4.144728776201320741e-01 9.752921684377530154e-01
4.112790744129195541e-01 9.746919219671690282e-01
3.640230172525752428e-01 9.619996570165475491e-01
3.543898735662652788e-01 9.593813059406486321e-01
2.879025078593886455e-01 9.396569110723451690e-01
2.754160039151417605e-01 9.348423851129790130e-01
2.694675791779941321e-01 9.322312288682889081e-01
2.123770267897280295e-01 9.033183409777643114e-01
2.022412966128172007e-01 8.963000782259394894e-01
1.466974769586540939e-01 8.550691218428240203e-01
