3.379818807033196926e-03 5.641512588942703132e-01
5.377098683535863621e-03 4.692303310333432176e-01
1.481732363957588561e-02 3.709482705935860380e-01
2.088119297558621579e-02 3.224190059913970563e-01
2.841406743464502949e-02 2.921202239836688808e-01
3.094561580826671321e-02 2.835348824091546982e-01
3.459037537242770632e-02 2.714091055185384738e-01
5.946275439691250941e-02 1.912092743122916216e-01
7.628924979559126296e-02 1.496639100550284374e-01
8.627420404738106452e-02 1.277881912505121065e-01
9.921303401563519309e-02 1.095592176794148997e-01
1.088061037823132571e-01 9.652293490564611833e-02
1.102756380975503658e-01 9.458866276688926433e-02
1.392632969264115950e-01 7.036884720813663119e-02
1.425312282841497691e-01 6.796849324921128144e-02
1.556113944740438182e-01 6.034663359746039735e-02
1.799152869960733980e-01 4.657641401189349661e-02
2.158194619685467330e-01 2.819627799853618999e-02
2.280571274576693730e-01 2.529322152486923603e-02
2.545070564179813255e-01 1.945895860208368688e-02
2.724686330474829221e-01 1.716502149881038441e-02
2.779933717548097594e-01 1.661282422107601686e-02
4.245043233276599715e-01 3.851201368207046727e-03
4.652924721927235163e-01 1.317345947859704935e-03
4.851510127308870102e-01 8.034073978542277672e-04
5.269882515540562640e-01 7.237442726685250349e-04
5.930637621211934940e-01 5.061023443046708259e-03
6.410596229685117109e-01 1.059159938868847739e-02
6.516382651607690590e-01 1.186811068727455787e-02
6.675157011455932210e-01 1.412761593089151280e-02
7.054213315864766853e-01 2.264818599588147574e-02
7.159673555986197924e-01 2.511967145455840100e-02
7.203645018160979019e-01 2.682830784225542775e-02
7.300189218580893646e-01 3.134914674530442369e-02
7.644499497554745338e-01 4.761014707175381666e-02
8.055060126861612879e-01 6.773361105881092747e-02
8.179117370795466746e-01 7.400270572056188989e-02
8.222547111404919784e-01 7.774742715896854062e-02
8.700695454067324253e-01 1.325275141047292937e-01
8.905299280663642181e-01 1.622899358280812665e-01
9.053096454817740613e-01 1.963854865340494138e-01
9.316227931517387928e-01 2.611464915458664438e-01
9.611409977544591587e-01 3.374419175052879583e-01
9.662481359298420447e-01 3.535063358070944517e-01
9.758312985250865434e-01 3.858966900242317699e-01
9.824965269454664085e-01 4.092758761789833111e-01
9.839422028524631436e-01 4.153408027755323140e-01
9.919261140446978819e-01 4.491908755324314217e-01
9.958382170287540802e-01 4.742322113923587157e-01
9.966201811929669141e-01 4.807697958061574184e-01
9.945734619670448806e-01 5.435733414918734185e-01
9.933988623758098768e-01 5.753553258417398730e-01
9.874309709271699154e-01 6.586819658806184474e-01
9.864787685163564079e-01 6.702795716949828675e-01
9.797819618069241177e-01 7.273868065597939303e-01
9.743022207023187553e-01 7.505056172513464574e-01
9.614771203096242891e-01 7.905155911441997807e-01
9.462936090797424704e-01 8.325018541825220941e-01
9.409912503308853760e-01 8.439015934075493330e-01
9.209442602748296736e-01 8.726402053254749269e-01
8.970298241189827992e-01 9.063540448387417126e-01
8.882978379772725752e-01 9.139982218286801796e-01
8.865035557014178114e-01 9.154538805904838261e-01
8.582433537833334958e-01 9.365265255792842858e-01
8.410486676404258510e-01 9.493222383980398638e-01
8.096354251001007807e-01 9.673805717451405828e-01
7.727904930687895524e-01 9.842720956801206400e-01
7.486979127841495441e-01 9.904218277532716996e-01
7.308098107947198496e-01 9.943816948394761379e-01
7.192388814454120372e-01 9.960182067102059111e-01
6.975104163256090617e-01 9.972205456373568477e-01
6.798631614663103173e-01 9.978375625899360557e-01
6.550275903039086689e-01 9.986925565855335751e-01
6.373660591828824717e-01 9.992762557273314750e-01
5.708455483970954480e-01 9.967596126911847376e-01
4.177213263053176640e-01 9.811753545598712600e-01
3.852220154759443682e-01 9.751966620407609421e-01
3.781479968908542100e-01 9.733813241524752469e-01
3.442317055549116711e-01 9.633805451487823523e-01
3.184305907526879809e-01 9.548157070123832746e-01
3.021466096683534941e-01 9.487243737267987420e-01
2.822323715847686598e-01 9.412715022665905096e-01
2.707791632378815372e-01 9.365438118087185959e-01
2.444747911915565730e-01 9.234505702798114779e-01
2.107258569531985648e-01 9.035464775948821581e-01
2.082983440625449933e-01 9.020565126845854209e-01
1.824234759492477931e-01 8.848097456527527216e-01
1.483519226954651549e-01 8.547072130203323681e-01
1.379709240611590726e-01 8.450754870731251867e-01
9.881328446101989016e-02 8.079873934078141140e-01
8.477737985868871728e-02 7.940942856474543232e-01
6.768725420024346295e-02 7.746737424938060501e-01
6.283547010995826909e-02 7.684321102341906684e-01
5.382949729647767967e-02 7.509648225639116159e-01
4.124437975932104816e-02 7.261513015425123951e-01
2.948248756674987092e-02 6.946698806217048716e-01
1.863648387911354121e-02 6.588914947983373072e-01
1.464198030766616920e-02 6.437269820195290482e-01
4.118510266674757503e-03 5.900388166606259643e-01
3.513464124669130051e-03 5.765057718917400154e-01
