1.095816118507397796e-02 4.090148048793907920e-01
1.326061521136612242e-02 3.943777109561286132e-01
3.009241727978573255e-02 3.324192002873076479e-01
4.003524305006633810e-02 2.966879151160460859e-01
4.687446075164281023e-02 2.724128781919306075e-01
5.992770059279328709e-02 2.347662752049813895e-01
8.748535529400858213e-02 1.879361332308879806e-01
8.964173716225332100e-02 1.843379267589896342e-01
1.446558957186571126e-01 1.345561946100901629e-01
1.637020038618068885e-01 1.183906446862860173e-01
1.989828395646563441e-01 8.901491727521038122e-02
2.209219366890851077e-01 7.444773471337395865e-02
2.364672546891334326e-01 6.483179332771393799e-02
2.610863755089638527e-01 5.306193023421235111e-02
2.864884321700962300e-01 4.264143117042484832e-02
3.216317692183129351e-01 3.039637947432549669e-02
3.387298420590507675e-01 2.475706764395257942e-02
3.402153669529570656e-01 2.430366503659842081e-02
3.502303835910037799e-01 2.171077477860539062e-02
3.938521832115933208e-01 1.141248419918616808e-02
3.992941909021026081e-01 1.035839522423598336e-02
4.140367309785548677e-01 8.833572055077842933e-03
4.495832360307283615e-01 9.459948817483909700e-03
4.555667200622113278e-01 1.037888609165193987e-02
4.994214589875058952e-01 1.819217701426900646e-02
5.163209627912087596e-01 2.327243742885720668e-02
5.547138242931610730e-01 3.649110073723293990e-02
6.018763801051325579e-01 5.319340678588535543e-02
6.315266127931037365e-01 6.420209544184063422e-02
6.474778163100395334e-01 7.082557966709357444e-02
6.629128923176500487e-01 7.748295570876084781e-02
6.702434257702015730e-01 8.074620453843350809e-02
7.167016355545239303e-01 1.032298019488623320e-01
7.331184345194120544e-01 1.150253115449075825e-01
7.826147906723097680e-01 1.507481941094206412e-01
7.891047886166652203e-01 1.560019679763371414e-01
8.475383558133887663e-01 2.041057434621779132e-01
8.646619728123366988e-01 2.207982140521422831e-01
8.722197430939621077e-01 2.305809775058279554e-01
8.915567366853867082e-01 2.559385140662391311e-01
8.976358088024738446e-01 2.649360390051227476e-01
9.102440288617440478e-01 2.845800412633852083e-01
9.314160021505276665e-01 3.246568662056827925e-01
9.384630801505466913e-01 3.415416012510770205e-01
9.582063467318316929e-01 3.924319893089447397e-01
9.641270568495734494e-01 4.153898508483611085e-01
9.667647972681288060e-01 4.263414572395028967e-01
9.820072999619107179e-01 4.931775222324547014e-01
9.854803509483351931e-01 5.124863005127247018e-01
9.878152735590407518e-01 5.269504275844375529e-01
9.899464281449058545e-01 5.448968990206568552e-01
9.923876247392959815e-01 5.712578420396027257e-01
9.916627810415702404e-01 5.766199870522356052e-01
9.913663845246954986e-01 5.783337075932736271e-01
9.870420716125489768e-01 6.007508919705373263e-01
9.654373777934085465e-01 6.896900404027669351e-01
9.628432949535662422e-01 6.995419618641783854e-01
9.572278369352408278e-01 7.180807899768166802e-01
9.545424180065623654e-01 7.263673679977132869e-01
9.525813450620904677e-01 7.316624824099925428e-01
9.227077492315498564e-01 7.921581996016691107e-01
9.171420067891251637e-01 8.005196326318340105e-01
9.020890967413353057e-01 8.210152448789374002e-01
8.956903873605729371e-01 8.296792454712781373e-01
8.731108543028195390e-01 8.578193538287943731e-01
8.490433791480849202e-01 8.829566395738818185e-01
7.582284808554686784e-01 9.571216345422909333e-01
7.458425645906560097e-01 9.669752533154748475e-01
7.272899275741718794e-01 9.790973674568869134e-01
7.148340514028406201e-01 9.834001341900202586e-01
6.814583763655137627e-01 9.875276610814887057e-01
6.158602451464738614e-01 9.901756359118015771e-01
5.848592019292636612e-01 9.911664279449221571e-01
5.687658809885718370e-01 9.896904487932753902e-01
4.885171699692976155e-01 9.808008912240154809e-01
4.738337439316196997e-01 9.780621790347503453e-01
4.518443683932062971e-01 9.737541635107297422e-01
4.266895103358031571e-01 9.680160276550574538e-01
3.664120500886580700e-01 9.522420856542173073e-01
3.385462218240521404e-01 9.431424527062307606e-01
3.049350780127653149e-01 9.317708769618708864e-01
2.773933187701833614e-01 9.218023712429348482e-01
2.509518995949105991e-01 9.089234741526690531e-01
2.361504501179190196e-01 9.012891450409712402e-01
2.135419722759976935e-01 8.892630208604093145e-01
1.974097798376239776e-01 8.798340653569646230e-01
1.638091664924526958e-01 8.594418737979635514e-01
1.384773069021963954e-01 8.432541145801352167e-01
1.109272752443984933e-01 8.255001575550368065e-01
1.003000919558235671e-01 8.161279955033184930e-01
6.952791147769932234e-02 7.809744682341742683e-01
4.839043470676762659e-02 7.510652392575505321e-01
4.620396053428743599e-02 7.471273276871095437e-01
4.453161125646454277e-02 7.422501109551329357e-01
2.828935147993949517e-02 6.943152043653778582e-01
1.378398313252660046e-02 6.206121389312971859e-01
8.766207401323500292e-03 5.878904514977921769e-01
7.612375260704018487e-03 5.557177390862501065e-01
7.844633527087641056e-03 5.282932574153966776e-01
8.317989317788043735e-03 4.892655531429543903e-01
