4.461748707270074554e-02 7.632798878220491412e-01
2.013343985803006664e-02 6.500024772296105757e-01
1.867490350985845371e-02 6.363203171620525067e-01
1.738914771771860046e-02 6.207561958497319621e-01
1.356092017071863776e-02 5.677252289041326838e-01
1.346004157768343479e-02 5.530081252722327534e-01
1.380894455832537560e-02 5.387128303144578245e-01
1.430595890719266183e-02 5.281483266332323012e-01
1.640310190400540158e-02 4.855171483388188713e-01
2.031780444224884352e-02 4.609469288314699265e-01
3.242478084080580025e-02 4.071594914492978612e-01
5.257764470311532268e-02 3.381290824316341981e-01
7.426511116125744660e-02 2.741171202912566773e-01
9.607790379761049770e-02 2.213936348916979435e-01
9.702951797193937189e-02 2.194361328434104585e-01
1.274838764117697254e-01 1.733917895198731074e-01
1.335792226692011919e-01 1.678437680749552685e-01
1.560385481064808788e-01 1.480176400856443308e-01
1.741996588127214807e-01 1.320354185885013187e-01
2.043152412437952981e-01 1.081511353176682899e-01
2.285260491424571105e-01 8.930191678563659252e-02
2.635492025236297886e-01 6.787360214896476229e-02
2.862306909384620957e-01 5.628589187233956626e-02
3.290646536868372385e-01 4.073821604318395018e-02
3.394136974593134903e-01 3.792189362401465758e-02
4.054620446529746403e-01 2.151144142139105320e-02
4.265088153317162512e-01 1.976238792349738205e-02
4.648256012736906584e-01 1.660198921650724024e-02
5.057899708860409405e-01 1.343027297884080706e-02
5.630262858835067830e-01 1.188633285723628141e-02
5.925518772916751331e-01 1.173968408612557912e-02
6.342284869725448582e-01 1.277831754226466110e-02
6.525695044634930442e-01 1.421106493202151100e-02
6.689073166702371731e-01 1.556303895310040541e-02
7.017549576954531521e-01 1.903843318228715109e-02
7.212410545088990821e-01 2.159927092430524720e-02
7.379379435796048492e-01 2.563580042125579439e-02
7.670502089890337549e-01 3.315148065876782901e-02
7.946367476479594405e-01 4.073013635947819733e-02
8.130308699753565627e-01 4.825554532417464237e-02
8.260634263007745615e-01 5.377167020750339699e-02
8.727710700620747719e-01 7.772414827048368391e-02
8.835898199190654889e-01 8.439275916481725481e-02
9.041557377794241512e-01 1.068930521010472701e-01
9.178988434214990777e-01 1.239674289080567871e-01
9.297008376649696926e-01 1.454972904234156372e-01
9.420586293655057730e-01 1.682570470740372137e-01
9.485830316068492030e-01 1.818342688266806340e-01
9.567243882370838337e-01 2.021931338019459234e-01
9.613036975253872463e-01 2.149560248523136874e-01
9.627366460641578749e-01 2.192420579137743797e-01
9.646357456805547681e-01 2.256118950920823485e-01
9.672884571859914349e-01 2.362407156585042411e-01
9.717636829225497763e-01 2.566748582558472380e-01
9.753563944264844743e-01 2.743432081068306605e-01
9.782761276371285675e-01 3.087343366165515857e-01
9.818536522949513623e-01 3.635616945129975797e-01
9.835980743837626772e-01 3.967950989548429952e-01
9.838245732299796265e-01 4.035489685973003837e-01
9.851589881567381912e-01 4.652700205664904720e-01
9.862254070531194516e-01 5.306386518158991983e-01
9.865399584223165652e-01 5.728785353347076725e-01
9.788808740966888911e-01 6.183309616240970641e-01
9.740216028313232188e-01 6.470006110318902159e-01
9.723662987665140367e-01 6.542203473900676247e-01
9.652880627192824692e-01 6.743795582717385662e-01
9.599356166523599354e-01 6.866654165650121211e-01
9.581490363630369433e-01 6.897557733938467495e-01
9.405318489397543891e-01 7.189902201541695792e-01
9.008321089803933424e-01 7.827162470006696626e-01
8.893671223459312936e-01 8.007447893779804371e-01
8.633188230082909920e-01 8.324338242880895411e-01
8.522055709945356439e-01 8.418150164100137722e-01
8.288206360993581878e-01 8.614619772816776155e-01
7.866079115516318998e-01 8.927807648784958916e-01
7.372828568682314732e-01 9.257925327771671098e-01
6.984064554975830674e-01 9.441552502576378014e-01
6.941900405271368424e-01 9.455874561283348356e-01
6.593539838859439062e-01 9.546949779792279767e-01
6.253287638173022911e-01 9.633165683626804254e-01
6.010172540791187679e-01 9.689468110956218627e-01
5.378688530237948351e-01 9.815368940499654693e-01
4.999308644672534330e-01 9.846980833335277072e-01
4.776308277115508538e-01 9.861255649386081457e-01
4.238317376864065844e-01 9.882603159138743099e-01
3.288501320745862433e-01 9.864320182898197453e-01
3.103254966209478827e-01 9.852504877910348569e-01
2.839725998014968056e-01 9.829399442629439543e-01
2.716101756621992491e-01 9.818228569413959272e-01
2.492253952758834989e-01 9.777439414916968552e-01
1.997110473682439657e-01 9.599003549506390787e-01
1.919911948357085896e-01 9.566408365473932918e-01
1.602756330094247117e-01 9.356427672756602032e-01
1.553275139038264863e-01 9.323468236302042689e-01
1.425545891596569081e-01 9.226368773222601849e-01
1.180587531689434311e-01 9.023963203771727670e-01
9.814603613390426862e-02 8.828228454688578086e-01
9.013887263973385799e-02 8.698144714095138452e-01
6.707844291059239517e-02 8.203105532242171982e-01
6.434053625106317398e-02 8.143182605310936850e-01
