6.336470333497806751e-02 7.803223482168754055e-01
5.910137074779736599e-02 7.721482722699294365e-01
5.849761160283423189e-02 7.709817531418419190e-01
5.811533290586606837e-02 7.702293544198611785e-01
5.722896381275527355e-02 7.683707788089521040e-01
5.647130545825124193e-02 7.667615085603972647e-01
5.582384307991089534e-02 7.653614987162739025e-01
5.514340203478756974e-02 7.638812246011797980e-01
5.506456680927013236e-02 7.637087572067222663e-01
5.446402745452910699e-02 7.623796653133786405e-01
5.339226469602059710e-02 7.599878621750728591e-01
5.158618054636915362e-02 7.559116343999846555e-01
5.091075151547069799e-02 7.543774053129979063e-01
4.952382371588953669e-02 7.512151438592959973e-01
4.834767030098247043e-02 7.484671694733424641e-01
4.626454961125808785e-02 7.434769244135994715e-01
4.532768807624348861e-02 7.412200474540620032e-01
4.406558213226313692e-02 7.380878993407760102e-01
4.256967992575938498e-02 7.343584225322828951e-01
4.119697947443706765e-02 7.308275976704958765e-01
3.966905579596463616e-02 7.264218441340898336e-01
3.910633490246689936e-02 7.247374023823721645e-01
3.888398125024622454e-02 7.240666146188565744e-01
3.771076981151827434e-02 7.205210033349047638e-01
3.690973458207608138e-02 7.180586788217140359e-01
3.585300273538954974e-02 7.146523281685220885e-01
3.542805610675930916e-02 7.132616161372999919e-01
3.398993264909438983e-02 7.084218653786180653e-01
3.379859333152573919e-02 7.077726369532144624e-01
3.327713057157372090e-02 7.059861632023468614e-01
3.278487187956918847e-02 7.042453519382702032e-01
3.234010445918306109e-02 7.026213243771437522e-01
3.128639122248938476e-02 6.987021924349481328e-01
3.115135181749212334e-02 6.981834793416407114e-01
3.078419543595639629e-02 6.967441633706487059e-01
3.004379641731252937e-02 6.938255511715468726e-01
2.869199351033818735e-02 6.883524980047126540e-01
2.837659974262757290e-02 6.870580788664770733e-01
2.710452142009406318e-02 6.818272074102952329e-01
2.550981805564506155e-02 6.750051271836340350e-01
2.490041947985216497e-02 6.723789853515748094e-01
2.320508046571972960e-02 6.648908327826426046e-01
2.298347509971060409e-02 6.638875412104228158e-01
2.272524047336815789e-02 6.627066135020718285e-01
2.091598289146062717e-02 6.540670880287710043e-01
2.060392965480456473e-02 6.525731462917956360e-01
2.026301059128249316e-02 6.509289543505900610e-01
1.971091970808386273e-02 6.482528204232650415e-01
1.884926097823930169e-02 6.440235613659165415e-01
1.851333016778861085e-02 6.423453866288107994e-01
1.713685263270986470e-02 6.353769061125745798e-01
1.632976352208176385e-02 6.312332320209670389e-01
1.581737367728647259e-02 6.284786229475777253e-01
1.574602714000911119e-02 6.280837728369033091e-01
1.531749415368494072e-02 6.256343813377032159e-01
1.490497662466677697e-02 6.232392417273088236e-01
1.400138636590780861e-02 6.177558193479544268e-01
1.320382711176676382e-02 6.127435107622416499e-01
1.291963810210355890e-02 6.109473657684205694e-01
1.240613738650392373e-02 6.075889810801649027e-01
1.212148842099264323e-02 6.057020404337672970e-01
1.196459160511703645e-02 6.046552272324651200e-01
1.041776968348290255e-02 5.941152062830268310e-01
1.005097172065011479e-02 5.913921639828724208e-01
9.729962010657511318e-03 5.889198719528094816e-01
9.221392916118287264e-03 5.849352961889817681e-01
8.773677687022696237e-03 5.812595807083295041e-01
8.432002449779429920e-03 5.783853546675218338e-01
8.180173893196529544e-03 5.762446117808249779e-01
7.906549893114955818e-03 5.739131795882753684e-01
7.759562309238188238e-03 5.726580859028118642e-01
7.285889556287006297e-03 5.685728822536336713e-01
6.387783233875954370e-03 5.606021988386123978e-01
6.362583072797522998e-03 5.603735926539921142e-01
5.998355620101369912e-03 5.565337483570526045e-01
5.608028955156718620e-03 5.519076057349862063e-01
5.347543884542893533e-03 5.487889816751609917e-01
4.885819181084272156e-03 5.430838762833168909e-01
4.506670488774788819e-03 5.381434722629502287e-01
4.351322065477447598e-03 5.360375700177495428e-01
4.163818960542353675e-03 5.333333128210087093e-01
3.792066349270595271e-03 5.278983446873299901e-01
3.718949779286162549e-03 5.267350124435771219e-01
3.569225374604523271e-03 5.242738488789217000e-01
3.396190345991867421e-03 5.212857030955069249e-01
3.212850053318783150e-03 5.178859880851037767e-01
3.148743396424180663e-03 5.165918437665345531e-01
2.985761466795133767e-03 5.130516889348177845e-01
2.885652036420160993e-03 5.108207453394930653e-01
2.779220636352996987e-03 5.084150103731328585e-01
2.622833412363967387e-03 5.045765556815815511e-01
2.498217173938555025e-03 5.014631452937915457e-01
2.284194107274484242e-03 4.959091953212373394e-01
2.197024560359805978e-03 4.929727039566406122e-01
1.917372273583961562e-03 4.816779760747421646e-01
1.823108617539925813e-03 4.770285811782704055e-01
1.803878515740431343e-03 4.759606485143087484e-01
1.719548445746899024e-03 4.664429059835148994e-01
1.704086871527732416e-03 4.636783595736250208e-01
1.790137915213596553e-03 4.528331384217515465e-01
1.813536647808422497e-03 4.500639773029228019e-01
1.842807743156649192e-03 4.474818294203484204e-01
1.895987812034982678e-03 4.434917097320573154e-01
1.906160799952483220e-03 4.427361407137563321e-01
2.048333280883996022e-03 4.329607054502724317e-01
2.081233688291772577e-03 4.307582398440417126e-01
2.120798559868297684e-03 4.281764544895256819e-01
2.342579978150516329e-03 4.179628204536885994e-01
2.355184821798361750e-03 4.175279580695351322e-01
2.489088270673012193e-03 4.139114631413417511e-01
2.785660610956475214e-03 4.070242603471777576e-01
3.059049374132760679e-03 4.009293479159202755e-01
3.118921091655069144e-03 3.996328843335299474e-01
3.211570869124102945e-03 3.979692683173151613e-01
3.344351289984170972e-03 3.956681573924353268e-01
3.613824893926087523e-03 3.910050612258022529e-01
3.721309692279517467e-03 3.891794697617620979e-01
3.885263575703123973e-03 3.864305852439320343e-01
4.382242069469632906e-03 3.783185074424534333e-01
4.954892865687565706e-03 3.696499505942760777e-01
4.991084274270807253e-03 3.691511037160626341e-01
5.213812542527007654e-03 3.664049817213587135e-01
5.359976284325995710e-03 3.646635466085552668e-01
6.262108462215143501e-03 3.540008745761747955e-01
6.580639380360298052e-03 3.504280660171976702e-01
6.786694678927396307e-03 3.482059551137806075e-01
7.469022193202612403e-03 3.413314969144484179e-01
8.289349478090624057e-03 3.331645825891142998e-01
9.092017347639480551e-03 3.251982756650790840e-01
9.636094959695251649e-03 3.207363202662991686e-01
1.030779364959960587e-02 3.159956586014917024e-01
1.104296896870599065e-02 3.108452216759565179e-01
1.142346080984607548e-02 3.083800381587787909e-01
1.290177341532677824e-02 2.993957980278003639e-01
1.309570827271094862e-02 2.982188049751839376e-01
1.340361353090063767e-02 2.964159248610573894e-01
1.360867908153134964e-02 2.952349472453072998e-01
1.395271807928227803e-02 2.932882006799080177e-01
1.420908371103418721e-02 2.919281361573038414e-01
1.493924224165993353e-02 2.883952093625159474e-01
1.500742447839270577e-02 2.880690082798508245e-01
1.519191382645040944e-02 2.871991173687959975e-01
1.623514798276143312e-02 2.827184429201925475e-01
1.648007131804035685e-02 2.816955792029527395e-01
1.662998037339563639e-02 2.810775970534523660e-01
1.710204795166531122e-02 2.791873486821115913e-01
1.772564782210622747e-02 2.767058380612955615e-01
1.878399479026399144e-02 2.725144087840144502e-01
1.900738449872435565e-02 2.716323867002755632e-01
1.952283202562737907e-02 2.696568827130717549e-01
2.081775514709510722e-02 2.647159469975737256e-01
2.108800891306389369e-02 2.637456407835014893e-01
2.162667639223364580e-02 2.619532933318194923e-01
2.230015870674523226e-02 2.597196645185836372e-01
2.329224874831031800e-02 2.564430474155775519e-01
2.385961158216737266e-02 2.546359125387498423e-01
2.539738354064874359e-02 2.497941628146775894e-01
2.873803495717336398e-02 2.394472905896849468e-01
2.900747215004112478e-02 2.386218153493011584e-01
3.017162018731028850e-02 2.351315902634011357e-01
3.057803977683642982e-02 2.339199511933889308e-01
3.063966708311244291e-02 2.337398668156519532e-01
3.218482969995012377e-02 2.293399148406970456e-01
3.245974622453079439e-02 2.285754436566124204e-01
3.328111081820844808e-02 2.264371032343127643e-01
3.412308025316740379e-02 2.243392083315742802e-01
3.480298768545148080e-02 2.226692062474460165e-01
3.682596188539949411e-02 2.180730411266886826e-01
3.791078343321169219e-02 2.157097129055220996e-01
3.803674088572278622e-02 2.154358797700229866e-01
3.979892118540945267e-02 2.116270263794288731e-01
4.025166805187480046e-02 2.106546349066988899e-01
4.047809351047865212e-02 2.101906884761022276e-01
4.447629682930626105e-02 2.021584895183747843e-01
4.734817272698249591e-02 1.964028143701702644e-01
4.901901481246656589e-02 1.931709354926395283e-01
5.093672399045395816e-02 1.895933674508498701e-01
5.208231039988703293e-02 1.875153221468273124e-01
5.308439110381329984e-02 1.857251735996880981e-01
5.390109945088611410e-02 1.842711686715541308e-01
5.519067278400674459e-02 1.819766701444478496e-01
5.567283006509121668e-02 1.811237436849795213e-01
5.849284426866024900e-02 1.762348792790123797e-01
5.976738168350720359e-02 1.740367784393112016e-01
6.169923319104547721e-02 1.708787497896350205e-01
6.303099389822103271e-02 1.687165259304443943e-01
6.457881699836948153e-02 1.662425053924543317e-01
6.682156701990221714e-02 1.626691365524980393e-01
6.838628918411676638e-02 1.601896746407205363e-01
6.924263729170349047e-02 1.588622369382103328e-01
7.222878407211902330e-02 1.542631782220197367e-01
7.377038147035491766e-02 1.519078434985106085e-01
7.656087023442709194e-02 1.476711709490818869e-01
7.837767072790763345e-02 1.450021539438069995e-01
7.987052296919866512e-02 1.428402968196129663e-01
8.132368636684467189e-02 1.407436782573635581e-01
8.353205722114837029e-02 1.375816914350446174e-01
8.471058825906924161e-02 1.359682768099050865e-01
8.548145951395341724e-02 1.349200782138598731e-01
8.796355828882634897e-02 1.315570163736528020e-01
8.903384704263844762e-02 1.301381348316204001e-01
9.033798450315416728e-02 1.284560139415925617e-01
9.092132256914692290e-02 1.277109607769399968e-01
9.334538242078688208e-02 1.246281227013908977e-01
9.366803825149244700e-02 1.242277369349462646e-01
9.434128026169136261e-02 1.234307070570738185e-01
9.916474685465687111e-02 1.177698971511174086e-01
1.016447791784935162e-01 1.148784341188519020e-01
1.033454640492927346e-01 1.128989324641253011e-01
1.040138081813495874e-01 1.121413654216522060e-01
1.045646880978586268e-01 1.115245177807344668e-01
1.062786703706046221e-01 1.096295375173481634e-01
1.074233212794140635e-01 1.083708147741246908e-01
1.096304906522001521e-01 1.060113183949635829e-01
1.099376866414654708e-01 1.056955674072533879e-01
1.115797274591990296e-01 1.040460427323544046e-01
1.124205413346877624e-01 1.032054466614651389e-01
1.127374867868886077e-01 1.028924424483582678e-01
1.162988735700828946e-01 9.938563420581925101e-02
1.183898243506033565e-01 9.738622701744148458e-02
1.220975902815433778e-01 9.385097830339816927e-02
1.226289910705001263e-01 9.334633856824059439e-02
1.238796847044694727e-01 9.216036495472768042e-02
1.245468915703201174e-01 9.154012165928737677e-02
1.275660927380034004e-01 8.890472772983404326e-02
1.289236558780508246e-01 8.773632120137186963e-02
1.329840574400779629e-01 8.440659231279501462e-02
1.351363560138484909e-01 8.275697985049734751e-02
1.377380295277086941e-01 8.076710080194049457e-02
1.389986412797731830e-01 7.982074488082302466e-02
1.391998956625656869e-01 7.967262585998191593e-02
1.433699001017165187e-01 7.662337795632268023e-02
1.445667677099135573e-01 7.575140412904890486e-02
1.448263657141825589e-01 7.556415172337982433e-02
1.470299234510456521e-01 7.398769902111224095e-02
1.535294362421896763e-01 6.946470677019189743e-02
1.549467378740055357e-01 6.850029784728217663e-02
1.591721264960212490e-01 6.575320271573925623e-02
1.596258928189995818e-01 6.545850188054336272e-02
1.616739566377031756e-01 6.416357586842680316e-02
1.639247255716849705e-01 6.275901771684411212e-02
1.656904971102499124e-01 6.165961763557359365e-02
1.695416237057376097e-01 5.942115438488060342e-02
1.739173469603568223e-01 5.695169096492846972e-02
1.745830487438768119e-01 5.657918416364537961e-02
1.767399723469542105e-01 5.539352091371674280e-02
1.772174788140273294e-01 5.513519772994013302e-02
1.781461189477627216e-01 5.464649712085645206e-02
1.792204310720025284e-01 5.411029816167745032e-02
1.817100751364507105e-01 5.287972375019300841e-02
1.862806597186738577e-01 5.065799187917985336e-02
1.899275190078859032e-01 4.888800340433863134e-02
1.944800343449934465e-01 4.669703916014611433e-02
1.955727374907409444e-01 4.619281431419186568e-02
1.970296088629882036e-01 4.552281689652992736e-02
1.987097129584818878e-01 4.477866927387308404e-02
2.032916530361582041e-01 4.284004918700679010e-02
2.051662836769145293e-01 4.207526341883183196e-02
2.069071543087633303e-01 4.137941532820377244e-02
2.107932538445843051e-01 3.986211406376694022e-02
2.124102160228761860e-01 3.924651798032707806e-02
2.163487511123883267e-01 3.777494293535532677e-02
2.220594103653701912e-01 3.564277053882325408e-02
2.229088643044095375e-01 3.534809558914975280e-02
2.262319437770567432e-01 3.421782213398028016e-02
2.274196630580351264e-01 3.381919634603614000e-02
2.287837022849465440e-01 3.336944962736154707e-02
2.291372716320048686e-01 3.325504165159187675e-02
2.343582639464494854e-01 3.161573287395880172e-02
2.357408603691951154e-01 3.121750861649519315e-02
2.440052952470828651e-01 2.895626684193719491e-02
2.481580077741880053e-01 2.788895602237129179e-02
2.547868140039988849e-01 2.621503115667400685e-02
2.588435201873419689e-01 2.519714155170027503e-02
2.609257176943355350e-01 2.468207492716056883e-02
2.618602160539822976e-01 2.445328435221283403e-02
2.658528887522207396e-01 2.349902058766528690e-02
2.696515507667680001e-01 2.259315552047991282e-02
2.736495503661159900e-01 2.167466718402688564e-02
2.770891049175733811e-01 2.088827288266936755e-02
2.809412136563049223e-01 2.002335527146525962e-02
2.825967039824365812e-01 1.965695386724752858e-02
2.843389701529202562e-01 1.928387318251267857e-02
2.915659375304154310e-01 1.774049594273197084e-02
2.939873304878194982e-01 1.723685062858326678e-02
2.957468849141222100e-01 1.690322908329100482e-02
3.014970805164724488e-01 1.587069048084344125e-02
3.073894656254574920e-01 1.485092150673239519e-02
3.142911546008582691e-01 1.372600761268516489e-02
3.208749470896705147e-01 1.265987873121310336e-02
3.274899496611301530e-01 1.165080114137895251e-02
3.288141577709554064e-01 1.144884248568933671e-02
3.299254667186091727e-01 1.129162085287005457e-02
3.331999716126812783e-01 1.083601773310982619e-02
3.344449501099065469e-01 1.066910679308941123e-02
3.354611690933281820e-01 1.053335514710340703e-02
3.381396499553978585e-01 1.019362022117853428e-02
3.429913166760291676e-01 9.584844343660248178e-03
3.503518738754523576e-01 8.671048054757157786e-03
3.528201250498830821e-01 8.367438600258791936e-03
3.570066228104155637e-01 7.873199853784984548e-03
3.602253114302690906e-01 7.520249310701720979e-03
3.626092244181064461e-01 7.283017063096086652e-03
3.668681401937818332e-01 6.859680488905617324e-03
3.699592796350192336e-01 6.562004675636168294e-03
3.740847630864355122e-01 6.165353664639106057e-03
3.780710626578976385e-01 5.796730661276172647e-03
3.833564773754096211e-01 5.317917840281793929e-03
3.897438958463618763e-01 4.771215773513026726e-03
3.927761693579183144e-01 4.513112059833845890e-03
3.930128921791384289e-01 4.493925899418327319e-03
3.963774982337575081e-01 4.250176998424892716e-03
4.001824793219294629e-01 3.976844341968766017e-03
4.037062825246489628e-01 3.725448299496836313e-03
4.082053943327999534e-01 3.408240993006073083e-03
4.091738816519153166e-01 3.342108606932514547e-03
4.126454250455848238e-01 3.110531325284937587e-03
4.177259232502197883e-01 2.825067503416489600e-03
4.254845170899376749e-01 2.389366199169851157e-03
4.338342042670166321e-01 1.922570935065204267e-03
4.426272641690519039e-01 1.495402539294032884e-03
4.495131907538993388e-01 1.173953386123027798e-03
4.510234548530289156e-01 1.111039325844886960e-03
4.567672282738903244e-01 8.949172750710721047e-04
4.576486881993112044e-01 8.689774651116088933e-04
4.589393992489758101e-01 8.425835670964332280e-04
4.601018587520853687e-01 8.196523476639017147e-04
4.644574971604097935e-01 7.577160330027865598e-04
4.673075850795463393e-01 7.249884215145829813e-04
4.709362179665398940e-01 6.965578573202568791e-04
4.763053088676484914e-01 6.744120475545845039e-04
4.771466970711276123e-01 6.740527670586748954e-04
4.791766039611919381e-01 6.806033551555179528e-04
4.823838533617811897e-01 7.040930854659288585e-04
4.848097185863037839e-01 7.402137629353156001e-04
4.870777799652002416e-01 7.854438227612448031e-04
4.884377201033019422e-01 8.157932638700460259e-04
4.958870341651662739e-01 1.018896586425954709e-03
5.022230611078273288e-01 1.199439189471629419e-03
5.064645967515455371e-01 1.331090338419382846e-03
5.086088321865374073e-01 1.403543746538504777e-03
5.140260915185252966e-01 1.612137793255641327e-03
5.170117193867178607e-01 1.727105770420345188e-03
5.177720868246309394e-01 1.757427270810629771e-03
5.197715487407097434e-01 1.844391689810098711e-03
5.253145964536374279e-01 2.095546077253485073e-03
5.303385596631740029e-01 2.324851144421602456e-03
5.332098349467577769e-01 2.464373377297546241e-03
5.340513493798135780e-01 2.507555602483835244e-03
5.349826593407438491e-01 2.557681149454316127e-03
5.386655100688795272e-01 2.827719354191793322e-03
5.418198842301789053e-01 3.062549543337511615e-03
5.441669571228420210e-01 3.241921059394692328e-03
5.450409471467441147e-01 3.308743714553030735e-03
5.468651922901222040e-01 3.449121393114484846e-03
5.516083203966533066e-01 3.841657931795805503e-03
5.525815538967597806e-01 3.922784817170232863e-03
5.541564247817645228e-01 4.069511621289989556e-03
5.606515254053170416e-01 4.675242398670453881e-03
5.649068607803975350e-01 5.078997981681654394e-03
5.677164236334235614e-01 5.346846144847927640e-03
5.713786893605408146e-01 5.698287117842371075e-03
5.793968367364081828e-01 6.490555554782062586e-03
5.805252394752047351e-01 6.607985478602307339e-03
5.875369282890712253e-01 7.364409844198283039e-03
5.887513705784213069e-01 7.501360264699163949e-03
5.899141438810671101e-01 7.646247673407713386e-03
5.908182890978161961e-01 7.764055191680219181e-03
5.950835806235694747e-01 8.337538198846305981e-03
6.051073071149248861e-01 9.696465868656245490e-03
6.079356748053350579e-01 1.008248162635982936e-02
6.103065781826502167e-01 1.040760888990632793e-02
6.142111227587789823e-01 1.094904957034381621e-02
6.176199219377607186e-01 1.142736336631988703e-02
6.227983420965010897e-01 1.220642942802285802e-02
6.240414840622665604e-01 1.240552887769297286e-02
6.264627884456475115e-01 1.280512814086232076e-02
6.327169467002471404e-01 1.384389450731982052e-02
6.399911868912384616e-01 1.507502967081209011e-02
6.407852295808491583e-01 1.521458574038625500e-02
6.446219441193523636e-01 1.589599071453540180e-02
6.480872088696068012e-01 1.651381644273697269e-02
6.493450466345074279e-01 1.674144422579348923e-02
6.516865677201568730e-01 1.719213342124548127e-02
6.565832518179426369e-01 1.814727388142611808e-02
6.608918118581805778e-01 1.899298960460416019e-02
6.681598654288611883e-01 2.052556211473410830e-02
6.721384371282124182e-01 2.137291464994850454e-02
6.861670318617010267e-01 2.439960570761479097e-02
6.877678974303869097e-01 2.474775076017143860e-02
6.919785186783051767e-01 2.566704315092904753e-02
6.925394200768963948e-01 2.579104768300677364e-02
7.009700102579525804e-01 2.766625490368146423e-02
7.025033519181633768e-01 2.802046344037867343e-02
7.053539933077241919e-01 2.869955066632756679e-02
7.070731568834136560e-01 2.911209097427924775e-02
7.106493769692168172e-01 2.997634933141224423e-02
7.114816710294691315e-01 3.018461178716891347e-02
7.126105815703560609e-01 3.047683155235769714e-02
7.129428688558894223e-01 3.056361681089958537e-02
7.164094641439764377e-01 3.147529527254522286e-02
7.184382707835939019e-01 3.202735865115502456e-02
7.230438695729883847e-01 3.335803956516281144e-02
7.243441710654123789e-01 3.373418932199412357e-02
7.284067380650418588e-01 3.494095969963695314e-02
7.311640953266573817e-01 3.582536793610646697e-02
7.367463887043788073e-01 3.771108352450136536e-02
7.374033615228554606e-01 3.793379174479127869e-02
7.395677054715328325e-01 3.867036181981431398e-02
7.412581297228542088e-01 3.930757904296422467e-02
7.426942427718468132e-01 3.985016012885667092e-02
7.459264612214793200e-01 4.109407846835044786e-02
7.489622937002740066e-01 4.226460913337570791e-02
7.529965490909757975e-01 4.383818341979794919e-02
7.534565183967691926e-01 4.402304735043516271e-02
7.561808224926274136e-01 4.511819914463444103e-02
7.604334512018189329e-01 4.685833489833102217e-02
7.622696414110254892e-01 4.761589293334078654e-02
7.669736170690772958e-01 4.956836922962071235e-02
7.675411201201556288e-01 4.980415728070253234e-02
7.702374115590073789e-01 5.092778182499280160e-02
7.706766689073325516e-01 5.111146006629285754e-02
7.754519052033954640e-01 5.314879290361262942e-02
7.810657600772867859e-01 5.559725825328631910e-02
7.819804651957191766e-01 5.600853688247975359e-02
7.834409483092277249e-01 5.668791577119325353e-02
7.846374353913629918e-01 5.725298364407671592e-02
7.864725396660101620e-01 5.812128646709802116e-02
7.914057455717244949e-01 6.045902193417540538e-02
7.933864149556739687e-01 6.140055980722758378e-02
7.949553460781781933e-01 6.215594172206850843e-02
7.958971783673571831e-01 6.261263977194808650e-02
7.971718167290196000e-01 6.325398953403094104e-02
7.977376209417137432e-01 6.353907050993068406e-02
7.999575729223069587e-01 6.467123042439193448e-02
8.036946670998614817e-01 6.659478173696242731e-02
8.068595122729504965e-01 6.823312601678332978e-02
8.126687955435119015e-01 7.125128416971970857e-02
8.160751149085330169e-01 7.313871299973273565e-02
8.174787918060284486e-01 7.392931000876290515e-02
8.225292114611912897e-01 7.678113733332980750e-02
8.272795565115758087e-01 7.946582511737632082e-02
8.275728434511979703e-01 7.963199164028833543e-02
8.300003358984555657e-01 8.104063192986754594e-02
8.320871850624593780e-01 8.226123115869155011e-02
8.330901322822545918e-01 8.286026785080835566e-02
8.347219329359414353e-01 8.384813045162242684e-02
8.352086836001002546e-01 8.414349667697718083e-02
8.368173849969902101e-01 8.512942749039142942e-02
8.406220701243218851e-01 8.750392929016059806e-02
8.426060638540049386e-01 8.875361528921499321e-02
8.436652718503139248e-01 8.943120486403122182e-02
8.497212994854081991e-01 9.330683645000503734e-02
8.513318784611205725e-01 9.434227849342646799e-02
8.524097105655183970e-01 9.504290900312151180e-02
8.526611889337705197e-01 9.521229976022582697e-02
8.548865824485671894e-01 9.672908870781027346e-02
8.554793742989901251e-01 9.717125739172793875e-02
8.577792413700515706e-01 9.889203703178217619e-02
8.608346554620520674e-01 1.012769321230184705e-01
8.706122063230896657e-01 1.093356966949661224e-01
8.738511835078230927e-01 1.120157931287940611e-01
8.795281685667022398e-01 1.168523270820728266e-01
8.834208917636701131e-01 1.202300353724012894e-01
8.849853604573503230e-01 1.216443139392192618e-01
8.863565257525114482e-01 1.228917978898712571e-01
8.873187445184769206e-01 1.237813359225113929e-01
8.879201904950400071e-01 1.243529917668133589e-01
8.898834933607182585e-01 1.262235572458862976e-01
8.929551692416417552e-01 1.291800375254986699e-01
8.935988194395623196e-01 1.297998837008071948e-01
8.955077004226394966e-01 1.316495051153184770e-01
8.968584908582371007e-01 1.329609355998466746e-01
8.981432941651918966e-01 1.342084047064556751e-01
9.009431907135032613e-01 1.369822618836745720e-01
9.022327651769399548e-01 1.382688939432701325e-01
9.037598657438115080e-01 1.398258868379128605e-01
9.041550021241309132e-01 1.402295536797041331e-01
9.048489629919256316e-01 1.409564740254971582e-01
9.050059080570085346e-01 1.411245345930735029e-01
9.052784174418111451e-01 1.414325833363743179e-01
9.063586257167248750e-01 1.426570979784859139e-01
9.081310893317562360e-01 1.446820217040448719e-01
9.129349458583355670e-01 1.501999989051279183e-01
9.159750224181242295e-01 1.537264573011444257e-01
9.178052853232472330e-01 1.558569821784320242e-01
9.193287097278586284e-01 1.576308800712614699e-01
9.219405667482345468e-01 1.606876299109081252e-01
9.232901231988270840e-01 1.623086729085304603e-01
9.236068382787756548e-01 1.626932509531994198e-01
9.250266388350067981e-01 1.644742469593322154e-01
9.254968460958461485e-01 1.650863921648620947e-01
9.298279914587233019e-01 1.708672361242887794e-01
9.349751175735703246e-01 1.778309328608933537e-01
9.351887202315229963e-01 1.781214317528880819e-01
9.372381144837516054e-01 1.809304526419643899e-01
9.379907119085901801e-01 1.819636029049694903e-01
9.386373854583829335e-01 1.829010136981552570e-01
9.418710674626946666e-01 1.876715711941449038e-01
9.430486050892916694e-01 1.894162471664108116e-01
9.441764687770999309e-01 1.910947781358783848e-01
9.453451865254320907e-01 1.928531180946120305e-01
9.483628104659060920e-01 1.974383047666284918e-01
9.489882113486789450e-01 1.983933207819389422e-01
9.493450636625846428e-01 1.989552800629782459e-01
9.503206461752140566e-01 2.005325255449426081e-01
9.515808600862549760e-01 2.026086259291117742e-01
9.519191787116825232e-01 2.032073297733109074e-01
9.526514771004621629e-01 2.045259642047138060e-01
9.537655680000836078e-01 2.065606342256725014e-01
9.541534164321596734e-01 2.072776022697531140e-01
9.552617387658628445e-01 2.093391429673211457e-01
9.566031828852912255e-01 2.118888874988975601e-01
9.571988688607631079e-01 2.130253178922328905e-01
9.579897565875989951e-01 2.145662803902074200e-01
9.582478145577604245e-01 2.150830395450534782e-01
9.611902479249021525e-01 2.210525310030085899e-01
9.633783873728971603e-01 2.256030442095698918e-01
9.639060160634163044e-01 2.267100837489050003e-01
9.642696502219105792e-01 2.274996629965077011e-01
9.652204469253202745e-01 2.296585171582051776e-01
9.662413633708861749e-01 2.320656367106024298e-01
9.681100948163350317e-01 2.365307282060030714e-01
9.692186935029942774e-01 2.393674578500861738e-01
9.697557858048688750e-01 2.407722479768592549e-01
9.699181634115188189e-01 2.411981794095224840e-01
9.705536134732324349e-01 2.428664889443673536e-01
9.720558938131109716e-01 2.468688905041381831e-01
9.731321293089323365e-01 2.497628515969810836e-01
9.748195671936517037e-01 2.543692453195021130e-01
9.774875013360042608e-01 2.617726380731690838e-01
9.783645075475300157e-01 2.645650599807513048e-01
9.787292910903890863e-01 2.657864372408285103e-01
9.800265373456407136e-01 2.703175692492961746e-01
9.810817760597705384e-01 2.743242500915960003e-01
9.821566900147209456e-01 2.784568052058202792e-01
9.823143538992171742e-01 2.790691822623815321e-01
9.832439100153032019e-01 2.828983474764322770e-01
9.838552682753245460e-01 2.854763537084527014e-01
9.841582378654958330e-01 2.867750218806451867e-01
9.845355351940037192e-01 2.884534280588647581e-01
9.847152468543745041e-01 2.893180392445531268e-01
9.855604238437702946e-01 2.936553393705498838e-01
9.859029258355751502e-01 2.955502577082982363e-01
9.868903576857808169e-01 3.011257774622584371e-01
9.878273312432996889e-01 3.065081266942967231e-01
9.882586543928482126e-01 3.090942785446803009e-01
9.886542425955255897e-01 3.115660714629328032e-01
9.889064619419212221e-01 3.131576531368045480e-01
9.898343491335632738e-01 3.191305132593093008e-01
9.910444428379083792e-01 3.273966096730533959e-01
9.912381891758252905e-01 3.287496317209720464e-01
9.916668186034462984e-01 3.317793777548844192e-01
9.918534875964528652e-01 3.331727564757894777e-01
9.919960450763052329e-01 3.342956660634669452e-01
9.922314532715053037e-01 3.362656129635803737e-01
9.929992125634301559e-01 3.427575450365970555e-01
9.936184054332868332e-01 3.484394775056595117e-01
9.938524028342732297e-01 3.506332286269621124e-01
9.944490310881017869e-01 3.564119068295471537e-01
9.951093184122596913e-01 3.630181229464648496e-01
9.951660242739488460e-01 3.635914380055501605e-01
9.959182683518459367e-01 3.712074084649236161e-01
9.961697647955374268e-01 3.739728393024812636e-01
9.962512170954527235e-01 3.751902515436283947e-01
9.966093073215103182e-01 3.810329894172727050e-01
9.967123524091430209e-01 3.827932285647553945e-01
9.968007361304025427e-01 3.845892437152514942e-01
9.969194136993324573e-01 3.870936332742052066e-01
9.971848391586681792e-01 3.931965574937784647e-01
9.975349310388048618e-01 4.013436530607485953e-01
9.975866845851786291e-01 4.026544506985468841e-01
9.976176465882300448e-01 4.034467338639144973e-01
9.976724949993054370e-01 4.049254151216662434e-01
9.977628848936792583e-01 4.075728410026733251e-01
9.978943431243016970e-01 4.114594356537812914e-01
9.980466019143954259e-01 4.172003554784436963e-01
9.981439172929233994e-01 4.212303450688374973e-01
9.982144990040411336e-01 4.247121439094482254e-01
9.982829725883970440e-01 4.289163970511682411e-01
9.982944748113660172e-01 4.314208113652406862e-01
9.982959131284723231e-01 4.338062771039076226e-01
9.982339494176886152e-01 4.400273348523395800e-01
9.981856911098920815e-01 4.441473331818407422e-01
9.980430070768759876e-01 4.544512238082782929e-01
9.980303224523814354e-01 4.552361038183240227e-01
9.979716714042097259e-01 4.581034469886424709e-01
9.979253051936303187e-01 4.602453703720027489e-01
9.977911854089300814e-01 4.656536631480668875e-01
9.974815429947339052e-01 4.763928285569666299e-01
9.973409360224745335e-01 4.802807776050815880e-01
9.972000477243412320e-01 4.839149969443187205e-01
9.971583027890311701e-01 4.849399439234627351e-01
9.970854186957009979e-01 4.866885158226025299e-01
9.969149495125251281e-01 4.907518634711875993e-01
9.968010703661698280e-01 4.930747701439824882e-01
9.965623127129048520e-01 4.965414169319606330e-01
9.961702951638979897e-01 5.022163420846788018e-01
9.961222625177015289e-01 5.029065560887393538e-01
9.957111352599661291e-01 5.088082223296657158e-01
9.953634416055003875e-01 5.134435396036225452e-01
9.945409762666206355e-01 5.240004195088997507e-01
9.943328548702530245e-01 5.265003895892087504e-01
9.940058682685763980e-01 5.300883804773240948e-01
9.936059196226192380e-01 5.342292303957202337e-01
9.935170023569588338e-01 5.350961478464667520e-01
9.928223641055204940e-01 5.418061476668922793e-01
9.925700308399842964e-01 5.441960325821720845e-01
9.923651272643609911e-01 5.460570077085552532e-01
9.921575740452801551e-01 5.478223798715237125e-01
9.915605078820790563e-01 5.524494273573468117e-01
9.904970194125850558e-01 5.601679212198519275e-01
9.897523746539040879e-01 5.648339831161623970e-01
9.896486493833838161e-01 5.654654107093659565e-01
9.894396788730281944e-01 5.666902512048457297e-01
9.886404142831548558e-01 5.711139172331316516e-01
9.882325856451954493e-01 5.731846828414771666e-01
9.868678300673785486e-01 5.801070435374823253e-01
9.861184900449917468e-01 5.834923919351642230e-01
9.852031124970352938e-01 5.875502656207381991e-01
9.849544528831122303e-01 5.886485457480944428e-01
9.840312916020539369e-01 5.925372394639695228e-01
9.832748894167433473e-01 5.957161209193677642e-01
9.820980879835821131e-01 6.005404009265563614e-01
9.819219065779802857e-01 6.012546834353366121e-01
9.802947664213457202e-01 6.076124836022788189e-01
9.797177583653722266e-01 6.098147904392302587e-01
9.791481624770035364e-01 6.119714952028507682e-01
9.776551038534679883e-01 6.176191421818527649e-01
9.774948241357477308e-01 6.182168390330761154e-01
9.771727872365683076e-01 6.193874481689395362e-01
9.763985166943494054e-01 6.221811342695415803e-01
9.752480372539455988e-01 6.261752485723022232e-01
9.746711207924094733e-01 6.281009164376295528e-01
9.735469868592789844e-01 6.317904535249937448e-01
9.729802398761246973e-01 6.336239700413422993e-01
9.721725456250769337e-01 6.362152988165226120e-01
9.717855718567622869e-01 6.374564925180575825e-01
9.710339940403738268e-01 6.398331326770143601e-01
9.708346413527513263e-01 6.404525904587545782e-01
9.697835738444182674e-01 6.436210455131731178e-01
9.677777691284383810e-01 6.496498591847096327e-01
9.662356465623520574e-01 6.539960918412704993e-01
9.659079025984280698e-01 6.549177949019522327e-01
9.648083571957855042e-01 6.580050195320162887e-01
9.631005835695956030e-01 6.627514862324448419e-01
9.620426588693664627e-01 6.656160360606103721e-01
9.610830783501509433e-01 6.681245587718627199e-01
9.597600151487917230e-01 6.715669185845176692e-01
9.596199864678935931e-01 6.719252731049014660e-01
9.588118074066029894e-01 6.739568125453264669e-01
9.581520118016768617e-01 6.756041496929322543e-01
9.572074053783448111e-01 6.779333949755028677e-01
9.569378416596339143e-01 6.785822363545449543e-01
9.545395397336560173e-01 6.840363537065653476e-01
9.519150629769654870e-01 6.900046859719632941e-01
9.508610353815467597e-01 6.922433723523593319e-01
9.500963667737234442e-01 6.938045475246287230e-01
9.468775905684196914e-01 7.003237980749233982e-01
9.454193340924359479e-01 7.032715862836790288e-01
9.433161263349367776e-01 7.075206542261911480e-01
9.425930239327504623e-01 7.089804699101387442e-01
9.393635049045128138e-01 7.154483220683456324e-01
9.379489217223782038e-01 7.182561266559255309e-01
9.368647807817513939e-01 7.203830822070900197e-01
9.341552837507351992e-01 7.256254544750000424e-01
9.316287102216898042e-01 7.304734568949181606e-01
9.308059082025978981e-01 7.320104375907943162e-01
9.291983340955909387e-01 7.349962711424085082e-01
9.275989170363017067e-01 7.379478438552463659e-01
9.263905272155095183e-01 7.401747589515792480e-01
9.250259519097490113e-01 7.426814150303194806e-01
9.230139086169062423e-01 7.463583339411087314e-01
9.222546379707408093e-01 7.477417109818109697e-01
9.204683549070582504e-01 7.509954211304027405e-01
9.171915595307364999e-01 7.569622067434973456e-01
9.152380973361822214e-01 7.605144913382376748e-01
9.145950663106461320e-01 7.616798906741962805e-01
9.129715679212968560e-01 7.646089525385377783e-01
9.119743072739416867e-01 7.663592748655176923e-01
9.118232169302356027e-01 7.666241316009636542e-01
9.104760252801671339e-01 7.689517248945254568e-01
9.096913756647571070e-01 7.703002135737010425e-01
9.069778040348854820e-01 7.748182844109302581e-01
9.061299614162161564e-01 7.762202438971071983e-01
9.054434870413103909e-01 7.773424383571150287e-01
9.034083178206153697e-01 7.806414633281164583e-01
9.023000372778318123e-01 7.824155953292269983e-01
9.000405716996122685e-01 7.860322814619391529e-01
8.975801781377024113e-01 7.897613138379840914e-01
8.971095115604235115e-01 7.904514869766539054e-01
8.921029456175690875e-01 7.977826799436529281e-01
8.895862545531683097e-01 8.014555366533944181e-01
8.854753061529045954e-01 8.073470261404720461e-01
8.824566947438483577e-01 8.115789650903950658e-01
8.806144370783997033e-01 8.140200014282900076e-01
8.785449667188398593e-01 8.166734085137046240e-01
8.752102167247455267e-01 8.208193698342766131e-01
8.736667626239342788e-01 8.226996070734218236e-01
8.733422548748064340e-01 8.230917035842775231e-01
8.728151327911028989e-01 8.237244956399437656e-01
8.698724098790953096e-01 8.272197734434771910e-01
8.681504875585679404e-01 8.292459334668808024e-01
8.665789812776827361e-01 8.310805613797244140e-01
8.645952089745241320e-01 8.333337028964568072e-01
8.630291179341234020e-01 8.351090992065398622e-01
8.624924532684898892e-01 8.357088868023405670e-01
8.603876174763023243e-01 8.380519550993720257e-01
8.591663138898908425e-01 8.393830029589485209e-01
8.586743221219295119e-01 8.399078415440823786e-01
8.565529444636210687e-01 8.421514708611556044e-01
8.550019124472596488e-01 8.437884782814287776e-01
8.535733383436467925e-01 8.452463320809210368e-01
8.495966208116418894e-01 8.491419070262601343e-01
8.482773614588474675e-01 8.504285571215071116e-01
8.441692906606277358e-01 8.543448295517468427e-01
8.434832229856734642e-01 8.549923561352896773e-01
8.406684854943253793e-01 8.576427491350036014e-01
8.376389791847655975e-01 8.604801545142474195e-01
8.353659963434789670e-01 8.625513726483099441e-01
8.331007731982076336e-01 8.645848461449169298e-01
8.321949934087828904e-01 8.653800427480794477e-01
8.317524002299159225e-01 8.657584862656697577e-01
8.283711597051917064e-01 8.686472464655633496e-01
8.274096136721886818e-01 8.694520098963089971e-01
8.241826705542203424e-01 8.721011401331276724e-01
8.221991296236788038e-01 8.736634981819335621e-01
8.205913485759912529e-01 8.749216044412708726e-01
8.156195057807418269e-01 8.787840047500811158e-01
8.141581749529664958e-01 8.799172536606533201e-01
8.117109450567907558e-01 8.817854885625220351e-01
8.094522258991505570e-01 8.835082206755938694e-01
8.074993693951229012e-01 8.849905813146076161e-01
8.047915995776326881e-01 8.870115685217896395e-01
8.016469889127006976e-01 8.893549963528040170e-01
8.005120742046269999e-01 8.901982477655024928e-01
7.975915949848395581e-01 8.923642924908465890e-01
7.919395811760703285e-01 8.965520911583536590e-01
7.894097879825663355e-01 8.983912818615112927e-01
7.879015557411630510e-01 8.994520028078621943e-01
7.836281028006886196e-01 9.023723146276355633e-01
7.788237773012272047e-01 9.056097712463745397e-01
7.772088750329391171e-01 9.066958192291034724e-01
7.766205375216486129e-01 9.070836773883094173e-01
7.742457440796186585e-01 9.086442908550781405e-01
7.704171379349054050e-01 9.111305906652842346e-01
7.675971579505724840e-01 9.129592258726381138e-01
7.662498110817601571e-01 9.138119808492967122e-01
7.637114069120491955e-01 9.153875124754259351e-01
7.576971589897454340e-01 9.190775950315567266e-01
7.555625694022032324e-01 9.203741704495453924e-01
7.533214748492460533e-01 9.216740313614956159e-01
7.499409107426553422e-01 9.236110502750587425e-01
7.463241211647433371e-01 9.256690473091344629e-01
7.446549526365819904e-01 9.266184204404188662e-01
7.409896043924149023e-01 9.286930825855964633e-01
7.387380893457862197e-01 9.299649738597661752e-01
7.356832501192318574e-01 9.316708990904967180e-01
7.333039273517429901e-01 9.329923688984992358e-01
7.314176669095349137e-01 9.340350478840357962e-01
7.293489124217380493e-01 9.351632465185099052e-01
7.285600237171341309e-01 9.355884475098176223e-01
7.263147360340735936e-01 9.367965294388862496e-01
7.260037084422510389e-01 9.369631268013098868e-01
7.249713828929811310e-01 9.375102650645443791e-01
7.229042168786135036e-01 9.386031770610313574e-01
7.193468537634482018e-01 9.404412592339377319e-01
7.124972853798055006e-01 9.439688928809898405e-01
7.089392438612560632e-01 9.457920405608919445e-01
7.079643405523452504e-01 9.462861298614773098e-01
7.067551495244202009e-01 9.468857365514770086e-01
7.033885672901007968e-01 9.485362114036917092e-01
7.012370294426395478e-01 9.495670733333378966e-01
6.987558038527625914e-01 9.507360396251648416e-01
6.974209722995530214e-01 9.513638189865568640e-01
6.956321063278474437e-01 9.521953390515732751e-01
6.923894864840642871e-01 9.536922503725155931e-01
6.904179911445897933e-01 9.545991854639601648e-01
6.885131570806501955e-01 9.554537774340196021e-01
6.873337936655508074e-01 9.559769998242185762e-01
6.868344940907655793e-01 9.561972228976503008e-01
6.844083234122397830e-01 9.572384568746661326e-01
6.832372578885665959e-01 9.577366063478973679e-01
6.786345080756257531e-01 9.596574027342462676e-01
6.777678677185217104e-01 9.600186245274460184e-01
6.748088986534974687e-01 9.612516343864445645e-01
6.732455509277863737e-01 9.618924133255332132e-01
6.718601819110248119e-01 9.624568441560947818e-01
6.683557212696733529e-01 9.638822048850186341e-01
6.631862262459453650e-01 9.658438234695936320e-01
6.610393507232599219e-01 9.666569842814177749e-01
6.591414668840114288e-01 9.673536324117242291e-01
6.567307661552421738e-01 9.682373485051229967e-01
6.559407350347676857e-01 9.685211487466810487e-01
6.528378800533283233e-01 9.695961557995270708e-01
6.519963099240477788e-01 9.698860292765256741e-01
6.455446163544329430e-01 9.720869294674368000e-01
6.418058766268954773e-01 9.733607854226807854e-01
6.413206734913026175e-01 9.735235219317531774e-01
6.389260703819683584e-01 9.743116429394554912e-01
6.364244664715215105e-01 9.751094680887473221e-01
6.355974702343021310e-01 9.753724465972192226e-01
6.322712153349352437e-01 9.764031269379391809e-01
6.234784622862066250e-01 9.791108855259164079e-01
6.206424168784456796e-01 9.799582589892636975e-01
6.180121445521686852e-01 9.807419282622762413e-01
6.171951284387890979e-01 9.809797137760246644e-01
6.122212834142346516e-01 9.823694545294169300e-01
6.092401598121208739e-01 9.831874888494317455e-01
6.062880565644310771e-01 9.839864218699414522e-01
6.029236576219416666e-01 9.848793199160220668e-01
5.937829818996511744e-01 9.870685174409047358e-01
5.928927607537239908e-01 9.872617854737816279e-01
5.910046239286672609e-01 9.876652099245205596e-01
5.899838410882629613e-01 9.878783494401823795e-01
5.875989434426414082e-01 9.883458911564294569e-01
5.867982629143262407e-01 9.885024510521058794e-01
5.845105682869247143e-01 9.889403898884961963e-01
5.835951353457720092e-01 9.891104141753914725e-01
5.814211804497446678e-01 9.895075132204773638e-01
5.808205940276884860e-01 9.896171911516898900e-01
5.789800633812172137e-01 9.899305169836692953e-01
5.772231660432984857e-01 9.902279491300469694e-01
5.714044861500766626e-01 9.911922272115388788e-01
5.703143265029337883e-01 9.913700034030099584e-01
5.698815296119175144e-01 9.914377500575642932e-01
5.633391320277438830e-01 9.924527002444675228e-01
5.593291294883611098e-01 9.929967143975133581e-01
5.585990812716119525e-01 9.930928391402019662e-01
5.547192670002822901e-01 9.935827431228004825e-01
5.523785163153378530e-01 9.938610220268643269e-01
5.513483566054100393e-01 9.939813406936486295e-01
5.491577549980406481e-01 9.942284332567752347e-01
5.466833484994682024e-01 9.945073768286264437e-01
5.441280098660192799e-01 9.947948460596870435e-01
5.421212290888710594e-01 9.949990290261934156e-01
5.409469761721130698e-01 9.951177920357433537e-01
5.343981409321667542e-01 9.957591643917351742e-01
5.263730115051721281e-01 9.965141514891282526e-01
5.168218443852474753e-01 9.973893194509879656e-01
5.139868573586845457e-01 9.975880231568691192e-01
5.110253196589700231e-01 9.977783002448101790e-01
5.057953869833657912e-01 9.980931760162869981e-01
5.034364024788899883e-01 9.982216001665069616e-01
4.996964763445932989e-01 9.984224770346737943e-01
4.961782120177699595e-01 9.985818821294416558e-01
4.925264101924238802e-01 9.987343454372995533e-01
4.853946328081698014e-01 9.990171594791152909e-01
4.845082483086949332e-01 9.990479317842858586e-01
4.783622519906466919e-01 9.991506514128997152e-01
4.706686280987525950e-01 9.992791238688963906e-01
4.687358862705144902e-01 9.993105588727276833e-01
4.659071957176226797e-01 9.993259472329413251e-01
4.596463360075201954e-01 9.993047205131544430e-01
4.579514436702978863e-01 9.992951593931591603e-01
4.542674990194577878e-01 9.992688953676209795e-01
4.516569778585263761e-01 9.992492757635261791e-01
4.462175488993728734e-01 9.992016529071322539e-01
4.442874368457954692e-01 9.991635441808762730e-01
4.425107128136178125e-01 9.991167555850227755e-01
4.402920157627833730e-01 9.990483314844519347e-01
4.391959375059646953e-01 9.990134998073970651e-01
4.380360585350466240e-01 9.989652395853009237e-01
4.337856852548763187e-01 9.987869392220444231e-01
4.325511354324908520e-01 9.987326926301172136e-01
4.228852218106584071e-01 9.982773202490834441e-01
4.173146036657579550e-01 9.979859664398292862e-01
4.122924663976657578e-01 9.976969539545148535e-01
4.099236067250729421e-01 9.975523893990065893e-01
4.068248025080312691e-01 9.973282627404006506e-01
4.043455795085845739e-01 9.971164756638748461e-01
3.995093113983389510e-01 9.967006432994711673e-01
3.976803032080043487e-01 9.965214893573668409e-01
3.949159460400521460e-01 9.962297210520977275e-01
3.927541556388523536e-01 9.959986810579638528e-01
3.876721952947621008e-01 9.954490111586815626e-01
3.838341956695972557e-01 9.950178252055923434e-01
3.798108921613297384e-01 9.945572017005399612e-01
3.770011226136127935e-01 9.942328445475440146e-01
3.718520575213103974e-01 9.936372934190276229e-01
3.694776369675605854e-01 9.933609707469744921e-01
3.681684662403867381e-01 9.932078390108315391e-01
3.645817438772165908e-01 9.927702432653753295e-01
3.619341846398456686e-01 9.924421457816806624e-01
3.610113779210150642e-01 9.923196449428189903e-01
3.599010829498786035e-01 9.921659217256717511e-01
3.571376706789409217e-01 9.917772605687233956e-01
3.514147963999645907e-01 9.909380140910373225e-01
3.469294392759752488e-01 9.902335444511484175e-01
3.463358396645104809e-01 9.901392921320344431e-01
3.435386096515444243e-01 9.896875833626435082e-01
3.402717900129018092e-01 9.891564875570669768e-01
3.390622025595559363e-01 9.889362557204470772e-01
3.352217346374050666e-01 9.882351188486518945e-01
3.323431791473933639e-01 9.876874812106279933e-01
3.285125014254916542e-01 9.869116138465826582e-01
3.269084232424990799e-01 9.865551727871608723e-01
3.204935501412437548e-01 9.851118724464967835e-01
3.189746984144224418e-01 9.847587893792604241e-01
3.179754048415547873e-01 9.845213164695516550e-01
3.160967149865326342e-01 9.840524545792068700e-01
3.133468278630157644e-01 9.833405478654141385e-01
3.125173918426033537e-01 9.831194981082643780e-01
3.112196243918892713e-01 9.827551680283833635e-01
3.100388870378471551e-01 9.824167054486970807e-01
3.047224586898646392e-01 9.807585159769000027e-01
3.026661478433368413e-01 9.801102476673551056e-01
2.986774679478527150e-01 9.788072610766279658e-01
2.971586714807941676e-01 9.783084057404183298e-01
2.946970382628457119e-01 9.774948360194876118e-01
2.929320795755765983e-01 9.769074876837962051e-01
2.911983477308694446e-01 9.763237597759015785e-01
2.868639556190448192e-01 9.748588657794614587e-01
2.834477587897940576e-01 9.736833443173145142e-01
2.821970627232662232e-01 9.732502185506091141e-01
2.814917392246390482e-01 9.729995015462576946e-01
2.703977104525309705e-01 9.690223862932857424e-01
2.698866300936871299e-01 9.688390384821362611e-01
2.664628368360019706e-01 9.675925558574222096e-01
2.647251308237490997e-01 9.668922333741213349e-01
2.618907031075060066e-01 9.657431359406830618e-01
2.592151153940983055e-01 9.645204914486952275e-01
2.570477137004658075e-01 9.635106798542046880e-01
2.514943517221835401e-01 9.608091837587002804e-01
2.479269528672944367e-01 9.590599282219046673e-01
2.427726669975893148e-01 9.565169860257444201e-01
2.390343995665956123e-01 9.545995071087711725e-01
2.355350597425728831e-01 9.527552047264614687e-01
2.332891774645154404e-01 9.515401177118006926e-01
2.276273651037040158e-01 9.482000031951249852e-01
2.203094219491637529e-01 9.438414947388837906e-01
2.165804040747782433e-01 9.416143946615002092e-01
2.159221964633830093e-01 9.412066947169356323e-01
2.153618654915052111e-01 9.408555524518886770e-01
2.136160650561219065e-01 9.397072497237440869e-01
2.131485302287561834e-01 9.393932161981977114e-01
2.101997626470537006e-01 9.373778772284793170e-01
2.097250788481277994e-01 9.370493824542607264e-01
2.061888413109562168e-01 9.345848834079089062e-01
2.014387416568737543e-01 9.311495291352264170e-01
1.965427155412177718e-01 9.276057442612569703e-01
1.944719873027353496e-01 9.260988798538076772e-01
1.927655592977235988e-01 9.248520538657828416e-01
1.908216675112333616e-01 9.234268796793718703e-01
1.863720567927307781e-01 9.201598524014422686e-01
1.840388948024151428e-01 9.184331815567121637e-01
1.805238587713181020e-01 9.158106648546631146e-01
1.791151663147539375e-01 9.147419298309040769e-01
1.757701469715832743e-01 9.121825622872352657e-01
1.736584898925846443e-01 9.105584067187662001e-01
1.701685602532531649e-01 9.078574745560055170e-01
1.685919561169528236e-01 9.065757582440424622e-01
1.662888369926308063e-01 9.046447638905276145e-01
1.630192820043385171e-01 9.018897625843015353e-01
1.614126377037453097e-01 9.005342219328860143e-01
1.568738599274958623e-01 8.966284059369901138e-01
1.557270132507935778e-01 8.956226321073883501e-01
1.535716423112025164e-01 8.937152617207685390e-01
1.475752044394119111e-01 8.883208668277786657e-01
1.472211586327419330e-01 8.879986760977243154e-01
1.448317218980639809e-01 8.857510031409495665e-01
1.430371791882104060e-01 8.840518929189048469e-01
1.402648708205521122e-01 8.813928883657186075e-01
1.377616691235667434e-01 8.789899886624360503e-01
1.324436604978729837e-01 8.738732169083637258e-01
1.312442322710690168e-01 8.727093291834611133e-01
1.297056753723664912e-01 8.711999987451193306e-01
1.259351518360193878e-01 8.674905941224219097e-01
1.238664723078404806e-01 8.653744661654572123e-01
1.227183291981545632e-01 8.641868319668806198e-01
1.162935103343850085e-01 8.575086874390476233e-01
1.150711467245831288e-01 8.562197660914701025e-01
1.144321454560126017e-01 8.555201897614618245e-01
1.115136088637712075e-01 8.523023768088280328e-01
1.091594648214803676e-01 8.496730639775870175e-01
1.076562015198394007e-01 8.479678253603685212e-01
1.068949185241549471e-01 8.470910231544720448e-01
1.038418461744702870e-01 8.435307626947738946e-01
1.033729740981529921e-01 8.429365650963813739e-01
1.031613441340999970e-01 8.426591569204183729e-01
1.026099355182012451e-01 8.419292498112314060e-01
1.019768645099047855e-01 8.410906802702550200e-01
1.004890705783850202e-01 8.390899244203060547e-01
9.934101025864722212e-02 8.375421723281010200e-01
9.858035220709276958e-02 8.364930918951901662e-01
9.717239215490808268e-02 8.345384580082291226e-01
9.596876877400911665e-02 8.328303693863496893e-01
9.244172874437489584e-02 8.277406948647424434e-01
8.829852786983488633e-02 8.217031780658787810e-01
8.444101494267014507e-02 8.158420115792456295e-01
8.262544403577359864e-02 8.130781616504170195e-01
8.087042489952384061e-02 8.103720283261721669e-01
7.976115754788754009e-02 8.086473861877158109e-01
7.873261971497985678e-02 8.070470417347617165e-01
7.748655710454493972e-02 8.050571164907398547e-01
7.647698300662447712e-02 8.033769465687777833e-01
7.223057438629026938e-02 7.960349951308598460e-01
6.687007287140595002e-02 7.867557214567469925e-01
6.590938314685862442e-02 7.850323651771872191e-01
6.406518119914245135e-02 7.816279032754942513e-01
