9.473016884315580421e-01 7.742552020514098521e-01
9.450225508585157197e-01 7.785439172784127670e-01
9.437020932351104507e-01 7.808962484845275442e-01
9.407970786286664611e-01 7.860188594380931315e-01
9.402754296218048813e-01 7.869278235269265842e-01
9.387950126743425106e-01 7.893523437364633466e-01
9.375997795028402360e-01 7.912955258118775648e-01
9.371531397020820275e-01 7.920096869392810879e-01
9.368315293074849226e-01 7.925228967808979341e-01
9.363356415716457271e-01 7.933122551892892726e-01
9.332599956947669195e-01 7.981952477938782931e-01
9.323038475180276397e-01 7.996824466457934655e-01
9.313027116762195856e-01 8.012310150730792557e-01
9.272442093165981225e-01 8.074379296682432372e-01
9.259405979343013904e-01 8.094155514302139309e-01
9.233097372831262639e-01 8.133194218404653508e-01
9.209253628837328343e-01 8.168310408338881334e-01
9.199016359007926580e-01 8.183338478250148373e-01
9.186522397497592918e-01 8.201242803854269514e-01
9.178323019600382882e-01 8.212811302111292511e-01
9.163764482064838957e-01 8.233016060056534968e-01
9.144997612204245341e-01 8.258908871216359415e-01
9.137105256023694277e-01 8.269722706487859787e-01
9.132847122014819963e-01 8.275545305463571921e-01
9.120157267655938371e-01 8.291645560713728491e-01
9.104383517885229482e-01 8.311566034143625936e-01
9.100353564564016562e-01 8.316634744835238457e-01
9.089146708813878872e-01 8.330517744099457111e-01
9.048678047186126117e-01 8.379741744236962608e-01
9.035455266624335957e-01 8.395450770032251153e-01
8.990198789218692976e-01 8.449185252520018397e-01
8.979371466413575975e-01 8.461739062700045499e-01
8.961546265544003687e-01 8.481995677092836194e-01
8.951640832220661981e-01 8.493134772547109579e-01
8.930248383647375610e-01 8.517097437974870955e-01
8.910566988256991561e-01 8.538265627976125982e-01
8.894914093756755014e-01 8.554889772691884886e-01
8.881954534390413825e-01 8.568601331901798401e-01
8.866277124594322823e-01 8.584957043312561042e-01
8.843367958149634944e-01 8.608416687524196309e-01
8.828666227605682648e-01 8.622926390201793856e-01
8.803956412889560879e-01 8.647263331991981161e-01
8.790811080915209574e-01 8.660177554710942749e-01
8.782281435819905280e-01 8.668553718359088833e-01
8.766995366793942646e-01 8.683350125514056606e-01
8.705143240091872681e-01 8.742465000003069031e-01
8.675703853406915300e-01 8.770525648280728115e-01
8.661483401171445884e-01 8.783760884006722724e-01
8.661002117840298498e-01 8.784207747436320046e-01
8.617973293191171225e-01 8.823612725096031673e-01
8.586842643758835214e-01 8.852047326936370863e-01
8.575348041632013807e-01 8.862542572548085529e-01
8.545572344013337984e-01 8.888920053401111465e-01
8.474603942497692666e-01 8.950316775363258426e-01
8.461473777897873250e-01 8.961321131105857152e-01
8.453151755500922793e-01 8.967985109893514828e-01
8.409147846948590299e-01 9.002539809154055384e-01
8.402873237028976039e-01 9.007267056096227575e-01
8.399393072004732730e-01 9.009789661461223842e-01
8.390607807422759690e-01 9.015877330017345592e-01
8.382733827581216879e-01 9.021270114568277210e-01
8.354034328973014567e-01 9.040526241293038723e-01
8.330932817609746355e-01 9.055842874733567305e-01
8.314639540181811839e-01 9.066624288353125616e-01
8.271426314559570114e-01 9.094641944218841978e-01
8.255880481531396864e-01 9.104691043135153539e-01
8.203407750534983389e-01 9.138177818541473041e-01
8.189135926465966886e-01 9.147284855796599112e-01
8.155413337565392551e-01 9.168446142864361548e-01
8.143599982252347491e-01 9.175797689181904859e-01
8.108951149523452306e-01 9.197351289344292136e-01
8.063484414074066908e-01 9.224991059627758450e-01
8.029863071963277976e-01 9.245281372920958196e-01
8.018568803739724027e-01 9.252071612319181515e-01
7.991346166770277870e-01 9.268030382369262243e-01
7.989078267468802119e-01 9.269345126922791112e-01
7.976862965697281149e-01 9.276378296124591083e-01
7.955824931570573133e-01 9.288371479950856546e-01
7.937160247419791093e-01 9.298962106205398426e-01
7.917185546544160957e-01 9.310009179172477056e-01
7.893063216585383124e-01 9.323326634644307775e-01
7.877780955610708125e-01 9.331633062069759621e-01
7.867629315336593931e-01 9.337097867332345702e-01
7.855262508625867612e-01 9.343665830496306057e-01
7.842938394437333205e-01 9.350086919852428347e-01
7.829289535073844508e-01 9.356870307661439012e-01
7.803108511168821426e-01 9.369654125473761974e-01
7.767238564917451349e-01 9.386687974772268683e-01
7.733854703920833851e-01 9.402414638916255507e-01
7.729767604167987471e-01 9.404313894207360081e-01
7.723370302510629282e-01 9.407276097532131232e-01
7.680921407154012170e-01 9.426144244897408653e-01
7.649085711216342398e-01 9.440192004627030453e-01
7.635329293629204983e-01 9.446136789245713761e-01
7.631257176106973628e-01 9.447837033949252339e-01
7.614174813056147073e-01 9.454943098086049380e-01
7.612976421192203524e-01 9.455438336928128074e-01
7.590971819025658096e-01 9.464428558337172337e-01
7.586249749103370910e-01 9.466288910221152264e-01
7.582526941754181848e-01 9.467750517705675328e-01
7.518635244458212741e-01 9.492777341634611732e-01
7.481845765122410175e-01 9.507058132830399355e-01
7.472387982165213938e-01 9.510726205768874619e-01
7.350010869340164454e-01 9.556773624887454632e-01
7.263927095146338608e-01 9.587814344825731361e-01
7.236258800175505712e-01 9.597753116751530644e-01
7.227004071897241699e-01 9.601045245470906098e-01
7.159650054945909670e-01 9.624984734824482135e-01
7.113424445844610533e-01 9.641256426873662244e-01
7.107025315668059617e-01 9.643472194421029986e-01
7.103534906529539450e-01 9.644664306399560738e-01
7.084815932038882602e-01 9.650902802734175889e-01
7.024425378433148959e-01 9.670977409198858732e-01
7.020905047384987663e-01 9.672123830346511797e-01
7.009119742853905377e-01 9.675927667977298752e-01
7.006030556813864774e-01 9.676923332204615535e-01
6.964114184565161070e-01 9.690376154324803482e-01
6.886594672194350508e-01 9.715001596855071808e-01
6.859439720120009687e-01 9.723551688581778540e-01
6.842662679058996167e-01 9.728792379893751452e-01
6.791427010148441967e-01 9.744082058303740190e-01
6.788384764659803894e-01 9.744987443904387092e-01
6.745779873611670308e-01 9.757337168632220781e-01
6.730552224831340968e-01 9.761708521804507432e-01
6.627339784494661323e-01 9.791325232620914365e-01
6.611683569624096091e-01 9.795801931632993620e-01
6.606412766626902355e-01 9.797297529914055225e-01
6.605913152684509404e-01 9.797433843732232805e-01
6.600097980924121144e-01 9.798989027708658872e-01
6.538370108345249454e-01 9.814699039542597037e-01
6.507219628254999888e-01 9.822182843359529292e-01
6.483217446739960588e-01 9.827929117653494417e-01
6.462964940022989380e-01 9.832652986222775171e-01
6.440022099620115181e-01 9.837974150489017244e-01
6.427786560806260097e-01 9.840760513591817471e-01
6.414205734125560943e-01 9.843685575932665799e-01
6.391794795637546489e-01 9.848305874913033664e-01
6.371141291685218366e-01 9.852432754189488495e-01
6.348767187732878847e-01 9.856863207597783560e-01
6.327881297672407479e-01 9.860832753726532784e-01
6.312753569712948876e-01 9.863692219309647680e-01
6.269632036521071150e-01 9.871504728297484377e-01
6.251549974920721509e-01 9.874707360018070146e-01
6.236963092345949589e-01 9.877278164835420204e-01
6.210141356279538227e-01 9.881996284758098881e-01
6.151372878846662617e-01 9.892163377948659519e-01
6.103141406730002716e-01 9.900324607269754829e-01
6.094919091836180636e-01 9.901708465078620236e-01
6.062169017298048024e-01 9.907156776433639900e-01
6.052369549919475178e-01 9.908786918768336394e-01
6.042176178763601913e-01 9.910424729720788140e-01
6.020460199058705886e-01 9.913708487258908741e-01
5.961368736451547745e-01 9.921989627819098878e-01
5.941233684417650540e-01 9.924649878143684267e-01
5.929548552421574081e-01 9.926185978042608715e-01
5.909582761266357620e-01 9.928631047487667116e-01
5.844278757277270309e-01 9.936018016934866637e-01
5.775891316383316987e-01 9.942822014258659857e-01
5.767331008475907739e-01 9.943661879720955277e-01
5.753041359802669730e-01 9.945014552770911065e-01
5.668423833216272856e-01 9.952507595087916048e-01
5.644310882601131230e-01 9.954435338812928080e-01
5.603338502990444780e-01 9.957586134241455111e-01
5.577254562510235436e-01 9.959462968489165569e-01
5.533004760297282054e-01 9.962615931768066257e-01
5.521918390666672449e-01 9.963368687813508595e-01
5.503149032837452159e-01 9.964430931520998902e-01
5.498532710650665400e-01 9.964686984649618884e-01
5.471719009414824919e-01 9.966142935282754634e-01
5.459064032441736103e-01 9.966794585885784263e-01
5.419739678691711804e-01 9.968631538518570867e-01
5.402580490391527546e-01 9.969206332827795780e-01
5.361210327011015631e-01 9.970518565138573042e-01
5.344542533432599107e-01 9.971015623071982636e-01
5.327323502913152709e-01 9.971482297031855069e-01
5.253071138700644571e-01 9.973207884579630145e-01
5.223141440815157743e-01 9.973795306512848180e-01
5.174585718530976264e-01 9.974679605059640908e-01
5.112039181671479415e-01 9.975439461621083970e-01
5.064524169943107612e-01 9.975987295290389412e-01
5.018271885770980711e-01 9.976223017845221586e-01
5.008811785129215766e-01 9.976260783190665782e-01
4.970806086183328087e-01 9.975832039846720400e-01
4.928612946897071856e-01 9.975332765696699466e-01
4.874458987953431688e-01 9.974544239012367308e-01
4.793888707965319185e-01 9.973255885041009128e-01
4.752133704285081972e-01 9.972495497940774278e-01
4.736682472887445705e-01 9.972077371903099730e-01
4.643688731053770002e-01 9.969517720993961163e-01
4.587730127982707629e-01 9.967904105365624767e-01
4.563507518395732987e-01 9.966570710335413974e-01
4.540375215216853055e-01 9.965228065339502006e-01
4.498406103049079618e-01 9.962727070421116826e-01
4.427630646785177815e-01 9.957884623403425728e-01
4.368373296609543432e-01 9.953798928679592484e-01
4.347773146362033936e-01 9.952310389935891122e-01
4.277039795644983489e-01 9.946954360380131366e-01
4.180251695640621046e-01 9.939099740813499562e-01
4.120666261025143218e-01 9.934020921606426802e-01
4.089993982327113642e-01 9.931356951780532238e-01
4.047955307864067320e-01 9.927332960945255413e-01
4.026958845471088067e-01 9.925095553664179393e-01
4.005779854756528202e-01 9.922707086937537779e-01
3.900767625409217176e-01 9.910455252857666153e-01
3.862474601053396128e-01 9.905914273345933774e-01
3.843938855575012026e-01 9.903471417678429978e-01
3.818978545483335818e-01 9.900046073378114819e-01
3.772822982240998657e-01 9.893411984897751976e-01
3.726215683361859821e-01 9.886303762018788799e-01
3.711434760794213306e-01 9.884018701894673464e-01
3.705755640256389594e-01 9.883136455485173055e-01
3.696038987745073889e-01 9.881594098386744518e-01
3.688635052636933809e-01 9.880362971282603546e-01
3.623016528458029573e-01 9.869356030574698568e-01
3.583051179320472235e-01 9.862583550676620181e-01
3.523598588885694660e-01 9.852171412785686311e-01
3.448797148191202755e-01 9.838936562117643891e-01
3.430165833067180259e-01 9.835607247739895920e-01
3.400659556708403031e-01 9.830300345596736378e-01
3.385093333285554840e-01 9.827431735547945690e-01
3.371541968025814073e-01 9.824879301545931254e-01
3.357213091939189598e-01 9.822118159477684074e-01
3.355669546592700003e-01 9.821801497700273220e-01
3.346845003538795327e-01 9.819960339894192591e-01
3.272772909059580293e-01 9.804140669203081915e-01
3.251936921612795794e-01 9.799666365184865890e-01
3.213009306799161635e-01 9.791228110548214625e-01
3.202394241249355566e-01 9.788667540230149289e-01
3.186967074101350050e-01 9.784723242260235931e-01
3.173302811566417470e-01 9.781009709728906154e-01
3.137499425432461742e-01 9.770867399170509726e-01
3.119025700014517177e-01 9.765448563417642447e-01
3.103497721490229289e-01 9.760888478210461017e-01
3.043272064085660311e-01 9.742755657464999830e-01
3.014528716703214206e-01 9.733264109118724416e-01
2.989533447051874182e-01 9.724959016232596065e-01
2.982671439934484470e-01 9.722671835706395704e-01
2.973043285343937026e-01 9.719150591759128099e-01
2.938233847894177186e-01 9.706320341978600386e-01
2.887317316345089369e-01 9.687396120829910862e-01
2.834706615041240330e-01 9.667825062707499084e-01
2.825773416748588174e-01 9.664496395299525533e-01
2.817335344538745012e-01 9.661236155796837366e-01
2.772252208391027262e-01 9.643714974712143118e-01
2.666231720343543721e-01 9.600239322573573819e-01
2.630416705052083248e-01 9.585403502289081556e-01
2.597390331448528045e-01 9.571515000312047494e-01
2.590943369430215304e-01 9.568779716140562996e-01
2.575329946300146666e-01 9.562139155613932351e-01
2.540846368944796874e-01 9.547316535856711361e-01
2.500954312155659887e-01 9.529863176606003794e-01
2.485449608465836180e-01 9.522913489421037658e-01
2.479567423562561990e-01 9.520239584040108838e-01
2.447918147377626807e-01 9.505423305052509431e-01
2.441430688461757592e-01 9.502383596547375744e-01
2.420025780245101954e-01 9.492184552611605541e-01
2.388329989864863556e-01 9.476290574238713793e-01
2.382878147866839269e-01 9.473523465724253967e-01
2.345081206617855019e-01 9.454208227493903216e-01
2.322844297425138427e-01 9.442805228110174864e-01
2.299909364730163830e-01 9.430665213423131688e-01
2.265573163148333347e-01 9.412402401902503213e-01
2.245925582596545178e-01 9.401891966318646210e-01
2.202486386823883091e-01 9.377821624558302371e-01
2.186267439157737469e-01 9.368808168693146810e-01
2.161457453052063604e-01 9.354635651014433506e-01
2.116838819153700202e-01 9.328175570161206798e-01
2.111287634544868341e-01 9.324774367667357788e-01
2.089111555224669736e-01 9.310943625297141146e-01
2.064703999996720940e-01 9.295664543606462216e-01
2.051121458202422865e-01 9.286911201465657406e-01
2.033746313122845040e-01 9.275570497448593077e-01
1.999981089240741028e-01 9.253512334959902441e-01
1.981345968924883572e-01 9.241250024811207275e-01
1.968173705393633233e-01 9.232528740822543156e-01
1.938232885727613208e-01 9.212365083121418774e-01
1.920808034541013898e-01 9.200441594867487805e-01
1.888314088829335935e-01 9.178187355033893269e-01
1.882940982137752961e-01 9.174496715189620621e-01
1.851444447506268576e-01 9.152833736970226175e-01
1.822197821128249684e-01 9.132696462262144266e-01
1.806844597186014756e-01 9.121912002891505722e-01
1.772034757912700487e-01 9.097443029938357961e-01
1.745987851911049438e-01 9.078894695513608504e-01
1.685498514878448484e-01 9.034290305016245970e-01
1.670105332394697939e-01 9.022661517472616577e-01
1.642349232088868849e-01 9.001626306557461987e-01
1.596225259490458015e-01 8.963651242481086578e-01
1.587892077829901050e-01 8.956786323022658536e-01
1.548540295934771605e-01 8.923900612336861382e-01
1.523039739465609221e-01 8.902438054239473209e-01
1.514674649523705119e-01 8.895258456185753948e-01
1.455771151245888184e-01 8.844702566149097445e-01
1.426243435024682205e-01 8.819054723575021626e-01
1.424075488119872501e-01 8.817165123210524147e-01
1.375156107876203126e-01 8.774413386525075076e-01
1.331142927287275457e-01 8.735627109280593716e-01
1.303051923724752870e-01 8.710574269503564837e-01
1.273926963570682913e-01 8.684467283319099451e-01
1.243986859632045805e-01 8.655194056721855489e-01
1.240178263383395763e-01 8.651468961889633436e-01
1.228150723766450181e-01 8.639702854365955975e-01
1.213371481833979137e-01 8.625041165571487589e-01
1.170330921619693321e-01 8.582171589822598090e-01
1.131904470235135518e-01 8.543767404773857654e-01
1.094534925245602697e-01 8.506105378443385989e-01
1.090256954013957280e-01 8.501718100357210650e-01
1.089658207589517813e-01 8.501093692971203319e-01
1.077810972028763192e-01 8.488399697892389240e-01
1.043062349685380807e-01 8.450283763643287038e-01
1.023709040902009981e-01 8.428408747205722307e-01
1.016584056488790688e-01 8.420089017660261632e-01
9.966264542376557234e-02 8.396446189591570963e-01
9.743850679457022324e-02 8.369205017364919064e-01
9.704752572807884281e-02 8.364081371187492842e-01
9.452544836027032549e-02 8.330170329437256438e-01
9.304522539534920700e-02 8.310143569331251978e-01
9.025818935500107276e-02 8.270952382127297886e-01
9.004334795386992329e-02 8.267919360148632268e-01
8.941522453210737353e-02 8.259011762025814107e-01
8.885001804796321956e-02 8.250877924288586573e-01
8.664582031851997268e-02 8.219100245948953720e-01
8.571528418635443458e-02 8.205160545247476289e-01
8.424170985989121174e-02 8.182822082569004563e-01
8.239002148018859106e-02 8.154407929483851181e-01
8.006981600948182010e-02 8.117876304398994325e-01
7.811461381177731145e-02 8.087058395075210626e-01
7.756149128584155505e-02 8.078325504045935634e-01
7.697703902601860104e-02 8.069089330910673707e-01
7.305730778774766065e-02 8.006683138932102484e-01
7.119753496123082392e-02 7.976318251856207020e-01
7.021346503278524942e-02 7.960105377535685589e-01
6.711160903466673044e-02 7.906690919143337659e-01
6.638304358851265796e-02 7.894044633797068222e-01
6.417613329583937709e-02 7.855683147816576728e-01
6.248601114458474104e-02 7.825930042919406748e-01
6.051944715271195818e-02 7.790874985213268600e-01
6.033094181010145718e-02 7.787411578600972328e-01
5.998796750779622489e-02 7.781109493975406632e-01
5.869689652652287926e-02 7.755999332410248304e-01
5.725516595044310986e-02 7.727815566154110360e-01
5.605331356759546413e-02 7.703862426164916899e-01
5.451119316352159849e-02 7.673068279359415156e-01
5.305568594110321445e-02 7.643940686146761809e-01
5.254825356742842679e-02 7.633133795892605988e-01
5.069499102383545619e-02 7.593045562637451562e-01
4.878593360515115496e-02 7.550894322320775842e-01
4.794041126113035567e-02 7.531990668749261042e-01
4.550436571354887771e-02 7.476578965242905994e-01
4.404540013751157002e-02 7.443262231982810118e-01
4.315715799235564365e-02 7.422903079394705950e-01
4.196270081078379288e-02 7.393535354478882882e-01
4.122424452921469307e-02 7.375377119311881113e-01
4.012792606092019376e-02 7.346886495442452869e-01
3.965199504087835169e-02 7.334258638723297752e-01
3.900595351208024919e-02 7.316799144623131745e-01
3.818303641555065298e-02 7.294375234104408801e-01
3.698059044463619660e-02 7.261484352940674736e-01
3.543874345316666563e-02 7.218996077280964707e-01
3.375529706981039713e-02 7.170080961877693948e-01
3.112162992961875485e-02 7.091629410579664006e-01
3.041400786054104799e-02 7.070413372766437554e-01
3.023484129112274932e-02 7.065027736174162021e-01
2.909765341381753689e-02 7.029703598063967718e-01
2.849955660958347625e-02 7.010996270661455920e-01
2.740965004483397749e-02 6.976664537881235306e-01
2.656050060997794393e-02 6.949615965741867685e-01
2.608983687943755569e-02 6.934416847450545207e-01
2.511417316261821409e-02 6.902621865156060021e-01
2.504480319167035063e-02 6.900287572870290598e-01
2.425558692843199360e-02 6.873004433299758631e-01
2.383497753692331855e-02 6.858042742765902977e-01
2.255998755752897100e-02 6.811952375016702144e-01
2.213784022907072657e-02 6.796058939056709436e-01
2.144345203358843932e-02 6.769667457321993931e-01
2.031751983184215682e-02 6.725591540738388163e-01
1.963746517256326207e-02 6.697990512818867703e-01
1.798899732538006280e-02 6.626729775802094879e-01
1.776850180343769736e-02 6.617098796101833491e-01
1.715278561189625961e-02 6.589310233792585736e-01
1.627435171684188386e-02 6.546601819258625055e-01
1.603466067730030531e-02 6.534937674598877422e-01
1.572262122630352366e-02 6.519198823275011989e-01
1.416431442015853026e-02 6.440272562166260428e-01
1.410437553789978260e-02 6.437181330161577675e-01
1.379299388393739889e-02 6.420152407695883801e-01
1.322173301580087390e-02 6.388548079215601305e-01
1.239902082656496596e-02 6.342042527209466041e-01
1.137927502515401201e-02 6.284352978023366454e-01
1.023685719155575935e-02 6.219705871958304266e-01
9.986803618008410766e-03 6.204481025764215785e-01
9.740966140066698031e-03 6.188007013639874598e-01
9.351646685447523311e-03 6.160849119356419656e-01
8.471971967407232462e-03 6.096212669963874120e-01
7.803089811098340434e-03 6.045065116761059176e-01
7.330582413693997879e-03 6.006264835774824951e-01
6.621563246113071344e-03 5.944259584249641515e-01
5.824615414874778629e-03 5.872762801497947160e-01
5.613096768675274184e-03 5.852531651313013228e-01
5.565967876502098122e-03 5.847717828632265080e-01
5.206528129214071932e-03 5.805940231938204743e-01
5.092178973565952838e-03 5.792233475478826277e-01
4.997105542509316933e-03 5.780512788730176599e-01
4.726729674575214091e-03 5.744525727217844047e-01
4.445727677901412100e-03 5.704837896567489519e-01
4.124727189384391757e-03 5.657769938315752034e-01
4.034543444735305684e-03 5.644380635616416120e-01
3.952182173499796392e-03 5.629751126531596928e-01
3.832193677816841948e-03 5.608384568613770105e-01
3.612466090777921579e-03 5.568405225485602017e-01
3.436298300672158135e-03 5.535213819284460213e-01
3.122606045484421777e-03 5.466828681358428810e-01
3.117540780920968757e-03 5.465708570937403143e-01
2.853563448775187084e-03 5.405749740239634837e-01
2.709682729133411350e-03 5.372090633897862455e-01
2.648006903606892060e-03 5.356640597755776279e-01
2.448731039168094981e-03 5.304583593198418656e-01
2.341422506180745877e-03 5.268680148416349240e-01
2.240573348934016273e-03 5.231057878803594408e-01
2.158705295413398950e-03 5.200073490635603868e-01
2.113334715369008521e-03 5.180400533718685363e-01
1.988430387482642558e-03 5.122575386381231777e-01
1.912156962202593569e-03 5.083412473050462621e-01
1.881335557081142973e-03 5.059931508464692307e-01
1.796964084797014749e-03 4.985423497208064658e-01
1.761364198776260714e-03 4.951121558802838996e-01
1.678455630380604191e-03 4.860282060495517698e-01
1.686437321963718539e-03 4.840214740861150666e-01
1.711057233658275223e-03 4.818306684104149973e-01
1.800630282948412209e-03 4.764619420734971245e-01
1.844385853438046396e-03 4.742285129874083127e-01
1.923642151924753740e-03 4.713439814007177597e-01
2.076600271953554788e-03 4.657819440926147525e-01
2.376409710403093456e-03 4.566092208532099850e-01
2.437637653259661086e-03 4.547690673334222611e-01
2.762403712087690977e-03 4.470458099267913266e-01
2.899300575660124224e-03 4.439008687172567580e-01
3.052028541930651429e-03 4.404755554813664098e-01
3.277180250030653497e-03 4.356746851990213054e-01
3.305353196491167544e-03 4.350941502388112614e-01
3.606951455469742385e-03 4.295968886310438384e-01
3.853782902217273154e-03 4.266420938747149671e-01
4.120491038678286699e-03 4.234618617130164742e-01
4.390152744643160965e-03 4.202500358402329050e-01
4.671975522591020891e-03 4.170025454200563253e-01
4.972267124811469152e-03 4.135794625980163675e-01
5.557571234512059810e-03 4.071409856892743706e-01
5.778954704300787171e-03 4.047495466887743865e-01
6.262185242309814548e-03 3.998154563319339383e-01
6.719768960755989617e-03 3.955751974826506867e-01
7.831893481313079164e-03 3.853318331617788806e-01
8.367595679991457480e-03 3.804809942286501157e-01
8.684924842749408569e-03 3.776960972450013054e-01
8.827975669947085713e-03 3.765908451300360449e-01
9.180278351468285081e-03 3.739432996908440554e-01
9.645084145327942338e-03 3.705507046140182892e-01
9.994740384706490843e-03 3.683294745385061741e-01
1.070213198828073864e-02 3.641158141125685477e-01
1.168243349488062854e-02 3.588683776836515404e-01
1.406752444832104487e-02 3.468716609420608998e-01
1.585103689482403322e-02 3.388936968507622050e-01
1.765981619645196066e-02 3.309378150418466058e-01
1.817971742680590808e-02 3.286513645511124349e-01
1.927155144440551027e-02 3.238837987147453745e-01
1.943211398400201961e-02 3.231918278491848762e-01
2.073464772257471722e-02 3.179077422173067768e-01
2.165451369148274630e-02 3.142610660858446980e-01
2.358266851254231522e-02 3.067055788827736107e-01
2.363956173965153784e-02 3.064899761442294590e-01
2.502459767414644265e-02 3.012522253761423796e-01
2.704360251604764898e-02 2.937144728980206621e-01
2.853706022585644764e-02 2.881646086066461665e-01
2.993799200769919899e-02 2.829898522705586172e-01
3.056105733321679008e-02 2.806944628061808222e-01
3.130239201431372909e-02 2.780477324155872232e-01
3.301550426801880267e-02 2.720860509190352605e-01
3.359681195131902776e-02 2.700946198563165535e-01
3.439932643685705838e-02 2.673808362421761231e-01
3.447993027526796705e-02 2.671133797668979737e-01
3.575981415504858596e-02 2.630116681567411518e-01
3.627155527972403259e-02 2.614243540494521900e-01
3.683236959141411582e-02 2.596937019165780347e-01
3.917688616634362742e-02 2.529514600268731872e-01
4.019730395591225580e-02 2.500584693957538240e-01
4.062110801467722077e-02 2.488596371322976397e-01
4.144011610940523394e-02 2.465461355383925524e-01
4.296846380728802650e-02 2.422914704038300338e-01
4.378977360731739488e-02 2.402537417413250775e-01
4.458318569463981529e-02 2.383027907284188673e-01
4.684828764499771037e-02 2.327524371838693984e-01
4.730501162002065385e-02 2.316465732081708362e-01
4.742562481317802447e-02 2.313548434510062091e-01
4.799344075407285803e-02 2.300683554707542156e-01
4.840090577065692123e-02 2.291910780872813413e-01
4.897644874444218033e-02 2.279691128526227795e-01
5.049948302949258672e-02 2.247488607174777941e-01
5.111997823849356859e-02 2.234373393308154432e-01
5.264494502509153850e-02 2.202686954808075193e-01
5.411163434862831245e-02 2.173259344558234885e-01
5.513110752017535976e-02 2.152912750238035189e-01
5.650267612291115515e-02 2.125790631644995932e-01
5.984987033804189949e-02 2.060115927393875168e-01
6.021912821738872879e-02 2.053026932896085954e-01
6.216491876577989739e-02 2.015807327615678490e-01
6.398061497532714359e-02 1.982557317264547203e-01
6.518626008942318695e-02 1.961158977948871396e-01
6.605916300948189157e-02 1.945864449428683640e-01
6.710962642200202222e-02 1.927526657945011213e-01
6.883122609092628963e-02 1.898296317713742409e-01
6.915974620391107663e-02 1.892783578080176055e-01
7.311498809650407438e-02 1.828311483662318215e-01
7.649800299915665569e-02 1.773558678945662548e-01
7.906074075298019643e-02 1.732664244322565938e-01
7.982205284002885648e-02 1.721058736785044951e-01
8.072431600822016495e-02 1.707556313844194040e-01
8.155120192414910818e-02 1.695564857724493057e-01
8.250957603760544767e-02 1.681710772975644197e-01
8.357651520269193668e-02 1.666345321236215593e-01
8.477467731860455213e-02 1.649604707129705972e-01
8.599966775953615805e-02 1.632572083601395718e-01
8.730712827400977094e-02 1.614754954028404521e-01
8.871787613798631789e-02 1.595865845120522097e-01
9.166775562589579707e-02 1.556481241889210443e-01
9.220530538712923274e-02 1.549395217818304582e-01
9.309415377919205703e-02 1.538102305322999186e-01
9.381693321364670268e-02 1.529142446454292426e-01
9.533368941767395022e-02 1.510364572249909276e-01
9.618330782419703961e-02 1.499941471780562585e-01
9.912681487173746753e-02 1.464623005595855343e-01
1.007919995243601319e-01 1.444784092068568393e-01
1.037504460149094587e-01 1.409552104393586580e-01
1.042547991862541323e-01 1.403587804294503805e-01
1.047300486296164346e-01 1.397977449640336323e-01
1.085958523141719034e-01 1.352593357404238139e-01
1.099068594166889845e-01 1.337388621754876938e-01
1.115756225421611347e-01 1.318889722128130382e-01
1.118468842168965915e-01 1.316031266332312599e-01
1.138292026648173305e-01 1.295400187770464617e-01
1.167807334420470911e-01 1.264826069854696478e-01
1.172724713085238069e-01 1.259768894732677946e-01
1.185622059975242060e-01 1.246600008623079958e-01
1.204808733939658483e-01 1.227036641540844020e-01
1.213744731061571214e-01 1.218359336118339797e-01
1.224655227379773947e-01 1.207794470816200283e-01
1.239249547058660639e-01 1.193831970003051968e-01
1.257619618941790973e-01 1.176283535335128638e-01
1.269824910345495050e-01 1.164625873630402708e-01
1.280947858016218133e-01 1.154098505068931191e-01
1.291387757166004846e-01 1.144270586140964108e-01
1.302862772239997691e-01 1.133714194324747515e-01
1.337867035956896711e-01 1.101964666220579536e-01
1.346378428826956464e-01 1.094313753515316900e-01
1.374474798066341874e-01 1.069179714824618488e-01
1.395297523668175277e-01 1.050672155083745007e-01
1.409214186407959923e-01 1.038385903170949698e-01
1.438590074992069923e-01 1.012665254129103687e-01
1.472033681826503404e-01 9.835889771841566098e-02
1.484849088267877759e-01 9.725582445524083575e-02
1.508018814030397392e-01 9.534997225134445031e-02
1.511514878075016499e-01 9.507133511500409639e-02
1.522578455608495362e-01 9.421935042009921268e-02
1.548432441257966419e-01 9.228073673271974808e-02
1.572820529996112882e-01 9.047951145676269569e-02
1.579145018409084944e-01 9.002886035762702743e-02
1.612356885382906224e-01 8.769169442108237789e-02
1.673947311311140274e-01 8.344376786884799557e-02
1.694473422271356444e-01 8.202988827323087762e-02
1.702374460839578552e-01 8.149173302236845107e-02
1.705772963278755494e-01 8.126073272870704134e-02
1.740957333843847765e-01 7.888308368741903109e-02
1.766807841739502782e-01 7.714102765913932735e-02
1.806571371646670254e-01 7.447497299192018527e-02
1.870172123399727049e-01 7.025346234908436127e-02
1.890119052336824979e-01 6.896103477651138736e-02
1.923935347270390173e-01 6.682464187127912236e-02
1.944580767871934013e-01 6.553273920137547837e-02
1.959433630369187274e-01 6.460359958036387962e-02
1.963233954653910152e-01 6.436590396948504988e-02
1.970847352297920851e-01 6.389159344290951115e-02
1.994336780422212296e-01 6.242978475456506526e-02
2.000871798659358269e-01 6.202548346171932181e-02
2.039221874157530756e-01 5.967022115842535168e-02
2.050884523043751129e-01 5.896120304281415869e-02
2.076673084938438496e-01 5.744310807439212407e-02
2.089880342948737812e-01 5.670286061375495734e-02
2.107645093873394826e-01 5.573664342547579587e-02
2.131506986602791365e-01 5.451825777011898300e-02
2.145277058467981446e-01 5.384158864723609383e-02
2.166310200797622043e-01 5.282074165776629027e-02
2.174912711581670210e-01 5.240360619733630543e-02
2.214981477610195038e-01 5.046874783791255314e-02
2.229573367680850460e-01 4.977696417788135541e-02
2.251755063473525054e-01 4.873296655405423561e-02
2.271483874371327261e-01 4.785480178758327874e-02
2.285278733095936765e-01 4.727285224106070327e-02
2.348494910213393405e-01 4.473532184917794474e-02
2.384204204789415193e-01 4.331636665479232651e-02
2.402906904923108877e-01 4.257601090975049463e-02
2.431697256483037473e-01 4.143910035172670980e-02
2.470305166280858389e-01 3.992751765509072737e-02
2.492032579505590872e-01 3.909620662535540081e-02
2.533026342921711471e-01 3.753260608190422953e-02
2.558825467583834001e-01 3.654928235625543032e-02
2.629939166212582613e-01 3.385922122337636786e-02
2.636653761832422616e-01 3.360789089222426806e-02
2.673911943509467148e-01 3.223031710407564532e-02
2.683461214458349176e-01 3.189552039230691971e-02
2.691584622008721395e-01 3.161153666728067080e-02
2.741510987761449636e-01 2.996366687241236448e-02
2.793865475695427314e-01 2.825083879141165877e-02
2.882022142382558716e-01 2.536911586326406898e-02
2.931428938023807884e-01 2.379728765512134636e-02
2.965801594475068192e-01 2.273310317405041747e-02
2.986742397168948848e-01 2.208863010749229083e-02
3.040552159834342127e-01 2.049243550128976299e-02
3.051006947710607209e-01 2.018980578696449868e-02
3.067170003796000355e-01 1.973144292855100179e-02
3.081460413700487511e-01 1.933983786539505978e-02
3.142788987216594832e-01 1.772245744041944793e-02
3.199345538817304213e-01 1.624336296219441866e-02
3.227647470207450908e-01 1.551267999965855182e-02
3.243567158897643354e-01 1.512129235783976622e-02
3.283634984373925425e-01 1.422741379147618446e-02
3.295887507348209677e-01 1.395620699674360310e-02
3.322224770724475640e-01 1.337907507234237237e-02
3.367662366804741181e-01 1.240245766000758199e-02
3.400088051317488036e-01 1.184106473538915072e-02
3.416578701743759883e-01 1.156337883408498080e-02
3.451514139897547961e-01 1.098950239000684448e-02
3.467548215544039580e-01 1.074424342485524875e-02
3.548499852349312755e-01 9.617141761031788860e-03
3.612027814435544437e-01 8.795629365348278661e-03
3.628603588180044914e-01 8.581445220800287821e-03
3.659374350234152473e-01 8.189693597280833792e-03
3.721062407139620332e-01 7.528402183154092597e-03
3.777063735279448942e-01 6.943756999054140344e-03
3.801438593616353057e-01 6.695717536002065984e-03
3.827267508820598740e-01 6.467363597281394760e-03
3.868046812529983836e-01 6.108339717680877357e-03
3.885828140630540606e-01 5.951817732642084025e-03
3.948277817291221403e-01 5.440470182998868864e-03
3.981260895379892251e-01 5.183866428254302328e-03
4.010016196166410474e-01 4.960173199864525984e-03
4.050848055141906823e-01 4.645028776888882049e-03
4.111162766705267479e-01 4.188229636597928796e-03
4.133634715701887119e-01 4.024113188102140803e-03
4.138600695457792522e-01 3.990773230097444113e-03
4.146731330125197346e-01 3.943528321328382269e-03
4.174948074225883765e-01 3.814114459551931624e-03
4.212905443579550990e-01 3.640076797142732801e-03
4.231253922182213190e-01 3.556553377006888006e-03
4.241727270238617731e-01 3.510356808517189897e-03
4.344172127753400670e-01 3.059203983501457280e-03
4.369707843159715832e-01 2.955047925858989011e-03
4.406972890509590624e-01 2.809627518219337539e-03
4.441979746634965309e-01 2.693099601447812574e-03
4.469341692117986264e-01 2.619036759902382272e-03
4.507821614746628791e-01 2.525897464078052934e-03
4.535237088036756514e-01 2.479681087718343946e-03
4.557822428780886614e-01 2.452055148933762752e-03
4.631219074077796982e-01 2.385617621685098833e-03
4.651341954149156299e-01 2.373921680933421818e-03
4.724096706286704528e-01 2.394190927035300120e-03
4.756978428418476845e-01 2.405593395557903413e-03
4.826907182363739945e-01 2.430963225272475547e-03
4.879064398903854016e-01 2.469292192536665098e-03
4.931060791385647457e-01 2.509326076488682666e-03
4.962677475006316286e-01 2.565898826647261544e-03
4.974725395898043079e-01 2.592816915165330194e-03
5.003771304864803593e-01 2.660800187056278077e-03
5.011819047747522182e-01 2.683151918910220424e-03
5.061996494190068585e-01 2.826676124906835064e-03
5.106144421876319672e-01 2.956800313626328780e-03
5.173956336315191917e-01 3.188079452602576858e-03
5.324183265266247966e-01 3.795334408408290727e-03
5.368985136359711863e-01 3.991981502733832343e-03
5.404112655123255449e-01 4.152048468047842000e-03
5.554283253809175758e-01 4.893505105394102550e-03
5.574250975936504426e-01 4.998372233234626982e-03
5.627686552666034681e-01 5.298737289466615152e-03
5.645909219546259017e-01 5.404346003588966774e-03
5.651925418253634925e-01 5.441530058337362696e-03
5.673633237439694721e-01 5.607317110834397766e-03
5.713301016780686359e-01 5.925827318937426647e-03
5.825129197594876018e-01 6.836987108342462705e-03
5.929920142451624576e-01 7.693009722688382013e-03
5.949245364847546291e-01 7.855212200181149740e-03
5.957572571422553587e-01 7.926598730254919012e-03
5.991580348617819851e-01 8.221000423237145860e-03
6.028176684070147839e-01 8.546535143247213639e-03
6.039028257738970895e-01 8.650901312301728652e-03
6.169965712173146599e-01 9.958225180620949857e-03
6.191563899903804735e-01 1.017591957978081219e-02
6.231946518971600568e-01 1.060119681762194954e-02
6.249945206599730740e-01 1.079852810775216998e-02
6.265244754492573787e-01 1.097269214888541011e-02
6.316237815799831123e-01 1.155778263503948189e-02
6.368918164711506735e-01 1.217694250958367697e-02
6.402069308757393218e-01 1.259529752885102383e-02
6.461591069954828459e-01 1.337186231163300931e-02
6.469924218405073146e-01 1.349012106878955120e-02
6.492678048404108004e-01 1.387520527180607921e-02
6.540425117191766002e-01 1.473901782669972960e-02
6.568965305857500381e-01 1.531032661446352083e-02
6.582334516501098243e-01 1.560142422316812549e-02
6.588476158307750019e-01 1.573871582664598812e-02
6.670148170332137472e-01 1.765681662621498837e-02
6.729472949990130681e-01 1.918929452474360531e-02
6.737623963965541085e-01 1.940810786583047065e-02
6.834556785738713502e-01 2.201391887164283467e-02
6.857589302070016268e-01 2.263535634582369838e-02
6.868955444787890885e-01 2.294909049694016101e-02
6.884334718695422906e-01 2.338769058859047068e-02
6.891413069272261938e-01 2.359076894296463500e-02
6.921710447523370391e-01 2.447062085742945925e-02
6.941258965988511553e-01 2.504664129967082431e-02
6.963361702632825390e-01 2.572143686839234444e-02
7.017538307098032391e-01 2.740353873937717566e-02
7.075485388363533801e-01 2.922465606444568653e-02
7.102528969751059629e-01 3.007662500683816464e-02
7.134621022050836592e-01 3.109494353775699160e-02
7.161756089955075844e-01 3.198493420517900532e-02
7.217220731365951991e-01 3.381874328987544143e-02
7.231752012716369249e-01 3.430284688220119893e-02
7.244853993978241924e-01 3.474610131797739587e-02
7.246213792607877346e-01 3.479262749113276598e-02
7.273451255310184882e-01 3.573067567236665187e-02
7.328298795562754320e-01 3.764843154760066923e-02
7.356914320214449354e-01 3.865133776298768087e-02
7.365697158464593608e-01 3.896321435319305415e-02
7.405905704480553187e-01 4.046673257962984938e-02
7.442832129453252898e-01 4.186844352396013047e-02
7.463725930749505189e-01 4.267574680605146220e-02
7.505625558952432330e-01 4.430363363302214363e-02
7.528579035795068819e-01 4.520944905092683097e-02
7.607498320053370788e-01 4.836502814236331993e-02
7.646528695821360744e-01 4.997700463074250532e-02
7.663846991645475448e-01 5.069535930803903412e-02
7.700382938772533103e-01 5.225193967901742287e-02
7.706046706526140655e-01 5.250001831771045069e-02
7.735686457488691881e-01 5.381680867811955427e-02
7.769338574760603633e-01 5.532427524169025723e-02
7.792374620188662337e-01 5.636509627816421730e-02
7.817470820522922637e-01 5.751409904834248188e-02
7.844389780391228806e-01 5.876311525123389945e-02
7.853132194439328417e-01 5.918377181627720862e-02
7.889945886238123318e-01 6.095999870025037293e-02
7.915997111863414260e-01 6.221723712400495376e-02
7.940703997898923561e-01 6.345900040274532472e-02
7.960882820676532523e-01 6.448587141577499793e-02
8.007008285175518658e-01 6.685961786052851963e-02
8.065633655179937911e-01 6.991617757582591075e-02
8.112745307220642355e-01 7.242952535360480670e-02
8.154956223846828722e-01 7.470841279406859048e-02
8.174925578752468835e-01 7.585315089827304735e-02
8.193862777994564972e-01 7.696556882769090002e-02
8.201670668048528512e-01 7.744601196846412350e-02
8.233967093953724614e-01 7.945774936361882368e-02
8.253797912338590725e-01 8.072326592740719509e-02
8.278744466712720795e-01 8.238066345138406188e-02
8.307982672587754802e-01 8.435376147280726489e-02
8.318830684899876093e-01 8.509919508754737461e-02
8.331001163191508185e-01 8.598481524780987595e-02
8.337900428340101477e-01 8.649210929875039700e-02
8.355987298017234499e-01 8.786227058869899853e-02
8.378279456723993768e-01 8.955568151434278867e-02
8.399090349486211249e-01 9.116595148553607864e-02
8.427954148164503723e-01 9.340643370212953212e-02
8.453298282835371991e-01 9.539279044089366000e-02
8.474542534050620857e-01 9.706605459096195876e-02
8.490447802153242574e-01 9.833466031172422017e-02
8.498370932040628656e-01 9.897552807836529354e-02
8.528967592805898335e-01 1.014798499216632566e-01
8.539543337297249570e-01 1.023473220660465755e-01
8.563753140266302522e-01 1.043396339724961264e-01
8.597849531570187498e-01 1.071820658138202820e-01
8.615853478593085146e-01 1.086927305896568940e-01
8.644550327271767198e-01 1.111362123477522834e-01
8.663522743714583418e-01 1.127893761904508185e-01
8.680532043186676150e-01 1.142751452250531097e-01
8.698438496307201451e-01 1.158869741009508347e-01
8.703239207620627749e-01 1.163220404993995372e-01
8.717639401139956057e-01 1.176427779212356750e-01
8.752594556185981922e-01 1.208820181507421765e-01
8.766782026887955936e-01 1.222076426990627018e-01
8.781652818212941636e-01 1.236045543368511357e-01
8.797971521847471887e-01 1.251864684409492723e-01
8.803187152783311653e-01 1.256986624757936433e-01
8.804823189417650964e-01 1.258598639747459114e-01
8.825559480082408870e-01 1.279272683645723552e-01
8.844323604971287001e-01 1.298057979075580848e-01
8.852668709894426780e-01 1.306613342965976532e-01
8.856243212171146517e-01 1.310396287375362734e-01
8.862790969347129622e-01 1.317341584429377876e-01
8.871906552401330748e-01 1.327095953315192700e-01
8.881161368237389109e-01 1.337098869349687691e-01
8.901153909804729869e-01 1.359157412166961398e-01
8.919529017078483557e-01 1.379760793362303506e-01
8.983452857152863791e-01 1.452924315665273802e-01
8.991388894698068013e-01 1.462227872453053523e-01
8.994616465066581634e-01 1.466063670256128049e-01
8.997234610722896209e-01 1.469248004132419627e-01
9.023359605478163958e-01 1.501065720567128503e-01
9.031016393081413574e-01 1.510507003693066785e-01
9.035076324350662658e-01 1.515515420138578984e-01
9.052889775138041051e-01 1.537585019434829503e-01
9.066806922841504912e-01 1.555157395669655163e-01
9.077076118683017336e-01 1.568137815191540385e-01
9.084059087499890550e-01 1.577220842330127049e-01
9.091002821529581279e-01 1.586282580574207568e-01
9.099373974938013143e-01 1.597695183304944644e-01
9.102851222122709807e-01 1.602613736273502676e-01
9.108166719657257993e-01 1.610178709009961739e-01
9.118418904591983898e-01 1.625606433046404842e-01
9.120237237144350750e-01 1.628458751339801891e-01
9.121947521082804933e-01 1.631187813096220962e-01
9.133510777509308287e-01 1.649870000390696312e-01
9.178352146015467117e-01 1.722978666567118733e-01
9.191319484670562590e-01 1.744882826441466195e-01
9.233142425212005344e-01 1.815942166090813714e-01
9.252612561860322771e-01 1.850405156429925091e-01
9.268390138285284019e-01 1.878629269873915986e-01
9.276042330412747061e-01 1.892783359236492879e-01
9.296930791677215922e-01 1.931611342373180662e-01
9.305617353533300884e-01 1.947787634018265379e-01
9.343666702051214301e-01 2.020271980738199691e-01
9.350930175777998343e-01 2.034295122591950333e-01
9.359399786669270194e-01 2.050759798645118703e-01
9.366558292601451230e-01 2.064814970355092205e-01
9.368854541207948250e-01 2.069327635790773057e-01
9.369143412469447263e-01 2.069904559185362647e-01
9.395722223570512899e-01 2.123699678354667997e-01
9.412577415705241091e-01 2.158301164115710158e-01
9.439569727797718635e-01 2.214831014911061713e-01
9.450669726746273591e-01 2.238298051633402785e-01
9.462422876069429556e-01 2.263454813519468756e-01
9.476269382050884760e-01 2.293200282292333636e-01
9.527134857855342753e-01 2.404256207964771130e-01
9.535178559375575569e-01 2.422529747219049900e-01
9.547568829566103199e-01 2.451368352491121172e-01
9.561061267499593175e-01 2.482860079499120687e-01
9.572504744999388304e-01 2.510119428443244871e-01
9.609382772438097575e-01 2.601820795278791953e-01
9.623442991256985213e-01 2.637432771882719518e-01
9.644420037531675760e-01 2.690692466685935536e-01
9.648630839299244810e-01 2.702072069480172534e-01
9.663537699746804766e-01 2.743129139794462379e-01
9.668669523627059226e-01 2.757690278841382625e-01
9.673630318359367486e-01 2.772065956569212952e-01
9.679240137976478087e-01 2.788363123018949841e-01
9.686967096645606734e-01 2.811719048088586748e-01
9.689385277542270636e-01 2.819200625990277986e-01
9.693262809673676150e-01 2.831512404470820643e-01
9.696735759728457582e-01 2.842617951039334567e-01
9.701724259021720087e-01 2.859186629720898987e-01
9.728831282559428084e-01 2.951743926821066566e-01
9.739597752466560010e-01 2.989364737432225194e-01
9.746161587599072584e-01 3.013158962872193314e-01
9.759930752574915713e-01 3.063221602391865694e-01
9.767546854508988297e-01 3.091083209815680410e-01
9.777947153651040946e-01 3.129293354912040526e-01
9.780934681322801527e-01 3.140328522307388459e-01
9.792827333232677622e-01 3.184725699349236772e-01
9.795694793356889418e-01 3.195470177838978243e-01
9.798045277896373362e-01 3.204758944562887679e-01
9.802406095253854978e-01 3.222212459742727075e-01
9.815467978843193109e-01 3.275145758065571844e-01
9.820055911777537672e-01 3.293753459563303343e-01
9.824548008230994389e-01 3.314487207994641915e-01
9.833649391270639084e-01 3.356568486850870503e-01
9.836126942619632940e-01 3.368909914860538368e-01
9.842404442106716944e-01 3.400355780081906198e-01
9.850874920144302438e-01 3.442906406161198030e-01
9.865281847094912182e-01 3.515577985353409707e-01
9.879104735596759834e-01 3.587063442486342346e-01
9.881386404276397695e-01 3.598960078793845829e-01
9.890133185804642624e-01 3.646184639880774014e-01
9.891318643815866229e-01 3.653137397749059989e-01
9.894580387301565860e-01 3.672838522974332109e-01
9.902550080710423863e-01 3.721753046807323440e-01
9.919714584350568520e-01 3.829430467484213896e-01
9.921491525804901901e-01 3.841209146840058875e-01
9.927335147035639684e-01 3.881245612797042943e-01
9.932068105068913022e-01 3.913836028079429319e-01
9.939609867135962284e-01 3.967154140106632365e-01
9.941048382391194371e-01 3.978527152229488495e-01
9.942284951023856454e-01 3.991608243456317151e-01
9.946320878787603403e-01 4.036320612639552330e-01
9.947848875238513022e-01 4.053747599891550646e-01
9.954538683444038583e-01 4.133325668120212404e-01
9.957217995438487623e-01 4.167110654774708323e-01
9.961359449868266713e-01 4.220076072525698052e-01
9.964744445780125970e-01 4.265401662636911784e-01
9.965296914422846486e-01 4.273352964966367074e-01
9.968046693761154486e-01 4.314783284446258582e-01
9.972146143178196587e-01 4.380177792613445531e-01
9.976132167009739149e-01 4.457087353180082534e-01
9.976454802460855698e-01 4.466037997098726287e-01
9.977399270448643609e-01 4.494348581979329404e-01
9.978134844905729439e-01 4.516742829508674228e-01
9.980010729661117352e-01 4.601761717610782787e-01
9.981123950226010733e-01 4.658195319302631532e-01
9.981470198875328492e-01 4.678352232862332816e-01
9.982376188420195584e-01 4.735422920943321845e-01
9.982758064053475211e-01 4.770769724482919472e-01
9.983046553651941935e-01 4.808421872035931743e-01
9.983215443696193958e-01 4.832089795069279825e-01
9.982791433970569228e-01 4.912201651784908751e-01
9.982418791947358372e-01 4.949634011697183755e-01
9.982040754285140816e-01 4.986763333377255414e-01
9.980766057558067006e-01 5.081780202919284894e-01
9.978591684116976390e-01 5.242396788746422898e-01
9.978066260300836321e-01 5.280356213397012777e-01
9.978010095190016360e-01 5.283737499887354305e-01
9.977712534480114304e-01 5.295394959865710183e-01
9.976436706189875103e-01 5.342682102964630975e-01
9.975752838302459624e-01 5.360995778112328525e-01
9.974436217282279804e-01 5.395864123376464816e-01
9.973304334253442205e-01 5.422928671608560069e-01
9.971448879877248261e-01 5.466822979453082043e-01
9.970876217200127511e-01 5.480184239039290750e-01
9.969466613475954642e-01 5.510959923365914559e-01
9.967098864274961389e-01 5.559575853286593539e-01
9.962501003691870416e-01 5.643666216742594388e-01
9.960231582227241365e-01 5.681195158914705834e-01
9.954485564568913425e-01 5.762653532549010249e-01
9.953828086723084390e-01 5.771309904068562258e-01
9.952389499389479033e-01 5.789415503826899068e-01
9.948759446827655228e-01 5.828753018237966543e-01
9.947512111888796582e-01 5.841965212911186534e-01
9.939296618488180357e-01 5.922338446615965646e-01
9.938255035772448620e-01 5.931958686268190561e-01
9.937252498290030100e-01 5.941069362690631905e-01
9.929619245628252822e-01 6.007968803612693254e-01
9.918886071603123522e-01 6.095090455610766567e-01
9.913295809409231607e-01 6.139196268807639578e-01
9.907646035115948990e-01 6.181976485829182577e-01
9.906525935710456254e-01 6.190354684722579881e-01
9.893456311222411648e-01 6.282100064422304619e-01
9.888933964483903605e-01 6.313739667786252285e-01
9.887447593162608239e-01 6.323334558735795863e-01
9.883326844356218333e-01 6.349542268394916533e-01
9.876703119467604708e-01 6.391496182832212547e-01
9.875155025050434965e-01 6.401054650950128710e-01
9.872913821798727785e-01 6.414742991139159578e-01
9.870239985926835269e-01 6.430631760342711001e-01
9.868575085915847200e-01 6.440278835067002605e-01
9.866800268456020762e-01 6.450083779619082414e-01
9.858977542668720950e-01 6.493159063352792471e-01
9.852716322363546109e-01 6.526984939473667868e-01
9.845153739597374276e-01 6.566492417990190678e-01
9.843100790712780990e-01 6.577158601357726564e-01
9.832920354688833298e-01 6.629121038822798351e-01
9.822012859462390111e-01 6.682846513340597872e-01
9.817418585781598761e-01 6.705257244834963437e-01
9.811133769828958018e-01 6.735903842808375064e-01
9.806069554395825394e-01 6.760096980512676490e-01
9.805748703699594948e-01 6.761549447450905248e-01
9.794326346206203571e-01 6.812059675994247554e-01
9.791750082516628151e-01 6.823304522419482154e-01
9.781704363579402095e-01 6.864914413471200350e-01
9.779430534799288255e-01 6.874283758704166081e-01
9.774075251301782563e-01 6.895520108417982907e-01
9.771385764568173427e-01 6.905975715367255185e-01
9.763978330274361017e-01 6.934427797655354775e-01
9.755764492746386018e-01 6.965646141690249316e-01
9.753962107768108236e-01 6.972369128210589295e-01
9.741330911122383363e-01 7.018423384196790238e-01
9.736918941398324812e-01 7.034427272013377141e-01
9.727777932898875601e-01 7.066892988733368686e-01
9.725569039835022522e-01 7.074551859565374468e-01
9.709956996371370552e-01 7.128379363380402678e-01
9.697947657826644363e-01 7.169621969977737486e-01
9.694145458388724323e-01 7.182509793476106186e-01
9.687133248788442064e-01 7.206272997998608432e-01
9.680482538258030623e-01 7.228369644724006449e-01
9.675986529936640990e-01 7.242670680881265755e-01
9.673760534839833669e-01 7.249717554026249289e-01
9.665411453705934353e-01 7.276088477928153164e-01
9.656885275825222159e-01 7.302947574238385364e-01
9.653229859266436730e-01 7.313869479057345524e-01
9.637056559052629146e-01 7.362125599409491405e-01
9.628845293802390515e-01 7.385999905550778566e-01
9.617672774526209167e-01 7.417944737469907013e-01
9.606202723134644739e-01 7.447021013151635671e-01
9.602899330033349834e-01 7.455353265150221898e-01
9.594828190603633677e-01 7.475625194395683071e-01
9.584334935080178752e-01 7.501864697778988234e-01
9.576959302619326708e-01 7.520036749040124313e-01
9.571168966977878778e-01 7.533859064556751584e-01
9.562108369909030348e-01 7.555424530551876350e-01
9.546878153965702163e-01 7.590438666888558172e-01
9.541600186919375615e-01 7.602361239195259968e-01
9.536546588472548658e-01 7.613742405516781275e-01
9.528217784819832392e-01 7.631030454492538917e-01
9.514892388695671555e-01 7.658378128285002751e-01
9.513857460580361636e-01 7.660492781298604559e-01
9.513110439909133742e-01 7.662014663598187836e-01
9.494793066187677821e-01 7.699064360422066544e-01
9.487326260050140680e-01 7.714062683842221047e-01
