5.778982138628374621e-04 4.881589593619799494e-01
8.909675132804939501e-04 4.735117229917918946e-01
1.087608273308504625e-03 4.688891893573727820e-01
1.203262990377373942e-03 4.663153839457011562e-01
1.361636912962926882e-03 4.628750226545477187e-01
1.798715624235114330e-03 4.541147281686418458e-01
1.897484642712055081e-03 4.521451759253476421e-01
2.191967217656076716e-03 4.462755526135315787e-01
2.392161791370861490e-03 4.425212200092526471e-01
2.627730016726947948e-03 4.386149709258445606e-01
2.934485976823941744e-03 4.343352830145477128e-01
3.301618052125976366e-03 4.293299730660161684e-01
3.580252601910804966e-03 4.259058881282699049e-01
3.832403502183112654e-03 4.228669793882088301e-01
4.041127931396937267e-03 4.204301403007261184e-01
4.387207231375367389e-03 4.169322264196383410e-01
4.541749698568187110e-03 4.154631544907358975e-01
5.112104260297234415e-03 4.101422072048525047e-01
5.648496813623837820e-03 4.051992425219419491e-01
6.275321975221903603e-03 3.998751794282245919e-01
6.871582132093656536e-03 3.950664936917742676e-01
7.258858030325276989e-03 3.923560193010923181e-01
7.359313715005921797e-03 3.916654524253322389e-01
7.900837480565969795e-03 3.883023893601397214e-01
8.147874012668421262e-03 3.868074916043242606e-01
8.602711112942917904e-03 3.840590613197053527e-01
9.751729120517083071e-03 3.773748666517796613e-01
1.023636324543381049e-02 3.746214346372938042e-01
1.079679572761732542e-02 3.714870448530724900e-01
1.185229363192702445e-02 3.659226499936087951e-01
1.273063821041825472e-02 3.615045768635680723e-01
1.374606136262229716e-02 3.565201154021460095e-01
1.446782919594186145e-02 3.530518535259249413e-01
1.464150594675378558e-02 3.522524267683051491e-01
1.566616874969012363e-02 3.475673212666232637e-01
1.627225648961455606e-02 3.449472267128843583e-01
1.691932064516293854e-02 3.421949771757735181e-01
1.826083279624030054e-02 3.366278552962852499e-01
1.909890682124021355e-02 3.332198985250169887e-01
2.020162520653751015e-02 3.287734397287762622e-01
2.113049070173539379e-02 3.250329243913686605e-01
2.180272673380939663e-02 3.223260904331405330e-01
2.243916329309220137e-02 3.197725447004818866e-01
2.316936956244702861e-02 3.169246664409368641e-01
2.394017102243722883e-02 3.139271876056013433e-01
2.500233189029082981e-02 3.100057291130866588e-01
2.639478072751294535e-02 3.048989164564936960e-01
2.711445490641978262e-02 3.023029496234136415e-01
2.715307665730332110e-02 3.021657526012501149e-01
2.837941149909811722e-02 2.978810621878871245e-01
2.896181496781685683e-02 2.958585112716686227e-01
3.008161462052710844e-02 2.920062450151748035e-01
3.070464369481734623e-02 2.899257062700481002e-01
3.161982514623834506e-02 2.868848267686858744e-01
3.277371205265139364e-02 2.830936432644083345e-01
3.312873017413703325e-02 2.819802292604147720e-01
3.652789180452281625e-02 2.715666246594474753e-01
3.745135025806717310e-02 2.687458184453686005e-01
3.789102352628331838e-02 2.674208809796606579e-01
3.823689477454100816e-02 2.664006506700496990e-01
3.837748705435156671e-02 2.660005920642677379e-01
3.924685187540938314e-02 2.635823899137886839e-01
3.936361912660929496e-02 2.632710346850457572e-01
3.974914999600170917e-02 2.622482616479602235e-01
4.048201752645036455e-02 2.603150638453429755e-01
4.134717255069469966e-02 2.580382962167180327e-01
4.173820747160622568e-02 2.570288581356928725e-01
4.211485150889021645e-02 2.560779989895234365e-01
4.341657762824774336e-02 2.528416294185792390e-01
4.393096380715660887e-02 2.516483953297066201e-01
4.486344851318618820e-02 2.495827021054320971e-01
4.799890841249837559e-02 2.427287534159772164e-01
4.930116628122255262e-02 2.398833912701742177e-01
5.079759326775973305e-02 2.367921659313291238e-01
5.292873552367610701e-02 2.324343377932535093e-01
5.328149940857324074e-02 2.317379200707558873e-01
5.373584507492962237e-02 2.308496731322127182e-01
5.487440774581225922e-02 2.286354230234498575e-01
5.563521462824388975e-02 2.271740140300451127e-01
5.713851109320661203e-02 2.242883906874330036e-01
5.774242067425044977e-02 2.231504674648435715e-01
5.924045590920340443e-02 2.203655467889560349e-01
6.195223664758003901e-02 2.153989906616844419e-01
6.297311241829667283e-02 2.135300574165445164e-01
6.409718709356321265e-02 2.114741444661163428e-01
6.584665690467400578e-02 2.082925183231256749e-01
6.726185701037806774e-02 2.057686879134033031e-01
6.747277467238838033e-02 2.053951114287891899e-01
6.790625334292260673e-02 2.046311519566705872e-01
7.193265257984865491e-02 1.975721095245754899e-01
7.291737487549371233e-02 1.959032429351463822e-01
7.327052051352839213e-02 1.953226178551560333e-01
7.354074667889692885e-02 1.949031899458756323e-01
7.359228816187751709e-02 1.948252482403998176e-01
7.640202916952948398e-02 1.906402791385921613e-01
7.841219063945154000e-02 1.876572003988286053e-01
7.879136733069341814e-02 1.870948223397127519e-01
8.124872123696863513e-02 1.835857018864802681e-01
8.293563343212012606e-02 1.813378044564493141e-01
8.518389365958262127e-02 1.783825424182826636e-01
8.722728144391439509e-02 1.757104061673770978e-01
8.745280426230844784e-02 1.754217252466976351e-01
8.753877700454743005e-02 1.753117149846229461e-01
8.845059891378065364e-02 1.741775644423958491e-01
8.983602706406818017e-02 1.724578122252918844e-01
9.188622571500598690e-02 1.699196533859573810e-01
9.568980817675371009e-02 1.652450030765664213e-01
9.866219543505366785e-02 1.616327122727693189e-01
1.014410862460013996e-01 1.584086448741653941e-01
1.020417187425130545e-01 1.577230620621312696e-01
1.033533954984750536e-01 1.562660814583946012e-01
1.042588583689076365e-01 1.552661030583238899e-01
1.054043257033842607e-01 1.540014329465385634e-01
1.074859213787682788e-01 1.517151762561360639e-01
1.084665699437576403e-01 1.506419407400938493e-01
1.099638478749215831e-01 1.490095482263862348e-01
1.142174716095504805e-01 1.445089600325087931e-01
1.153980421996692596e-01 1.432604560932191351e-01
1.179082118196737583e-01 1.406343710978431583e-01
1.215440105501292556e-01 1.370590629885980460e-01
1.237514552537262724e-01 1.348975044712107385e-01
1.260698182198301542e-01 1.326292068708275762e-01
1.273870946614242272e-01 1.313565896337124395e-01
1.291537418021633798e-01 1.296750642535364761e-01
1.316694683336928073e-01 1.272985752703309492e-01
1.344318458167904073e-01 1.247334606807796176e-01
1.352245042082115822e-01 1.240019554627608267e-01
1.359055238055470460e-01 1.233785915838924163e-01
1.370964649583449879e-01 1.222919086000590072e-01
1.377521037829869122e-01 1.217072540581481954e-01
1.398375867984597565e-01 1.198894174189790718e-01
1.414937856974520236e-01 1.184642695087240183e-01
1.435008648346915439e-01 1.167916032768808732e-01
1.437589765800892372e-01 1.165789539421950849e-01
1.485958475953422231e-01 1.126060007160130105e-01
1.526732562374807922e-01 1.093001392833907737e-01
1.553767882819682700e-01 1.071294016305394114e-01
1.594333045581269315e-01 1.038914164791321371e-01
1.613116358285439644e-01 1.023954906851363145e-01
1.618570353155521224e-01 1.019661817811788884e-01
1.629073482668806361e-01 1.011646059397570685e-01
1.711945511084170257e-01 9.494291222041695288e-02
1.727254146700629156e-01 9.379511093923031950e-02
1.742355668670939051e-01 9.267123667289944855e-02
1.751306990121536677e-01 9.201397792561760713e-02
1.797410312904718643e-01 8.877521842546487463e-02
1.815907699620497584e-01 8.747693730910910404e-02
1.832581023876129200e-01 8.631618153907794078e-02
1.845771186646025241e-01 8.540994014431257941e-02
1.887018854269869039e-01 8.277193413883876527e-02
1.916194136314504637e-01 8.090895495019412298e-02
1.955677643936669097e-01 7.838847920936298230e-02
1.981206857700939516e-01 7.676723964965870284e-02
1.998672715047374315e-01 7.567078833652329806e-02
2.025281515780848474e-01 7.402014778657917127e-02
2.044607952409820961e-01 7.283232015058782594e-02
2.072082678560024926e-01 7.117070176691964178e-02
2.084061921451389465e-01 7.045199189919826299e-02
2.091275015884586641e-01 7.002136132604608321e-02
2.123757058698096389e-01 6.810123516861554815e-02
2.149410052376475311e-01 6.666901137738590055e-02
2.220483492864142039e-01 6.270484414886201563e-02
2.226228598375659673e-01 6.238479739515934153e-02
2.263203334173692904e-01 6.032718345250065450e-02
2.283796786426686709e-01 5.918615986776321058e-02
2.302772539704648902e-01 5.814680914341152640e-02
2.309094021597724589e-01 5.781540737381518635e-02
2.314115784715504165e-01 5.756098287645650124e-02
2.320798280325018781e-01 5.722477603706233040e-02
2.347811335016378176e-01 5.587805587204164315e-02
2.363278059613130311e-01 5.512001658939968962e-02
2.379005021278008392e-01 5.436214424989849192e-02
2.492048459064625798e-01 4.907422136602790363e-02
2.517303764793389909e-01 4.790447571248179770e-02
2.561017868219347959e-01 4.590291693773307369e-02
2.593465101919544824e-01 4.447598246095707530e-02
2.606697243336510428e-01 4.390681450157085663e-02
2.646559713209141740e-01 4.222838132934259026e-02
2.676280670676229323e-01 4.099201285454012744e-02
2.713074878683326419e-01 3.947901950891496980e-02
2.727620058554756644e-01 3.893585946917521579e-02
2.782098684472308903e-01 3.694957386295127932e-02
2.798221951706086341e-01 3.637759462524670084e-02
2.837853373423032122e-01 3.505457707595793782e-02
2.853245626040462057e-01 3.455832424633020761e-02
2.882670197512687271e-01 3.364110880730364350e-02
2.907373160975635362e-01 3.288511076896394325e-02
2.962030636325211908e-01 3.125127586375764377e-02
2.978232546552047055e-01 3.079611364144130281e-02
3.012554516639514568e-01 2.983814949699425956e-02
3.025242098788542555e-01 2.948571548913592189e-02
3.046956621525784281e-01 2.888730324821231488e-02
3.097102542630231770e-01 2.750626995576288536e-02
3.120962221025830874e-01 2.685317454185154329e-02
3.129913527347488178e-01 2.660956132078506897e-02
3.200963885034313061e-01 2.468407892922652724e-02
3.259203058736748759e-01 2.311991640887023358e-02
3.264552367811608957e-01 2.297938545988931214e-02
3.308455231563391385e-01 2.189852885442189478e-02
3.330825132786951470e-01 2.135045167288218693e-02
3.397235337547803158e-01 1.972347088243719959e-02
3.452386940794721082e-01 1.839474153376552401e-02
3.502762688386494294e-01 1.723456363046349527e-02
3.523683125988287812e-01 1.676277288562999512e-02
3.536542772024592884e-01 1.647996155240927241e-02
3.550917509442979569e-01 1.616536227048182006e-02
3.554447737646980188e-01 1.608819112139225904e-02
3.602228754341711414e-01 1.521118470055704552e-02
3.690885055618470800e-01 1.363507776605088484e-02
3.696803447099859530e-01 1.353063565924217393e-02
3.705311613828554118e-01 1.338418532331686617e-02
3.750290623897673536e-01 1.261103663427221022e-02
3.782502375981889320e-01 1.208675485623600387e-02
3.811719443966355425e-01 1.161445300388164181e-02
3.823229784359153949e-01 1.144746784947003881e-02
3.855130325074815345e-01 1.100089867018616552e-02
3.933316424549681556e-01 9.914689019383304824e-03
3.954407558713249338e-01 9.632694004274688915e-03
3.995625945911777666e-01 9.087755947569720050e-03
4.059999039460083226e-01 8.327158724604988294e-03
4.130557760059295203e-01 7.535661564585960370e-03
4.158873616576426735e-01 7.233102702166926967e-03
4.225168993271523621e-01 6.530261152200123043e-03
4.255420289692461444e-01 6.228256479616001151e-03
4.275732353839695743e-01 6.030929065772627773e-03
4.283685145042089304e-01 5.957929420749685789e-03
4.315474144351424957e-01 5.680239413210386168e-03
4.400617984352649947e-01 4.961948226120393990e-03
4.442226881529947602e-01 4.611526665092458011e-03
4.487292497984399220e-01 4.247508964867363623e-03
4.499301520666265097e-01 4.151576762187803027e-03
4.529341075844179332e-01 3.930182012841565431e-03
4.534225743148902477e-01 3.898696116579114523e-03
4.562630217118942011e-01 3.730664349495205201e-03
4.604206165668486839e-01 3.502845615157679227e-03
4.617755780720284586e-01 3.428649742441280956e-03
4.662925885428025885e-01 3.182965221276146117e-03
4.702306614410966534e-01 2.983032475356584001e-03
4.720399646319921039e-01 2.893452128965190440e-03
4.744112682864852215e-01 2.784189244561363630e-03
4.774077868938212954e-01 2.656411708590433740e-03
4.788792441266910838e-01 2.596638446218046958e-03
4.865954162647439518e-01 2.308071216562845862e-03
4.910849365563971225e-01 2.141501258436595556e-03
4.947718222266647703e-01 2.006187301613393537e-03
4.978097401860979709e-01 1.898772555721461863e-03
4.994209154450565680e-01 1.865804208708854439e-03
5.004566257789591077e-01 1.847821552100614717e-03
5.019011157791219979e-01 1.824164782777693006e-03
5.040441918148557132e-01 1.790297626593329028e-03
5.160802143474789716e-01 1.636770714648960734e-03
5.197494379189182556e-01 1.609868330703534411e-03
5.234214527640834724e-01 1.616408175491690358e-03
5.262800556896385373e-01 1.631850437494919426e-03
5.326514571918350427e-01 1.725710013448900071e-03
5.337948734652628868e-01 1.746230949015381562e-03
5.417076856531550799e-01 1.893788211065783322e-03
5.474985335264301867e-01 2.027532150226107888e-03
5.497268279443552341e-01 2.086098929354407439e-03
5.509654079957104766e-01 2.125209820436957386e-03
5.578647248853598750e-01 2.367680589953846670e-03
5.589736917057601673e-01 2.409264916744313645e-03
5.636117973415819549e-01 2.594428659944192361e-03
5.664355074234155296e-01 2.718356752931971876e-03
5.827581366227683191e-01 3.496665254505870735e-03
5.832788007101719074e-01 3.524296264334147999e-03
5.851613932497492510e-01 3.627735525449926612e-03
5.885246416212144283e-01 3.843849375966157389e-03
5.917433973433596783e-01 4.060752284989033178e-03
5.931479978670903819e-01 4.158744443073070229e-03
5.967049957713284059e-01 4.415564458127962943e-03
5.996529634049980739e-01 4.631622625084541589e-03
6.018124219676310727e-01 4.793499211716012454e-03
6.098874213601621630e-01 5.463120182769953814e-03
6.126202394037512100e-01 5.699666980817141848e-03
6.171925221035396980e-01 6.141570833827936227e-03
6.186418375380318135e-01 6.283024661363656449e-03
6.278349204726014765e-01 7.295017323202035442e-03
6.338535832849048202e-01 8.022704779318656776e-03
6.398728090129197632e-01 8.755102846177309495e-03
6.443371022123709491e-01 9.320758229792169836e-03
6.463700571199479938e-01 9.594837149119905817e-03
6.493563060484923710e-01 1.002228956501916013e-02
6.520868925265683735e-01 1.042652728068038659e-02
6.541862806821472365e-01 1.073839167760004543e-02
6.571673685126153686e-01 1.119818293637231399e-02
6.619516792448343345e-01 1.195263163786342009e-02
6.634156671791222593e-01 1.218614956096353286e-02
6.641597406730477271e-01 1.230731700983311860e-02
6.670281139511864410e-01 1.279080511202257409e-02
6.693149101553910185e-01 1.319500840606047110e-02
6.719379019938895858e-01 1.366841173875099624e-02
6.753469562858414044e-01 1.429205343135975248e-02
6.788049163141125497e-01 1.492837939571378669e-02
6.905595718164692087e-01 1.721804708795249272e-02
6.948493885424535943e-01 1.808347877308014162e-02
6.963651249302469370e-01 1.840450004182703214e-02
7.010839944828177739e-01 1.941566970039676487e-02
7.041895179946495720e-01 2.008368212081945714e-02
7.049557384982414465e-01 2.025030613529976709e-02
7.065012032065438596e-01 2.060001000761380041e-02
7.144327828108063549e-01 2.248024807848192363e-02
7.162807628364347146e-01 2.292410696212232590e-02
7.167598668756538505e-01 2.303927892869528371e-02
7.184721292848905705e-01 2.350461846495743856e-02
7.218395816732225967e-01 2.444965715377811488e-02
7.218429379699855541e-01 2.445060161468226578e-02
7.263528464054778144e-01 2.572850488426214888e-02
7.276792699919425456e-01 2.610985964435175166e-02
7.284728497862333896e-01 2.635619644247677584e-02
7.305236863805411041e-01 2.700441012139875863e-02
7.323992569976354172e-01 2.761235706126652367e-02
7.357469169040620205e-01 2.870031452901322666e-02
7.376408377550969231e-01 2.934746655346942568e-02
7.387320486823631960e-01 2.972090816856287621e-02
7.402156620642093010e-01 3.023162615681895815e-02
7.446477342407453737e-01 3.180799085283803063e-02
7.465203985898889449e-01 3.250452499850486898e-02
7.477408173866795238e-01 3.297810150578373012e-02
7.503175487626738693e-01 3.397877865287934895e-02
7.504280234615727796e-01 3.402177925218796695e-02
7.527190498009272979e-01 3.494658716980914015e-02
7.551968201568857175e-01 3.597294418908658642e-02
7.558303389609180023e-01 3.623851132511834994e-02
7.569260048493178239e-01 3.671115610849662314e-02
7.591586523325446478e-01 3.773928175896956727e-02
7.599461904721358518e-01 3.810587792375175198e-02
7.644229451189559210e-01 4.024206783710015944e-02
7.716190418565505027e-01 4.368340041255835970e-02
7.748276802398099683e-01 4.527345811831240407e-02
7.777495185827378865e-01 4.672487776340650267e-02
7.796580255403122717e-01 4.770159155334330325e-02
7.835014184517650193e-01 4.967826025709254356e-02
7.847760380563300053e-01 5.033478189263829172e-02
7.864822395636452690e-01 5.122351942449010487e-02
7.866648494808714531e-01 5.132032873296665798e-02
7.885975917846497207e-01 5.239252542163619353e-02
7.900810745600090890e-01 5.322089857431500093e-02
7.936501290467852243e-01 5.526207108502156906e-02
7.962798193660105550e-01 5.679846197560711740e-02
7.994620280075048768e-01 5.870609808247151395e-02
8.006805159339644984e-01 5.946167015081615936e-02
8.046001563675144741e-01 6.191700859196902496e-02
8.067051566400547102e-01 6.323697662642879802e-02
8.074828983462440934e-01 6.372726352926738613e-02
8.088979865136372016e-01 6.463172313586007522e-02
8.124611112218513842e-01 6.693694626406099246e-02
8.142393432868881842e-01 6.813374388963844286e-02
8.157657511486333668e-01 6.922613530268617588e-02
8.179209259887516570e-01 7.079282115220320026e-02
8.221346611826267914e-01 7.393780836318508687e-02
8.241033075879196090e-01 7.541439127702498357e-02
8.265300169175324729e-01 7.723998223036632194e-02
8.283479491694467622e-01 7.865676594330184290e-02
8.305056261055443478e-01 8.035251683869959471e-02
8.344665858008106785e-01 8.358851857612459302e-02
8.344951192941605367e-01 8.361187164748007383e-02
8.349514840158109852e-01 8.398673985880056314e-02
8.361146904993610462e-01 8.495531045064452780e-02
8.391359775899474016e-01 8.747542437804045612e-02
8.414727440864699926e-01 8.946280905059345034e-02
8.456272686973032027e-01 9.299729880479778998e-02
8.484081027502150540e-01 9.542766585586437422e-02
8.485416112612806927e-01 9.554552648557956829e-02
8.505719071463548886e-01 9.736348793335436458e-02
8.511357034353868034e-01 9.787210370381105307e-02
8.527590377671736555e-01 9.935165174339677385e-02
8.540702645158468886e-01 1.005601318357111085e-01
8.557242675723886194e-01 1.020922656970816300e-01
8.574865538713702939e-01 1.037485878910304749e-01
8.604654516963714528e-01 1.065839669271887447e-01
8.623840649028577943e-01 1.084131424255977416e-01
8.634161958979309492e-01 1.093994592540226130e-01
8.664250601728951118e-01 1.123294786959575520e-01
8.680238624619720511e-01 1.139045313312820884e-01
8.698238853830255746e-01 1.156786356707713015e-01
8.722974208123359663e-01 1.181218914188734148e-01
8.767712921101384893e-01 1.225823716925067419e-01
8.791347832314100330e-01 1.250363331910540055e-01
8.812149832741882349e-01 1.272010712104810759e-01
8.849812664284544272e-01 1.311952672143360532e-01
8.876419478774988381e-01 1.341182644432378224e-01
8.892302729031713593e-01 1.358677669390858656e-01
8.898486346363465582e-01 1.365682302057112940e-01
8.909697541801773202e-01 1.378439540033580268e-01
8.933360958551495035e-01 1.405609370128240165e-01
8.973178455272070586e-01 1.451395473869997454e-01
8.978263104693480212e-01 1.457361111708393997e-01
9.041752397734403868e-01 1.532077292065393559e-01
9.072875946489984411e-01 1.569096394805818973e-01
9.076916601551801023e-01 1.573964647589896071e-01
9.089421461939599656e-01 1.589175723348627001e-01
9.094457644259767992e-01 1.595363278461201517e-01
9.098555504533754057e-01 1.600399558272679323e-01
9.115081853900315334e-01 1.620971053329002265e-01
9.127655861310601804e-01 1.636633305460578613e-01
9.137233745641135663e-01 1.648653012326535272e-01
9.162706138511094167e-01 1.682308569797816844e-01
9.178931227270767934e-01 1.704339974529034407e-01
9.189741959936765792e-01 1.719313682931449261e-01
9.218491143503906304e-01 1.759261378454647362e-01
9.235628547077541217e-01 1.783397527132055682e-01
9.257477675606144984e-01 1.814280005437001186e-01
9.260033243919161272e-01 1.817930681406872973e-01
9.295533507023476805e-01 1.869480397677067973e-01
9.301344148276267099e-01 1.878074240375692261e-01
9.309362335157367330e-01 1.890083473368887601e-01
9.332755919784376797e-01 1.926196390409213866e-01
9.345645589298188227e-01 1.947223048881582264e-01
9.352844555486847788e-01 1.959327598150359950e-01
9.359435560425239942e-01 1.971109859937110187e-01
9.363383126688804570e-01 1.978398003646218983e-01
9.386862822736152800e-01 2.021775289745931792e-01
9.403934556739537154e-01 2.054215905003596854e-01
9.423475729490504715e-01 2.091461941823494763e-01
9.427505873108812384e-01 2.099244027106598187e-01
9.439049064054190197e-01 2.121588587664079428e-01
9.447630664288624303e-01 2.138293117428581303e-01
9.454072418150578638e-01 2.150871399779562543e-01
9.458552847774113204e-01 2.159626654319242167e-01
9.478546543630175236e-01 2.198914728241919692e-01
9.485306049576078813e-01 2.212201036547071231e-01
9.487797851037811370e-01 2.217121356528958254e-01
9.494673034378604548e-01 2.231271451037222242e-01
9.501542653557593088e-01 2.245450975783330749e-01
9.504114123345877019e-01 2.250992017773117970e-01
9.506699960058972998e-01 2.257307476909692356e-01
9.508228675233745264e-01 2.261055024121376711e-01
9.518792827747875052e-01 2.287057149643956233e-01
9.523696435662014625e-01 2.299136909097933001e-01
9.529816425469168628e-01 2.314422242882676617e-01
9.548238917680085258e-01 2.361789675959511392e-01
9.576129894503340179e-01 2.434524676415036337e-01
9.591528578257397797e-01 2.474961003123008485e-01
9.606117290627673722e-01 2.513711918403384038e-01
9.614051098790163952e-01 2.534830333154262094e-01
9.619896026577006154e-01 2.550481774400688018e-01
9.628889652266245935e-01 2.574566825934530012e-01
9.640910201370831434e-01 2.607233579550010116e-01
9.647973836760399546e-01 2.627029257480654190e-01
9.665672736089578887e-01 2.678132872677605469e-01
9.674390380761277441e-01 2.703406096959606320e-01
9.684390818919275112e-01 2.733785918146092175e-01
9.686725544092140705e-01 2.741133562680850844e-01
9.695313258530164902e-01 2.771277281284260097e-01
9.701225653445468833e-01 2.792051401373997210e-01
9.707907092691254736e-01 2.815940677019034277e-01
9.710482474484030124e-01 2.825253519572141769e-01
9.720150889157521679e-01 2.860223714901719561e-01
9.721504255354982416e-01 2.865203956043994582e-01
9.724752246768173514e-01 2.877264882608642216e-01
9.741543123777223201e-01 2.943273711891455369e-01
9.743003975527622096e-01 2.949103145918302582e-01
9.744322075825451179e-01 2.954401575846234973e-01
9.749067100214863224e-01 2.973526053441168937e-01
9.751855365069805881e-01 2.984941016478056541e-01
9.754186924567644912e-01 2.994674028127941590e-01
9.755274489143630490e-01 2.999306813556444906e-01
9.759165035167971514e-01 3.016272362158894937e-01
9.763346828403705047e-01 3.035110902680391298e-01
9.769025328345239956e-01 3.061110360907396410e-01
9.771254667624966750e-01 3.071338412039692489e-01
9.778751419397506695e-01 3.106675581177417156e-01
9.781481674686474115e-01 3.119838110681997234e-01
9.793179270017451366e-01 3.176260323825693677e-01
9.796873324188815069e-01 3.194782468474806070e-01
9.801511780579017508e-01 3.218177584954328152e-01
9.804614910346696188e-01 3.233838846620746832e-01
9.820850932332567673e-01 3.316698640759654371e-01
9.824741244934245277e-01 3.336776198527979798e-01
9.830064961951028302e-01 3.366516900438244475e-01
9.833234018207870353e-01 3.384222808243774194e-01
9.839794342424859064e-01 3.422656558030967577e-01
9.844189208134557223e-01 3.450066415403256759e-01
9.854386887748465274e-01 3.517761822778106007e-01
9.869882185738823033e-01 3.624373514358657511e-01
9.879177683470932170e-01 3.689819156097272623e-01
9.882367042637172361e-01 3.713304732618244453e-01
9.899561290855682927e-01 3.842143373236901471e-01
9.906489912511968754e-01 3.895168525590843034e-01
9.906738856298733520e-01 3.897125334964608445e-01
9.908288361947310552e-01 3.909314477150838130e-01
9.916779580421934970e-01 3.977381697543761474e-01
9.918550272821047287e-01 3.991615934163549317e-01
9.919919534735204270e-01 4.002891339881028410e-01
9.927599002339839718e-01 4.067275239014754851e-01
9.935886284805817148e-01 4.138026412885286165e-01
9.940148933856109981e-01 4.174659435024764553e-01
9.940595884559491058e-01 4.178845348006918758e-01
9.945568594322684586e-01 4.225552934957612639e-01
9.948531029646365820e-01 4.254314817475998156e-01
9.949875749996797136e-01 4.267504375205831701e-01
9.950260288055607916e-01 4.271586640875459917e-01
9.952119087439672551e-01 4.291720475015510239e-01
9.964082077881306621e-01 4.421603331687173899e-01
9.964777763985521730e-01 4.430166861814861523e-01
9.969169609253376585e-01 4.485411933522380767e-01
9.970324722636683124e-01 4.499997188737470122e-01
9.976465472776525623e-01 4.580997761803040635e-01
9.976962091265315635e-01 4.588326236625760446e-01
9.978858330826854139e-01 4.617274239682748194e-01
9.982332425116973162e-01 4.682175851866674510e-01
9.982822853801303076e-01 4.692015309848249771e-01
9.985394176099622321e-01 4.757275033532335495e-01
9.985607354405019453e-01 4.763284701177266101e-01
9.985730678944684247e-01 4.767035216471606773e-01
9.986252983694439145e-01 4.783532486431348874e-01
9.987478760517440879e-01 4.822336116808011441e-01
9.991841391962339447e-01 4.960941435693213553e-01
9.992649955528414285e-01 4.995570232061455895e-01
9.992991893551876892e-01 5.010236052210428337e-01
9.994348289908876470e-01 5.081019954646990300e-01
9.994559254110899627e-01 5.094616504717869310e-01
9.995250282863583635e-01 5.146271179267366547e-01
9.995813034505243166e-01 5.191547340420448187e-01
9.996155779870270486e-01 5.226411490156824824e-01
9.996184057564636571e-01 5.237795131095126511e-01
9.996183813406154250e-01 5.266321387180733504e-01
9.996100485211190101e-01 5.317636171795034894e-01
9.995943194350196404e-01 5.380751537545478413e-01
9.995839241876232073e-01 5.420551927144307003e-01
9.995488333611801668e-01 5.444265033346187277e-01
9.995092144812158796e-01 5.467612367823169173e-01
9.994620104720439713e-01 5.493029786842681395e-01
9.994422666219144880e-01 5.502432862149131410e-01
9.988198430551038509e-01 5.760879498951599897e-01
9.987155076064733183e-01 5.791220469635213197e-01
9.986598202227703336e-01 5.805622149146087985e-01
9.986141442780778199e-01 5.816935418788965473e-01
9.984323643998009867e-01 5.860473245377539886e-01
9.982688215822042022e-01 5.892470165637904156e-01
9.981348327930303910e-01 5.914259026827685117e-01
9.979924375769850808e-01 5.934437916663426460e-01
9.979085534713085792e-01 5.945346794484707154e-01
9.978265378663901952e-01 5.955091332918369673e-01
9.975539465704093001e-01 5.983995595863145223e-01
9.973368062985819016e-01 6.006813368303004497e-01
9.970426895929516142e-01 6.035218210346106060e-01
9.965396282118033078e-01 6.077259684924253280e-01
9.964039717077930458e-01 6.088129065485361480e-01
9.960777268930662842e-01 6.114154275937075944e-01
9.949307891665741810e-01 6.199456230503608278e-01
9.940365639450288171e-01 6.263386394834360438e-01
9.930432576031378300e-01 6.332617142005247945e-01
9.919836535675279343e-01 6.399066756750348972e-01
9.909944185051460241e-01 6.460696499122750014e-01
9.907061820368019411e-01 6.477688856891745672e-01
9.906261092113042288e-01 6.482212326636405120e-01
9.902265965765366662e-01 6.504771702248772769e-01
9.891910505645551410e-01 6.561292017392738041e-01
9.882672692162515204e-01 6.610633892152418811e-01
9.869052535881561727e-01 6.682779662126316911e-01
9.859338780047148809e-01 6.732974520701628940e-01
9.853546185180297456e-01 6.762752345874649684e-01
9.844026095272280230e-01 6.810129817209477077e-01
9.838163729172173522e-01 6.838261073576084037e-01
9.836099500371957571e-01 6.848151019609002299e-01
9.832416083091182202e-01 6.865638532572442276e-01
9.829536186546481424e-01 6.878948266571985881e-01
9.826023247264565885e-01 6.895029024482420832e-01
9.814415780781913234e-01 6.944813212858268470e-01
9.803770908636575410e-01 6.986205749635611140e-01
9.801268259763407098e-01 6.995893535953005005e-01
9.799529192102867103e-01 7.002473146252342628e-01
9.795048069998137930e-01 7.019378870884511734e-01
9.775023570174059540e-01 7.094071378720178123e-01
9.772987041167884303e-01 7.101482103489497044e-01
9.768160952186617507e-01 7.118585903383476410e-01
9.766562324225183112e-01 7.124169542424452217e-01
9.763313454889408494e-01 7.135465505406199949e-01
9.749228295796810162e-01 7.182898730926514652e-01
9.740183013551462210e-01 7.213275674638131019e-01
9.734148283358896592e-01 7.233335683783959080e-01
9.729854968742936983e-01 7.246482477493663144e-01
9.723509157214420551e-01 7.265790218375828280e-01
9.715007770201962156e-01 7.291600865197357395e-01
9.704530199929062295e-01 7.322687203481141882e-01
9.700315816352156340e-01 7.334864312708300194e-01
9.677282098804558252e-01 7.399414552509102627e-01
9.663550666408919909e-01 7.437653877939237601e-01
9.640283561812619251e-01 7.495797058906735755e-01
9.628013795608285630e-01 7.525788788196976498e-01
9.617560328367986688e-01 7.550164795913291149e-01
9.607495178191531870e-01 7.573611022671996595e-01
9.600166212302991831e-01 7.590563465699599055e-01
9.581399581108589469e-01 7.632511203379237497e-01
9.579580269355290056e-01 7.636571050935038185e-01
9.566711363348991970e-01 7.665273419209096550e-01
9.549087687628570187e-01 7.703360386124762371e-01
9.534903281593734015e-01 7.733423500219465119e-01
9.520776891139397513e-01 7.760758366222203497e-01
9.508955356994646113e-01 7.782885962975121252e-01
9.498089182730029556e-01 7.802221075045945309e-01
9.485552568369042259e-01 7.824491765901535612e-01
9.478614180919153753e-01 7.836688949686184680e-01
9.470957418514516224e-01 7.849836335098376860e-01
9.456233030811787010e-01 7.875118573069000982e-01
9.440622337884718718e-01 7.901546682270729205e-01
9.436963084437497429e-01 7.907730505874233096e-01
9.426466991300954668e-01 7.925459433628713191e-01
9.399832104313021741e-01 7.970365366679122987e-01
9.388539771030102177e-01 7.989325276104205509e-01
9.376895074967626087e-01 8.008697517202495453e-01
9.370298410454867000e-01 8.019453727473134785e-01
9.366937848075358453e-01 8.024930910086750524e-01
9.361039867527567448e-01 8.034540911890369896e-01
9.339664136532033201e-01 8.069215702974094073e-01
9.334545986168949483e-01 8.077316847044251347e-01
9.310991427463541914e-01 8.114141858013637076e-01
9.303664461629110871e-01 8.125508839965209784e-01
9.285691474306181359e-01 8.153322173507442372e-01
9.273464046425183849e-01 8.172106647959057613e-01
9.265102393861002206e-01 8.184808031692740737e-01
9.248407185990783486e-01 8.209215870893313838e-01
9.226287730162270329e-01 8.241078966125403582e-01
9.195581618976789162e-01 8.284283500845441850e-01
9.178580024755866873e-01 8.308093264284716062e-01
9.167547791616319497e-01 8.323066460009217460e-01
9.146362309276268032e-01 8.351424241760586620e-01
9.143404682765903235e-01 8.355330323438969753e-01
9.131865579207547601e-01 8.370262164282439299e-01
9.129445110988776424e-01 8.373289385392346240e-01
9.108593663390129880e-01 8.398526692092779244e-01
9.094677730056777154e-01 8.414914073820068952e-01
9.072932935055244563e-01 8.439219474621310058e-01
9.043111607111018468e-01 8.471762292497178048e-01
9.037080476216305946e-01 8.478240016278801860e-01
8.999194420940079819e-01 8.518385166347178794e-01
8.996049633825278224e-01 8.521671790430939142e-01
8.980218478963344353e-01 8.538212801780091787e-01
8.960146990121735655e-01 8.559067030796302378e-01
8.918282435490878512e-01 8.601029408261466891e-01
8.904447622650752958e-01 8.614830083196377553e-01
8.897918330235636830e-01 8.621283146636015138e-01
8.882562258761916851e-01 8.636330858799452503e-01
8.864270585323545948e-01 8.653769856747822731e-01
8.854522547720153902e-01 8.662937255604831188e-01
8.847170804405544153e-01 8.669812411184797396e-01
8.795713889031582244e-01 8.717795695924410726e-01
8.784521973679935147e-01 8.728042432731906164e-01
8.768359494757704820e-01 8.742701432816123441e-01
8.760622288044230821e-01 8.749479419395569391e-01
8.735855950011004456e-01 8.770833964242720215e-01
8.720195357125979374e-01 8.784248574145610000e-01
8.678911315832735784e-01 8.819236519182720446e-01
8.632969171928348562e-01 8.856746832210544706e-01
8.622724108344568261e-01 8.865105478360784108e-01
8.618829984364857477e-01 8.868209755578982945e-01
8.589550862751067495e-01 8.891291184157689154e-01
8.578365365096622952e-01 8.900011321492939942e-01
8.576899544510510065e-01 8.901117354908683055e-01
8.568281729482585263e-01 8.907553388775431014e-01
8.556248784614830516e-01 8.916348107847985593e-01
8.508127402678136164e-01 8.951137161169052670e-01
8.472537927910619437e-01 8.976392142998042001e-01
8.449203449978981428e-01 8.992760628287870261e-01
8.416322836702156973e-01 9.015575902482431125e-01
8.408766257788991005e-01 9.020772106247418876e-01
8.328455374519254661e-01 9.075355175212457270e-01
8.315093430276563335e-01 9.084277798539123205e-01
8.292075713498059386e-01 9.099623729855081944e-01
8.284219402657240217e-01 9.104806386556778541e-01
8.257655385296229777e-01 9.122221701742404543e-01
8.243976005542705821e-01 9.130980847725691518e-01
8.175409115416552019e-01 9.174041968940014335e-01
8.164480511928473572e-01 9.180727413996380148e-01
8.141493448933885269e-01 9.194675691668153794e-01
8.130329512755762877e-01 9.201396810051289954e-01
8.114164978601918765e-01 9.210789030915634834e-01
8.074573975689989247e-01 9.233493763367703888e-01
8.069392135314701342e-01 9.236428309656196101e-01
8.047076593862363403e-01 9.248397325841715144e-01
8.039452779046836195e-01 9.252359369657814359e-01
7.996347017633806953e-01 9.274182402757440435e-01
7.959687076076382706e-01 9.292509123054707443e-01
7.933384762876971585e-01 9.305387195498835418e-01
7.928010247911425612e-01 9.307967382347430707e-01
7.916099475105526917e-01 9.313573099312639769e-01
7.884566278984943555e-01 9.328309364348917887e-01
7.861129767252370559e-01 9.339240752221670272e-01
7.795698559639154812e-01 9.369500449700728373e-01
7.729809573448318538e-01 9.399916209899731312e-01
7.700251083588871559e-01 9.413195902026741946e-01
7.692897924685984101e-01 9.416429224540006082e-01
7.676302474834644229e-01 9.423325784248746118e-01
7.611991055744953272e-01 9.450034851644163458e-01
7.568029109214036154e-01 9.467904447999518913e-01
7.488269426280820262e-01 9.500178555639815503e-01
7.459426570821126035e-01 9.511627920722125484e-01
7.424538345013558249e-01 9.525270905634947161e-01
7.408059294391473593e-01 9.531419779171611539e-01
7.401214220359282336e-01 9.533937030777850374e-01
7.388787265214584732e-01 9.538488862836976834e-01
7.371938952777996601e-01 9.544469516573166334e-01
7.348943182932985430e-01 9.552569632680641964e-01
7.331064178167012724e-01 9.558751194746831770e-01
7.324940502564245559e-01 9.560855672100559977e-01
7.266295168491383460e-01 9.580854487008245712e-01
7.196583818812198885e-01 9.604436358680187302e-01
7.155086526947880277e-01 9.617789970215293582e-01
7.104466930784314460e-01 9.634068146936434207e-01
7.093107385136228071e-01 9.637719193563203390e-01
7.008950635460053924e-01 9.663454822868851046e-01
6.938953839731762940e-01 9.684690823383825808e-01
6.919059246367256222e-01 9.690647762233566276e-01
6.872371101670842197e-01 9.704314883462142882e-01
6.866400889429848942e-01 9.706028946837390592e-01
6.842597765881379690e-01 9.712576939795819486e-01
6.814043967340797092e-01 9.720150753294426460e-01
6.746432330957050638e-01 9.737409207684873946e-01
6.740286255245944158e-01 9.738960514174587191e-01
6.690229847001516461e-01 9.751452117733949709e-01
6.668127319090453309e-01 9.756939330747890216e-01
6.610673903643622396e-01 9.770758580141122307e-01
6.541142249582814205e-01 9.785932182404721846e-01
6.538639231189302681e-01 9.786474076186973958e-01
6.467132200220344629e-01 9.801914274175349551e-01
6.454620912707691449e-01 9.804461226717406941e-01
6.446829542820688985e-01 9.806043925491919611e-01
6.384711767526254356e-01 9.818440250908960776e-01
6.344293229561206449e-01 9.826211841182900253e-01
6.318776476777092643e-01 9.831050850485546500e-01
6.259490323439023118e-01 9.842229571255400877e-01
6.250857067542439083e-01 9.843824178687280435e-01
6.225998373005576791e-01 9.848332341369386844e-01
6.166868347329337308e-01 9.858880690642598532e-01
6.141669362785473485e-01 9.863188007786616307e-01
6.101000860393186453e-01 9.870065316867397964e-01
6.059872795779859267e-01 9.876476675518880421e-01
5.987672104285217678e-01 9.887595531894305401e-01
5.920016122237610201e-01 9.897621682884114591e-01
5.902248943053949315e-01 9.900254051034638181e-01
5.850184402962745889e-01 9.907814918793688141e-01
5.766295031693944306e-01 9.919804702790857576e-01
5.730930937970992733e-01 9.924821379259096688e-01
5.696154970299083242e-01 9.929522093904576963e-01
5.669479403044388466e-01 9.933098918519809306e-01
5.640225808937600060e-01 9.936692298886073971e-01
5.623978023375069135e-01 9.938595174408628719e-01
5.576047828193297917e-01 9.943676529433421729e-01
5.555398348035271994e-01 9.945832374872067838e-01
5.518629486969910403e-01 9.948952838458949843e-01
5.498706309280343429e-01 9.950624420222993205e-01
5.438408826989882261e-01 9.955485558019858683e-01
5.389410297793175708e-01 9.959399936729322889e-01
5.382417286175271709e-01 9.959933464331224284e-01
5.346439393495616699e-01 9.962567639812219822e-01
5.275306834753068497e-01 9.967460698765837623e-01
5.222370588417328818e-01 9.970958337521316217e-01
5.160429945064097801e-01 9.974009003377184435e-01
5.119240626267769212e-01 9.975907537155326299e-01
5.087482038536927931e-01 9.977138482627653238e-01
5.020093888291663475e-01 9.979386467818313067e-01
5.009224017514359861e-01 9.979695844433881247e-01
4.965099904349811744e-01 9.980921306801882054e-01
4.958196645747183218e-01 9.981105712270480490e-01
4.928048893175971945e-01 9.981899635824459383e-01
4.889985821621506967e-01 9.982817526256421159e-01
4.874122935385262756e-01 9.983149603634845493e-01
4.863050627655905456e-01 9.983380509342033582e-01
4.807394082744536612e-01 9.983901316692964656e-01
4.744868787439195379e-01 9.983880424071068793e-01
4.684043576937422793e-01 9.983638502056764175e-01
4.652926217272978504e-01 9.983303595489992910e-01
4.587523113059343571e-01 9.982585200083281540e-01
4.568461428049157003e-01 9.982285201605554104e-01
4.523699174701515946e-01 9.981430051896187372e-01
4.497022888887250436e-01 9.980854323487903246e-01
4.466904837376139414e-01 9.980165216046366083e-01
4.422587238446356595e-01 9.978817666108514839e-01
4.412371281833838421e-01 9.978476392381975257e-01
4.354110351541934931e-01 9.975890999498655543e-01
4.336116743320412303e-01 9.975048077923129863e-01
4.329011845395359104e-01 9.974678534671630459e-01
4.295615307999863242e-01 9.972781577304404843e-01
4.261008666063338945e-01 9.970448933218809540e-01
4.224525805370024645e-01 9.967802163773212820e-01
4.202279649536946882e-01 9.966161204054465594e-01
4.158625214563160255e-01 9.962691243418355658e-01
4.068736889554253611e-01 9.955115577211378630e-01
4.020642643437101760e-01 9.950283451717061300e-01
3.998836386161153666e-01 9.948077483069484028e-01
3.989021495385623450e-01 9.946980873916571042e-01
3.971826119491030371e-01 9.944773546493734795e-01
3.946404050564515376e-01 9.941470117207222845e-01
3.929750395849266886e-01 9.939261835200176032e-01
3.885066355860060106e-01 9.933098505335321571e-01
3.881331530704529853e-01 9.932569122769582259e-01
3.859813707494003654e-01 9.929440920090788492e-01
3.801293618001361785e-01 9.920920876155358004e-01
3.717166671363933417e-01 9.908551369512518248e-01
3.709935589622271324e-01 9.907460506754941498e-01
3.687478932265659259e-01 9.904018152876541414e-01
3.655158997252846986e-01 9.898958641819216586e-01
3.602547758392856125e-01 9.890297902219958859e-01
3.596741574659547136e-01 9.889335012370830125e-01
3.590019108915826762e-01 9.888153680708273718e-01
3.523537414363551723e-01 9.875127202173210605e-01
3.487620093098575125e-01 9.868076860686517682e-01
3.481338847146041027e-01 9.866831157686924980e-01
3.460953921985516213e-01 9.862529970763269649e-01
3.417790126210660806e-01 9.852978916051360336e-01
3.407165506096733743e-01 9.850567230866310586e-01
3.368630545972795542e-01 9.841524144417344022e-01
3.357608893294011243e-01 9.838932661168567906e-01
3.325703293861207999e-01 9.830949532429174020e-01
3.289571874854110844e-01 9.821643754266030646e-01
3.272955845060435132e-01 9.817361286619380456e-01
3.239235410650185831e-01 9.808616265775597087e-01
3.218500252056172850e-01 9.803155355247163971e-01
3.169922387405499919e-01 9.790285160839290457e-01
3.141090739092513018e-01 9.782576901518237333e-01
3.108223501013279155e-01 9.773688225264721696e-01
3.104343524555340239e-01 9.772593820544818177e-01
3.056308614112482336e-01 9.758269870036134774e-01
3.049556098787312153e-01 9.756252420809187198e-01
3.018776018804555927e-01 9.746885896787688131e-01
2.986779184453579039e-01 9.736875570885801245e-01
2.951938722255977310e-01 9.725974610806252807e-01
2.911088589148503325e-01 9.712717412631087788e-01
2.852629363011278119e-01 9.693277587559904207e-01
2.794745850792536568e-01 9.673969391708245880e-01
2.764271340819354772e-01 9.663602563221754815e-01
2.757200703426662680e-01 9.661174479577552265e-01
2.629189478624645582e-01 9.616123307475494819e-01
2.608364832170436132e-01 9.608077698992779636e-01
2.596623976196421046e-01 9.603488570805152058e-01
2.559873897254009711e-01 9.588964109550036641e-01
2.524353487351887471e-01 9.574837406352681990e-01
2.511350382438516937e-01 9.569415003125204544e-01
2.464689481860868336e-01 9.548712998503040561e-01
2.421151677089751764e-01 9.528991546713181382e-01
2.391020029212320153e-01 9.515020138918194315e-01
2.369356062308989874e-01 9.504461258469505403e-01
2.315550946628733286e-01 9.477893907633915260e-01
2.303442529447886078e-01 9.471899082516935797e-01
2.223601221838664155e-01 9.432305157313090049e-01
2.199455488222348820e-01 9.420230896738095439e-01
2.171895806206077251e-01 9.405802336341949621e-01
2.162716797300162086e-01 9.400855375646435252e-01
2.137826704204717765e-01 9.387359494497066192e-01
2.127799415165838037e-01 9.381911401448188581e-01
2.106373343936638887e-01 9.370112869919344778e-01
2.091917908633308953e-01 9.361954274284026711e-01
2.056918761614933699e-01 9.342151501934897739e-01
2.049371037583844202e-01 9.337847744749212531e-01
2.037973102182010776e-01 9.331332305182207243e-01
1.994351645742051260e-01 9.305835599085690024e-01
1.958548535270550617e-01 9.284802204474612575e-01
1.923033379212390481e-01 9.263577864781520343e-01
1.920543189531434547e-01 9.262068288076021894e-01
1.890136441519842392e-01 9.243523542506865143e-01
1.883338565382531304e-01 9.239001154030104246e-01
1.866709849499351148e-01 9.227855754859676241e-01
1.852086379438144248e-01 9.217966114899537322e-01
1.838686537130760912e-01 9.208802443355922351e-01
1.833676571194788329e-01 9.205365728229837341e-01
1.799103938854129114e-01 9.180599224355565635e-01
1.783665571798638827e-01 9.169479772592664668e-01
1.716401098570968231e-01 9.119990394066288530e-01
1.681690626169073943e-01 9.094296792693458142e-01
1.603997102892038007e-01 9.035844048787723404e-01
1.585411661076152057e-01 9.021752204543413978e-01
1.568733735918223515e-01 9.008555533521013237e-01
1.518382130716760536e-01 8.968571701698232479e-01
1.491805529056220991e-01 8.947397385341744336e-01
1.476980376343466905e-01 8.935538355719565562e-01
1.474473560873780786e-01 8.933519887919593172e-01
1.469839287825410179e-01 8.929688093055854203e-01
1.452927810882091442e-01 8.915582616919998094e-01
1.441639983612915121e-01 8.905801102264756519e-01
1.436247303864906510e-01 8.900854482056776984e-01
1.369446646384779309e-01 8.839450065852780813e-01
1.364286074731428378e-01 8.834609364920968932e-01
1.339344109608180955e-01 8.811139077002346776e-01
1.334132431420574361e-01 8.806217008289169978e-01
1.328326095922744421e-01 8.800594674593010813e-01
1.308775400983988590e-01 8.781639837493044887e-01
1.278693405159176399e-01 8.751974778595418281e-01
1.265309567207833497e-01 8.738685138461784740e-01
1.248692570831399506e-01 8.721530459578775707e-01
1.220582652508568899e-01 8.692421896179726160e-01
1.186616637166688082e-01 8.657126083959226781e-01
1.175317551737927180e-01 8.645062185642409247e-01
1.133670011835262170e-01 8.597439993867096453e-01
1.106014852948661864e-01 8.564466277943190153e-01
1.089179996411146489e-01 8.544097120496281228e-01
1.076470686893981621e-01 8.528683007699440211e-01
1.060667939152763473e-01 8.509438786181827696e-01
1.017845852182518995e-01 8.457230961179806883e-01
9.974985351635451414e-02 8.431902337290003713e-01
9.260718553397767616e-02 8.341649870660813315e-01
9.078097171657500963e-02 8.318558639068244220e-01
8.925603357997519138e-02 8.298763061521331474e-01
8.707806947183155399e-02 8.269638954848329560e-01
8.689235967816116846e-02 8.267145772962077865e-01
8.517104060617669559e-02 8.242948058326671212e-01
8.393345388701650700e-02 8.225471176396871309e-01
8.338172933723325686e-02 8.217598431034637274e-01
8.179221916872586595e-02 8.194487498669176251e-01
7.717460875325160563e-02 8.127307372538536967e-01
7.652699075228580616e-02 8.117393008298279256e-01
7.380398565237827890e-02 8.074736438762576407e-01
7.203854845576523891e-02 8.046590168095555384e-01
7.108753133516049205e-02 8.031366758083249291e-01
7.021977542758445212e-02 8.017172367076284001e-01
6.838744639794563929e-02 7.986752310143105937e-01
6.704053921176117425e-02 7.963820548903923768e-01
6.624884424648896930e-02 7.949309202960239684e-01
6.486079228618307768e-02 7.923827403828515026e-01
5.902967991101321088e-02 7.816745112894580849e-01
5.799428495852659848e-02 7.797429048698845122e-01
5.732983186593071379e-02 7.784824239443440819e-01
5.529362727243852804e-02 7.744733080644932155e-01
5.383398983179582542e-02 7.715380359146318812e-01
5.341860944900617136e-02 7.706729212877434509e-01
5.209228904792045922e-02 7.678566714295362861e-01
4.682989048441371649e-02 7.565535773642588779e-01
4.665436972721587194e-02 7.561709800048799224e-01
4.627221827330413317e-02 7.553298295449365485e-01
4.464848421254036248e-02 7.517350349879037275e-01
4.353648105499680065e-02 7.492549214646007094e-01
4.300936781284464550e-02 7.480323343458732399e-01
4.241956618081116348e-02 7.466538759855585461e-01
4.029561738814219085e-02 7.416601477444255686e-01
3.930021398273847444e-02 7.392907094581007144e-01
3.888020299183153616e-02 7.382709400229147123e-01
3.743916871675873059e-02 7.347466655494692134e-01
3.616121497091911996e-02 7.314725950090534834e-01
3.468007312287252342e-02 7.276752339015580828e-01
3.320041147122149150e-02 7.238486212817736298e-01
3.294929466639257010e-02 7.231799410937158612e-01
3.113308571108880374e-02 7.182900324799450509e-01
3.071536168557859048e-02 7.171488766547511329e-01
2.956159856439505296e-02 7.139667680138052086e-01
2.911409279412108253e-02 7.126215145645161675e-01
2.831838139612635752e-02 7.100960100299644751e-01
2.764147187171633879e-02 7.078996911695524252e-01
2.655031346644337598e-02 7.043485252868769697e-01
2.647136583888792805e-02 7.040860342065644595e-01
2.560092069105840418e-02 7.010841589303337118e-01
2.452345124192051307e-02 6.971082208894352483e-01
2.405326588096762253e-02 6.953619809675476438e-01
2.284238353418460710e-02 6.907697569743583843e-01
2.241988747610418331e-02 6.891643272626588601e-01
2.157329754202202965e-02 6.859376637537878407e-01
2.099016412735682513e-02 6.835465267077539542e-01
2.044419153878090922e-02 6.812968824563342407e-01
2.021047106785928138e-02 6.803283796907746428e-01
1.905855983594745284e-02 6.755476587024991098e-01
1.846433099292260627e-02 6.730479383822172146e-01
1.806287636219788828e-02 6.712751290024711048e-01
1.738665317515980524e-02 6.682387937755670526e-01
1.695589516445877853e-02 6.662902117329622120e-01
1.674063935583153251e-02 6.652035964369064081e-01
1.644148414735796537e-02 6.636911333398602952e-01
1.619389160408152284e-02 6.623979427417602261e-01
1.484435167946823730e-02 6.552900884195896891e-01
1.412600242757150459e-02 6.514984926522487951e-01
1.287973839916128904e-02 6.442745814203300059e-01
1.166873954211072872e-02 6.365766518002483609e-01
1.147063827503363997e-02 6.353043695317015516e-01
1.055175717072803776e-02 6.293526830399982508e-01
9.603123386100975711e-03 6.231165518908292622e-01
8.353850389197059467e-03 6.147413543124286006e-01
7.873082744720039106e-03 6.111746980811049168e-01
7.503411672724336068e-03 6.084227658150028750e-01
6.840959855492212416e-03 6.033018070772642183e-01
6.471195858778366894e-03 6.002777509102812381e-01
5.888141866071283648e-03 5.951924556963656965e-01
5.671487133396435620e-03 5.932961167545260928e-01
5.543132429777608561e-03 5.921291608907646165e-01
4.889901293131770910e-03 5.859489700843070192e-01
4.837987020075262823e-03 5.854574878511080716e-01
4.452566556374215612e-03 5.817464852062094183e-01
4.048879332508914519e-03 5.778546527215827622e-01
3.481008075192970619e-03 5.722011868957137537e-01
3.049107327490585551e-03 5.666916018685620449e-01
2.850023301804338605e-03 5.639765903876956532e-01
2.663180343260240779e-03 5.614038187105814259e-01
2.632825162414087483e-03 5.609747397678501724e-01
2.508735869540756891e-03 5.590197268317991242e-01
2.281257066307162962e-03 5.552462293821808226e-01
2.068136615922699928e-03 5.515871194434088798e-01
1.509268025902954502e-03 5.413527208766528709e-01
1.243405348345161254e-03 5.359420814174485903e-01
1.084228860223579449e-03 5.324005942416634163e-01
8.749166638891137104e-04 5.274641186365714995e-01
8.478501749908384788e-04 5.267510678745621622e-01
8.176536528730626863e-04 5.259112091401483280e-01
7.616529261081361746e-04 5.241891873823044667e-01
6.251054453281779111e-04 5.194181656389434965e-01
5.651778414471064771e-04 5.158462460617080358e-01
4.794758837776691429e-04 5.106836083890077260e-01
4.322077437275972933e-04 5.073266020857273295e-01
4.075953969959189571e-04 5.045900211969793769e-01
4.060643962768284432e-04 5.043894750480393263e-01
3.815942435362873475e-04 5.002854502297005013e-01
3.846538781713815247e-04 4.996741315441304288e-01
3.916381629630039107e-04 4.990275989911453491e-01
