4.350505714948549318e-03 4.526999482256283125e-01
4.994983447081602357e-03 4.447357430509567555e-01
5.394781030543249756e-03 4.405293620285348766e-01
5.695408189567929824e-03 4.376119712960837571e-01
6.109315987971375428e-03 4.339770420625804759e-01
7.018316002058488934e-03 4.261021155746098632e-01
7.888894174025051775e-03 4.187655168603241496e-01
9.113447911741290319e-03 4.086291777028975281e-01
9.502439270196005872e-03 4.058594480114835479e-01
1.024403372090454400e-02 4.009178972442107858e-01
1.035357610994502853e-02 4.001899977044590662e-01
1.077115846545284583e-02 3.975796269356619561e-01
1.158396161356667342e-02 3.925593209539836037e-01
1.196967816667493523e-02 3.902133792901104625e-01
1.231345463422162112e-02 3.881392669523510142e-01
1.242179159895917540e-02 3.875379028704231121e-01
1.299577574752475151e-02 3.843739179669823924e-01
1.370953828612719860e-02 3.804564211148842023e-01
1.400465902889158620e-02 3.788392120520397421e-01
1.420121818010466885e-02 3.777793265577835680e-01
1.472602565200487046e-02 3.750850262792242429e-01
1.609181859317876384e-02 3.683627777023775751e-01
1.655238371295353339e-02 3.661049522715925653e-01
1.766463607504786815e-02 3.606676005303021126e-01
1.827455817644552116e-02 3.577411057791215487e-01
1.998545789179062560e-02 3.497761066063359570e-01
2.014288364777139240e-02 3.490519006934903468e-01
2.080611943565002786e-02 3.460114556838633781e-01
2.106636900754632613e-02 3.448348694037637330e-01
2.238057838639673225e-02 3.390566010206514935e-01
2.282885819417923567e-02 3.371263257962946458e-01
2.284727384331219913e-02 3.370472624274697404e-01
2.346015639188669955e-02 3.346508254280153860e-01
2.454601454874627553e-02 3.305216170123350672e-01
2.787411525337601947e-02 3.178941084251325488e-01
2.822976773923513427e-02 3.166050366242854075e-01
2.946259778204363133e-02 3.123886661260522057e-01
3.015383012653027883e-02 3.100423422771297899e-01
3.072214819244767359e-02 3.081666446242138369e-01
3.150657618701724338e-02 3.056497183202205870e-01
3.263781299689050286e-02 3.020444892388925995e-01
3.381637779417567824e-02 2.983346401764522815e-01
3.429965952078428693e-02 2.968276495113066904e-01
3.469296875386651546e-02 2.956047486339641317e-01
3.607665745364296850e-02 2.913065345629959335e-01
3.655889819704316590e-02 2.898510501330208156e-01
3.709690895925266130e-02 2.882574395059980255e-01
4.037485836550447349e-02 2.787944227095404681e-01
4.200832303807833235e-02 2.743276222414587906e-01
4.295549100202700199e-02 2.717684024040779578e-01
4.350808824374807759e-02 2.702872723691545076e-01
4.382755041634467386e-02 2.694760289107089868e-01
4.466010306905843219e-02 2.674109384832856762e-01
4.506692236073372992e-02 2.664271798758847121e-01
4.528619201923433923e-02 2.659132579173132394e-01
4.586745447569517964e-02 2.645761302577763763e-01
4.788839466128369526e-02 2.600673308739598344e-01
5.044313176335391002e-02 2.543820577521654913e-01
5.247094584970291020e-02 2.498697089118778747e-01
5.359353025970547968e-02 2.473794047840109922e-01
5.474851699498162194e-02 2.448961213237811352e-01
5.551847213298166661e-02 2.432542895673897032e-01
5.689317919967507020e-02 2.403384447204249819e-01
5.787863386741043392e-02 2.382736178972171270e-01
5.812564473435333223e-02 2.377674864298623403e-01
5.924600789879896912e-02 2.356679290166057150e-01
6.067681676052150141e-02 2.330370963722676603e-01
6.211349891880080243e-02 2.304850254293338008e-01
6.626937198436211318e-02 2.233264605949715209e-01
6.803610195985831943e-02 2.203021349949152441e-01
7.007574036255070915e-02 2.168117299145189136e-01
7.168823512355415595e-02 2.140708811021386770e-01
7.222634075939049492e-02 2.131611322345817738e-01
7.286539416860593477e-02 2.121341844736102100e-01
7.428853688165193425e-02 2.099030866857767297e-01
7.599867052873277018e-02 2.073109034055882205e-01
7.855357641663174295e-02 2.035161840868014993e-01
8.193399677296142603e-02 1.985915805597017192e-01
8.323970588238860380e-02 1.967057660167418343e-01
8.359862012358654226e-02 1.961895262139787821e-01
8.433364962419864774e-02 1.951514380950519767e-01
8.624351492382975604e-02 1.924616781198315030e-01
8.935728322759306508e-02 1.880805688045766866e-01
9.289578695652711549e-02 1.831182459195680456e-01
9.554848711793662019e-02 1.794318066375286680e-01
9.821474872935997968e-02 1.757437372292243172e-01
1.012531879371063592e-01 1.715745518308902096e-01
1.017715221053890895e-01 1.708837750990235271e-01
1.030417615458465441e-01 1.692706929967754403e-01
1.033058066946717091e-01 1.689405873059868224e-01
1.060283528262166985e-01 1.655503816748926660e-01
1.109753900355767708e-01 1.595084645515539856e-01
1.142723500204545495e-01 1.555057182906356417e-01
1.149015111567314174e-01 1.547513295371142350e-01
1.152368878106895256e-01 1.543493957879936707e-01
1.165017373419708901e-01 1.528583783229536808e-01
1.186586916626466426e-01 1.504262477058296854e-01
1.196605108205437418e-01 1.493054552840110683e-01
1.218301793362007723e-01 1.469528767342325182e-01
1.223847904089443439e-01 1.463622370069703749e-01
1.272393391159271081e-01 1.412202969741028769e-01
1.283518751860895923e-01 1.400499745815505515e-01
1.299912142660962777e-01 1.383282659594431419e-01
1.302057103593549092e-01 1.381050731250662578e-01
1.320462439018018630e-01 1.362329038680879512e-01
1.333051448341127099e-01 1.349569508466466061e-01
1.352710254812112822e-01 1.329934748743112349e-01
1.379644032520604968e-01 1.304066036849724775e-01
1.420554648640249829e-01 1.265382910039221098e-01
1.440767672290083068e-01 1.246902353064399671e-01
1.450401036959948486e-01 1.238136780376554169e-01
1.487816259246860229e-01 1.204246163257406410e-01
1.511943475667550940e-01 1.182400854567738913e-01
1.537976316997142767e-01 1.158894089796407290e-01
1.542239222636569984e-01 1.155054608138755823e-01
1.596238132904296281e-01 1.106946803456798634e-01
1.613866388500504456e-01 1.091475688678346101e-01
1.655082571826972382e-01 1.056175230876031934e-01
1.676070252385564174e-01 1.038514237373970861e-01
1.711452734820723132e-01 1.008769373074072107e-01
1.718858043488783460e-01 1.002655086252742800e-01
1.745283447129561960e-01 9.816273118710039380e-02
1.753977685027777733e-01 9.747204753372396002e-02
1.757154682326272921e-01 9.722604719739491586e-02
1.785037416355645945e-01 9.509332744207954491e-02
1.821048770990765231e-01 9.239836944757240378e-02
1.841495393781518164e-01 9.090830923389214835e-02
1.880567306061765587e-01 8.817176716673758019e-02
1.891325459118851082e-01 8.743345390990986399e-02
1.904196362194039427e-01 8.655149858367860993e-02
1.988268642884166715e-01 8.087517862386472967e-02
2.000796565414659778e-01 8.003673209891548623e-02
2.035901940354480910e-01 7.769684206322424735e-02
2.065995757177983005e-01 7.570570884595684280e-02
2.085369446763168932e-01 7.443238250114103671e-02
2.100311231178572102e-01 7.345582764037072998e-02
2.102750128102512939e-01 7.329854671702706881e-02
2.111769931940131739e-01 7.272237612947163310e-02
2.132642836948054343e-01 7.138930005150800895e-02
2.147688119062716172e-01 7.046406085096079686e-02
2.166396787767669307e-01 6.932027527322803806e-02
2.179314127459391903e-01 6.853119355648573663e-02
2.190931379164889892e-01 6.786125784633623148e-02
2.250941851899619373e-01 6.444685744038436415e-02
2.290243736397113983e-01 6.222859767877764181e-02
2.313760775321895835e-01 6.093005891369729365e-02
2.373348929619143455e-01 5.766132220628006344e-02
2.404825944770356827e-01 5.593939555753557613e-02
2.445216818509768908e-01 5.382299582787464232e-02
2.465350644829361615e-01 5.281397815942645568e-02
2.476094033179566667e-01 5.227845911019657343e-02
2.502782096140012680e-01 5.097051187773515846e-02
2.516352881313750345e-01 5.032413786450684601e-02
2.520003552163512239e-01 5.015096773525351548e-02
2.549262722167622286e-01 4.878513552687435695e-02
2.573486147076019526e-01 4.769118677930528349e-02
2.578917191622808192e-01 4.744644588529689511e-02
2.600553013151398751e-01 4.648372172330195173e-02
2.627610351061461236e-01 4.528295940479964976e-02
2.680449596049367944e-01 4.295476692611421843e-02
2.721253958053991839e-01 4.116481781322844924e-02
2.734301361920397078e-01 4.059594208671402082e-02
2.750656558160089471e-01 3.989580392763159011e-02
2.762769841614324262e-01 3.938625662410888406e-02
2.804755283219585449e-01 3.773114381487452373e-02
2.828214406386164725e-01 3.683898247435157813e-02
2.839065368407396317e-01 3.642862556356551984e-02
2.842707161520039438e-01 3.629093399597327352e-02
2.892330670086382671e-01 3.442209853392808050e-02
2.900214248170345233e-01 3.413008255504301758e-02
2.914432596136065090e-01 3.361177400117798530e-02
2.934168322764255654e-01 3.291597108721500131e-02
2.939076795143358289e-01 3.274906565890367549e-02
2.947839477144710285e-01 3.245317646899248398e-02
2.984341555578252647e-01 3.126948400293627639e-02
3.013127743869908892e-01 3.036324592662675848e-02
3.072240370864186554e-01 2.853263062241495618e-02
3.116133509092754439e-01 2.718341236465271482e-02
3.141606013921675045e-01 2.640446439363486331e-02
3.159797825725759735e-01 2.585383799015006367e-02
3.318391759048414658e-01 2.117074791763717823e-02
3.354158549294594671e-01 2.012126432060157288e-02
3.362664827225571029e-01 1.988218791364515514e-02
3.380920354481347090e-01 1.939287881868245744e-02
3.399721237444496280e-01 1.889813221023362022e-02
3.411677764533131985e-01 1.860367595314726952e-02
3.414367924301301427e-01 1.853917668777227412e-02
3.451144018963099303e-01 1.767098478856121702e-02
3.472854057256530291e-01 1.716015983695740044e-02
3.516248319549144519e-01 1.614430095199881343e-02
3.560717576805997320e-01 1.514412351627880682e-02
3.583600382508530524e-01 1.466999760451093149e-02
3.603671911042362064e-01 1.425575155547287309e-02
3.625945005379265229e-01 1.380895285949712559e-02
3.668506669634507000e-01 1.296255130457324434e-02
3.714046094703645773e-01 1.208711056086753111e-02
3.743034838076420012e-01 1.157227983833708507e-02
3.795184339295059051e-01 1.071246191618135946e-02
3.804734891207964820e-01 1.055720766651524478e-02
3.813450528785889970e-01 1.041602741707703395e-02
3.839517696210372755e-01 9.995779636741253249e-03
3.852516807948954680e-01 9.798525150320203103e-03
3.943768748309683936e-01 8.443672964682624738e-03
4.009540394077311110e-01 7.525610527148618445e-03
4.030662238422487720e-01 7.232737270476574665e-03
4.038034573133938432e-01 7.143021242203451138e-03
4.128021221852609113e-01 6.181583460076134351e-03
4.173309617202343169e-01 5.716285237240881223e-03
4.258245935649106473e-01 4.851227171241645486e-03
4.268978034423668300e-01 4.742935804383563436e-03
4.306741089246259868e-01 4.396909940346693801e-03
4.340489554561985930e-01 4.093154421806910470e-03
4.408487705100769816e-01 3.483726388881946967e-03
4.426461676612274410e-01 3.328240746820920748e-03
4.457970394478082410e-01 3.073927912076390712e-03
4.523006648638143723e-01 2.621174643085644185e-03
4.559502761355330724e-01 2.375792651577723902e-03
4.595380714557848467e-01 2.138862147563314053e-03
4.620001723077925559e-01 1.976717387910609247e-03
4.654112371175438412e-01 1.796167569524054208e-03
4.724735808541429272e-01 1.433442741879065174e-03
4.745715370541008227e-01 1.335224657487810163e-03
4.762035199173375588e-01 1.280172991745209821e-03
4.762254083540975458e-01 1.279556318078300947e-03
4.775686593563333027e-01 1.252383779401067265e-03
4.847879762685308735e-01 1.139128530590283184e-03
4.888162908856624744e-01 1.091726115259317176e-03
4.952353660498837185e-01 1.037076490415733687e-03
4.997275727156601510e-01 1.013192829019460284e-03
5.040715616067902305e-01 1.019168959014216114e-03
5.061751124285953640e-01 1.027900661484171252e-03
5.130247367426239435e-01 1.066871107915035033e-03
5.148274948185416200e-01 1.084507495067943417e-03
5.155011029743777895e-01 1.092048039130211201e-03
5.180984854809462803e-01 1.128206160364242372e-03
5.219663508997273160e-01 1.188860677589387294e-03
5.228520237846312479e-01 1.214366060873772746e-03
5.243777719669796555e-01 1.262874430867477749e-03
5.320569209330658911e-01 1.576949863282606223e-03
5.339288651206599567e-01 1.661717612106761166e-03
5.353772197217897544e-01 1.733799413231151831e-03
5.371460000966404857e-01 1.825607410977703182e-03
5.388193625563335587e-01 1.919472081186368584e-03
5.444443812454827780e-01 2.235968856727499343e-03
5.459876144715365420e-01 2.332047017640004327e-03
5.517849008661993571e-01 2.704389399775464220e-03
5.527297384360893018e-01 2.772898567517834145e-03
5.554736232396881856e-01 2.975321725508961457e-03
5.626267943843957786e-01 3.530610456161875632e-03
5.683562055582166428e-01 3.996302139931739994e-03
5.824481312245727294e-01 5.195634045470964857e-03
5.900538049843806476e-01 5.843436644892840981e-03
5.915043627112673841e-01 5.972892249463845893e-03
5.940585223358330058e-01 6.207090215991750703e-03
5.991484276094152239e-01 6.673945141393633484e-03
6.085440129417254429e-01 7.577920744753274818e-03
6.133500416773958186e-01 8.052647093986897708e-03
6.162458911644261850e-01 8.347405750954273174e-03
6.245065052503526726e-01 9.225033355267475699e-03
6.251438998633355171e-01 9.295005059400507363e-03
6.263363081522832498e-01 9.440837074393582107e-03
6.295787686327030119e-01 9.843677119785509966e-03
6.323688173043203742e-01 1.019230617939170802e-02
6.354127880325691757e-01 1.060715876078999198e-02
6.372126084197632379e-01 1.085395048327508771e-02
6.423959279167730241e-01 1.163042543303560716e-02
6.456219105177127826e-01 1.212249470764015236e-02
6.507013613792068663e-01 1.290472267109754601e-02
6.585804365655421044e-01 1.415029178610172078e-02
6.624254536416848138e-01 1.476725722027172338e-02
6.633022523775133905e-01 1.491352642220178382e-02
6.681359464409345472e-01 1.574174571627573460e-02
6.693367490644318574e-01 1.595281771156031869e-02
6.748029749037882663e-01 1.698671198794055037e-02
6.800113484597332114e-01 1.798904761822583964e-02
6.806848186845009252e-01 1.812549398513774168e-02
6.811340152330721542e-01 1.821663808191509304e-02
6.860039840729614813e-01 1.922212506975973234e-02
6.883842125633918840e-01 1.972263812247443404e-02
6.931972333173140877e-01 2.081430372999737433e-02
6.966702086089366919e-01 2.161272737425368184e-02
7.017409193759204245e-01 2.278284899892235593e-02
7.048655934553290647e-01 2.351555422332562983e-02
7.070324791449352775e-01 2.408136781849801178e-02
7.091776330908575732e-01 2.464199413278866935e-02
7.103554550689592517e-01 2.495730855429778572e-02
7.129944028250640997e-01 2.566878370092018358e-02
7.154092080906468976e-01 2.633925032752215678e-02
7.175360961305886631e-01 2.693440937609281605e-02
7.240397973443200019e-01 2.878586867284749218e-02
7.283689994899897879e-01 3.010317523938665918e-02
7.309180716342410511e-01 3.090710268735374910e-02
7.343276434336285519e-01 3.199466868732858682e-02
7.364428320190143928e-01 3.272363739101757929e-02
7.380523849545495008e-01 3.327892537606913503e-02
7.414316098180836478e-01 3.446345003532014228e-02
7.428691259377316891e-01 3.497004037979478674e-02
7.499942738684575172e-01 3.750568784268137890e-02
7.502499459960829675e-01 3.759842119725553822e-02
7.523329433850256542e-01 3.836988810554331497e-02
7.546560521247557274e-01 3.925154401298680540e-02
7.550973432940354391e-01 3.942760100977982241e-02
7.586251267987494940e-01 4.084755865023081967e-02
7.614749763376968961e-01 4.201428349950853125e-02
7.626324733140940060e-01 4.248946451807322777e-02
7.632732278672191839e-01 4.276202206844936793e-02
7.643858764504027903e-01 4.324249202451313501e-02
7.694717766656251623e-01 4.551538151267930932e-02
7.715200067568814823e-01 4.645414730481611798e-02
7.717865233398495395e-01 4.657812263216043469e-02
7.733478744957990036e-01 4.730530063188975731e-02
7.740881049086830723e-01 4.766038120801019407e-02
7.777657720538208030e-01 4.949319009008268377e-02
7.808953929981995445e-01 5.107033560917195736e-02
7.848213769562981668e-01 5.332228686641160564e-02
7.928288353633324848e-01 5.793525454660786167e-02
7.936423282271654056e-01 5.842287757562880657e-02
7.968007672408790043e-01 6.033850423428588350e-02
8.044987743357771004e-01 6.507926638691019505e-02
8.057220813636802870e-01 6.583350139258137279e-02
8.080949707679297989e-01 6.733160982923436233e-02
8.096353831226572595e-01 6.830522336457223176e-02
8.112829469559701412e-01 6.934762952742823394e-02
8.120678695201315467e-01 6.984731632588203620e-02
8.149659168378905472e-01 7.171773818557325431e-02
8.175872134025254923e-01 7.343087816973448145e-02
8.202545934542798678e-01 7.517733915756275032e-02
8.209098852318761352e-01 7.561993978455316956e-02
8.266832632791969449e-01 7.952989045824176984e-02
8.287421470494323872e-01 8.096042452630947128e-02
8.302528043561328008e-01 8.201753029479152968e-02
8.311405971963319317e-01 8.267119476622397656e-02
8.327918763695614235e-01 8.390433539059016788e-02
8.353307455375563739e-01 8.580334302895098464e-02
8.364930425650283219e-01 8.669152858679429752e-02
8.393755098762156752e-01 8.890622780602730479e-02
8.436574820681566056e-01 9.229266345070286093e-02
8.450091510709665243e-01 9.339046758191504871e-02
8.474489298173215612e-01 9.537440573662947507e-02
8.478106500691295899e-01 9.567338725181695480e-02
8.486662142959701116e-01 9.640473033147678450e-02
8.489191224236485311e-01 9.662485270925769143e-02
8.508104707463971517e-01 9.828921437979076803e-02
8.546405548169164756e-01 1.016792949838657423e-01
8.555884370850146414e-01 1.025548129147751952e-01
8.573454393278677754e-01 1.042022189691016454e-01
8.584180300439213651e-01 1.052087570667613603e-01
8.607621391288711177e-01 1.075221389047752441e-01
8.623007280062605640e-01 1.090433378907141870e-01
8.637116057763977173e-01 1.104991933161527662e-01
8.662213525807185288e-01 1.131066994924492253e-01
8.670397354367425091e-01 1.139647812062117849e-01
8.683665316560275071e-01 1.153561796114622728e-01
8.699196487858366078e-01 1.169944873982387001e-01
8.709686590276737306e-01 1.181230601913774159e-01
8.737457239691945876e-01 1.211211637389256746e-01
8.750398935213213880e-01 1.225490333901010365e-01
8.769019176705614704e-01 1.246320733538472947e-01
8.790631270882176551e-01 1.270651763304069259e-01
8.796130292295082365e-01 1.276858026549870795e-01
8.815426796428827982e-01 1.298780628689600869e-01
8.889096487225679466e-01 1.384508449518491169e-01
8.902934154581981785e-01 1.400747819737110378e-01
8.906945821806467878e-01 1.405485891269170340e-01
8.942095519004371607e-01 1.447410909932208556e-01
8.960506377902375252e-01 1.469430448091516572e-01
8.970120970185069265e-01 1.481136739459106844e-01
8.972977336782255176e-01 1.484802876137176764e-01
8.990910660131312682e-01 1.508011965861777437e-01
8.999371544581400428e-01 1.519268067279789802e-01
9.009644724951874073e-01 1.533010298338522981e-01
9.022828702508285392e-01 1.551427421205920920e-01
9.061492909332741208e-01 1.605911969335608314e-01
9.064155639719136959e-01 1.609841908015885448e-01
9.087528289205271115e-01 1.644557554247501052e-01
9.110078950249040908e-01 1.678588656370585408e-01
9.129569359439017040e-01 1.709148622502238979e-01
9.140586861620026982e-01 1.726550433158251519e-01
9.148967454635357210e-01 1.739845555128808341e-01
9.164059847750197774e-01 1.763812945911151786e-01
9.170396591909674155e-01 1.773919434295949671e-01
9.172685821455042188e-01 1.777595004700600612e-01
9.182407656638872373e-01 1.793570342534068773e-01
9.185130843124902356e-01 1.798116689674796875e-01
9.190765070447667329e-01 1.807729330937192236e-01
9.206803464209217802e-01 1.836590243122733224e-01
9.232045271952175058e-01 1.882249792404760980e-01
9.236979386022458050e-01 1.891499435967828324e-01
9.270850217520159031e-01 1.955032873293456319e-01
9.281960137134196431e-01 1.975983764127382525e-01
9.290298226145706773e-01 1.992001400953962165e-01
9.297179622256175335e-01 2.005427637986305633e-01
9.315396904296786573e-01 2.041203759698263509e-01
9.335396901835812944e-01 2.080818095344637575e-01
9.348778691676181696e-01 2.107568008002910220e-01
9.364625421275130090e-01 2.139662049475296035e-01
9.377431319887058470e-01 2.166200258785156985e-01
9.384713262134157796e-01 2.181534047237934093e-01
9.400388691248380280e-01 2.214829843854331237e-01
9.423468913885574283e-01 2.264118933919401222e-01
9.429565726664186354e-01 2.277309532404034886e-01
9.442784899887980421e-01 2.306450634839456448e-01
9.455832176596480343e-01 2.335300959407080601e-01
9.481020412261014219e-01 2.391917983985187846e-01
9.495043912951787179e-01 2.423577069801684525e-01
9.500163373703071068e-01 2.435184660094766862e-01
9.514692707010229400e-01 2.469235637593214516e-01
9.532184637628917656e-01 2.510667490071641916e-01
9.554722305850696928e-01 2.564804805112466113e-01
9.555184293743856916e-01 2.565964971252611138e-01
9.561851719747153089e-01 2.583325923890296139e-01
9.578876313308201107e-01 2.628641382513919877e-01
9.583835367919965043e-01 2.641905376323547827e-01
9.618127833664168458e-01 2.736308406067503585e-01
9.625373676364656905e-01 2.756328426961385247e-01
9.635605896869346987e-01 2.785499017646201336e-01
9.640308497113446728e-01 2.799017677982882368e-01
9.645905572516033644e-01 2.815296603899120065e-01
9.664760656046880172e-01 2.873738190124179859e-01
9.668124458694847823e-01 2.884240568564822027e-01
9.682113041621839278e-01 2.928547790742469514e-01
9.706874951429099729e-01 3.008461521358576363e-01
9.714413417728989808e-01 3.033507062438838275e-01
9.719048218264783046e-01 3.049088709759527616e-01
9.728864970844045557e-01 3.082472566973351036e-01
9.747747617390269959e-01 3.152089907525509327e-01
9.757881483108670206e-01 3.189793272703360660e-01
9.760764157854726619e-01 3.200819648676701545e-01
9.761831402083378517e-01 3.205000580377166397e-01
9.782828625653101629e-01 3.288362223925452854e-01
9.789606729149494813e-01 3.315451165888103624e-01
9.794494617481047660e-01 3.335171315090806887e-01
9.803348038997744540e-01 3.373991100060231840e-01
9.816207202167656076e-01 3.430560747516189224e-01
9.832511505638723559e-01 3.502573544160318963e-01
9.836108744733372822e-01 3.519359920757939575e-01
9.837954314609463902e-01 3.528000477237469568e-01
9.842701127294664065e-01 3.551751848304758319e-01
9.847628701882074065e-01 3.577036248596537904e-01
9.855746994990488563e-01 3.622212518951359872e-01
9.861836940024081288e-01 3.656678687877820133e-01
9.871311979968722117e-01 3.710853641575813100e-01
9.872449880141993539e-01 3.717555513518927546e-01
9.882274141091604847e-01 3.778032603140341061e-01
9.883775303508286481e-01 3.787635306689924874e-01
9.887860439255133915e-01 3.814803304280812712e-01
9.889266305772616006e-01 3.824167585197274510e-01
9.899118801240892607e-01 3.890367461785282366e-01
9.902719706741152095e-01 3.914564993208805577e-01
9.910187736539060044e-01 3.965600834878499903e-01
9.918900716344667412e-01 4.025927868300230861e-01
9.921022483284696047e-01 4.040641542526451913e-01
9.924690226108782154e-01 4.067154011539825254e-01
9.926152180347614928e-01 4.078265410000009306e-01
9.930951568972031795e-01 4.116013332072234743e-01
9.933180164228462283e-01 4.133690908063343272e-01
9.938741239683724915e-01 4.177985874972264257e-01
9.940776435746979667e-01 4.196893351246325787e-01
9.942075781411058299e-01 4.210408002222202350e-01
9.945564119058496466e-01 4.246840002284508753e-01
9.949509553876676460e-01 4.288342372526172674e-01
9.953778943607841656e-01 4.333520126269014838e-01
9.955403610790455327e-01 4.351271297943217764e-01
9.955580367908613004e-01 4.353301499474808711e-01
9.959999880762120394e-01 4.404571708588684853e-01
9.965063256308294148e-01 4.472219888648925057e-01
9.967792890952342777e-01 4.514742548872268113e-01
9.968483774917352713e-01 4.527112389202881948e-01
9.970538705446713168e-01 4.564691768811999228e-01
9.971508103075418239e-01 4.584475493620704389e-01
9.976532719703908869e-01 4.691238352816542445e-01
9.977836155863525347e-01 4.722953339015429908e-01
9.981222661704554078e-01 4.805502900999857330e-01
9.982995378866691416e-01 4.849668922513712399e-01
9.983665573609914468e-01 4.867960472674393024e-01
9.983881570704118413e-01 4.873860261680217354e-01
9.986742096888220344e-01 4.952658906230622549e-01
9.987221963241724731e-01 4.974127348782051428e-01
9.987423797925923941e-01 4.987281962107737998e-01
9.988075926552527628e-01 5.034561344513049930e-01
9.988308444105296058e-01 5.073168491208864816e-01
9.988475352642648408e-01 5.118968489676986033e-01
9.988354677951902794e-01 5.152164242001144867e-01
9.988332087517022284e-01 5.155538860204722518e-01
9.988186281532863697e-01 5.171718077279354731e-01
9.988055146217909019e-01 5.184729169736774779e-01
9.987775855066275410e-01 5.208031511045123629e-01
9.986386825468016593e-01 5.268273489387170772e-01
9.986195103492613301e-01 5.275002272391939862e-01
9.984127548996842849e-01 5.338688978136425511e-01
9.983443761296445507e-01 5.357707470303356700e-01
9.982497448423687247e-01 5.382774539056616181e-01
9.981915769573128649e-01 5.396629053664181441e-01
9.981525234990198392e-01 5.405417807894712379e-01
9.979201144710599936e-01 5.455743548698402945e-01
9.978860706305258121e-01 5.462133597410100405e-01
9.977949121002774868e-01 5.478411493541855970e-01
9.972890704899871617e-01 5.557537269430350424e-01
9.970517871057993364e-01 5.593593426080044617e-01
9.968978893988578172e-01 5.616337579641917932e-01
9.968844107224213991e-01 5.617888609658533428e-01
9.967452742463522863e-01 5.633078098887770446e-01
9.966122457189089401e-01 5.647164460927808216e-01
9.963616216110966484e-01 5.672916768830101875e-01
9.962950169899060793e-01 5.679443274294408983e-01
9.960679908133250882e-01 5.699447266572071902e-01
9.957293495299192054e-01 5.727613950257951503e-01
9.946686195948735154e-01 5.812432088284971154e-01
9.943074009311900774e-01 5.840370247718568164e-01
9.939963442392624193e-01 5.864229208764628609e-01
9.935156000385519937e-01 5.899791318234030024e-01
9.932580084686420951e-01 5.918152760526942391e-01
9.930870053539200271e-01 5.930077166605464134e-01
9.915626056593593862e-01 6.030186977266352999e-01
9.914374354370676379e-01 6.038316755367997279e-01
9.907713934138795420e-01 6.079218841624401959e-01
9.906945158440122468e-01 6.083939394097875875e-01
9.904653953276504330e-01 6.097632037223389423e-01
9.896435027290253483e-01 6.146340826287263193e-01
9.889329339756419701e-01 6.187336341137807949e-01
9.885197512520801366e-01 6.211027194584279876e-01
9.883102813268533904e-01 6.222508270627568061e-01
9.881570313774076242e-01 6.230864448651600718e-01
9.878948210095864768e-01 6.244989103725728796e-01
9.871147317925149656e-01 6.286773507458883747e-01
9.863679733526592441e-01 6.324902449983630381e-01
9.858990034590616736e-01 6.348494377324079840e-01
9.851344209141847941e-01 6.386734270637959288e-01
9.844984239228875555e-01 6.418307223718926480e-01
9.843353365947931088e-01 6.426201130545196039e-01
9.832073396889102757e-01 6.478925672293122107e-01
9.829895958610979090e-01 6.488686028620069823e-01
9.814136099472262620e-01 6.553827647354012464e-01
9.808785095041273605e-01 6.575760926761906600e-01
9.803577717560749694e-01 6.597058317420992912e-01
9.788449480151381055e-01 6.658467562930772132e-01
9.778558180575276371e-01 6.698601771334241617e-01
9.774954720597253122e-01 6.713181876290634786e-01
9.770168358528038555e-01 6.731844358528048522e-01
9.767901774950012994e-01 6.740592526625563963e-01
9.758671770172624438e-01 6.775857214528903105e-01
9.736989576542862679e-01 6.852916369002082231e-01
9.723481258509494296e-01 6.900218115903278271e-01
9.718850219832579906e-01 6.916288627896237662e-01
9.715473987852782933e-01 6.927766771681961311e-01
9.714460100756787675e-01 6.931077831026398739e-01
9.700293805614720322e-01 6.977185672561346808e-01
9.698177696327611175e-01 6.983893247968032680e-01
9.685785729879097250e-01 7.023145348668102805e-01
9.684656472120740656e-01 7.026606034222422359e-01
9.679312280016404424e-01 7.042901225457193215e-01
9.672456060823172441e-01 7.063234813705318027e-01
9.657770365383553379e-01 7.106188319343158533e-01
9.653239297168506594e-01 7.119263183674482409e-01
9.625976370101950730e-01 7.197486123453422646e-01
9.617956877105240387e-01 7.220222630374483197e-01
9.607817964197074012e-01 7.248556019999058408e-01
9.593800704682501346e-01 7.286907135343627662e-01
9.556099141321983126e-01 7.386560646775770511e-01
9.553728206746711082e-01 7.392809254966813404e-01
9.540664087556072204e-01 7.427205224039664655e-01
9.537998618849012900e-01 7.434180008760683522e-01
9.507426846078773641e-01 7.514136945255913691e-01
9.490400982122699780e-01 7.558135379043653401e-01
9.483287003868146048e-01 7.576102930256353174e-01
9.458133028213508986e-01 7.638514420767396063e-01
9.453522743829305686e-01 7.648980542699116425e-01
9.437317428831910604e-01 7.685029853331408756e-01
9.429938428149262641e-01 7.701305049253788226e-01
9.417653895480426751e-01 7.727804722496477430e-01
9.397659914037662654e-01 7.770765407226625232e-01
9.393492582268252455e-01 7.779325627082488426e-01
9.380658448129378657e-01 7.805543226466410411e-01
9.370861026333285881e-01 7.825478337174519572e-01
9.370578908952631458e-01 7.826045071387233154e-01
9.355676064352623778e-01 7.855914150256539941e-01
9.331072995558107319e-01 7.905069183708147706e-01
9.320800396256538889e-01 7.924852448822854445e-01
9.297093173951574974e-01 7.970397922634774313e-01
9.294489256413220879e-01 7.975363206767486224e-01
9.278849448151070822e-01 8.004768189533308931e-01
9.237725896329759268e-01 8.081614561229437665e-01
9.234309129407090033e-01 8.087951963734379968e-01
9.220824402046048363e-01 8.112366027768378451e-01
9.206879053431015203e-01 8.137560239184937760e-01
9.187602201603980445e-01 8.171986957896447690e-01
9.182257145948929944e-01 8.181516459913410477e-01
9.180086040699574346e-01 8.185341075547212242e-01
9.169601768541819631e-01 8.203290693564890823e-01
9.160439403944069525e-01 8.218957297302793563e-01
9.155933123386128525e-01 8.226529689887700503e-01
9.144385081335331122e-01 8.245624628986413240e-01
9.133690565685245177e-01 8.262627338706847180e-01
9.123520587136385585e-01 8.278393250039867146e-01
9.118753519001197017e-01 8.285764446049366239e-01
9.096524204786142764e-01 8.320078394694693236e-01
9.089826152746355303e-01 8.330411178332953748e-01
9.075793727004317635e-01 8.351849700421035694e-01
9.063573264684748887e-01 8.370456291079076960e-01
9.048740847734226822e-01 8.392774434312987308e-01
9.035292809735250286e-01 8.412708598713052321e-01
9.003243871841596357e-01 8.459393404770089164e-01
9.001496020209650561e-01 8.461905042643883545e-01
8.992411631405052841e-01 8.474862524741062497e-01
8.980333586239119814e-01 8.491803300720763836e-01
8.969183695339408846e-01 8.507358509130535928e-01
8.953576191896491787e-01 8.528535708312964259e-01
8.942873602227865426e-01 8.542967974375318407e-01
8.937322412162642671e-01 8.550331620603356386e-01
8.923869635635197639e-01 8.567923648924944402e-01
8.915067429759194750e-01 8.579200167674096988e-01
8.887756546860807738e-01 8.614119964726952849e-01
8.856548518721305552e-01 8.652673397113582743e-01
8.836981932289190711e-01 8.676589425107186226e-01
8.824832002502172035e-01 8.691142938708277255e-01
8.798296580616261631e-01 8.722883454385391699e-01
8.787101810894222265e-01 8.735938598101491426e-01
8.781021734825609215e-01 8.742897473586096480e-01
8.766184448924794204e-01 8.759614363695419348e-01
8.764276589969030029e-01 8.761758505619924309e-01
8.749423131225070316e-01 8.778321772503310250e-01
8.715238287213099566e-01 8.816260660478719702e-01
8.690403819349671322e-01 8.840981529435673059e-01
8.682574943532456180e-01 8.847720432710298732e-01
8.679265976991745735e-01 8.850334448077108451e-01
8.664310657158135198e-01 8.862027696130574395e-01
8.640009618010539016e-01 8.880982645419284172e-01
8.609004053853712701e-01 8.905122877313473850e-01
8.601285325077239197e-01 8.911073811875904749e-01
8.588807675585982127e-01 8.920676568106923332e-01
8.580568793353871015e-01 8.926981674690214197e-01
8.557844302801798086e-01 8.944139291800932146e-01
8.530633940615063304e-01 8.964625043981516717e-01
8.474373530297686363e-01 9.006427204218609983e-01
8.468085604029735869e-01 9.011068812692916152e-01
8.456191168078074361e-01 9.019735753606505924e-01
8.454055749375437578e-01 9.021285697953294047e-01
8.420576569705348069e-01 9.045533318465609485e-01
8.384730774141297971e-01 9.070966034529256428e-01
8.362322837952657073e-01 9.086828510145608107e-01
8.342382457789400130e-01 9.100840668984900850e-01
8.332152077274534996e-01 9.108013776061801847e-01
8.284492483574571464e-01 9.140853369777500737e-01
8.272146147679095840e-01 9.149274513431849831e-01
8.246245971053836055e-01 9.166729422731213495e-01
8.228048281676285658e-01 9.178944678908008692e-01
8.204317128323278530e-01 9.194692797359230729e-01
8.182351549144137870e-01 9.209014708250878867e-01
8.164266971798481709e-01 9.220799425848287267e-01
8.150680184469347722e-01 9.229594732188051154e-01
8.127404029269998942e-01 9.244297997811342649e-01
8.113161474041813426e-01 9.253120379290640241e-01
8.089846623098837508e-01 9.267443871617478957e-01
8.026714703271619067e-01 9.305781638528897171e-01
8.012286327769444494e-01 9.314343401968323555e-01
8.006463087868216366e-01 9.317770911541526369e-01
7.998289347806276650e-01 9.322554754532976773e-01
7.949800672059684770e-01 9.350705474914398074e-01
7.935495040739246608e-01 9.358872099406542189e-01
7.904866159560152150e-01 9.376339839749046057e-01
7.865978978383317832e-01 9.398196761439625568e-01
7.836305116487966016e-01 9.414870313170289329e-01
7.826164409494724694e-01 9.420496424282130965e-01
7.782701542047679721e-01 9.444019687290210463e-01
7.779405049361050040e-01 9.445741985825792941e-01
7.742892011650732709e-01 9.464121680974015849e-01
7.732321568364883824e-01 9.469368152368660141e-01
7.723434494211167678e-01 9.473687633672017716e-01
7.716071725023628813e-01 9.477242040346373075e-01
7.697526656807287537e-01 9.486188911037900517e-01
7.689403021962808449e-01 9.490077880941849564e-01
7.676794146181136203e-01 9.495952848040871697e-01
7.613823036627773710e-01 9.524405460187910233e-01
7.573071108997164735e-01 9.542808753932925381e-01
7.484895765792078937e-01 9.581947499749580155e-01
7.451975651610939222e-01 9.596405906991167800e-01
7.415594796800468735e-01 9.612135994463790745e-01
7.400791996181250720e-01 9.618314755769969970e-01
7.335654080560829460e-01 9.644678909293205038e-01
7.267665135577957569e-01 9.671442824172663544e-01
7.218263836222174046e-01 9.690582335615859355e-01
7.209342391821021989e-01 9.693946750743330787e-01
7.196092952014812028e-01 9.698863022871380135e-01
7.180449772424128962e-01 9.704652483519078388e-01
7.163005147325610666e-01 9.710654168911885264e-01
7.141912632680037509e-01 9.717740344913334827e-01
7.053354403961797914e-01 9.745440850640167962e-01
7.028551901659937373e-01 9.753174292774327014e-01
6.977433072068633946e-01 9.769071264917340569e-01
6.972869475598872935e-01 9.770485652918532438e-01
6.965021215419798795e-01 9.772907125103480475e-01
6.949349963985371748e-01 9.777458745681149033e-01
6.915669363607648279e-01 9.786848564924194305e-01
6.848392462677973525e-01 9.804954814739376134e-01
6.811491440447026147e-01 9.814743012029553126e-01
6.778257416415245373e-01 9.823519022265462253e-01
6.757873010160538874e-01 9.828857810580267085e-01
6.751012914913324670e-01 9.830610886375895641e-01
6.738894942518711684e-01 9.833693004375174684e-01
6.725123942609622096e-01 9.837154855841979684e-01
6.701137228684965752e-01 9.843151921136054083e-01
6.695255513765432376e-01 9.844514976150393615e-01
6.688498975255771084e-01 9.846043148047370908e-01
6.660622811359243611e-01 9.852198489886216937e-01
6.627888756909047219e-01 9.859412979370084651e-01
6.588506929956241542e-01 9.867716347231964003e-01
6.573455271841401881e-01 9.870699069115167479e-01
6.550657733501668023e-01 9.875015340746466919e-01
6.540590015507867783e-01 9.876832022647761278e-01
6.504265771582654621e-01 9.882792330213119314e-01
6.429789193579111828e-01 9.893990660606383214e-01
6.386336604295722585e-01 9.900308820974920154e-01
6.379180659846581669e-01 9.901302523850556980e-01
6.339500678915275245e-01 9.906349558476575945e-01
6.307456842174175016e-01 9.910350821162235979e-01
6.259949819612536936e-01 9.916118932739412806e-01
6.184825193563151524e-01 9.924935194244102199e-01
6.179573242579985415e-01 9.925550122272934761e-01
6.103383443394504448e-01 9.934395532235621440e-01
6.082488757946218350e-01 9.936488164553980429e-01
6.028253572653143877e-01 9.941854670228590374e-01
6.019083835377813108e-01 9.942674039392840335e-01
5.992028489227969601e-01 9.945090370001812285e-01
5.942753473560562494e-01 9.949377605792480983e-01
5.940661905850047608e-01 9.949554702760774472e-01
5.922455359887613957e-01 9.950986596376609761e-01
5.890357486408976939e-01 9.953155422648718442e-01
5.842349913995746880e-01 9.956068297887631369e-01
5.761979247224375822e-01 9.960756467036239181e-01
5.739588506005552926e-01 9.962053328569139277e-01
5.615528337131541203e-01 9.969176161069235320e-01
5.561016049722857790e-01 9.971773153344053453e-01
5.512905772498873924e-01 9.973939253375657676e-01
5.406351771848487697e-01 9.978455685276556020e-01
5.387257476003279866e-01 9.979238206637435216e-01
5.324807105815883013e-01 9.981474285315871109e-01
5.264251315232566508e-01 9.983544480437956947e-01
5.250399291716227879e-01 9.983962811762653322e-01
5.243384691669620290e-01 9.984172002543484359e-01
5.228381918687564633e-01 9.984578235520127354e-01
5.193514629814443007e-01 9.985518115918127213e-01
5.119319181184740497e-01 9.986999192705011685e-01
5.087777352259893471e-01 9.987533126620184998e-01
5.006109988573685943e-01 9.988911180181306859e-01
4.965662855839155787e-01 9.989500859113082942e-01
4.948540393497506962e-01 9.989742768956740848e-01
4.932553434122970426e-01 9.989868071709806507e-01
4.918860122221412334e-01 9.989843575207920656e-01
4.882778498877085038e-01 9.989620955552191983e-01
4.859973947970155361e-01 9.989424367784854875e-01
4.799383683310941562e-01 9.988859435098843553e-01
4.770422745892507477e-01 9.988523271294817985e-01
4.687867815198222265e-01 9.987476246510986755e-01
4.666769906948466939e-01 9.987143334043513399e-01
4.587792742698025839e-01 9.985876787255495435e-01
4.525204458705412991e-01 9.984747899281765093e-01
4.400834499864063609e-01 9.982148975347535647e-01
4.390850979578559965e-01 9.981866546444894128e-01
4.301345730188668171e-01 9.978428252211611893e-01
4.274006554680725989e-01 9.977283031157567761e-01
4.259108597509275729e-01 9.976522823339937229e-01
4.230666826749824860e-01 9.974967259413254350e-01
4.137832871927725753e-01 9.969310989988835470e-01
4.073187257449948362e-01 9.964848112537952884e-01
4.046535658298057170e-01 9.962971176517362304e-01
4.001908180611687404e-01 9.959359630582171885e-01
3.985527309427080445e-01 9.957990014415287749e-01
3.961195890905863104e-01 9.955736899889960911e-01
3.898508409422313248e-01 9.949602772806080964e-01
3.874591785779651909e-01 9.947162612226202461e-01
3.816354461239069851e-01 9.940993055791438326e-01
3.805332491484625379e-01 9.939737421099976711e-01
3.796645996740322104e-01 9.938737989664298000e-01
3.753873401036913471e-01 9.933598337455710192e-01
3.745095011268511076e-01 9.932442815463728980e-01
3.708758402410149424e-01 9.927632613612803469e-01
3.681977314129294410e-01 9.923841017234168449e-01
3.656741307312524336e-01 9.920119786476606638e-01
3.619597212013306864e-01 9.914574518994128116e-01
3.592371180652655926e-01 9.910369480443476098e-01
3.540945995558063553e-01 9.901209261511491055e-01
3.523431734920576819e-01 9.897941756145515191e-01
3.431925604296554022e-01 9.880221394708823546e-01
3.385560404391116940e-01 9.871014676219539430e-01
3.374814125152847399e-01 9.868867492116324414e-01
3.350309277417317100e-01 9.863955053647408544e-01
3.337537707764945960e-01 9.861353535221398792e-01
3.313586548487488237e-01 9.856327470456383022e-01
3.304401506535104005e-01 9.854243251608628684e-01
3.256767501721278268e-01 9.843307574699147189e-01
3.248175852077231918e-01 9.841302348756302276e-01
3.204780403208300488e-01 9.830908975526694293e-01
3.181298362118362144e-01 9.825165044908771295e-01
3.166381253672065910e-01 9.821482615961288909e-01
3.141786690848146213e-01 9.815189802774983985e-01
3.125316548472077960e-01 9.810914986081734623e-01
3.118363034123641242e-01 9.809095792014032034e-01
3.074486445871847939e-01 9.797468025051128127e-01
3.043252749463669637e-01 9.789099719570275582e-01
3.039839743462938726e-01 9.788174772844044913e-01
2.992488828402425360e-01 9.774635940670755030e-01
2.949064156935840009e-01 9.762194084702023877e-01
2.945903763296336964e-01 9.761212122313104311e-01
2.921865215760882650e-01 9.753677370254261181e-01
2.881470718894860727e-01 9.740494547857593277e-01
2.831925333524832888e-01 9.724054389117626762e-01
2.809099798587497698e-01 9.716457671155694920e-01
2.787143610987034004e-01 9.707972912318044711e-01
2.765881417279325571e-01 9.699679709893934687e-01
2.743807347655337070e-01 9.690628644307349715e-01
2.728357505297825947e-01 9.684155797543575472e-01
2.702499047775628327e-01 9.673275021270711926e-01
2.648677606816962626e-01 9.650626487269655662e-01
2.627720666891273371e-01 9.641635756256360379e-01
2.621760827656668402e-01 9.639015421507844961e-01
2.600327604554065752e-01 9.629530059119999486e-01
2.593886449748816769e-01 9.626662465878523811e-01
2.552064522806557489e-01 9.608000867653626598e-01
2.533894665246319011e-01 9.599726416823991526e-01
2.525568303680462146e-01 9.595855456898584324e-01
2.510480963378950436e-01 9.588558546066476840e-01
2.421810164046278580e-01 9.543960975167697924e-01
2.413403096166922834e-01 9.539686746227123981e-01
2.404597336979856781e-01 9.535184734678605611e-01
2.380203122042621189e-01 9.522629373822135701e-01
2.345764403843415558e-01 9.504428548089751683e-01
2.278060693700816319e-01 9.468544930067370746e-01
2.264973479356806596e-01 9.461383547544242045e-01
2.258475895432446867e-01 9.457743501386604024e-01
2.243242696292462313e-01 9.449112948569489134e-01
2.189935385963168724e-01 9.418606633517329074e-01
2.172090621071492977e-01 9.408213822853717101e-01
2.154990774604281789e-01 9.397969633369076536e-01
2.136491961203327294e-01 9.386528678900568634e-01
2.104187286278212943e-01 9.366451432999947091e-01
2.060852559607111445e-01 9.339094735013385717e-01
2.051383777683731813e-01 9.333072272816888004e-01
2.026448315225229946e-01 9.317095626398762542e-01
1.965461682033208257e-01 9.276954450833246879e-01
1.958773154500883518e-01 9.272515790812013714e-01
1.945323792342305014e-01 9.263585122968095442e-01
1.855613005100524848e-01 9.202158301264882212e-01
1.843028337521170901e-01 9.193533570943254185e-01
1.838403639758862118e-01 9.190360296034322252e-01
1.806577717318595955e-01 9.168013664803245089e-01
1.787319594532582601e-01 9.154074348170004871e-01
1.775281172046681011e-01 9.145302812245617030e-01
1.751365101719277728e-01 9.127796912565780962e-01
1.734999759657561702e-01 9.115141715608010564e-01
1.725240984662905763e-01 9.107572194001365418e-01
1.668437533394159233e-01 9.063358167902726414e-01
1.631189490373755602e-01 9.034190111976995174e-01
1.620399744087216432e-01 9.025564434797779256e-01
1.559545867060861957e-01 8.976791191201491937e-01
1.531741919199425261e-01 8.954314011698543130e-01
1.527331991691981417e-01 8.950641723551335804e-01
1.513078045529056004e-01 8.938578597853018559e-01
1.453242619676139435e-01 8.887937146368568575e-01
1.443472167092818559e-01 8.879590843902098740e-01
1.410768242215519885e-01 8.851341903255314225e-01
1.407427399678521374e-01 8.848437330944421975e-01
1.392530314666717839e-01 8.835357815840444440e-01
1.370895964084611895e-01 8.816212851883444834e-01
1.363517874864286217e-01 8.809457760368043511e-01
1.336752079076398703e-01 8.783908716829931240e-01
1.326028586268296339e-01 8.773628993804748477e-01
1.292969648607459332e-01 8.741066961841631455e-01
1.240198148252926735e-01 8.688113505989769614e-01
1.200864181666075892e-01 8.648577131504032733e-01
1.170648083196617062e-01 8.618042146216534638e-01
1.150850573452345538e-01 8.596988750288645509e-01
1.136286800506637329e-01 8.581494589718101640e-01
1.111884386558289473e-01 8.555519407762387507e-01
1.106473266889883567e-01 8.549749308239574797e-01
1.102014123433905368e-01 8.544906202601076917e-01
1.072209863353015269e-01 8.511983781069528687e-01
1.062100715236768966e-01 8.500631009631899326e-01
1.052550582264996093e-01 8.489899167721802753e-01
1.037874373245052384e-01 8.472415787516162089e-01
1.034201969309475055e-01 8.467699888161758226e-01
1.018029633034388537e-01 8.446798480630829387e-01
9.797181563292622908e-02 8.396626011080547958e-01
9.716220830449551205e-02 8.385989015510176836e-01
9.579301830613218272e-02 8.367971125285295075e-01
9.376165104096445546e-02 8.341036475737987343e-01
9.153367160570258232e-02 8.311338244868659020e-01
8.911344123226638825e-02 8.278801982429455641e-01
8.744396783763186409e-02 8.256291206084336309e-01
8.694822714670380481e-02 8.249567427695543298e-01
8.648216972460698315e-02 8.243135841596748170e-01
8.594780253863798514e-02 8.235683641937194821e-01
8.547198494290098036e-02 8.229029385081964021e-01
8.336610069972583137e-02 8.198747461516435742e-01
8.112723226890528050e-02 8.165979579573169334e-01
7.838116480046808388e-02 8.125287675410696187e-01
7.791394861824785245e-02 8.118088001506315043e-01
7.698028813712620710e-02 8.103570508127286853e-01
7.625480144962870632e-02 8.091975257756112150e-01
7.500358589971078960e-02 8.071775739749382783e-01
7.333067289035499758e-02 8.044279825769157233e-01
7.242916294678636291e-02 8.029324325361799630e-01
7.180578790949088130e-02 8.018901113331988739e-01
6.887308133053515746e-02 7.968404410197897914e-01
6.579538390662331704e-02 7.912572437552652937e-01
6.544894000288059566e-02 7.906247471773805158e-01
6.300218800779699979e-02 7.860991841410520653e-01
6.145493923377665091e-02 7.832161211144097468e-01
6.058144335709803041e-02 7.815402212136414173e-01
5.953497303145871555e-02 7.794609755326928902e-01
5.928118384869895952e-02 7.789426016976921385e-01
5.808896568297783336e-02 7.764558191228937423e-01
5.800367724577615292e-02 7.762768796017335271e-01
5.675471321359304433e-02 7.736298044185249134e-01
5.493213288417375662e-02 7.697174717936224875e-01
5.442262974155487321e-02 7.685962269491287691e-01
5.193838395242289518e-02 7.630444354259554585e-01
5.088144794727900155e-02 7.606488849165128352e-01
4.990585742378472744e-02 7.582996107597788082e-01
4.928527240939473142e-02 7.567763898475327045e-01
4.682836492774355985e-02 7.507303817819673819e-01
4.519739024885416345e-02 7.467079718463024429e-01
4.468078263275843121e-02 7.454321032613775433e-01
4.434045913466810873e-02 7.445612324027899298e-01
4.199775410556616517e-02 7.385419084311750648e-01
4.066148617452303160e-02 7.350833598875259334e-01
4.011654910439244048e-02 7.336716998487995411e-01
3.990114550863699261e-02 7.330999588044062598e-01
3.869724370438676342e-02 7.298263219850793515e-01
3.772950854645951146e-02 7.271706200691606670e-01
3.752394366673650339e-02 7.266037669763825146e-01
3.523465257688596086e-02 7.199538310624920001e-01
3.469672389046374317e-02 7.183775874752567070e-01
3.346039231288455706e-02 7.147186223242578684e-01
3.271361129970962178e-02 7.124662018643745931e-01
3.174990835934921041e-02 7.095566868983946840e-01
3.071821654229811571e-02 7.064093373916936480e-01
2.980784987965490185e-02 7.036167449577386268e-01
2.902592683334903612e-02 7.012019833033608096e-01
2.867832280142235124e-02 7.000752258632129132e-01
2.765157008158058982e-02 6.967046527495772690e-01
2.727178731641854981e-02 6.954022406866759987e-01
2.696962945396497169e-02 6.943170195606448436e-01
2.562107573544736283e-02 6.893171120662378026e-01
2.514233891802031273e-02 6.875228559798749473e-01
2.245147176001172085e-02 6.772907565644898931e-01
2.064119746387405030e-02 6.701804514196302298e-01
1.964876221977474025e-02 6.662305647809309006e-01
1.790778222003019948e-02 6.593007869498096474e-01
1.749323450571271810e-02 6.570181337460152537e-01
1.732698079146111070e-02 6.560843880297947406e-01
1.698052247239778545e-02 6.540514902038406797e-01
1.625200317075325973e-02 6.497727287773216176e-01
1.525490272308505091e-02 6.438685644139393593e-01
1.254467485344967770e-02 6.275165992937965509e-01
1.142420867811555496e-02 6.206991956199187088e-01
1.117805415441830430e-02 6.191228974341803637e-01
1.070249679734636139e-02 6.159669211909377662e-01
9.406614409079971928e-03 6.068033703167171611e-01
8.079241081686450165e-03 5.971849996336728861e-01
7.315001251951613881e-03 5.915695826060857199e-01
6.999146644025233677e-03 5.891250966442246328e-01
6.531050992756082252e-03 5.854835857324672821e-01
6.174550159651848169e-03 5.826672479048187192e-01
5.421887168058692197e-03 5.766292744545457039e-01
5.313987360769489854e-03 5.757273611469708730e-01
5.157166849855565616e-03 5.744045862101260225e-01
4.925802620336483528e-03 5.724187910179681094e-01
4.580013957425466131e-03 5.694474575628097890e-01
4.426703751434724055e-03 5.680974792554267516e-01
4.350350284323512007e-03 5.673584808890219655e-01
4.251873952568319126e-03 5.664026042850471843e-01
3.146303450060505824e-03 5.554303744431248191e-01
2.963736248739023971e-03 5.535534553908348920e-01
2.929341965648424306e-03 5.531875259769556408e-01
2.820803420135353790e-03 5.519558534805404371e-01
2.676827120227875945e-03 5.502791823195715137e-01
2.489030767138800115e-03 5.479717002655598579e-01
2.169644179125573835e-03 5.426792973856905400e-01
2.092301353224690352e-03 5.413207535068425003e-01
2.017276326095829297e-03 5.398735705426849218e-01
1.875313532223588098e-03 5.367922017356986375e-01
1.812355986982372436e-03 5.353557659649036404e-01
1.589625175578923688e-03 5.297975663376461863e-01
1.262634777855042856e-03 5.216122375032343772e-01
1.172477109444014509e-03 5.191759253439418575e-01
1.152464735735159174e-03 5.186289176124615485e-01
1.159072923735626759e-03 5.132678147680662661e-01
1.184622088662767858e-03 5.102496675973365869e-01
1.190284712637934561e-03 5.096979244045155566e-01
1.285266487908609534e-03 5.050072883827606551e-01
1.323750017855562788e-03 5.035109709817202628e-01
1.366412215262569063e-03 5.021161752797234090e-01
1.537322809036512083e-03 4.982378695389435563e-01
1.774134072849764543e-03 4.937622875227406505e-01
1.933457329546750536e-03 4.908547079479704811e-01
2.727334421510185791e-03 4.767216464953896171e-01
2.761981654124778807e-03 4.761361519247174767e-01
3.260976781451097040e-03 4.683453066279886778e-01
3.628224554160452975e-03 4.626958087889585514e-01
3.926393365538238811e-03 4.582715189674615441e-01
