4.692855205729246082e-02 2.442077177294873502e-01
5.512707685858381224e-02 2.263310672479634800e-01
5.538437977300852966e-02 2.257870254418408162e-01
5.653757953080168486e-02 2.234140350421760512e-01
5.942256798836781373e-02 2.175858658820316593e-01
6.420419737947463679e-02 2.084145400797065006e-01
6.469028154588524204e-02 2.074850149255669240e-01
7.035256181894528060e-02 1.967488434767847849e-01
7.080221796738322970e-02 1.959028382561073256e-01
7.203415693907461170e-02 1.936371983827572807e-01
7.269091241359465494e-02 1.924689484425605723e-01
7.506764816903438442e-02 1.883214367994253680e-01
7.616355148809822451e-02 1.864679705621021810e-01
7.635765513485565092e-02 1.861410756118752063e-01
7.823616926676663086e-02 1.830469416081098588e-01
7.938009324575950876e-02 1.812017397364800164e-01
8.090735522495989818e-02 1.787836400509428270e-01
8.481307574478874622e-02 1.728258814926668663e-01
8.625378148547274693e-02 1.706660783906279732e-01
8.630562293359206327e-02 1.705900974488998578e-01
8.774716004742350028e-02 1.685092278592179582e-01
8.792127296218249510e-02 1.682678626808146172e-01
9.029718430419880759e-02 1.650419884726908037e-01
9.289617490304341585e-02 1.615321792741207796e-01
9.475336559604025100e-02 1.590268293719547810e-01
9.810858716219289510e-02 1.545400402349089708e-01
9.898936898660698480e-02 1.534125132475115949e-01
1.002825170678393607e-01 1.517660549911766799e-01
1.019121200264100913e-01 1.497097714227931808e-01
1.028246634584896735e-01 1.485926994340688312e-01
1.045992908228135509e-01 1.464346864777961166e-01
1.056156154036466677e-01 1.452024689571250748e-01
1.063145468119506831e-01 1.443650842972504789e-01
1.080448816660653510e-01 1.423092377357404459e-01
1.089714907034494140e-01 1.412083216303043898e-01
1.100724689878572193e-01 1.399555860143073538e-01
1.127425686471392186e-01 1.369548293132635264e-01
1.129671831114563152e-01 1.367101741362100054e-01
1.148928286070622362e-01 1.346269421052201931e-01
1.169790493960603528e-01 1.324012395447099477e-01
1.197939281810379009e-01 1.295575947186140553e-01
1.228404791880429170e-01 1.264900680344220874e-01
1.266667543020362774e-01 1.227175489173396583e-01
1.297051041856729925e-01 1.198799331336506402e-01
1.315892938199492712e-01 1.181374188285857496e-01
1.338446182779138849e-01 1.160573558276387640e-01
1.372932018561287548e-01 1.129155971814826964e-01
1.388404182023578737e-01 1.115330383152363103e-01
1.402293268352099997e-01 1.102978182430196519e-01
1.421037329312875852e-01 1.086374495282705910e-01
1.434119787420671810e-01 1.074824564955318973e-01
1.441226000992181233e-01 1.068566324210482588e-01
1.461628191628526197e-01 1.050609067056927914e-01
1.465200306741307190e-01 1.047496638061320429e-01
1.477256445653585826e-01 1.037006414622851924e-01
1.490639329672865387e-01 1.025588540361006551e-01
1.499842773326224843e-01 1.017773392038691105e-01
1.515500330273029106e-01 1.004548190021358200e-01
1.543846693649567059e-01 9.806118801015073494e-02
1.563231378039600661e-01 9.643260102656547872e-02
1.590078426536072898e-01 9.418364186464123211e-02
1.616775868727420851e-01 9.195117346793291180e-02
1.637971161965665057e-01 9.018694294879237017e-02
1.672177236506356413e-01 8.734445602169760292e-02
1.710011038291349705e-01 8.447783098623229403e-02
1.717670772826171421e-01 8.390432797252467267e-02
1.740219989405603074e-01 8.223114409207743503e-02
1.744195188917869177e-01 8.194735617443626996e-02
1.754262695231390556e-01 8.123735878243543151e-02
1.807248590730084481e-01 7.755707555041768675e-02
1.821247382881276411e-01 7.658705320709557895e-02
1.835772751834357508e-01 7.559405123090345846e-02
1.843480213894703179e-01 7.506716818824055171e-02
1.845433350549522955e-01 7.493576268918311634e-02
1.860698799066883846e-01 7.392120496687060172e-02
1.876474935494360508e-01 7.287520308855988116e-02
1.887505208874412088e-01 7.217056787615228064e-02
1.932590565036099162e-01 6.932189531440524632e-02
1.942508045660414351e-01 6.869899499048193192e-02
1.958652370196162784e-01 6.773086538642525412e-02
1.968419628905602736e-01 6.714519249072958829e-02
2.005906654818984669e-01 6.495399362377918262e-02
2.030593391247270119e-01 6.352241217514142946e-02
2.050065826826742987e-01 6.239570720124321124e-02
2.071304850540358067e-01 6.120900434140941204e-02
2.099044413158503430e-01 5.972364197037050015e-02
2.117210471720183951e-01 5.875920776591314620e-02
2.141650914473694489e-01 5.747681888980293863e-02
2.167126723971343760e-01 5.616227919241756350e-02
2.200560593586860514e-01 5.450833064109950055e-02
2.238412402931261869e-01 5.264119603311334661e-02
2.258195796919951204e-01 5.168994148084338214e-02
2.261003955900459661e-01 5.155638599758616269e-02
2.291558822875839341e-01 5.014684857923401573e-02
2.354633705075185879e-01 4.724029978343058378e-02
2.374224771837096237e-01 4.634289543763969732e-02
2.382996758456415454e-01 4.594356652155251464e-02
2.444055924603831254e-01 4.321732232092623249e-02
2.505307426145491623e-01 4.053363321591807455e-02
2.540436715696127723e-01 3.901623433432355181e-02
2.577812187344531991e-01 3.740891966658566048e-02
2.647075615130615733e-01 3.463500820189224783e-02
2.668162644516257065e-01 3.379698851700152495e-02
2.672703034109685238e-01 3.361869820135821030e-02
2.718928723629935873e-01 3.185029800143879264e-02
2.747737024506626269e-01 3.079142216816666000e-02
2.793843977563114644e-01 2.911280473181265815e-02
2.910272407117656113e-01 2.487834530939181388e-02
2.926480916897241102e-01 2.429357985988933599e-02
2.963978837749459694e-01 2.296798199114968853e-02
3.016160742718109744e-01 2.114501141657731953e-02
3.021502461868140199e-01 2.095893066498988322e-02
3.052070228401252971e-01 1.991214216992920338e-02
3.087202014840325082e-01 1.876271936024087594e-02
3.130273862207383906e-01 1.739044931474009736e-02
3.143802243170281119e-01 1.696562783860222634e-02
3.199346962910370462e-01 1.528970578706756456e-02
3.212578009048539518e-01 1.489491093550066036e-02
3.241448397054539909e-01 1.405020178967020250e-02
3.275343793970309503e-01 1.309212284769989409e-02
3.297569905217607178e-01 1.246845906198634779e-02
3.344315197738060852e-01 1.129618925382358530e-02
3.368655622097317948e-01 1.070606039097143913e-02
3.388026954481413999e-01 1.023868702486785409e-02
3.444080808120430492e-01 8.930226023591281148e-03
3.451851975142626316e-01 8.773226596729744031e-03
3.479441024344968603e-01 8.327592245138015770e-03
3.514847975060279572e-01 7.789671241259288337e-03
3.522616192170105465e-01 7.674713944682443056e-03
3.544422374480333260e-01 7.359042502718682321e-03
3.557803813747660304e-01 7.166630402648865861e-03
3.577672990688866572e-01 6.901662385802587174e-03
3.620796813158062011e-01 6.346728409087898370e-03
3.637472314649081162e-01 6.153510028957587252e-03
3.713698558205080213e-01 5.310410743955107371e-03
3.767102500438929691e-01 4.735551617190303375e-03
3.778829001688825406e-01 4.616351308965538358e-03
3.787468163093209994e-01 4.532841364330741918e-03
3.815595787683943585e-01 4.271187004591170400e-03
3.851799251075933017e-01 3.939341227756743002e-03
3.873186918077689556e-01 3.777280526757409440e-03
3.905477277430246530e-01 3.536064373662606286e-03
3.914076501641660655e-01 3.475251875016405201e-03
3.921737651864553587e-01 3.422745576282526514e-03
3.930194328608098142e-01 3.370952433054519304e-03
3.933456369589076185e-01 3.351421402867038601e-03
3.967036496593533967e-01 3.151818482195256621e-03
4.049593673249713421e-01 2.672013908115333791e-03
4.076368257070612233e-01 2.521160419887369386e-03
4.106967782119440025e-01 2.363089577997246060e-03
4.164471375464011138e-01 2.086189438467056512e-03
4.195575668480956977e-01 1.936682468039574445e-03
4.266732004415400570e-01 1.595508703418624386e-03
4.309799126397342861e-01 1.454577698173586953e-03
4.353877469399295985e-01 1.315045068524756111e-03
4.425142422442310264e-01 1.090367907875866571e-03
4.483918314197555266e-01 9.361151089608554798e-04
4.511515317346297960e-01 8.686158727989612416e-04
4.528678825423116394e-01 8.338897840771686276e-04
4.540436626622615379e-01 8.246810371118629135e-04
4.555409700167881160e-01 8.256326666737923148e-04
4.596096070972180425e-01 8.409099289401478217e-04
4.643658295585716966e-01 8.850180419309738866e-04
4.659332769264994956e-01 9.010656166055230898e-04
4.684844990582636703e-01 9.354472265160618250e-04
4.706304959970618040e-01 9.658534733301138431e-04
4.721416034910567716e-01 9.925525928570211320e-04
4.735054913729663251e-01 1.020519066410319198e-03
4.761735469025618062e-01 1.077650256235740400e-03
4.794062289783435626e-01 1.154477884421356570e-03
4.858782703021243266e-01 1.327503471715174577e-03
4.878199071072676918e-01 1.400811002475244038e-03
4.922838071518615410e-01 1.586148375701701418e-03
4.934905176797704240e-01 1.640409371213680245e-03
5.023234898633615053e-01 2.042909160126060719e-03
5.088745707957669229e-01 2.347896614892985845e-03
5.121142918166294855e-01 2.523933201964423390e-03
5.145834923872609767e-01 2.659657142601523638e-03
5.223321858300076226e-01 3.108207032064269626e-03
5.326645217611825078e-01 3.794849493990559708e-03
5.366840255780682689e-01 4.066389130198855284e-03
5.421893263198986901e-01 4.451068999367313594e-03
5.430561750101836616e-01 4.525482748036879777e-03
5.474170195190752874e-01 4.925917132137858090e-03
5.502234043216409631e-01 5.186398985331575062e-03
5.578964437103037799e-01 5.913827982303110353e-03
5.605049452799479859e-01 6.175957843701840311e-03
5.655645883772366656e-01 6.694541848001112072e-03
5.659484179464220333e-01 6.735363274420369528e-03
5.730451892373975564e-01 7.505730112914332786e-03
5.737737262645514758e-01 7.585710415342838964e-03
5.771976483039791272e-01 7.974266128194962278e-03
5.866749353828513147e-01 9.066563411745387491e-03
5.892925691431354362e-01 9.368936111405212763e-03
5.919686615389430084e-01 9.678829352404938469e-03
5.938204240470252859e-01 9.894950520617284973e-03
5.960511289515653122e-01 1.017681073934573188e-02
5.962289989104334609e-01 1.019946110804603734e-02
5.978737702542500365e-01 1.042059951771012738e-02
6.004834171441013613e-01 1.078415911287688989e-02
6.075391956073425970e-01 1.183793275760958164e-02
6.105311951377305757e-01 1.235106906624583445e-02
6.130596263492564812e-01 1.279621219301640966e-02
6.160054712159250823e-01 1.331936791219456850e-02
6.228701943427581433e-01 1.454527433043439899e-02
6.277013576065775258e-01 1.541069999991084849e-02
6.333586943592848240e-01 1.643280990816231579e-02
6.364518859888419477e-01 1.703061890289481184e-02
6.367963359125214939e-01 1.710243017845403113e-02
6.435687530986844429e-01 1.855810344869823769e-02
6.456387701537449342e-01 1.901671363116963498e-02
6.465228543248364712e-01 1.921537187302913008e-02
6.543203684456200264e-01 2.100693962232369483e-02
6.649755198077820229e-01 2.349441314145894744e-02
6.707646503666306881e-01 2.492082038815335299e-02
6.740607105994058657e-01 2.574732724544004370e-02
6.782574344716125747e-01 2.684726459068820237e-02
6.848009263986816197e-01 2.859698251756059850e-02
6.871893227824350525e-01 2.926574118162605931e-02
6.896930445502604812e-01 2.996953320978723578e-02
6.913146003809556017e-01 3.045520520034850076e-02
6.934879057628797749e-01 3.110973291003715779e-02
6.960463230621452002e-01 3.188645864183869971e-02
6.988681551391326963e-01 3.275770409932299287e-02
7.019737609187555183e-01 3.373058924389671365e-02
7.073973007404683599e-01 3.544754795874860420e-02
7.086754693196850585e-01 3.585328684878585914e-02
7.142437230790401603e-01 3.762285472936233166e-02
7.178809092756723853e-01 3.885222583552816467e-02
7.195380805643953881e-01 3.941611481223394886e-02
7.255880492762074585e-01 4.149932353463015033e-02
7.281957636872369299e-01 4.243597315457381391e-02
7.318531743726153227e-01 4.382827406643274859e-02
7.338969607173186915e-01 4.463774586915791875e-02
7.356647821512070085e-01 4.534669612932706872e-02
7.403867303283202528e-01 4.729533702560617670e-02
7.433488518120838773e-01 4.867004618477999145e-02
7.484299175912321189e-01 5.103138923997241339e-02
7.525880292520745751e-01 5.299364680089158064e-02
7.526242331167642963e-01 5.301111028723926033e-02
7.531988739587653914e-01 5.328834835908480283e-02
7.568624406939608029e-01 5.516784197288726599e-02
7.580174490836337764e-01 5.576818158948892989e-02
7.595482960367589964e-01 5.656731340591802937e-02
7.670319729009114074e-01 6.049300549436775754e-02
7.682590697135558422e-01 6.113783028843777778e-02
7.759774684427349634e-01 6.524594606823941323e-02
7.787438145505560794e-01 6.673094631806042454e-02
7.816211976864357869e-01 6.832284198160898381e-02
7.832943638476521642e-01 6.927009054224209095e-02
7.847148998615061100e-01 7.008628502803426752e-02
7.871747907270787437e-01 7.150180262670358111e-02
7.918651334927471197e-01 7.425555382676340965e-02
7.927419713788117495e-01 7.477603828891177251e-02
7.946939501469230116e-01 7.594258403279641190e-02
7.970493495771666659e-01 7.735953443061327484e-02
7.973346687686078127e-01 7.753186598528127860e-02
7.996336820428882053e-01 7.898435659278524312e-02
8.004672345066379258e-01 7.951156739966902531e-02
8.024153242071252468e-01 8.075857792598284401e-02
8.037587724734489569e-01 8.165224031885898182e-02
8.058504473021259606e-01 8.304795475855220044e-02
8.071743889603355537e-01 8.394263430114401459e-02
8.098069931134150856e-01 8.572744798468567851e-02
8.135607136977627274e-01 8.828928113017986412e-02
8.140850562793935374e-01 8.865274809469980699e-02
8.163743531475495807e-01 9.031282741862256547e-02
8.174306785796427999e-01 9.108100941438079801e-02
8.185951459829772237e-01 9.195000937018327214e-02
8.195340826531238854e-01 9.265282318310663623e-02
8.203968399258794175e-01 9.330445947361232228e-02
8.240030190439151525e-01 9.603061540705293275e-02
8.282897795198460589e-01 9.938985671766242813e-02
8.294067457718714564e-01 1.002701354442803172e-01
8.302464556544608687e-01 1.009348835148428103e-01
8.333871205685179362e-01 1.034811329861696771e-01
8.349605519761491568e-01 1.048064533364660988e-01
8.356057731234873831e-01 1.053639694073228439e-01
8.358204955744334974e-01 1.055496088760157214e-01
8.361460034614043302e-01 1.058313752537617392e-01
8.376684784002195183e-01 1.071501286045316581e-01
8.416767099974016286e-01 1.106551066586428655e-01
8.423189089309663924e-01 1.112194802070458621e-01
8.441448572411074380e-01 1.128256681851930177e-01
8.508228709289109570e-01 1.187973708683746077e-01
8.513567166162494537e-01 1.192749766802607692e-01
8.521141569035528551e-01 1.199793607792011274e-01
8.534836508608616423e-01 1.212550122524731488e-01
8.541667141213109549e-01 1.218995992599726241e-01
8.557503121143481550e-01 1.234050891604641098e-01
8.563605198924482131e-01 1.239865187456985485e-01
8.623397136786052908e-01 1.297198731937059257e-01
8.631720034028345090e-01 1.305284883492050518e-01
8.642860628223052455e-01 1.316304692317137315e-01
8.646509734125156221e-01 1.319920074376853547e-01
8.675776980034768382e-01 1.349447108084468328e-01
8.684007966751221552e-01 1.357800563378437353e-01
8.691089685455282154e-01 1.365083381285002728e-01
8.695712288259855871e-01 1.369890533651747511e-01
8.697886872615836484e-01 1.372156790012303285e-01
8.707708345229012714e-01 1.382628240372172357e-01
8.719489567605906988e-01 1.395395147143224657e-01
8.735773977695393544e-01 1.413136541079290653e-01
8.748398988678283139e-01 1.426972607462557718e-01
8.756523477570297143e-01 1.435910321419310298e-01
8.773753863691751143e-01 1.455149245406225367e-01
8.781673884773040228e-01 1.464010729415873291e-01
8.790100105294664790e-01 1.473510559370805328e-01
8.820505242775178445e-01 1.507902503383259374e-01
8.831736235630387455e-01 1.520844462910130312e-01
8.840501870327461820e-01 1.530982851494389063e-01
8.843998911287234144e-01 1.535040222412821231e-01
8.875972960510587484e-01 1.573435319648914810e-01
8.894007445527083444e-01 1.595110987591970009e-01
8.910901952811538518e-01 1.615500440717567709e-01
8.929091155319255346e-01 1.637562797089645583e-01
8.949402104158461491e-01 1.662404528448617747e-01
8.959293609026708349e-01 1.674556646596118137e-01
8.964125404600125080e-01 1.680527042804159654e-01
8.982274797259959254e-01 1.703135400806757849e-01
8.985536056925174098e-01 1.707240521371700126e-01
8.998522608786656551e-01 1.723911965425637405e-01
9.007077979701763049e-01 1.735186895963851672e-01
9.013752998639417147e-01 1.744280709209002911e-01
9.041107560166923296e-01 1.783942693469648955e-01
9.055562805334591570e-01 1.805049482875745737e-01
9.061141907200274126e-01 1.813216545274155544e-01
9.065670166212995706e-01 1.819938809394180401e-01
9.087069468752659862e-01 1.852323367696780965e-01
9.100163029865033781e-01 1.873039758012536860e-01
9.123298853547117115e-01 1.909922392719503037e-01
9.134230537848291309e-01 1.927365671658207713e-01
9.143278716012226415e-01 1.941957204204740606e-01
9.154231349465646872e-01 1.959645024271735592e-01
9.175286726326938869e-01 1.996336520846293539e-01
9.191568808826138248e-01 2.025813445582447248e-01
9.206185805627391527e-01 2.052932904948768789e-01
9.250402447540269080e-01 2.134970755397195274e-01
9.272442059591796681e-01 2.176409427296494004e-01
9.282288390717707838e-01 2.195146025184403493e-01
9.309602044185341096e-01 2.247226080722635189e-01
9.324196971201155204e-01 2.275271277476290654e-01
9.358503097495445289e-01 2.343033345485395769e-01
9.392787977315850689e-01 2.411262597346679470e-01
9.401153704236548947e-01 2.428080545087608622e-01
9.416728185092999581e-01 2.459452972701884343e-01
9.432746750123288670e-01 2.492354031895607225e-01
9.441765026154629314e-01 2.510930089762215545e-01
9.462722700144068355e-01 2.554255078207663399e-01
9.467708672019283789e-01 2.564841832850353054e-01
9.469174462513414436e-01 2.567978921568465633e-01
9.477845443048982244e-01 2.587031239832536800e-01
9.480239529927947384e-01 2.592363326538454915e-01
9.502736215138529730e-01 2.642971073591018349e-01
9.518384727878981266e-01 2.678288558377924788e-01
9.535783004366462645e-01 2.718847374681797602e-01
9.544135808796296860e-01 2.739018070614623879e-01
9.583075764011432796e-01 2.833244738919723504e-01
9.587298985516503613e-01 2.843475055614240743e-01
9.596982464193446472e-01 2.868112625457551745e-01
9.633736489472861653e-01 2.963535529339812458e-01
9.655766381287391731e-01 3.020792596753468784e-01
9.659820928878151136e-01 3.031877689668688314e-01
9.661918302644021406e-01 3.038303186442175008e-01
9.666143837896041813e-01 3.051360711476914789e-01
9.690178524377699443e-01 3.126353296235809820e-01
9.701781260039745725e-01 3.162903340138357722e-01
9.703247018384755229e-01 3.167826068254285810e-01
9.707535937940492410e-01 3.182534847927668276e-01
9.708578934934957161e-01 3.186145699709823642e-01
9.730102077426088236e-01 3.260707771631587981e-01
9.744005034305533997e-01 3.309542039820940751e-01
9.745079234675180224e-01 3.313320966129491563e-01
9.762039405452653806e-01 3.375273381383302462e-01
9.764283304929128882e-01 3.383650184501947322e-01
9.770217930786717631e-01 3.406103707139095382e-01
9.776932098653507985e-01 3.432378825541353429e-01
9.779717378358283586e-01 3.443431812105161027e-01
9.791578119256745261e-01 3.491133385611671081e-01
9.796338321587592102e-01 3.510377382373788269e-01
9.821022671896240119e-01 3.610510755916376269e-01
9.824117707541937250e-01 3.624295486586195381e-01
9.826382603330774401e-01 3.634577937489061883e-01
9.828088817281419587e-01 3.642439291414367730e-01
9.837490097378860376e-01 3.685796031734391853e-01
9.845125947237420849e-01 3.721028170677992408e-01
9.853498107711833320e-01 3.760115632386746842e-01
9.856175686088406440e-01 3.772771966129904175e-01
9.868353454841283234e-01 3.834698593511093323e-01
9.868991259666648475e-01 3.838064080772820574e-01
9.876260900494266970e-01 3.878275029631380599e-01
9.880492981984292378e-01 3.901891529311590778e-01
9.897721071801037773e-01 4.002521922582982228e-01
9.906813139519163869e-01 4.055899760201825410e-01
9.914128206088901329e-01 4.099014654178659844e-01
9.915306544738526906e-01 4.106602761149015235e-01
9.915647962434284146e-01 4.108825350946593291e-01
9.919464772784161166e-01 4.134764561811934414e-01
9.927708724042942912e-01 4.191357303073167673e-01
9.934446688666624947e-01 4.238881521302545474e-01
9.934656893187441273e-01 4.240383510151797264e-01
9.936555122154517861e-01 4.255577083292790830e-01
9.938638237488395255e-01 4.272588173507697595e-01
9.943171660378449239e-01 4.317597209334608221e-01
9.947627125892992694e-01 4.364730134403863593e-01
9.954204764022662744e-01 4.435039692299150849e-01
9.966964465996919209e-01 4.576150636728609777e-01
9.967979960111723603e-01 4.587407711796849252e-01
9.971847721192483860e-01 4.631534219348480974e-01
9.976641141385924616e-01 4.688051750748820634e-01
9.981009894274486260e-01 4.744317655855007088e-01
9.982499474030359643e-01 4.763606832240644406e-01
9.986123492503782284e-01 4.827534128458802476e-01
9.986254066011968078e-01 4.829941604591545534e-01
9.988221392866296622e-01 4.869834563358531598e-01
9.989581204398425562e-01 4.898033290092583814e-01
9.991031189826733439e-01 4.928650908868311697e-01
9.991963221066495482e-01 4.949374962990428228e-01
9.996565151623730827e-01 5.062513661137807430e-01
9.997326839521227804e-01 5.086475150245354238e-01
9.997634763132023927e-01 5.101302014353702452e-01
9.997687733810598498e-01 5.109562935596535516e-01
9.997727294302138912e-01 5.124641554448627900e-01
9.997433484963713646e-01 5.160429779197266420e-01
9.997207865847002051e-01 5.186638488995548579e-01
9.997057264626911799e-01 5.200354515083733808e-01
9.996387580586247879e-01 5.260775971076746549e-01
9.995349304398719603e-01 5.313642713649427973e-01
9.994536614919411477e-01 5.350683631675272611e-01
9.993675330990414718e-01 5.388283931595969634e-01
9.993035346329135482e-01 5.412693261037250236e-01
9.991990380007451655e-01 5.450567520080936701e-01
9.990998195059905829e-01 5.476902604814466446e-01
9.989739253235045968e-01 5.506802844209520709e-01
9.987941388562753264e-01 5.536980996480000972e-01
9.984524330997375241e-01 5.589798984232036139e-01
9.977799693141713444e-01 5.681321020772496233e-01
9.976288812249702875e-01 5.701726595650826734e-01
9.974276139825530851e-01 5.727786806354084881e-01
9.973352957482508607e-01 5.739482890572675799e-01
9.970777533100667611e-01 5.771327055771605652e-01
9.970312492946562521e-01 5.777055729925619776e-01
9.968184842289560255e-01 5.800145886528975669e-01
9.962072844192699783e-01 5.864946628190064182e-01
9.960881678260926630e-01 5.876189813881511625e-01
9.959417474077005838e-01 5.888587100613836833e-01
9.953420524803529013e-01 5.938296736714318014e-01
9.942760948149127476e-01 6.025953962297874167e-01
9.942200103343519224e-01 6.030325183999437622e-01
9.937303498586453898e-01 6.064221439102760458e-01
9.928500005167955056e-01 6.121290323895999252e-01
9.925588714757713760e-01 6.140117999526178982e-01
9.922471355721376174e-01 6.159802573497790146e-01
9.920371076004461663e-01 6.172704730208180557e-01
9.912764401366396250e-01 6.216920808447167213e-01
9.910297314617824149e-01 6.231121964810123481e-01
9.906069022759880216e-01 6.255240630193947826e-01
9.905774991272580099e-01 6.256893034370495377e-01
9.899070792184143652e-01 6.293644089762217009e-01
9.888730359584854135e-01 6.349458879882473594e-01
9.883425056016343913e-01 6.377841698225558131e-01
9.867781605552663482e-01 6.456967666944333217e-01
9.857901455086715004e-01 6.506752305235408151e-01
9.851419761531841068e-01 6.538215174693794429e-01
9.841875662385126677e-01 6.584015583884793577e-01
9.838754354658654222e-01 6.598708357687420589e-01
9.837414993965072352e-01 6.604907361705061319e-01
9.820698664867604233e-01 6.679571251359665007e-01
9.816420291193759251e-01 6.698417931216531507e-01
9.812975318306165207e-01 6.713171044783950991e-01
9.810538312188052945e-01 6.723569169135907853e-01
9.805388227126707879e-01 6.744682070086673864e-01
9.800568375684246547e-01 6.764316024288310469e-01
9.784026932545928368e-01 6.828064860353832977e-01
9.777411677209548735e-01 6.851506301330178017e-01
9.770267155924616809e-01 6.876204441125781663e-01
9.769062524021738803e-01 6.880295557761952896e-01
9.765472215028043745e-01 6.892130302872320202e-01
9.750039713796316843e-01 6.941868388439286219e-01
9.734600714470353910e-01 6.990894869298447389e-01
9.730052020411645852e-01 7.005237704906255303e-01
9.727211216359277213e-01 7.013727104476776830e-01
9.719462753173038205e-01 7.036873401955099361e-01
9.693399639053592587e-01 7.113758051115709469e-01
9.690072484188752000e-01 7.123501065921999942e-01
9.686802982702296116e-01 7.132800929148664926e-01
9.671167732214207557e-01 7.176361629522863828e-01
9.665171661055413921e-01 7.192627905707827951e-01
9.661212459978298916e-01 7.202777597581444535e-01
9.658802791060550064e-01 7.208945509376887273e-01
9.646735563570127958e-01 7.239607880789205030e-01
9.632747627537225910e-01 7.274408051081958648e-01
9.625906615860009286e-01 7.291078833183638475e-01
9.616628898377435064e-01 7.312902390821818255e-01
9.612096336026374477e-01 7.323178911537887581e-01
9.600197541736028573e-01 7.349040964063797698e-01
9.588145814976012371e-01 7.375057238745150734e-01
9.574105969559816298e-01 7.404408205705585999e-01
9.569348002446320667e-01 7.414288741627721446e-01
9.556519196055999199e-01 7.440794974213034152e-01
9.548626411058356300e-01 7.456508566430726237e-01
9.533236815665111497e-01 7.486450735156362501e-01
9.525620471638398534e-01 7.501238760019262042e-01
9.522572824183328510e-01 7.506952661769313861e-01
9.497906086370171419e-01 7.552340141964783982e-01
9.481816363735389164e-01 7.580983878880493965e-01
9.464759831092020015e-01 7.611224858467038334e-01
9.447424144009977098e-01 7.640544325230200773e-01
9.430758558684315673e-01 7.668565316273716626e-01
9.394182783785478552e-01 7.729434655254655562e-01
9.386352757768814392e-01 7.742459639220959922e-01
9.381119053980142564e-01 7.751138205531025172e-01
9.361753434574819899e-01 7.783226862313983307e-01
9.320267986804529059e-01 7.851717777870163006e-01
9.309985395149329435e-01 7.868638213159636630e-01
9.280602649316993524e-01 7.916539520839401822e-01
9.277039509841551457e-01 7.922332792500723642e-01
9.265037400059776829e-01 7.941404540631824549e-01
9.247293059676302551e-01 7.967567980592155097e-01
9.244338154497813154e-01 7.971900295269241932e-01
9.233737067083849226e-01 7.987222435885461547e-01
9.208647523348370001e-01 8.022392195143952520e-01
9.183172998885711369e-01 8.057911665788825006e-01
9.131796722074669859e-01 8.128843387444916191e-01
9.115454916239331684e-01 8.151044284404516116e-01
9.104375627944460980e-01 8.165976559003808033e-01
9.095125142966418164e-01 8.178370048768209832e-01
9.078954359219526538e-01 8.199553894421161004e-01
9.061200622925558168e-01 8.222076674234718441e-01
9.039710674585574868e-01 8.249250069557065856e-01
9.035597672480388809e-01 8.254428326780426373e-01
9.024883981268447819e-01 8.267809966222104956e-01
9.008289667253777111e-01 8.288457821886383581e-01
8.984751122461591688e-01 8.317619546554083643e-01
8.976619484543595373e-01 8.327488408799059716e-01
8.967353572503100612e-01 8.338723227232334168e-01
8.960146994012045951e-01 8.347398209727319163e-01
8.941252417973521993e-01 8.369739670328942838e-01
8.891199961510902749e-01 8.428869463622583602e-01
8.875021348547409428e-01 8.447731793332168282e-01
8.855229024625219658e-01 8.470336987590643130e-01
8.849816115664794758e-01 8.476299967091120990e-01
8.839314587429918380e-01 8.487334315941352791e-01
8.811003245765540726e-01 8.517052646501307445e-01
8.801663296743549303e-01 8.526613070388485704e-01
8.778622530098567633e-01 8.549779522979917834e-01
8.778222231837999878e-01 8.550166313898840409e-01
8.752653709197744103e-01 8.574430039410374516e-01
8.746868085605536969e-01 8.579750745335733564e-01
8.711254200546376669e-01 8.611726928444756179e-01
8.670066815380705894e-01 8.647718070479001318e-01
8.661468777883205572e-01 8.655010396261272332e-01
8.649442578225388090e-01 8.665033484359589977e-01
8.635426488009367851e-01 8.676586977596982830e-01
8.581801504527115654e-01 8.720609626334060449e-01
8.573108915531273411e-01 8.727738909083018193e-01
8.551108303838264035e-01 8.745771528431091069e-01
8.541511660521594607e-01 8.753509908198080502e-01
8.528197133208414993e-01 8.764003684181389531e-01
8.511176478483062358e-01 8.777409733337214748e-01
8.489628172531242800e-01 8.794156756548494602e-01
8.485740836768593809e-01 8.796967551495719073e-01
8.469845961408453139e-01 8.808092151104650602e-01
8.461624668237970326e-01 8.813845536144122583e-01
8.437297633911109429e-01 8.830639903854839989e-01
8.359058656268161247e-01 8.884393373841256158e-01
8.346410198428575455e-01 8.893039584553293908e-01
8.289676300133841380e-01 8.930181479227443653e-01
8.276285328817831743e-01 8.938909408242285970e-01
8.256897825689248904e-01 8.951474813298048172e-01
8.235739167481548328e-01 8.965099226415317313e-01
8.198039278402253771e-01 8.989371903423726273e-01
8.086553102470817045e-01 9.060468985213337989e-01
8.074197899622799213e-01 9.068339300730513530e-01
8.028738269596169541e-01 9.096797111054660823e-01
8.020803558896583141e-01 9.101659705068961825e-01
8.003006073476259807e-01 9.112537508022836574e-01
7.979516993883462028e-01 9.126698592321632608e-01
7.960623035573366479e-01 9.137680155594930520e-01
7.950547724840193453e-01 9.143465790943994254e-01
7.933728162652184945e-01 9.152452388299493480e-01
7.900052029198989523e-01 9.170082809194226581e-01
7.824262332919109664e-01 9.209537729725536526e-01
7.735614619252701996e-01 9.255121186672725653e-01
7.693212516693173075e-01 9.276715359914818881e-01
7.676459842779710385e-01 9.285242122997591219e-01
7.644038350987139019e-01 9.301696595048195570e-01
7.617269968392459401e-01 9.315152263218019479e-01
7.553779820021202518e-01 9.346924371197985471e-01
7.500584864278472264e-01 9.373506262513587872e-01
7.494474680470382122e-01 9.376540031602887959e-01
7.463107480431863117e-01 9.391960990743688509e-01
7.443558270741164051e-01 9.401493193821496286e-01
7.412255540912708884e-01 9.416634455312815621e-01
7.393938557918080523e-01 9.425411194922054259e-01
7.377568780228005441e-01 9.433240361441342925e-01
7.355549177533424743e-01 9.443525920010451546e-01
7.328709579907581873e-01 9.455976960866021575e-01
7.320227881033769535e-01 9.459893976650343150e-01
7.293252892723505187e-01 9.471918940078118965e-01
7.255467002258331188e-01 9.488710944120105628e-01
7.224475277111015448e-01 9.502373115413244031e-01
7.168765538094927781e-01 9.526783572039271286e-01
7.149012706949788853e-01 9.535293562029216741e-01
7.122618056732472613e-01 9.546528149318880274e-01
7.064348447050585733e-01 9.571326737292820130e-01
7.053907435805073511e-01 9.575628730978772429e-01
7.027428295198046015e-01 9.586229004911261953e-01
6.984777216084709917e-01 9.603187613662721445e-01
6.982443868258487729e-01 9.604112936590784022e-01
6.956841913860982718e-01 9.614243460709123168e-01
6.929692312111754848e-01 9.624889582705642432e-01
6.896080670577293681e-01 9.637785124673023951e-01
6.820507111690845559e-01 9.666287986880680583e-01
6.816651685807311178e-01 9.667688411990831288e-01
6.803397848114720592e-01 9.672432825272021528e-01
6.796822204994843464e-01 9.674704254649719726e-01
6.776738237975605816e-01 9.681600175219343685e-01
6.769594293825471620e-01 9.684029958185952358e-01
6.751036627815345526e-01 9.690232415671391486e-01
6.695839798214975325e-01 9.707979345924117043e-01
6.676097753525103151e-01 9.714272830550270132e-01
6.649107057489445083e-01 9.722675501041534440e-01
6.632293153048758327e-01 9.727797869220050631e-01
6.607794385314824659e-01 9.735176420043738510e-01
6.539517987292178258e-01 9.755216741033653216e-01
6.535721144655493031e-01 9.756257123502309891e-01
6.512274495721961376e-01 9.762675968455426512e-01
6.493125684376399587e-01 9.767762016355273635e-01
6.460802708572166431e-01 9.776178396479581201e-01
6.444954055599612097e-01 9.780297285901837778e-01
6.384105620751248100e-01 9.795989230638860734e-01
6.347315683249663554e-01 9.805259069521465864e-01
6.313997957480566026e-01 9.813560731332765519e-01
6.266382921042927823e-01 9.825181626793889622e-01
6.227904113545206233e-01 9.834542906499093018e-01
6.206516124639473997e-01 9.839491825984969520e-01
6.174459206399844913e-01 9.846830964242874185e-01
6.166699915315290159e-01 9.848402652440766403e-01
6.154668243586713938e-01 9.850829977610157107e-01
6.123385261691212111e-01 9.856683538183945714e-01
6.110993411115697160e-01 9.858971798019841026e-01
6.087831530020673121e-01 9.863190379067180436e-01
5.977408980256171400e-01 9.881142365928224924e-01
5.933478109915184540e-01 9.887604087262039654e-01
5.904471653895830840e-01 9.891813720610621585e-01
5.879175256114606007e-01 9.895436296271626908e-01
5.860777726637125262e-01 9.898059576488573708e-01
5.840016483202699060e-01 9.900999402502359548e-01
5.797464478987695014e-01 9.907008781220376648e-01
5.737275720080414754e-01 9.915431915370253035e-01
5.726492039145272273e-01 9.916933503833361696e-01
5.716501456766862610e-01 9.918272726984199705e-01
5.673261851349842289e-01 9.924016775473262220e-01
5.650155966144625452e-01 9.926881393025096534e-01
5.633260450191648339e-01 9.928911062367377083e-01
5.615413559218827011e-01 9.931044941447997321e-01
5.583045555741648069e-01 9.934764952988532904e-01
5.504652298066805560e-01 9.943439155597755263e-01
5.459390337773932789e-01 9.948267680688577252e-01
5.441756637074846026e-01 9.950042899858464462e-01
5.434632022072236612e-01 9.950753436055961298e-01
5.326187355411629021e-01 9.960705614706433231e-01
5.280706486581807635e-01 9.964795428299114688e-01
5.222495271623546209e-01 9.969861011636507175e-01
5.164402690691765052e-01 9.974401312933567354e-01
5.118048059503987890e-01 9.977755905547490700e-01
5.056320558003655208e-01 9.982162518952467645e-01
5.043103592981805772e-01 9.982805574216505606e-01
5.017223743764953614e-01 9.984029323956262747e-01
5.008277036549608763e-01 9.984408115029191899e-01
4.917797716791755813e-01 9.987958460763556312e-01
4.899615400608595128e-01 9.988614778965946295e-01
4.862690590297203408e-01 9.989910147166914944e-01
4.851424621573411922e-01 9.990291928906867014e-01
4.828337600714594502e-01 9.990822440729799636e-01
4.800484811982548838e-01 9.991323734091877018e-01
4.771341407979728388e-01 9.991753189628881371e-01
4.723484711382110457e-01 9.991622975652152405e-01
4.696505565176150587e-01 9.991501509687076288e-01
4.662632868627935578e-01 9.991315448308550895e-01
4.559303873184319955e-01 9.990176178923781958e-01
4.553670640920394752e-01 9.990109727364605563e-01
4.527373678744461283e-01 9.989451487401718177e-01
4.509027153830136858e-01 9.988904217911482863e-01
4.408540965430092773e-01 9.985134041660125304e-01
4.375881797061217937e-01 9.983705294581042278e-01
4.367986310255787541e-01 9.983318182144564901e-01
4.311163818229571398e-01 9.980457456115157111e-01
4.307986852030373792e-01 9.980275770853341832e-01
4.225256389108800748e-01 9.975514738128411496e-01
4.209523538085829242e-01 9.974591898631688380e-01
4.173252408740802388e-01 9.972385903866397561e-01
4.159492232796195288e-01 9.971494483079895721e-01
4.099655415363522848e-01 9.967170066699020392e-01
4.081007024173612385e-01 9.965516215982540560e-01
4.041801080709728766e-01 9.961625304457211172e-01
3.950827434135322780e-01 9.952218542564598147e-01
3.939995799943329380e-01 9.950966147637881898e-01
3.889655182185128290e-01 9.944762849571517904e-01
3.884590344430474684e-01 9.944099211494258350e-01
3.849405790191999244e-01 9.939243804141211225e-01
3.817010870135190692e-01 9.934624732405820113e-01
3.704497445959446522e-01 9.916947013874305439e-01
3.629401005872179842e-01 9.904686472997411562e-01
3.596805619958655664e-01 9.899198253657903734e-01
3.544266549949029455e-01 9.890220742148940758e-01
3.483626198335499358e-01 9.879764343048258457e-01
3.448786209875516762e-01 9.873587536000905107e-01
3.411092342670759003e-01 9.866843900345803053e-01
3.373789137070162814e-01 9.859846226392285917e-01
3.369663198423364370e-01 9.858983961538297924e-01
3.328760009520495555e-01 9.850415741357038124e-01
3.295603477752568344e-01 9.843421969260552906e-01
3.280373924517666073e-01 9.839869645837661105e-01
3.265236271869535467e-01 9.836334347909149178e-01
3.262180945809773358e-01 9.835611930279427595e-01
3.220003459040978178e-01 9.825490502224023537e-01
3.127021170912804293e-01 9.803127658147254841e-01
3.125612466238592568e-01 9.802771336315222461e-01
3.111995472595935897e-01 9.799217731905008888e-01
3.091403191994236965e-01 9.793777917970422076e-01
3.066112300530999257e-01 9.786827176750396706e-01
3.059506532560293812e-01 9.784983931527649892e-01
3.050079156304051353e-01 9.782255622792562777e-01
2.994248678326872359e-01 9.766076500738323229e-01
2.973561338238931984e-01 9.759751025577284578e-01
2.932370003576049711e-01 9.747045067236492777e-01
2.904052499704037893e-01 9.738263240925196795e-01
2.882271104030036946e-01 9.731420956898964025e-01
2.808700038840045710e-01 9.708159891941170461e-01
2.786025005080270955e-01 9.700731084467825172e-01
2.750914824720724350e-01 9.689032342546084475e-01
2.730482768320832698e-01 9.681806814624660529e-01
2.718628783123903658e-01 9.677607234449309148e-01
2.685691822510565818e-01 9.665805531735698342e-01
2.673576482350527583e-01 9.661453870010749956e-01
2.649875218084896678e-01 9.652905367799100578e-01
2.646987220238549710e-01 9.651858285798599058e-01
2.603824837519609914e-01 9.635937103476761578e-01
2.587040316811282659e-01 9.629153632564618759e-01
2.506736596766489522e-01 9.596373304228328349e-01
2.478195038111583037e-01 9.584645225870270790e-01
2.459860846450724892e-01 9.576888856019282192e-01
2.425418756583729851e-01 9.562259828575122578e-01
2.414811074651246892e-01 9.557656585987316378e-01
2.407754524897552373e-01 9.554584656751663463e-01
2.264129881365868902e-01 9.491074069524875201e-01
2.248552834073615503e-01 9.484131111206041131e-01
2.234032687457827016e-01 9.477613719849687923e-01
2.221389725216717514e-01 9.471925126544276097e-01
2.178174152225979543e-01 9.452270949216261542e-01
2.165237761864541866e-01 9.446352132520074996e-01
2.108992397685318099e-01 9.420587343142715619e-01
2.100487121820581726e-01 9.416685819667052204e-01
2.089865093822806386e-01 9.411713935334498071e-01
2.048834327907225750e-01 9.391965904613370775e-01
2.006759536716853920e-01 9.371164970109859826e-01
1.998374418747935199e-01 9.366883673581439806e-01
1.949888233507630075e-01 9.341924054554885393e-01
1.910576132519883896e-01 9.321392764186722246e-01
1.896102708900129774e-01 9.313774788725712739e-01
1.810106898632443673e-01 9.268219593433474346e-01
1.795216315974783039e-01 9.259473768779098446e-01
1.776889079230132285e-01 9.248655026726518846e-01
1.755174230806067492e-01 9.235637926121809116e-01
1.719836265764632111e-01 9.214251619320544817e-01
1.708348568849977211e-01 9.207207274844694256e-01
1.685912021344750378e-01 9.193395942297304391e-01
1.676165321105281270e-01 9.187273031564425763e-01
1.662730941659014694e-01 9.178760571519628542e-01
1.649955208387874905e-01 9.169580866709143852e-01
1.626700376353266697e-01 9.152851685311594876e-01
1.619608192081297138e-01 9.147669867418815048e-01
1.583973109782807476e-01 9.121464568434866083e-01
1.575869516212567434e-01 9.115458052883457229e-01
1.567672947710248565e-01 9.109338254272268953e-01
1.531601665548324998e-01 9.082269856911160399e-01
1.518050205360709781e-01 9.071861039803785776e-01
1.492841929413387114e-01 9.052494584325518900e-01
1.446955268524863780e-01 9.017219830499743072e-01
1.440628156004309379e-01 9.012326668468595425e-01
1.403684465011171834e-01 8.982851943413912021e-01
1.345058383807356539e-01 8.936057421810849055e-01
1.308039158107562883e-01 8.905801981162508874e-01
1.296574247652729217e-01 8.896345124929286863e-01
1.271951729367726824e-01 8.875770890835141813e-01
1.249089839222318754e-01 8.856443985877040515e-01
1.206925274678122828e-01 8.820294547275387975e-01
1.166350054569773032e-01 8.785361955688661961e-01
1.156868121003891692e-01 8.777189796217476081e-01
1.143403396976347408e-01 8.765514247542705029e-01
1.073623994321205033e-01 8.704629433233096458e-01
1.062313995480950735e-01 8.693344549333849036e-01
1.053662588185645954e-01 8.684115711617732547e-01
1.046038935989919705e-01 8.675876541748519521e-01
1.019372433246865106e-01 8.646441841278371676e-01
1.000445861069960141e-01 8.625023649145401317e-01
9.960668696406232980e-02 8.620061454402828671e-01
9.805129662100514620e-02 8.602353837730083441e-01
9.496825646260248499e-02 8.566603848894461803e-01
9.364538676699701858e-02 8.550722137359846320e-01
9.055501383386571623e-02 8.513342703411503898e-01
8.959956959393561293e-02 8.501752844450713997e-01
8.608969283580941712e-02 8.459147076781481367e-01
8.412109749449508955e-02 8.434871528914921202e-01
8.008901277935304153e-02 8.385125179231436299e-01
7.891648772913689713e-02 8.370630441183563031e-01
7.747763888298492274e-02 8.352504528586847110e-01
7.630437440542586769e-02 8.337587396839346576e-01
7.579521340205969127e-02 8.330931659515554699e-01
7.552220067908693713e-02 8.327331713635366395e-01
7.474347672090592143e-02 8.316753396891687355e-01
7.316748284543123093e-02 8.295006802319088157e-01
7.218275979729266156e-02 8.281101399404471319e-01
7.114863727108650115e-02 8.266408992284683954e-01
7.060548280282791245e-02 8.258484210243152157e-01
6.885150945705315051e-02 8.232401960003238317e-01
6.766929811746219547e-02 8.214634914346344852e-01
6.721618651564881253e-02 8.207748233625187240e-01
6.661543865518232410e-02 8.198524342246727992e-01
6.457435981320786000e-02 8.165383867286297725e-01
6.239644847455466659e-02 8.129993497628850152e-01
6.107278728071502405e-02 8.108256795321766575e-01
5.958662887945526121e-02 8.083627945524571867e-01
5.862762318635800218e-02 8.067559840272146010e-01
5.846817242688534533e-02 8.064887694105019600e-01
5.487550969019300284e-02 8.000523935991978863e-01
5.364893746453064383e-02 7.978542893412569059e-01
5.269467461188942492e-02 7.961250585645109901e-01
5.248186549466321571e-02 7.957305550418548590e-01
5.085567147501485197e-02 7.927019042562430950e-01
4.996568989923017012e-02 7.909763801784351900e-01
4.673744709635846428e-02 7.845298177802065842e-01
4.533967818716660991e-02 7.817243905996623665e-01
4.484511928104922829e-02 7.807137565693453851e-01
4.400663951661482054e-02 7.789989655884035358e-01
4.267509870436508868e-02 7.762624446914306864e-01
3.869931579101942853e-02 7.676957769919153796e-01
3.761260996465992656e-02 7.652806267434431042e-01
3.698784767053536759e-02 7.638580562999388590e-01
3.678578597394682737e-02 7.633803103067184903e-01
3.660288279072437811e-02 7.629451796933430785e-01
3.606432423597766279e-02 7.616461417661991584e-01
3.557802729285203247e-02 7.603717655324062630e-01
3.490132426942810229e-02 7.585846062302116222e-01
3.465992752616614547e-02 7.579388358307705964e-01
3.335210543158989571e-02 7.544325481796835264e-01
3.276325058379753186e-02 7.528478291432185721e-01
3.184381346543924129e-02 7.503704858304920400e-01
3.146479147614972272e-02 7.493428754205258002e-01
3.002585595534706941e-02 7.453604034253026311e-01
2.687762657124220800e-02 7.366081619033904015e-01
2.508436546796205535e-02 7.315966217305495123e-01
2.393175782816264752e-02 7.282680193154168480e-01
2.261473793189044956e-02 7.242550667641454165e-01
2.217576967174200719e-02 7.228740444819176103e-01
2.129935789555442716e-02 7.200557675522855083e-01
2.099604910284730286e-02 7.190252655307288743e-01
1.930448456104877364e-02 7.130790900819495848e-01
1.831875720051162615e-02 7.094893856620017036e-01
1.776816142933274056e-02 7.074832814858170726e-01
1.753381536280257391e-02 7.066268049465489476e-01
1.636253425898609448e-02 7.023440696105549552e-01
1.512203954108332082e-02 6.976079567084676469e-01
1.418399987986668220e-02 6.938460054408522870e-01
1.397519852325851408e-02 6.930004584944708945e-01
1.296827369288416909e-02 6.885228286860143321e-01
1.260528005250699524e-02 6.867342033999178641e-01
1.202924612490768874e-02 6.838862847917771548e-01
1.197088210556990218e-02 6.835842986137362631e-01
1.160707167922098160e-02 6.816954953131968420e-01
1.141525991280717411e-02 6.806617362346452094e-01
1.064494991183234651e-02 6.764692075467915178e-01
1.002904132054321940e-02 6.728976224157159347e-01
9.176516447692850686e-03 6.673432223504361938e-01
8.361109049020709616e-03 6.620136996170952193e-01
8.135075679554015782e-03 6.605329661739478553e-01
7.979595713244413968e-03 6.595106390910461247e-01
7.903449852109722951e-03 6.590012938066677206e-01
7.768251486725274990e-03 6.580893835363136324e-01
7.565676978008306630e-03 6.566071533089153922e-01
7.528655237103165643e-03 6.563278444960882752e-01
7.386069193496547225e-03 6.552185129355355686e-01
7.204478914614897977e-03 6.536836254105278243e-01
6.966394772095985122e-03 6.516394585804061723e-01
6.823039478769776789e-03 6.504009645723727306e-01
6.417373573105400464e-03 6.468743539120057617e-01
5.994032489590905843e-03 6.431796977910775315e-01
5.840643988606564196e-03 6.417921658687442132e-01
5.210049855610521252e-03 6.343986213704130295e-01
4.997667576468634021e-03 6.317660948993930603e-01
4.534806727759910228e-03 6.257302219039241331e-01
3.445364348006074717e-03 6.114738478453375370e-01
3.337227103027251562e-03 6.097352111272468234e-01
3.119215348397041954e-03 6.060217237154914560e-01
3.036277016872424017e-03 6.044195128049848487e-01
2.669797759510428303e-03 5.972883637816261970e-01
2.477043757263486246e-03 5.933694359954190256e-01
2.159622425938201307e-03 5.862985166354455213e-01
2.028572325889987926e-03 5.832113421947425769e-01
1.858428518169363830e-03 5.791470273702050697e-01
1.788115004773882522e-03 5.772668822062623217e-01
1.636849196313183707e-03 5.731281941824798443e-01
1.530312693394930701e-03 5.700704115480326184e-01
1.235417454792775427e-03 5.608596204036528921e-01
1.215189538824434923e-03 5.602274187088107649e-01
8.512884635317186088e-04 5.483831009052558825e-01
7.332771200339593953e-04 5.443063309905140645e-01
6.840508670452050133e-04 5.425655214382819613e-01
6.428878990955566586e-04 5.410445342906596844e-01
6.239027947586017753e-04 5.403335988615475260e-01
5.011880836573445741e-04 5.355833136941110517e-01
2.714971827786905045e-04 5.257649321782976726e-01
2.610501254051711406e-04 5.242119269701469575e-01
2.509885556358226744e-04 5.226667366409849524e-01
2.325957593341532181e-04 5.183085987761627544e-01
2.276044396132825831e-04 5.141594136052078934e-01
2.272705697861643337e-04 5.127178450462134274e-01
2.629371410782233021e-04 5.074862363674347288e-01
2.974508507462281237e-04 5.041906274760041828e-01
3.065187792029022695e-04 5.034459163153983674e-01
3.550529487605369461e-04 5.000108991868261743e-01
4.495402024931594021e-04 4.948228609474214501e-01
6.960683873624140539e-04 4.819684977095536338e-01
7.049097534095882800e-04 4.815756554177079707e-01
8.047606404328333518e-04 4.774906211239142717e-01
8.718408330541937978e-04 4.749882027179596067e-01
1.086233710364259419e-03 4.673146983317938430e-01
1.166687086440243437e-03 4.644801309944106560e-01
1.220754028249670942e-03 4.626530658926105710e-01
1.341091924872694907e-03 4.594776709184983376e-01
1.406290741327531624e-03 4.578409196225603495e-01
1.768329612477914647e-03 4.492498383014682517e-01
1.780799744222905101e-03 4.489943146701751431e-01
1.912241518029100806e-03 4.464003260917716043e-01
2.007591214138126912e-03 4.447348712368572876e-01
2.307400848146901051e-03 4.396118854396451336e-01
2.518644335169073489e-03 4.364828524053570025e-01
2.849951482972123973e-03 4.316725828917434837e-01
2.963096529805475665e-03 4.301208371037553713e-01
3.220695622534852642e-03 4.269090670786875874e-01
3.442572115943953737e-03 4.241811478507571120e-01
3.882917908948402275e-03 4.189901024371320837e-01
4.198033941138767933e-03 4.157814667777901541e-01
4.311765176534365640e-03 4.147609836111803006e-01
4.873517632091262097e-03 4.098096996800981717e-01
5.072002289236154926e-03 4.080644868302715222e-01
5.663369303740950489e-03 4.029255908515030349e-01
6.037548915522716886e-03 3.997115793765709801e-01
6.418406817689514821e-03 3.964696272727132875e-01
7.000903371126521169e-03 3.917631678119949390e-01
7.416760402842614841e-03 3.886024847420367356e-01
7.731514870310152165e-03 3.862332273972965968e-01
7.979299875938761222e-03 3.845538409568384219e-01
8.860175692686655946e-03 3.787843746682120205e-01
9.141052598076016000e-03 3.769637107923913266e-01
9.299913277471649753e-03 3.759714520587007502e-01
1.024712790696252762e-02 3.701568256360410203e-01
1.111357348134095480e-02 3.649433171708744705e-01
1.162330437336406286e-02 3.618831873619923201e-01
1.269332091328961853e-02 3.555321076708735095e-01
1.283088164930662467e-02 3.547212088191151746e-01
1.358940654996337871e-02 3.503633620026049833e-01
1.554325779307458300e-02 3.403174009606536599e-01
1.607890994262789475e-02 3.376373432756520909e-01
1.667845587775201865e-02 3.346639823773090994e-01
1.716905714044220099e-02 3.322350500228697934e-01
1.761481276848969602e-02 3.300469540045294359e-01
1.832247504037570751e-02 3.267006870209907543e-01
1.879085507278738243e-02 3.245762661920600367e-01
1.893326899114017303e-02 3.239477814155315993e-01
1.921109117287583823e-02 3.227583422590871720e-01
1.933052916077554473e-02 3.222795727452310022e-01
2.154734089594506630e-02 3.134240371514191992e-01
2.175061549019902118e-02 3.126353606129611551e-01
2.215499122853775704e-02 3.110736014425286022e-01
2.329017956433648839e-02 3.067947123001460996e-01
2.386675910426444558e-02 3.047811996997878969e-01
2.432876176756232356e-02 3.032669139492848442e-01
2.445439620644634937e-02 3.028634499099451816e-01
2.513993116874241318e-02 3.007096256482071350e-01
2.652941359934041232e-02 2.965111110047574661e-01
2.699923246308205682e-02 2.951045376538081744e-01
2.905024234825132057e-02 2.890438066593149502e-01
3.140114121208509301e-02 2.822884025650271855e-01
3.280666667356352262e-02 2.784494056121350480e-01
3.427925633102907321e-02 2.744575188580683500e-01
3.554356251388918198e-02 2.711120553487638141e-01
3.692436977316498892e-02 2.675800649702121392e-01
3.712270159183977958e-02 2.670811407046971286e-01
3.860657958022589709e-02 2.634597684958639441e-01
3.897617272480785600e-02 2.625674028049962416e-01
4.044223863269086339e-02 2.590423703160970037e-01
4.058272762784659315e-02 2.587066741328226671e-01
4.086360291066587491e-02 2.580492777964920048e-01
4.181267907978108989e-02 2.558584978720066516e-01
4.265781028217602300e-02 2.539100129570858178e-01
4.399639730036369878e-02 2.508300733006582073e-01
4.598604235957554076e-02 2.463309384267883262e-01
