5.384466265080867231e-02 2.373840619330893631e-01
5.647984432981534297e-02 2.320466246627496121e-01
6.000727176342146585e-02 2.252750576136749450e-01
6.243730714525852488e-02 2.206610995647424467e-01
6.364335858215275366e-02 2.183722845478912600e-01
6.420522197656075569e-02 2.173426832903059269e-01
6.539197927238715735e-02 2.152192576783087397e-01
6.658809157766487630e-02 2.131394183818027255e-01
6.681231950113852847e-02 2.127545259823319101e-01
6.938484553334056670e-02 2.084120985946315008e-01
6.963158464855956353e-02 2.080020899290891956e-01
7.267697735028233463e-02 2.030053703590101177e-01
7.378782851592669001e-02 2.011903610892524785e-01
7.521084450285875356e-02 1.989070629691370717e-01
7.590790192948893012e-02 1.978082462255710272e-01
7.822539734653033427e-02 1.941833100025381897e-01
7.915770693962442817e-02 1.927634405668842144e-01
8.047621990157260985e-02 1.907630752804010399e-01
8.137698869808751567e-02 1.894004287348377558e-01
8.567804682198987276e-02 1.829454603657125755e-01
8.574156664222909452e-02 1.828522513001779037e-01
8.944862466223613140e-02 1.774235757072035735e-01
9.136329442151858160e-02 1.746431757497211024e-01
9.353647936888598302e-02 1.715281707593868665e-01
9.434087484541653357e-02 1.703962660310449628e-01
9.523970258646441422e-02 1.691606128080024307e-01
9.644921114767823767e-02 1.675018089814008793e-01
9.676084453213240621e-02 1.670886635362950345e-01
9.750366486282102674e-02 1.661230977033738565e-01
1.055961191848904246e-01 1.556579558219154391e-01
1.083155497384342691e-01 1.522225787972543154e-01
1.107066829295336730e-01 1.492387529876006980e-01
1.133131095216358686e-01 1.460932587055036036e-01
1.142274882037860317e-01 1.450175559785861212e-01
1.165320692705815731e-01 1.423741995310608965e-01
1.174119907398237794e-01 1.413953498625584171e-01
1.196860777841085577e-01 1.388754706279546891e-01
1.223536333018029332e-01 1.359568366358877567e-01
1.242261321447302169e-01 1.339119641435757568e-01
1.251787277554238242e-01 1.328752724603236013e-01
1.260768257861090147e-01 1.319433185872520564e-01
1.282298276146618399e-01 1.297159745955543952e-01
1.286871670013354230e-01 1.292445958074416312e-01
1.309279813608904552e-01 1.269823399925958940e-01
1.313855675698631931e-01 1.265405433300504923e-01
1.335077613202707569e-01 1.245029167563318495e-01
1.380138016104054399e-01 1.201959674518714438e-01
1.398435840339758984e-01 1.184495323883018036e-01
1.448080285004150758e-01 1.139318840090612905e-01
1.468692494625993827e-01 1.120580870475361701e-01
1.484587090845790325e-01 1.106138272512200427e-01
1.494819538741507525e-01 1.097133378467799458e-01
1.525629826756625951e-01 1.070318716542557613e-01
1.553644835939715918e-01 1.046197812059017629e-01
1.593033044149914090e-01 1.012340621101914806e-01
1.630360865884599164e-01 9.808601940996453106e-02
1.660333460380766235e-01 9.566793701661158167e-02
1.682699789364071608e-01 9.393888579363585123e-02
1.700078021236355319e-01 9.260258086885198026e-02
1.714045165137231264e-01 9.152997663924078431e-02
1.727575267863713515e-01 9.055452562277765960e-02
1.744525970937808035e-01 8.935307216021215471e-02
1.765618983497471151e-01 8.788407763145378304e-02
1.784872641083262712e-01 8.654911297873324472e-02
1.816282051331674641e-01 8.439373005193340216e-02
1.850196437504613156e-01 8.207049132826926829e-02
1.855221390616524912e-01 8.172801447633404326e-02
1.950259029310164038e-01 7.541464996679814181e-02
1.967112450911949750e-01 7.429549159850301621e-02
2.017221758606514426e-01 7.097099528470951491e-02
2.023422057431087939e-01 7.056307695506602862e-02
2.074650480773672090e-01 6.724420618508175629e-02
2.096081932151024896e-01 6.586202487455261601e-02
2.112917878910441916e-01 6.482847211107378715e-02
2.151261172523289966e-01 6.249910970650474074e-02
2.158598201848969111e-01 6.205645556397487717e-02
2.213612884659214020e-01 5.873800106805926458e-02
2.218092669107888382e-01 5.847250499125578038e-02
2.227312055145691527e-01 5.792890495326774580e-02
2.250311374229089223e-01 5.661841779853626910e-02
2.264373051632622147e-01 5.581895954802418292e-02
2.297538755800200283e-01 5.404558622143562641e-02
2.311588405909699162e-01 5.329697058258076048e-02
2.371356083115185864e-01 5.011495587331260548e-02
2.394844387397202512e-01 4.887505950005810451e-02
2.412194813078343270e-01 4.796697775203462299e-02
2.448239536053548049e-01 4.608725086113485414e-02
2.503507136085508789e-01 4.324578776746068609e-02
2.526998162442151141e-01 4.204814062943296182e-02
2.537517173776463464e-01 4.151657558044841156e-02
2.573224448070866588e-01 3.975017042756323615e-02
2.667449227815450463e-01 3.532890311160541419e-02
2.688380169060591296e-01 3.439637767377967670e-02
2.707495469415963640e-01 3.357525743634370841e-02
2.733532768650646094e-01 3.250372457405648063e-02
2.803014884626111591e-01 2.965328526349653160e-02
2.870262051509485657e-01 2.701488447694988526e-02
2.918162923051286217e-01 2.519855202776577485e-02
2.970047388671590571e-01 2.324840706106401367e-02
2.979877710455088868e-01 2.288576869133762681e-02
3.028304633724030470e-01 2.112633390046025905e-02
3.063141260386973430e-01 1.986556951053719544e-02
3.072866392460911200e-01 1.953391388365777193e-02
3.132721236907507478e-01 1.754539411077282729e-02
3.165932236574353631e-01 1.647999982633852056e-02
3.185199091726638176e-01 1.592249479271212742e-02
3.189830313183857902e-01 1.579726044029616805e-02
3.214626049654817352e-01 1.513434255946333185e-02
3.225883249705069344e-01 1.484348434533777628e-02
3.240459388048650968e-01 1.448172790718060821e-02
3.282455522223720612e-01 1.344847259290504748e-02
3.303874232884250750e-01 1.295817532643717129e-02
3.317044402844812057e-01 1.266120662080072456e-02
3.345663435988892598e-01 1.204075244116820098e-02
3.395124199640729978e-01 1.103926232938845509e-02
3.433643267958997880e-01 1.027783621474009923e-02
3.476996352771188903e-01 9.513730698179512224e-03
3.495141867601476715e-01 9.211949873060509830e-03
3.521970111282940463e-01 8.782359556999241867e-03
3.561035177692821740e-01 8.172413554935920033e-03
3.628573567624733265e-01 7.122730965987367213e-03
3.676312227907909680e-01 6.384424862282300772e-03
3.690495812967964362e-01 6.167960679781758770e-03
3.711489044479829857e-01 5.849770518152053178e-03
3.732309536955755735e-01 5.536799171964257305e-03
3.738866111763937683e-01 5.441142998082404425e-03
3.778211881651984960e-01 4.887404387809657358e-03
3.787497120684387708e-01 4.758072374427380069e-03
3.813690787814285610e-01 4.406654606107118788e-03
3.828050961500002458e-01 4.214228997567293078e-03
3.843522124588869548e-01 4.023326637623503288e-03
3.887513386543478555e-01 3.538114461961727741e-03
3.896593117402272766e-01 3.439304804780718428e-03
3.911915807554453561e-01 3.282638429215833931e-03
3.937200006416717857e-01 3.027550973390913391e-03
3.989886435096111628e-01 2.559953416577886998e-03
4.012409778662220372e-01 2.365033577163555556e-03
4.053199925773477430e-01 2.070764215477804981e-03
4.073708639194725256e-01 1.940101387824522128e-03
4.156350454393741289e-01 1.455828718949003786e-03
4.173361410505046498e-01 1.370121434316917686e-03
4.185747919074406243e-01 1.319049524456050726e-03
4.222162216240731292e-01 1.194039480814423904e-03
4.236977673399169309e-01 1.151843998332235941e-03
4.309035441146312762e-01 9.569146728832800264e-04
4.394926075150605849e-01 7.681355531123923441e-04
4.445490772452507233e-01 6.581762695719861611e-04
4.483889617143602679e-01 6.199677022731275855e-04
4.539458231173496561e-01 6.119234542901752505e-04
4.577767419346119304e-01 6.168166298864408148e-04
4.585560018231803481e-01 6.225816159330932464e-04
4.637940544361499606e-01 6.646105422908332727e-04
4.683314859531270136e-01 7.011334061075569224e-04
4.727916443741670971e-01 7.580544696385027592e-04
4.747516515497042233e-01 8.032485045341708485e-04
4.835089065470934422e-01 1.016686927344467861e-03
4.941049626195727074e-01 1.385391735233332255e-03
4.984323300459420070e-01 1.552276124217155662e-03
5.000347524994870341e-01 1.616825745074379483e-03
5.031507328690655312e-01 1.744499267398169629e-03
5.041188504676713533e-01 1.784780540974972851e-03
5.048406054650913521e-01 1.815152471834280412e-03
5.071599129942550022e-01 1.913793846156530698e-03
5.110436380047618243e-01 2.092277004219655900e-03
5.162049633057497200e-01 2.352603786763940441e-03
5.208108810971726621e-01 2.591636129710472858e-03
5.229841107622759111e-01 2.714479220234489176e-03
5.285411938826098943e-01 3.055046070766564981e-03
5.322815443196943219e-01 3.296688135405512199e-03
5.364654194873627047e-01 3.575009957496488866e-03
5.369000250780882055e-01 3.604855886338298454e-03
5.393289933656811863e-01 3.774528924895048654e-03
5.418989770809187201e-01 3.960086557721509415e-03
5.431477975640963685e-01 4.051057592935558560e-03
5.452374088764334603e-01 4.203344815874809903e-03
5.497726253927082141e-01 4.534159047238639495e-03
5.544901776499129298e-01 5.026694912092288803e-03
5.564262369651327145e-01 5.240927157453612040e-03
5.599363236005330258e-01 5.629512738850372955e-03
5.608521086618762919e-01 5.737110692486280250e-03
5.621004860472215148e-01 5.888347380055281022e-03
5.657206081500946171e-01 6.357988761531041533e-03
5.668340308424100193e-01 6.503344240568087464e-03
5.710787334395495130e-01 7.058515922551023003e-03
5.725345754642032770e-01 7.249250316421207430e-03
5.749805058933511459e-01 7.571098398395537110e-03
5.774203790043759277e-01 7.915485842312941500e-03
5.838073842816186021e-01 8.858768947534567673e-03
5.903075518451146309e-01 9.878059481977286005e-03
6.022078193671767110e-01 1.175782495062838162e-02
6.057899365124319591e-01 1.233813729833865835e-02
6.083250942370451719e-01 1.276592106534790716e-02
6.098938673976163072e-01 1.304240793609234839e-02
6.135667973443180712e-01 1.371318034211332915e-02
6.237655268217126014e-01 1.568564789615267685e-02
6.297702570238887798e-01 1.688732739667075933e-02
6.333858225531490138e-01 1.761873342463782244e-02
6.398427542492652886e-01 1.894347352906911031e-02
6.420585542992648387e-01 1.940355956889083799e-02
6.479331243106747351e-01 2.063471615249612423e-02
6.501603287775046258e-01 2.112007895127643309e-02
6.616260379391424307e-01 2.370686228441676313e-02
6.617747186373698076e-01 2.374176088485613345e-02
6.688999941301841945e-01 2.548088214980981370e-02
6.710019535605077357e-01 2.601331310702725830e-02
6.744919715834796214e-01 2.690281765500357469e-02
6.749754715989091380e-01 2.702856685102361656e-02
6.806238096636533230e-01 2.854336806709401042e-02
6.848344109324256967e-01 2.969052828101903518e-02
6.856390439073879461e-01 2.991134321161925680e-02
6.892688234197755781e-01 3.095723958386598085e-02
6.988723170203434698e-01 3.374657688353821516e-02
6.995013113862946774e-01 3.393182285019114008e-02
7.010921923539816802e-01 3.440228225431329889e-02
7.019818681772627134e-01 3.466553146819073561e-02
7.061006519059039865e-01 3.594056341704843227e-02
7.090390502025911701e-01 3.687985049803177429e-02
7.191920476628879122e-01 4.018080284191072327e-02
7.213885917281216420e-01 4.089578594887999241e-02
7.224118487652267939e-01 4.123573260681101527e-02
7.286285365085299892e-01 4.332036035691999576e-02
7.322914192699895297e-01 4.466552709271620625e-02
7.335984501082272180e-01 4.515736902334599456e-02
7.344055093677880341e-01 4.546207958777526148e-02
7.373192972606880113e-01 4.667635561252581056e-02
7.396207203955881271e-01 4.764531046382136648e-02
7.430162277890892675e-01 4.908379047712674303e-02
7.464192755435298254e-01 5.057518813784633860e-02
7.515102936804988198e-01 5.286373274182487592e-02
7.527345564708217696e-01 5.341864378149885351e-02
7.546600381875739894e-01 5.431099740073874749e-02
7.595563468568257148e-01 5.658380289207576297e-02
7.604551128746915856e-01 5.701742802484233152e-02
7.609442105963327707e-01 5.725385678484640195e-02
7.633914059122253182e-01 5.846071497641203152e-02
7.642836724076305099e-01 5.890460778179906765e-02
7.652960320049136955e-01 5.941492467876052785e-02
7.659346994183716673e-01 5.973803805936916955e-02
7.675051769810512514e-01 6.056103778007115856e-02
7.685912918305877195e-01 6.113639665334769102e-02
7.740084078474728235e-01 6.401465868715283669e-02
7.785916618171174752e-01 6.648369521884800459e-02
7.812045264678502132e-01 6.790249099105327701e-02
7.840744684052497471e-01 6.946300899592472433e-02
7.852971040056146990e-01 7.014495857284286373e-02
7.857943071286456194e-01 7.042796430163567045e-02
7.869985459063884026e-01 7.112318973050313353e-02
7.883788350547543677e-01 7.192925319400111928e-02
7.901094497343795764e-01 7.294728161335162220e-02
7.929668460372956140e-01 7.466782789424286637e-02
7.945796612686193416e-01 7.565305746114481256e-02
7.963730873613117378e-01 7.675136152946615553e-02
8.009622042878172810e-01 7.956208398617958810e-02
8.074213056888652762e-01 8.352476313003776021e-02
8.116653340862021171e-01 8.616217763875710922e-02
8.140199932014029471e-01 8.765440743595009909e-02
8.170964691963499282e-01 8.969086360299605154e-02
8.171760429445747986e-01 8.974557394353954720e-02
8.177627307624657504e-01 9.015567798414447775e-02
8.188982412210452644e-01 9.095042947896292418e-02
8.207073951590334593e-01 9.222447430028291038e-02
8.282203142514982241e-01 9.752169035027813404e-02
8.310667322517660827e-01 9.957518217708616337e-02
8.340590897249605673e-01 1.017597376891836713e-01
8.357628575221265343e-01 1.030087564876396300e-01
8.361386438991444958e-01 1.032869523695920666e-01
8.381294107083699929e-01 1.047650249106387710e-01
8.412108653911837264e-01 1.070611646118272420e-01
8.428004886099923487e-01 1.082478007701761502e-01
8.446113206362011461e-01 1.096060110393882736e-01
8.487984360368990844e-01 1.127800393484305053e-01
8.518856595608766957e-01 1.151344265970961622e-01
8.528335022582343994e-01 1.158579230493247403e-01
8.557424057387401639e-01 1.180802984409495826e-01
8.566155222830956761e-01 1.187550302013689052e-01
8.591160115074202297e-01 1.206950559147766944e-01
8.611988482012818968e-01 1.223270574647842279e-01
8.628362442202954785e-01 1.236624449649954549e-01
8.646000568395645347e-01 1.251063023315578393e-01
8.659467272335324983e-01 1.262106807270915176e-01
8.670765368207117296e-01 1.271515192927782367e-01
8.687809814541826992e-01 1.285736097236419573e-01
8.711497703920567659e-01 1.306402001813614655e-01
8.761028202187647329e-01 1.349666813681756894e-01
8.794544335102751909e-01 1.378951824827774342e-01
8.819831712083749942e-01 1.401068094677043741e-01
8.826700205790294351e-01 1.407190098026481762e-01
8.829555123836574371e-01 1.409791645754135958e-01
8.844153556010835304e-01 1.423319737440138510e-01
8.858917524427591950e-01 1.437080328297459797e-01
8.886052695574059301e-01 1.462627716890833041e-01
8.897591390225242369e-01 1.474021957799519500e-01
8.919144171216065731e-01 1.495576686755907270e-01
8.954571682999593607e-01 1.531369222663192531e-01
8.976161799383409745e-01 1.553370049516802354e-01
8.988318215961631497e-01 1.566007891224603377e-01
9.013781544818861846e-01 1.592501856766521673e-01
9.017798268377430482e-01 1.596962314307281972e-01
9.023260772613028724e-01 1.603040144726595173e-01
9.028275497452070697e-01 1.608660454424483133e-01
9.057083444268210215e-01 1.641190156040679415e-01
9.062114615037630827e-01 1.646947099709926698e-01
9.084089783807004492e-01 1.672144780657137675e-01
9.106176854000797016e-01 1.698020962604473993e-01
9.112923018490847182e-01 1.706177377607113188e-01
9.131902614770204263e-01 1.729525472839764655e-01
9.133442839299639182e-01 1.731423174763959683e-01
9.145800079835941787e-01 1.746757457843500783e-01
9.154854864984747209e-01 1.758128848090668717e-01
9.183621649299332779e-01 1.794309410394279158e-01
9.218028591814450001e-01 1.838350780598035916e-01
9.223808900094311314e-01 1.846080112421397690e-01
9.251283297935352090e-01 1.884490068966861998e-01
9.265529425089158444e-01 1.905509640914876401e-01
9.271841073030943070e-01 1.915003091017959402e-01
9.279810453987112906e-01 1.927156182920528593e-01
9.293345058611355292e-01 1.948493191363871446e-01
9.308893056819843581e-01 1.973256772921354596e-01
9.315517759153219002e-01 1.984253859855540369e-01
9.316715916251300245e-01 1.986289772074916193e-01
9.346688376789058506e-01 2.037974301945033595e-01
9.366082048561424900e-01 2.071583091367105167e-01
9.381876327043026098e-01 2.099650935898625947e-01
9.404626186585645087e-01 2.140083045579386223e-01
9.413915204016329863e-01 2.156647606255356342e-01
9.427748688498166496e-01 2.183500319581580529e-01
9.441646313031113458e-01 2.210694692761872027e-01
9.448985500627397061e-01 2.225274543532002047e-01
9.453164950504282515e-01 2.233939300848857279e-01
9.467768663290070386e-01 2.264355581851957844e-01
9.484357775051880379e-01 2.299398494663295045e-01
9.495674984707473953e-01 2.323404620535010068e-01
9.511232141376051441e-01 2.356631031137770282e-01
9.521658093603384554e-01 2.379033286073879427e-01
9.531854513351631919e-01 2.401175705558163953e-01
9.535085071568181192e-01 2.408266588837798539e-01
9.557831185738642210e-01 2.463741833067666365e-01
9.563728596960247019e-01 2.478126628958139399e-01
9.578618062404973266e-01 2.514684087057869055e-01
9.596264771589771980e-01 2.558198083133857992e-01
9.598165592509716459e-01 2.562896203466125122e-01
9.604013016597793273e-01 2.577992420932685436e-01
9.607860078588115194e-01 2.588232916710201392e-01
9.621434424862915780e-01 2.624433208603091927e-01
9.632978952308747234e-01 2.655724728201940277e-01
9.636025957589073876e-01 2.664200265221388086e-01
9.638984290333320049e-01 2.672657233405761890e-01
9.640588733023257584e-01 2.677389537879373282e-01
9.646998809183899848e-01 2.696420326471068440e-01
9.659548818978702656e-01 2.734306243608334297e-01
9.662288644349560363e-01 2.742799922479732810e-01
9.678925878978045239e-01 2.794471644971265878e-01
9.680116566144308932e-01 2.798229375640335359e-01
9.698655988900874991e-01 2.859458360221305284e-01
9.702527127745879110e-01 2.872285148905067143e-01
9.709907145837772813e-01 2.896872782866795060e-01
9.730932787393286043e-01 2.967312374451380741e-01
9.736085181925682175e-01 2.985230513843880606e-01
9.748818312759809368e-01 3.030112333075849484e-01
9.767585272994245837e-01 3.098272395830030668e-01
9.771301476814104880e-01 3.111804513863553057e-01
9.773024367475232621e-01 3.118193494842288471e-01
9.782538943949650179e-01 3.153603345461754026e-01
9.788481206157322312e-01 3.176638355535759128e-01
9.795217555773364504e-01 3.202827192774020393e-01
9.797704631974529788e-01 3.212530755629784407e-01
9.808779631097657159e-01 3.256600230704299603e-01
9.818321542388640522e-01 3.295793885236316667e-01
9.822231398918263023e-01 3.312029504015889803e-01
9.823021156226600104e-01 3.315330609408386753e-01
9.825576158794468995e-01 3.326118073097824590e-01
9.827683534592642767e-01 3.335099666405870744e-01
9.837185744450831493e-01 3.377148552614890331e-01
9.842863485938463386e-01 3.402327312668201875e-01
9.846631984274534233e-01 3.419114188035899948e-01
9.856191371740895546e-01 3.462202861212120286e-01
9.856871885016663670e-01 3.465290486876128062e-01
9.865331137061380540e-01 3.504294932597413759e-01
9.873695603798100517e-01 3.544542760550641880e-01
9.875490679726519616e-01 3.553403417861229485e-01
9.884048200267053774e-01 3.596847904332274304e-01
9.890883395464602490e-01 3.633594679932469207e-01
9.898345146754745638e-01 3.673863170141615786e-01
9.902574555022511937e-01 3.697222713170759123e-01
9.904122707291689309e-01 3.705883914479818353e-01
9.905659018618115930e-01 3.714735076147450688e-01
9.909644674998185909e-01 3.739164537904202668e-01
9.920705466899815139e-01 3.810956290572183880e-01
9.920937755414709347e-01 3.812510527740493593e-01
9.927107623592253960e-01 3.857503131370465521e-01
9.930479515711209126e-01 3.882611281234242817e-01
9.931331799971497842e-01 3.889098485135973338e-01
9.939548299739634496e-01 3.951931139722030251e-01
9.946485459974724330e-01 4.009664499411327299e-01
9.947470639468442011e-01 4.019154947310842330e-01
9.957308564836515608e-01 4.117921147945696747e-01
9.961502689155630197e-01 4.166320814173511966e-01
9.967621719446909667e-01 4.238355997114046092e-01
9.970152899365414267e-01 4.270830783090436844e-01
9.971159328972061253e-01 4.285555231481815719e-01
9.973501932810019399e-01 4.321341146409195533e-01
9.977339338872243113e-01 4.384703450801148428e-01
9.978469398415283909e-01 4.406572709825228307e-01
9.979120342956370182e-01 4.419434121303784657e-01
9.979867180269685889e-01 4.436477801913825125e-01
9.980258638352890177e-01 4.445948595285785787e-01
9.981558092910803870e-01 4.480361520019072730e-01
9.981901073451061590e-01 4.491247958551130015e-01
9.983355459142078114e-01 4.538363822405737658e-01
9.984923045969487099e-01 4.602700876184839807e-01
9.985467891819774788e-01 4.625937651312193033e-01
9.986423038076925884e-01 4.667100970150500627e-01
9.986863058143380378e-01 4.689231259935844331e-01
9.987298993035607086e-01 4.713483218024214771e-01
9.987559227743191270e-01 4.729325584621050238e-01
9.987653661173182540e-01 4.737297708350276526e-01
9.988000014897570056e-01 4.794669669324606032e-01
9.988191877532186513e-01 4.827050401695094362e-01
9.988764353086632131e-01 4.939954138790206839e-01
9.988572439392768842e-01 4.957137873740280476e-01
9.988443698771843904e-01 4.966984438245840572e-01
9.988268607905729235e-01 4.979975532576816910e-01
9.987515090182197408e-01 5.028169170128856669e-01
9.987193878538828118e-01 5.046144125273992476e-01
9.986410176872266842e-01 5.089893314764485366e-01
9.986088302518512094e-01 5.106284608116322676e-01
9.985354698817028307e-01 5.143370988835422875e-01
9.984768130676194842e-01 5.165977415008888851e-01
9.983491231821903789e-01 5.202412974286441116e-01
9.983177538297639542e-01 5.209100054428166260e-01
9.983006195491643808e-01 5.212698053372499807e-01
9.982880704717039810e-01 5.215243231617132658e-01
9.982372345457607432e-01 5.224559079170038034e-01
9.978899738611237691e-01 5.275862256564294306e-01
9.975287783462669644e-01 5.327449606618206435e-01
9.970311702493812600e-01 5.395589085469957302e-01
9.967888744167663351e-01 5.427106587987656772e-01
9.961699455933663572e-01 5.488504882619654746e-01
9.953286488084427397e-01 5.566402307623175005e-01
9.950967562765686836e-01 5.586902574623253681e-01
9.950197428086334783e-01 5.593142832127593334e-01
9.942837611273154241e-01 5.648934755911424466e-01
9.939245695536534919e-01 5.675906764570751717e-01
9.936190846799042298e-01 5.697167881353838448e-01
9.931081123935282529e-01 5.732461368924731682e-01
9.922985776330677243e-01 5.784961202170958439e-01
9.908085046027371723e-01 5.875976181790916186e-01
9.904918005908160961e-01 5.894647899892978549e-01
9.902718703226169872e-01 5.907317012340889129e-01
9.898650774896543547e-01 5.929647407273269666e-01
9.897960696887284637e-01 5.933325948881630341e-01
9.887652686364702959e-01 5.988135431479976178e-01
9.884952142866506586e-01 6.002444419400768671e-01
9.882165224530464753e-01 6.016952922853858743e-01
9.880596839096967843e-01 6.024742020558027100e-01
9.879022244493571581e-01 6.032338837097502848e-01
9.864264815992486168e-01 6.102896565550887109e-01
9.856788859247549439e-01 6.138108100089779695e-01
9.853397236924836822e-01 6.153895562292596155e-01
9.849509414077477487e-01 6.171902760644767394e-01
9.838449153730773888e-01 6.223118116642305520e-01
9.837240947237269051e-01 6.228258821097142350e-01
9.814025141813499387e-01 6.324887377844509162e-01
9.804976197965475926e-01 6.359780549640809966e-01
9.799195082681019242e-01 6.382037987239360666e-01
9.794766713416122039e-01 6.398731740416504499e-01
9.766802037754430676e-01 6.503229638706883309e-01
9.760142848850094088e-01 6.527617289288004665e-01
9.741616901011822538e-01 6.593298393724075224e-01
9.734019188807093714e-01 6.619968161796790929e-01
9.729051970662421223e-01 6.637108434398651946e-01
9.725421837533025915e-01 6.649403163894090918e-01
9.715927221548411596e-01 6.681551478135933086e-01
9.705664456116476213e-01 6.715827828710977387e-01
9.701040786642415314e-01 6.731208566324493603e-01
9.693463956509809076e-01 6.756071589830497937e-01
9.684942460163260547e-01 6.783325883075724816e-01
9.680609268375079957e-01 6.796744896650764867e-01
9.661013345934538199e-01 6.856207990679241693e-01
9.651927450784858475e-01 6.883439788845887586e-01
9.642923192609356153e-01 6.910257600468753258e-01
9.637350872983434513e-01 6.926737319582783048e-01
9.634309026404638265e-01 6.935708026800823101e-01
9.621264772873111548e-01 6.972304168859931872e-01
9.612112428084297333e-01 6.997700724262582161e-01
9.587316940647748753e-01 7.065635616315986134e-01
9.584680085521358750e-01 7.072689943115468836e-01
9.571990087571268235e-01 7.106580971224277787e-01
9.551394923864997555e-01 7.161251200422812380e-01
9.534355682863474568e-01 7.206393006639997267e-01
9.524684386207077358e-01 7.231568415642882774e-01
9.511845965102840861e-01 7.264351984146828478e-01
9.502273473223227240e-01 7.287845932841778840e-01
9.480037764339958040e-01 7.342339339369412521e-01
9.466759455051925176e-01 7.374850889172411827e-01
9.447667961829150363e-01 7.421366405272756817e-01
9.440338770746672381e-01 7.438947470259217321e-01
9.428425666991975262e-01 7.467292831764940075e-01
9.418047784067223871e-01 7.491116833953952447e-01
9.391114267968424523e-01 7.550527004892749749e-01
9.376983295495712190e-01 7.581568447584826620e-01
9.375252305740456871e-01 7.585353451639216260e-01
9.364350243696321074e-01 7.609136607373815364e-01
9.334410661834419143e-01 7.673288462295102530e-01
9.332282851217774677e-01 7.677789162689877545e-01
9.327400600855229040e-01 7.688113401038957351e-01
9.317875051914525919e-01 7.708127042154634401e-01
9.297332584854566262e-01 7.750378730768503477e-01
9.256121205706752120e-01 7.833658957622509078e-01
9.249415449421782842e-01 7.847197194965643829e-01
9.220911023164515274e-01 7.903630572980799851e-01
9.195790528035482359e-01 7.952957902724675510e-01
9.188196214524204652e-01 7.967686316863907825e-01
9.182792328223783329e-01 7.978134233733010783e-01
9.175168377607590964e-01 7.992445079117490581e-01
9.165015792513151460e-01 8.011328382814359994e-01
9.158826293692386988e-01 8.022782453853984919e-01
9.143257659927280789e-01 8.050653020420235340e-01
9.137684516567776694e-01 8.060478141080509307e-01
9.113422038693957949e-01 8.102753321643355600e-01
9.097531683395014834e-01 8.130278319832986433e-01
9.090585761984028013e-01 8.141993917554647409e-01
9.069386381282784626e-01 8.177731701283509347e-01
9.066642825058650601e-01 8.182338471521126699e-01
9.056293401953428024e-01 8.198992391884406539e-01
9.044760596534818786e-01 8.216905172230783982e-01
9.032345022054653061e-01 8.236187265623630127e-01
9.009502540252236624e-01 8.270628838534748173e-01
8.958660640496201033e-01 8.347183672308212676e-01
8.934040789460608867e-01 8.384178144639230501e-01
8.922445884442268271e-01 8.400773210476463193e-01
8.913991801731763198e-01 8.412847595773923493e-01
8.902270973438105583e-01 8.429433644914846591e-01
8.899823749354981439e-01 8.432777176585466439e-01
8.890687203842421171e-01 8.445234218379674695e-01
8.881643497884367244e-01 8.457480653376211466e-01
8.869529944093496043e-01 8.473491422152652497e-01
8.855570753076191792e-01 8.491801168681436529e-01
8.844296587133468890e-01 8.506467655991857280e-01
8.795915000397132033e-01 8.568894089915159995e-01
8.762130088850630383e-01 8.612152414321699867e-01
8.750813193858629768e-01 8.626351306348963854e-01
8.736860102366239555e-01 8.642625705530638802e-01
8.724326165725911908e-01 8.657168339990400918e-01
8.679362817162863397e-01 8.706409549099375367e-01
8.657004794338810649e-01 8.730783953432732503e-01
8.641151278354658460e-01 8.747877952738299934e-01
8.630129639596992863e-01 8.759690369519023134e-01
8.610428233552084309e-01 8.780574253929737116e-01
8.596856680484781243e-01 8.794797704411536632e-01
8.572980581126089517e-01 8.819650852496178084e-01
8.543719623515575456e-01 8.848730990689073206e-01
8.512403113751455530e-01 8.878595263498872958e-01
8.506631019070816091e-01 8.883722919926563266e-01
8.464360838426776557e-01 8.920336119148324361e-01
8.448073934759519066e-01 8.933854309218003387e-01
8.424127782628535455e-01 8.953490444831283535e-01
8.384063155211785023e-01 8.986200600373215330e-01
8.377577909334360529e-01 8.991468059028902005e-01
8.353570612037111154e-01 9.010048273161991306e-01
8.312714312367134317e-01 9.041069492307577393e-01
8.258813053764531009e-01 9.081226289705673915e-01
8.234118083554399226e-01 9.099420338668328112e-01
8.227529282288265078e-01 9.104271200536089292e-01
8.200136119657172040e-01 9.124149116503365020e-01
8.185287363918118952e-01 9.134638578734990411e-01
8.155376713642676911e-01 9.155761567160692893e-01
8.103462100323232109e-01 9.192254017991711157e-01
8.084590551521714241e-01 9.205090791124977967e-01
8.055943709490658300e-01 9.223878789888515506e-01
8.052511590117017448e-01 9.226082363689013244e-01
8.036844994702456724e-01 9.236072127625116757e-01
8.008616975932055793e-01 9.253820174651411490e-01
7.986784704204943353e-01 9.267544857132852254e-01
7.922008185263176294e-01 9.307723221272059533e-01
7.915004316841399712e-01 9.311835237297964030e-01
7.888685921078877339e-01 9.327221966059660030e-01
7.841427513666584526e-01 9.354308079130834175e-01
7.826650483270333192e-01 9.362768323562838946e-01
7.756338751464454395e-01 9.400953885161965617e-01
7.733611788198777592e-01 9.413276867459294817e-01
7.715375011089697921e-01 9.422945050360734820e-01
7.712702406629671215e-01 9.424354859586620003e-01
7.675612119597914340e-01 9.443860650777480270e-01
7.660719319427782281e-01 9.451607527092401595e-01
7.653450726898233247e-01 9.455310256523890011e-01
7.619057093033083650e-01 9.472600032475967380e-01
7.598723502876221225e-01 9.482767269007865707e-01
7.566960449194730653e-01 9.498556427140300018e-01
7.565054036554831329e-01 9.499503520578331806e-01
7.547121896548075748e-01 9.508310495100973370e-01
7.527198945816585551e-01 9.518043494603694032e-01
7.473673991579449227e-01 9.542288469090666192e-01
7.447280308332098198e-01 9.554202871147164933e-01
7.407830974487962239e-01 9.571766310153979607e-01
7.382830532068126450e-01 9.582881450546798519e-01
7.352112339271926755e-01 9.596316399700642874e-01
7.300866309805060794e-01 9.618573807083383720e-01
7.276838509615437545e-01 9.628775370823160484e-01
7.250623313381255874e-01 9.639715154425463339e-01
7.237695119044293968e-01 9.644992983431245337e-01
7.226201118163496639e-01 9.649493306252673319e-01
7.194409027993423633e-01 9.661908842354454130e-01
7.166764952914813636e-01 9.672305040684539001e-01
7.129151100956434561e-01 9.686234379583884557e-01
7.109108311590610629e-01 9.692927912007007762e-01
7.086063622093357051e-01 9.700419767720018793e-01
7.038396642646569390e-01 9.715512693664584143e-01
7.018522583594085651e-01 9.721235913212263879e-01
7.007511176410976539e-01 9.724368992007212942e-01
6.954079036998807029e-01 9.739547233133230009e-01
6.932217378949484532e-01 9.745601732689832541e-01
6.905917653601763018e-01 9.752762836982766803e-01
6.885737554369314450e-01 9.758251596339727607e-01
6.854375649279784710e-01 9.766737856649362337e-01
6.831333982397553850e-01 9.772945708531057818e-01
6.811593199362688811e-01 9.778235203377440010e-01
6.764687417145541781e-01 9.790741419372346321e-01
6.732507490784281901e-01 9.799252890910088443e-01
6.717395462126829475e-01 9.803204412354166175e-01
6.714389485025648030e-01 9.803972757832546403e-01
6.699967730570237645e-01 9.807537121754951182e-01
6.649165125963371059e-01 9.819889648567324825e-01
6.608879062693385764e-01 9.829633990731267978e-01
6.603936797503529021e-01 9.830811354124079360e-01
6.593775400570176526e-01 9.833110758125211959e-01
6.572518739580034408e-01 9.837767412087485841e-01
6.561157621467227363e-01 9.840231792613954864e-01
6.548438306928826558e-01 9.842950486444825842e-01
6.529515397721585845e-01 9.846981750240948461e-01
6.503261763035490528e-01 9.852437423091995328e-01
6.454554441859964298e-01 9.862383510028349676e-01
6.416929687288156492e-01 9.869908290222202396e-01
6.357527961383697690e-01 9.881686946689223205e-01
6.295207256522648009e-01 9.893497924452882009e-01
6.272498374433436163e-01 9.897624235600753773e-01
6.252172685501976579e-01 9.901079910726615640e-01
6.203088060690241656e-01 9.908536487146161198e-01
6.126825023834213679e-01 9.919483999796764317e-01
6.110158898263262639e-01 9.921782490799565535e-01
6.034790044636068052e-01 9.931409363993344286e-01
6.013473548716956607e-01 9.933962823146570420e-01
6.001294156123123669e-01 9.935356942865681829e-01
5.974231884448930607e-01 9.938398424906661477e-01
5.889496651296886043e-01 9.947561567237179769e-01
5.870474476849970591e-01 9.949613112294282136e-01
5.855563816713859060e-01 9.951209369077135269e-01
5.848429907219050428e-01 9.951947453784666386e-01
5.840313566037195203e-01 9.952713200576767116e-01
5.784299675897122128e-01 9.957240688477326795e-01
5.733843128054340044e-01 9.961238648497923176e-01
5.708957733428069448e-01 9.963179537939393926e-01
5.667516426526675311e-01 9.966389168528601017e-01
5.637757155291830413e-01 9.968643409428518121e-01
5.587364908411889264e-01 9.972392334101234379e-01
5.555319164094036921e-01 9.974742433111638551e-01
5.506240848061181303e-01 9.978114864389321381e-01
5.480421499463797863e-01 9.979608239182780061e-01
5.414679192588279788e-01 9.983283981875149538e-01
5.393201279874904053e-01 9.984452762714032259e-01
5.343924901899630431e-01 9.987071133360717612e-01
5.276889516984505368e-01 9.989744924401957604e-01
5.259370698559151514e-01 9.990375761551590905e-01
5.243861296042566789e-01 9.990880043709233771e-01
5.183559039784979561e-01 9.992639409209106427e-01
5.173526406062763927e-01 9.992883994400222347e-01
5.169806755030468270e-01 9.992967682783570060e-01
5.120751401898514521e-01 9.993558358634505590e-01
5.099261441325402267e-01 9.993764203301789273e-01
5.081535617617558565e-01 9.993880765457097137e-01
5.058602009099482100e-01 9.993683598089521114e-01
5.019145090161070133e-01 9.993303484181557117e-01
4.986568333929305430e-01 9.992945881123149743e-01
4.977923328340608800e-01 9.992771614939617297e-01
4.972999358899885536e-01 9.992626321460410521e-01
4.914649555141803461e-01 9.990797175171949318e-01
4.859682797606358351e-01 9.987974247114493886e-01
4.827343475933688621e-01 9.986299831804640315e-01
4.816158305553372987e-01 9.985657389905520098e-01
4.797430363957967403e-01 9.984505472850710994e-01
4.748959715742392396e-01 9.981331294829710599e-01
4.709932154839028273e-01 9.978753956225615562e-01
4.678843860282506650e-01 9.976674597371646414e-01
4.672236571145682582e-01 9.976198149629021961e-01
4.659718595604267488e-01 9.975268269198659388e-01
4.589435048509679094e-01 9.969809792509819468e-01
4.470951419215609679e-01 9.959057357431637669e-01
4.456965525410062634e-01 9.957651798577006330e-01
4.434957149230855933e-01 9.955412645924291981e-01
4.428657160858329167e-01 9.954763318384246551e-01
4.386695464548791001e-01 9.950292723934986983e-01
4.373531342449552550e-01 9.948876971013845827e-01
4.364492705524549709e-01 9.947876148126034712e-01
4.356732381553550804e-01 9.947006493221122181e-01
4.300036658916814858e-01 9.940536729271212124e-01
4.220223850302722290e-01 9.931138440694082803e-01
4.195022862219081050e-01 9.928110673381945750e-01
4.135186425113677178e-01 9.920819864399252896e-01
4.069646995361998476e-01 9.912822845801333438e-01
4.065141402154121009e-01 9.912270842117556491e-01
4.022674275933064703e-01 9.907042264379471996e-01
3.991041091530836971e-01 9.902963172810143044e-01
3.957309380885836170e-01 9.898559537751548953e-01
3.900408273589430763e-01 9.890495727396553249e-01
3.844103494396822196e-01 9.882395532810284156e-01
3.814691896523232373e-01 9.878142570984081994e-01
3.777404527085704844e-01 9.872713911313077961e-01
3.748687782607487140e-01 9.868434837281557792e-01
3.705413321321979758e-01 9.861778526460132088e-01
3.637149632917063835e-01 9.851172438559225863e-01
3.628400158163185285e-01 9.849764025898326558e-01
3.603586961313937076e-01 9.845408685705113738e-01
3.566909852273354442e-01 9.838688301603774056e-01
3.559269329488540246e-01 9.837244368477632284e-01
3.528254802249477518e-01 9.831254323886216007e-01
3.453791383143017812e-01 9.816657756353399655e-01
3.449232274542365362e-01 9.815703416011818394e-01
3.433630188825876894e-01 9.812334223303067482e-01
3.402637477916282682e-01 9.805579137392403943e-01
3.313870262666809285e-01 9.786022313558567776e-01
3.299465499079657915e-01 9.782781063053004322e-01
3.242312997941932950e-01 9.769833828506827578e-01
3.232613620766618956e-01 9.767636424267022166e-01
3.207111329572118752e-01 9.761810196389080208e-01
3.175821517614525469e-01 9.754105182485858228e-01
3.152527320993429027e-01 9.748321748531613151e-01
3.132074694527872127e-01 9.742984761058838261e-01
3.066846810119012723e-01 9.725599233160764356e-01
3.007904512359804716e-01 9.709579949556437217e-01
2.995293196847810258e-01 9.706083446351556621e-01
2.943651699050228165e-01 9.691429448756694320e-01
2.933290787227260665e-01 9.688480615828519715e-01
2.921660131951304695e-01 9.685137706876928432e-01
2.868601024687241763e-01 9.669754615342468496e-01
2.817229434330792426e-01 9.654614221602818569e-01
2.789563026267651846e-01 9.646283050963655459e-01
2.748963558593371381e-01 9.633957991684224398e-01
2.727109130315580332e-01 9.627294292735377734e-01
2.701231289043702910e-01 9.619052742816276425e-01
2.675116520556168886e-01 9.609691580836668967e-01
2.632285468340543888e-01 9.594244467663971543e-01
2.619736931458150897e-01 9.589614069729759382e-01
2.596246198747146350e-01 9.580733367537550560e-01
2.567761537930818294e-01 9.569763096465054852e-01
2.531099430742849155e-01 9.554947517581461325e-01
2.522036958192901412e-01 9.551208316504306017e-01
2.479812624699162527e-01 9.532601347134413983e-01
2.468731173478204699e-01 9.527698406251733365e-01
2.457497909265924374e-01 9.522631228954420157e-01
2.425045688701957802e-01 9.507789843905420923e-01
2.418141235531958699e-01 9.504607312289808929e-01
2.395730206480710667e-01 9.494152491701691732e-01
2.346164139449039565e-01 9.470399107884902579e-01
2.296444430268941295e-01 9.445803756765666082e-01
2.277059368575745646e-01 9.436147718932470507e-01
2.213560870551708470e-01 9.404095831048717713e-01
2.205279438668166225e-01 9.399893543697833698e-01
2.191800794749566572e-01 9.392950728908154856e-01
2.172118817636135013e-01 9.382479265785232947e-01
2.154570611198945995e-01 9.372779268815913944e-01
2.150898381540534698e-01 9.370692089150207682e-01
2.145500274997160783e-01 9.367603630539135251e-01
2.114110768501137327e-01 9.349424377475649139e-01
2.108246039508421266e-01 9.346013295545401167e-01
2.085590712565689175e-01 9.332712388378000545e-01
2.071384055950084013e-01 9.324337352895866182e-01
2.038601246042531789e-01 9.304463135108641536e-01
1.976413761683575299e-01 9.266760911324704031e-01
1.967440942174948360e-01 9.261313391370272763e-01
1.924205701124097612e-01 9.234876804383697069e-01
1.920812937167954981e-01 9.232767023363649406e-01
1.899436085055287160e-01 9.219258318795209295e-01
1.836578425396930836e-01 9.178861266938780350e-01
1.810543691128497779e-01 9.162103680148419027e-01
1.779380921953213068e-01 9.140738992243028216e-01
1.752103282817287777e-01 9.121766799354423805e-01
1.736034797057568468e-01 9.110556611503246582e-01
1.712126291363706976e-01 9.093155519326170388e-01
1.698348296008665992e-01 9.082886569269544852e-01
1.639662196004366690e-01 9.038957927143460580e-01
1.630239527099176522e-01 9.031875730580997130e-01
1.587050747897977843e-01 8.998228391665229475e-01
1.574213597977197621e-01 8.988084755286533944e-01
1.549102960120488648e-01 8.967807219145333963e-01
1.546863273134551076e-01 8.965997568859110922e-01
1.536394004919467982e-01 8.957358487078314058e-01
1.529580490494550915e-01 8.951557472891954470e-01
1.485883311479010427e-01 8.914180535423124052e-01
1.468188412191213654e-01 8.898725082913079287e-01
1.452383790874250957e-01 8.884866415258760863e-01
1.437142142779622711e-01 8.871446850342423751e-01
1.421992547153384523e-01 8.857924076415305548e-01
1.396307260232287906e-01 8.834855277353529379e-01
1.369978302778300794e-01 8.811047173117384501e-01
1.292890563669492066e-01 8.737558580763258309e-01
1.267192760993089973e-01 8.712905706366669278e-01
1.243905065229387041e-01 8.690271247909537866e-01
1.211075835117261246e-01 8.657669591391948805e-01
1.207495858494113117e-01 8.654099558024935801e-01
1.192515739051314139e-01 8.638886243693407740e-01
1.179414174795367920e-01 8.624790281231921041e-01
1.142962607059893054e-01 8.584955985425355429e-01
1.140139152500954101e-01 8.581858597985002612e-01
1.122071254403612661e-01 8.561728871232298088e-01
1.103038227722759057e-01 8.538868577511520286e-01
1.086184060527937145e-01 8.518335093326182550e-01
1.053463000573464647e-01 8.477712969752840833e-01
1.039547448050162082e-01 8.459680252515325849e-01
1.013762247243110703e-01 8.425945253621207609e-01
9.904630797587921087e-02 8.394926165879741387e-01
9.664940396865706607e-02 8.362304862381795267e-01
9.603951100909480232e-02 8.353969693764597970e-01
9.446467031968031058e-02 8.332408459648915633e-01
9.335848326578033429e-02 8.317139073025239249e-01
9.187788899684290467e-02 8.296478167986346408e-01
9.074680139119184474e-02 8.279742712368680646e-01
8.950683303481099529e-02 8.261383998767500847e-01
8.787413849475533834e-02 8.237134435840106628e-01
8.590438016129553489e-02 8.207403778419802842e-01
8.322912314209263140e-02 8.166830240091539350e-01
8.117228636281270671e-02 8.135573558085694712e-01
8.058088145669861646e-02 8.126502891450401167e-01
8.030874695788225992e-02 8.122229154760995939e-01
7.945950289728886951e-02 8.108605240139158399e-01
7.793173102892625437e-02 8.082910347204326218e-01
7.744893767386484829e-02 8.074398534991968912e-01
7.599610814198687336e-02 8.048720551938017831e-01
7.500175061132152710e-02 8.031065424154395505e-01
7.346364861108567457e-02 8.003736091405875275e-01
7.232644991375691834e-02 7.983484992956465520e-01
7.062513619292742906e-02 7.953135009924482413e-01
7.017057729763009899e-02 7.944860129911927027e-01
6.809971651044999241e-02 7.906711165287229059e-01
6.707035372099046100e-02 7.887335140567404146e-01
6.447468022571922752e-02 7.838474152587521226e-01
6.323554055306157551e-02 7.815085658006798441e-01
6.068920485016526811e-02 7.766649693607262650e-01
6.001404831391832229e-02 7.753738320911885973e-01
5.921774474393093346e-02 7.738461742617583905e-01
5.832976464813521833e-02 7.721006752286925234e-01
5.675274471651292618e-02 7.689999657854005299e-01
5.515267572910276250e-02 7.658126928226419716e-01
5.457435207291494450e-02 7.646256396202653072e-01
5.403352858800558600e-02 7.634866986887839380e-01
5.187142458261417843e-02 7.588726051787821891e-01
5.126051449594193343e-02 7.575652057670680950e-01
5.032362586955341222e-02 7.555168096114713849e-01
4.964568731207830155e-02 7.540166670873408306e-01
4.820741616080437275e-02 7.508321435744435002e-01
4.771749225049115584e-02 7.497245189114776220e-01
4.770201728302736477e-02 7.496882558211376280e-01
4.732735791870867903e-02 7.487849012691903949e-01
4.657686940049698965e-02 7.469492693015272744e-01
4.377939616772663634e-02 7.399828618689817672e-01
4.203772947037942576e-02 7.356184662573109767e-01
4.136046677544480410e-02 7.339141259604041734e-01
4.073596023125358734e-02 7.323305225574130439e-01
3.949468644934595041e-02 7.291691590974732629e-01
3.921202325459827165e-02 7.284122931406560308e-01
3.728209851614372461e-02 7.231051129465813077e-01
3.666443852367695655e-02 7.213955916924599254e-01
3.554347460371209966e-02 7.182555150764418084e-01
3.435508622048089045e-02 7.147284158009713506e-01
3.367232164499656122e-02 7.126645234998283396e-01
3.239280880671269180e-02 7.087210543181542421e-01
3.029911088624259730e-02 7.020726286843742558e-01
2.980755001710910790e-02 7.004290227774363498e-01
2.749703246546053581e-02 6.923567159878254440e-01
2.692609853979388568e-02 6.903268682366007214e-01
2.651224393720252870e-02 6.888407072329330028e-01
2.555304300211691526e-02 6.853565265579824040e-01
2.541850275988166707e-02 6.848669509941617273e-01
2.489990550793730328e-02 6.829752567545120945e-01
2.451388951911415148e-02 6.815269216099917315e-01
2.431971096915064301e-02 6.807912510964652109e-01
2.331388300750281140e-02 6.769587677449125929e-01
2.251520304049525745e-02 6.738727879431344325e-01
2.152730962807747339e-02 6.699798285913756146e-01
2.141651385033305210e-02 6.695050835583871152e-01
2.076490363464023048e-02 6.666541969043762172e-01
2.042831106282194664e-02 6.651426393031644180e-01
1.955004629300571839e-02 6.610945894902235942e-01
1.906893135635623349e-02 6.588701228675656330e-01
1.800053512508814624e-02 6.538840976163958763e-01
1.750137516878302879e-02 6.514119153460913303e-01
1.731125234167407712e-02 6.504593529384826711e-01
1.658593156814747172e-02 6.468085321687027101e-01
1.621936273400459427e-02 6.449480591660985418e-01
1.512323399612558461e-02 6.392981259055531273e-01
1.446669708014836075e-02 6.359098770520221766e-01
1.402876415500398100e-02 6.336413290591568215e-01
1.323841731674368916e-02 6.294360727254404431e-01
1.213035380917826256e-02 6.235400603770893113e-01
1.015872970309428247e-02 6.128924336380581206e-01
9.298657163490098299e-03 6.081065798572435899e-01
8.886237728118140389e-03 6.055887026404819240e-01
8.830816997198343010e-03 6.052445520302945914e-01
8.544433838310938611e-03 6.033406196228993101e-01
8.180935027956248717e-03 6.008172195371226376e-01
7.219695613771781595e-03 5.940788195157375995e-01
6.818410090900894893e-03 5.912380029106021340e-01
5.258772049612336907e-03 5.795461590001913521e-01
4.760248249972898194e-03 5.756320389108612323e-01
4.675913882300375413e-03 5.749648332955344943e-01
4.491461478148162101e-03 5.731930398647877567e-01
4.026113137235221018e-03 5.686720369725699609e-01
3.831295404941648108e-03 5.665076191712073994e-01
3.632955275625682212e-03 5.642459455837159910e-01
3.116930429327147145e-03 5.581767816302442009e-01
2.781612627123730697e-03 5.540081417198102764e-01
2.531877426997453107e-03 5.504170983026236419e-01
2.344940631397562925e-03 5.476612598833722201e-01
2.210314148133440959e-03 5.453585578625841368e-01
2.106344328127729426e-03 5.434588245014601027e-01
1.913799120521808561e-03 5.397417168047637936e-01
1.558721442409316538e-03 5.322436983023367540e-01
1.533612992706934186e-03 5.316975963874051025e-01
1.463729715777462026e-03 5.301483130664099708e-01
1.281923489973357810e-03 5.237120729336115499e-01
1.211644812059931020e-03 5.209290531120150947e-01
1.176793911017437466e-03 5.187245910402843441e-01
1.145458077886019055e-03 5.144079359777027349e-01
1.123564691336786936e-03 5.067457735147189446e-01
1.127268821953131273e-03 5.031872249651445639e-01
1.153264679384924385e-03 4.964770608493090931e-01
1.184072941617819730e-03 4.927915168887511133e-01
1.198747879938011351e-03 4.912825117608476955e-01
1.217657214521716824e-03 4.898692046006606349e-01
1.258188448798325254e-03 4.873069254195243616e-01
1.328737266991453225e-03 4.843728538380621673e-01
1.460463725244776079e-03 4.803343176052548014e-01
1.738371503232971627e-03 4.718858934466954036e-01
1.918804564774112542e-03 4.664316398104180195e-01
2.145652037870982021e-03 4.596867536978146429e-01
2.255523353104083029e-03 4.567828073993618343e-01
2.409977839523680387e-03 4.528129692706099885e-01
2.639455570526694217e-03 4.486270115951747073e-01
2.737201689296919760e-03 4.469293829926720418e-01
3.126208572669542107e-03 4.407107897497034577e-01
3.780950743335398379e-03 4.316708532574826673e-01
3.948195542202603825e-03 4.294643488893574723e-01
4.115366039112222651e-03 4.272982612288158677e-01
4.394667560102760717e-03 4.237368859746885041e-01
4.663605390256786443e-03 4.203266704068083781e-01
4.810325265484416413e-03 4.185984265069165877e-01
4.993584335784451156e-03 4.166764754704996854e-01
5.321080399211974843e-03 4.132804405490247968e-01
5.893093721205389102e-03 4.079471682412094680e-01
6.676185020001446091e-03 4.010866247905273685e-01
7.348060628237562675e-03 3.958596608380577919e-01
7.886141291863157932e-03 3.921422317625580245e-01
8.452365318871390976e-03 3.882336538576951490e-01
9.962381780710183321e-03 3.781094076241671154e-01
1.008206858867910505e-02 3.773199920260121853e-01
1.120057288157993991e-02 3.701325046171815014e-01
1.129868362560637607e-02 3.695112161128306649e-01
1.184250220885896265e-02 3.664956907044002454e-01
1.256595727113107852e-02 3.624965720501888145e-01
1.293026699488175613e-02 3.605592152953417395e-01
1.302668724253874810e-02 3.600588476135715421e-01
1.324109982316501455e-02 3.589586961083828243e-01
1.369218130105553932e-02 3.566656385329632917e-01
1.456798884880716738e-02 3.523807063132308182e-01
1.525112851228271893e-02 3.490395656507732092e-01
1.575074456510461296e-02 3.466599786175582620e-01
1.646975541831163792e-02 3.435015269066579169e-01
1.703980080084233073e-02 3.410492888010675516e-01
1.750489106396146965e-02 3.391979635467313736e-01
1.840840453501946250e-02 3.356355875024453761e-01
1.929294804848502576e-02 3.321637698875075095e-01
2.118601246276308192e-02 3.250733357687486391e-01
2.125057746334679809e-02 3.248345558912730802e-01
2.212312786617176563e-02 3.217159067474856249e-01
2.357159913049644562e-02 3.167915922018946784e-01
2.435207071152012404e-02 3.141574336607193541e-01
2.571591705778708548e-02 3.095755724721440671e-01
2.843970701152198632e-02 3.005545899689787692e-01
2.948207727065332850e-02 2.973459500417739987e-01
3.008606703303651209e-02 2.954873235386333841e-01
3.015087690640683160e-02 2.952902252433031727e-01
3.086641419924573970e-02 2.931149959737783250e-01
3.127652537948888423e-02 2.919275638798477512e-01
3.209632761769143361e-02 2.896050682337397708e-01
3.227566038777973656e-02 2.890985888902830592e-01
3.366319418735441715e-02 2.852339288149409180e-01
3.529315750936679041e-02 2.809418086737027753e-01
3.606143881397005924e-02 2.789268864635792156e-01
3.798973921188564251e-02 2.738998829567971249e-01
3.923357978192221207e-02 2.706614074772595302e-01
4.067065301497940766e-02 2.669622604820784950e-01
4.132055697160819108e-02 2.653170651111206313e-01
4.254152287828472101e-02 2.622436809306978311e-01
4.320052768636506446e-02 2.606235098833358244e-01
4.329228557003372835e-02 2.604006258227412607e-01
4.481238033213386096e-02 2.570027471459231938e-01
4.713563510273943713e-02 2.518158561279960628e-01
4.836918194334982601e-02 2.490781873393663748e-01
4.969584372937008165e-02 2.462215257832096604e-01
5.012957620785107871e-02 2.452945420308876301e-01
5.185876945829082096e-02 2.416023604165734584e-01
