6.957092066111381090e-01 9.778303422769547559e-01
6.812425122494549790e-01 9.818815161905523059e-01
6.636436947465303993e-01 9.862683911193600439e-01
6.609335510916940493e-01 9.869305992250693160e-01
6.591058838303270884e-01 9.873439712941113333e-01
6.498900032982212194e-01 9.893191782939028123e-01
6.489816873259219854e-01 9.895109717813724837e-01
6.470861462667581998e-01 9.898611664682753775e-01
6.416791936494060655e-01 9.908088105302128579e-01
6.387427239415782720e-01 9.913186548180242808e-01
6.356418623552636538e-01 9.918098270214242840e-01
6.282753961276782428e-01 9.928911655348813259e-01
6.234358532201398351e-01 9.935457208646296667e-01
6.180099912972689680e-01 9.942722930860767860e-01
5.991567327629394590e-01 9.963223016713900204e-01
5.903250820337567761e-01 9.972422974447324728e-01
5.838513690434559145e-01 9.977471997073130705e-01
5.816989991652202763e-01 9.978735893823913461e-01
5.785662193598344327e-01 9.980275091695882672e-01
5.677955747886336280e-01 9.984796127612011185e-01
5.526651272614210297e-01 9.990147889057091612e-01
5.458238841081616277e-01 9.990654507863394596e-01
5.338666290115711144e-01 9.989212044239527133e-01
5.129457603120197717e-01 9.983582121699089429e-01
4.974258684767423055e-01 9.977873274714782470e-01
4.879719851622777993e-01 9.974382843880399419e-01
4.829911709454822732e-01 9.972308732200378945e-01
4.663482542823019772e-01 9.963712709045414728e-01
4.612687986160750597e-01 9.960874448868543007e-01
4.506456064695969488e-01 9.954631316673674402e-01
4.308586735063509865e-01 9.937416620046742866e-01
4.263721694570813403e-01 9.933428315958205967e-01
4.208812166771422891e-01 9.928124272394449612e-01
4.167281628775325597e-01 9.923958510327728355e-01
3.975052090887090106e-01 9.903830426475407345e-01
3.937915718731671566e-01 9.899415571161490623e-01
3.856539780685526164e-01 9.889722640312748059e-01
3.816141884333599243e-01 9.884407613607856247e-01
3.798720436391471722e-01 9.881649218485373254e-01
3.765341491812717045e-01 9.876352265714601897e-01
3.734936617857366192e-01 9.871386466929482628e-01
3.610125160517936305e-01 9.848841853606744579e-01
3.564737659424969118e-01 9.840525917778395470e-01
3.497818944526056573e-01 9.827803280402358510e-01
3.410301347405637618e-01 9.810246645094236051e-01
3.278314318615496159e-01 9.782262901777050157e-01
3.249174644534014167e-01 9.776000099643564756e-01
3.176752051363361806e-01 9.759953713937717934e-01
3.067379413503643626e-01 9.735029570063672422e-01
3.017484992486993978e-01 9.723094109253284101e-01
2.899633097903928647e-01 9.689887779262645884e-01
2.852199644700507131e-01 9.675982824491007328e-01
2.756598143378267141e-01 9.647582681590272102e-01
2.710511505521764342e-01 9.633204318410559797e-01
2.670001474629219995e-01 9.619924990243898799e-01
2.527899692857306091e-01 9.567900894143349655e-01
2.464259374554769177e-01 9.543956378701287102e-01
2.357042134355348262e-01 9.502727493906357736e-01
2.328328332336813133e-01 9.491450503248018977e-01
2.299732560149342353e-01 9.479894694596383564e-01
2.280250991602708055e-01 9.471594655233102067e-01
2.184618258589809958e-01 9.430438564742281704e-01
2.167184052209821798e-01 9.422712135937894029e-01
2.143064602087081383e-01 9.410688400522426722e-01
2.090573478612927083e-01 9.384453609068197366e-01
2.037400968743876550e-01 9.357119822253781027e-01
2.001999036716345381e-01 9.338916826324490383e-01
1.945037414559532829e-01 9.308741096251400560e-01
1.927704402509081705e-01 9.298971433134881615e-01
1.920896383734568280e-01 9.295103252755267942e-01
1.893987077356487081e-01 9.279461118231968619e-01
1.859579205574014571e-01 9.258776310154245293e-01
1.848761098889774024e-01 9.252255337346226849e-01
1.831454651500552533e-01 9.241643588133505727e-01
1.818190325514847938e-01 9.233409225217785732e-01
1.804461727887222144e-01 9.224856755352700555e-01
1.762213421235921951e-01 9.198121984470685186e-01
1.747657687796352333e-01 9.188615103983344135e-01
1.705657167937574270e-01 9.156229992859276079e-01
1.611278318310247482e-01 9.082974749953255378e-01
1.553511304353063505e-01 9.032978571799973322e-01
1.411521911551737452e-01 8.900716075950190209e-01
1.400539874882346103e-01 8.890206852138257121e-01
1.368926006044038912e-01 8.859063299952740778e-01
1.346348509259412962e-01 8.835991624057379923e-01
1.295901830894211626e-01 8.783748136740142654e-01
1.233052065698860833e-01 8.718028528775856323e-01
1.190545432164302753e-01 8.673004987196051285e-01
1.176332470281353793e-01 8.655731301125912935e-01
1.128200544569786246e-01 8.595016657825933493e-01
1.120751359260013791e-01 8.584974263527227478e-01
1.111496979205955915e-01 8.571995024618158654e-01
1.100429112606063908e-01 8.555783433733913368e-01
1.070938966286240079e-01 8.512305830613422497e-01
9.987676520255950319e-02 8.405502435106951831e-01
9.634750609958553369e-02 8.352541659358312387e-01
9.573058689898494844e-02 8.342928172598995662e-01
9.534276879877068289e-02 8.336545342742378573e-01
9.183058575482816455e-02 8.276383154981439283e-01
8.896526727168829751e-02 8.227285187100432662e-01
8.758104472707750610e-02 8.203234642761323414e-01
8.749775899729317352e-02 8.201786215384909706e-01
8.596672833290686100e-02 8.175004637829850207e-01
8.456282409707382985e-02 8.150084797613731391e-01
8.121492056898826917e-02 8.087231664663899755e-01
8.084372592970034965e-02 8.079228893342337292e-01
7.937240193110839392e-02 8.046310407238084217e-01
7.554095819283812574e-02 7.957843899974766932e-01
7.306781816485796721e-02 7.900708701405301237e-01
7.257775007621292129e-02 7.889269558184559550e-01
6.609677250986190078e-02 7.735441681492126742e-01
6.259206406988881977e-02 7.651228825823388480e-01
5.912526643224313982e-02 7.566175229032845451e-01
5.797275740951257639e-02 7.537262557424332376e-01
5.634508692865580759e-02 7.495079861375855135e-01
5.345781642524161104e-02 7.418396456222576818e-01
4.958863009797054300e-02 7.315231389293759268e-01
4.774396150094728508e-02 7.262988188896402075e-01
4.549802874760322524e-02 7.193863471611133820e-01
4.303903013673326949e-02 7.117642050889345651e-01
4.006929097965050701e-02 7.025261086927465648e-01
3.976680772440921441e-02 7.015583879357559782e-01
3.933682779096792093e-02 7.001022001957757368e-01
3.771030395425301052e-02 6.945881847646454554e-01
3.585971557134981502e-02 6.881569431278309334e-01
3.177217757620220961e-02 6.738183367420739200e-01
3.046146755656575777e-02 6.691434683797621297e-01
2.784633527141322507e-02 6.597100573876775176e-01
2.715601141250933992e-02 6.571974240444683479e-01
2.557619118146503556e-02 6.512683948729098837e-01
2.279595463805539346e-02 6.406138271835877251e-01
2.206217433871637823e-02 6.375981552468402702e-01
1.949417556244559258e-02 6.269730900647534355e-01
1.908242785234903760e-02 6.252664793510451791e-01
1.689516124875467540e-02 6.157353211463494347e-01
1.582630811247243141e-02 6.107022017748399145e-01
1.445714319096846889e-02 6.042399350232185995e-01
1.422965943037768355e-02 6.031474365553369799e-01
1.212161196446137623e-02 5.916864756899216093e-01
1.130535726296300059e-02 5.872292870473146964e-01
1.095684568421695371e-02 5.852505884783782975e-01
1.038845484464845370e-02 5.814247651132462558e-01
9.195207171766472953e-03 5.732831870721230016e-01
8.005528275821238715e-03 5.647809778218788601e-01
6.897667931422879484e-03 5.562399304833540725e-01
6.645796039900564445e-03 5.542373011015747641e-01
5.061332995157208359e-03 5.413761575787687796e-01
4.732904950593197491e-03 5.386061006646806204e-01
4.152359790871584799e-03 5.324285663296458582e-01
3.696819633506653879e-03 5.261875306132317576e-01
3.422273512313833699e-03 5.221061428381198466e-01
2.789626931116950814e-03 5.114725901291503618e-01
2.362988522735531838e-03 5.038766830940129005e-01
1.986556084392465671e-03 4.970881145806093082e-01
1.658719497425131806e-03 4.908046146438609370e-01
1.316923286207472010e-03 4.819679028847738689e-01
1.269279296303937876e-03 4.800938411355318847e-01
1.043418553169361829e-03 4.696538961066800688e-01
1.061115137610646464e-03 4.655351290602495196e-01
1.074867659656253416e-03 4.648661104706672820e-01
1.271755727862089458e-03 4.576015183219612759e-01
1.310107928263692934e-03 4.563987449325547230e-01
1.368011223481069294e-03 4.550352184886622409e-01
1.871741059388809525e-03 4.444756777857928887e-01
2.276358056336191815e-03 4.362479979371203243e-01
2.838430164357141905e-03 4.253377158733447905e-01
3.243428086595390170e-03 4.190300731003345769e-01
4.141755316647177665e-03 4.059651008241230707e-01
4.672313725041288279e-03 3.983133131449122510e-01
4.868123658497647277e-03 3.962301694023765419e-01
5.339183576885564442e-03 3.916881702166212786e-01
6.930856851597888557e-03 3.766264150819816914e-01
7.557755081861183832e-03 3.707775172657665763e-01
7.811363454150788144e-03 3.687264464193065194e-01
9.804935585469021220e-03 3.555227940957673693e-01
1.099878330047954211e-02 3.481586491742686418e-01
1.134090465774817424e-02 3.460858499175003544e-01
1.242477188068913385e-02 3.395214918525900627e-01
1.321015711726325481e-02 3.349171577370483321e-01
1.357042235175998091e-02 3.328738464972910149e-01
1.412567602527925459e-02 3.302916895066458913e-01
1.501729158061770875e-02 3.261711605439009398e-01
1.626312994718126514e-02 3.205144670003122753e-01
1.774597114025444622e-02 3.141637776104045932e-01
1.938823793157118391e-02 3.071343394657862769e-01
2.029645298948123955e-02 3.037219264084793924e-01
2.323307173209021581e-02 2.928349453570193717e-01
2.547227392105655408e-02 2.847336275846351628e-01
2.735329625469207215e-02 2.782174890596760264e-01
2.823357166810147589e-02 2.753166588752370414e-01
3.218825229167610047e-02 2.629863502799113517e-01
3.631936244319033946e-02 2.502873940590478741e-01
3.792313661507518141e-02 2.456607825788450494e-01
3.852292440068272317e-02 2.440011862245754504e-01
4.047644826493446146e-02 2.388948919037386931e-01
4.113746364071813044e-02 2.372347885329090245e-01
4.619329086694068387e-02 2.248232883608412003e-01
4.707404583279661825e-02 2.227104964168696855e-01
4.773603749023325182e-02 2.212350167043571902e-01
4.913878088476009154e-02 2.183492219164657744e-01
5.094256098872129712e-02 2.147385117619551309e-01
5.207746506926658192e-02 2.124774489062658533e-01
5.277495744037308256e-02 2.111157416786385577e-01
5.315371718939132517e-02 2.104454480560233876e-01
5.330616764990248058e-02 2.101785058934908523e-01
5.690853237482118576e-02 2.040234141230852227e-01
6.072452638746850262e-02 1.982028656887077078e-01
6.452813168137716549e-02 1.924510247200461599e-01
6.991246196206257757e-02 1.843464797726820370e-01
7.451683083806104335e-02 1.776419092841339253e-01
7.983325104148752960e-02 1.699135394478490380e-01
8.020457410986403524e-02 1.693921137518844544e-01
8.085857907093496610e-02 1.684787363959248108e-01
8.467480353334366772e-02 1.632652289368449194e-01
9.037122926367202602e-02 1.555181630668981407e-01
9.369898799267684097e-02 1.515896782177983404e-01
9.388593665158218027e-02 1.513752044391379892e-01
9.730627562774973871e-02 1.474602453488481624e-01
1.006171998164656634e-01 1.438691713321610388e-01
1.060014569152624153e-01 1.380857343171648655e-01
1.131491820253928138e-01 1.309562981800939108e-01
1.196792380189913851e-01 1.245487283059173444e-01
1.207689223923221755e-01 1.235261031626423422e-01
1.301354737511196680e-01 1.148199904434231700e-01
1.353683982836418886e-01 1.101480138572934475e-01
1.415077679092411334e-01 1.047634837316738787e-01
1.490943871118576292e-01 9.825027407174957705e-02
1.582415779838121095e-01 9.040261085132572649e-02
1.589094687514589488e-01 8.982961058467531235e-02
1.603998766487920724e-01 8.865001449606246808e-02
1.639344040187700191e-01 8.587403274292859656e-02
1.645251857026770459e-01 8.541694352289563863e-02
1.661709622330391767e-01 8.421532950573129561e-02
1.695573692951711786e-01 8.174351372124399884e-02
1.725255870739200725e-01 7.976656390846836864e-02
1.830568038017496013e-01 7.292870943573526166e-02
1.888267771309093401e-01 6.920889052307455103e-02
1.971452893055373190e-01 6.394907883684886052e-02
2.014754062824463121e-01 6.128291952524389519e-02
2.066319547288624214e-01 5.818053292698410761e-02
2.084311865173460454e-01 5.714266903916209728e-02
2.219549028199998553e-01 4.949462577417984566e-02
2.248301397679279834e-01 4.787367464127811889e-02
2.323938434401816577e-01 4.374199943267476076e-02
2.380827141213972542e-01 4.082271790593083871e-02
2.413167128464455136e-01 3.930921133498643805e-02
2.443952626613172807e-01 3.789567218946487959e-02
2.484413037818795633e-01 3.606980694294081857e-02
2.495239595684493050e-01 3.562069141882351353e-02
2.533723475920541812e-01 3.406098857678530045e-02
2.618592109209659791e-01 3.067833193977542727e-02
2.680698306919794272e-01 2.832320996233739230e-02
2.719744192698496654e-01 2.686650837257975599e-02
2.731760565980289046e-01 2.648361103000218542e-02
2.762711540818977296e-01 2.550177874112757870e-02
2.855856004670603854e-01 2.266440657642887491e-02
2.918229639479112958e-01 2.090918293723365018e-02
2.996429715010718864e-01 1.870922172692468521e-02
3.132532745754262882e-01 1.492388705638447721e-02
3.194273517412112851e-01 1.321822709770914539e-02
3.268176229981583081e-01 1.120394964258697446e-02
3.296093085752531682e-01 1.051304026496013844e-02
3.361847442594522173e-01 9.372087120168459684e-03
3.437575195735349531e-01 8.319168572861745936e-03
3.458175459998422685e-01 8.043699525525083160e-03
3.490540898750752463e-01 7.617010468882079444e-03
3.579990528600194288e-01 6.475700545610751924e-03
3.730314004379603476e-01 4.723680410167907517e-03
3.804171432802211372e-01 4.103898385456106190e-03
3.820665025999743225e-01 3.967699894178666753e-03
3.853757330684446369e-01 3.713632493195451190e-03
3.917010633339903514e-01 3.276590163749704132e-03
4.015364535535600465e-01 2.636105610382299957e-03
4.079455095014835608e-01 2.230929329131714489e-03
4.231234879741760935e-01 1.273226979071284681e-03
4.276296722088087643e-01 1.143245297579031927e-03
4.423372728005101617e-01 9.345492136606514677e-04
4.456551179124345063e-01 9.365983995706095300e-04
4.504433580582341001e-01 9.991604957422239863e-04
4.533270980525770932e-01 1.048686458187564341e-03
4.675786766044008891e-01 1.361010611540369730e-03
4.747736426560018597e-01 1.662154564296525194e-03
4.861753588284946082e-01 2.151686856548096216e-03
4.890534641502318758e-01 2.277890505916757569e-03
4.916720923628348228e-01 2.396638352534230521e-03
5.013193986147691517e-01 3.088538069666024732e-03
5.066600242070343763e-01 3.474303303570347445e-03
5.223630750780805521e-01 4.849544008358908087e-03
5.235689472682223400e-01 4.969549806045692186e-03
5.317145279868666918e-01 5.825522857278442324e-03
5.351689080878112570e-01 6.192775880193290838e-03
5.445324367890527206e-01 7.205567303952942204e-03
5.532972390668515761e-01 8.181469754654280280e-03
5.557472529629003954e-01 8.469618420746671816e-03
5.580254019942518795e-01 8.750099428108115696e-03
5.634994020383293778e-01 9.432741458747728736e-03
5.648614962371273363e-01 9.606674797071335092e-03
5.722386816036685309e-01 1.055333088150112175e-02
5.780694404448332158e-01 1.131565830652825344e-02
5.799226626190392420e-01 1.158593810699926063e-02
5.988005767489109621e-01 1.461692901339006756e-02
6.029115110481049200e-01 1.528990601401714056e-02
6.118930595701532749e-01 1.682347841014286693e-02
6.207632061119826572e-01 1.852596316660848341e-02
6.340710273983646283e-01 2.145182589908201098e-02
6.451097005103386683e-01 2.397801385344267011e-02
6.480474598753803717e-01 2.466029639483036107e-02
6.622080474675823281e-01 2.819329744167442531e-02
6.707963688740509189e-01 3.034291756621387837e-02
6.829960554694425312e-01 3.341894824237634509e-02
6.907422270476590853e-01 3.537841094374871709e-02
6.924180614161533631e-01 3.584159545492560106e-02
6.965145082761636797e-01 3.703164159259808574e-02
7.009234301316108473e-01 3.836867119017617345e-02
7.091814466362639235e-01 4.094526148924115816e-02
7.169191412226619819e-01 4.346920029400269669e-02
7.251104472389965361e-01 4.646253206606909547e-02
7.373076858195434236e-01 5.094933681608271314e-02
7.414731882759779680e-01 5.266190837934692226e-02
7.452760776022511191e-01 5.427781514414120601e-02
7.572177139308917670e-01 5.951398764528470497e-02
7.597609158491911430e-01 6.066535839373310424e-02
7.713761032707930898e-01 6.624456425681712890e-02
7.776325848454569423e-01 6.949546899294967162e-02
7.866790432597012828e-01 7.442004355795506232e-02
7.914084261891516370e-01 7.720644020911726635e-02
7.994998943842576145e-01 8.206291827162759400e-02
8.081569947391322728e-01 8.742399274135248533e-02
8.112208078298387415e-01 8.933947494378102760e-02
8.160807404743888327e-01 9.251624597943342021e-02
8.180994381182762343e-01 9.384031867191289233e-02
8.221004147470210022e-01 9.655432648653294869e-02
8.271485903442168386e-01 1.000423470874828302e-01
8.303253048364639399e-01 1.022729323302277171e-01
8.313299654174310938e-01 1.029992715466022668e-01
8.414297896463294180e-01 1.105278602983978953e-01
8.447543511134213423e-01 1.130483150462034958e-01
8.535910124847790881e-01 1.197962928296960605e-01
8.576421839799036606e-01 1.229788416805474016e-01
8.595561466234106218e-01 1.244911360200529060e-01
8.608910447763155060e-01 1.255492734894069207e-01
8.615941410082745833e-01 1.261280313559342003e-01
8.655020001180662170e-01 1.294067374294308737e-01
8.670219750120659041e-01 1.306975800803575893e-01
8.738631216794698897e-01 1.365418156312292464e-01
8.767596626017398753e-01 1.390377117256281769e-01
8.809832178506871170e-01 1.427934346658847886e-01
8.868472023902955748e-01 1.484285766271775664e-01
8.898356116595774745e-01 1.513453586595105982e-01
8.909796786816277514e-01 1.524703523018861029e-01
8.925185427686997963e-01 1.540827229602205195e-01
8.973820652255568575e-01 1.592655263680895494e-01
9.040377312797215348e-01 1.666712853585395893e-01
9.050905220005820428e-01 1.678613395106119954e-01
9.059655356152587213e-01 1.689382179814170604e-01
9.091209846377950043e-01 1.728476092403317121e-01
9.119530261270289984e-01 1.764597720894183208e-01
9.166837599600116127e-01 1.826258904876404410e-01
9.218522145798805356e-01 1.895053776221852226e-01
9.231764646371644067e-01 1.917934618027458127e-01
9.255478632930026484e-01 1.959596692663803097e-01
9.275647181529806939e-01 1.996143797972244061e-01
9.326859685786514920e-01 2.089053146684611839e-01
9.358205354385114028e-01 2.147884483377762166e-01
9.428966360568766802e-01 2.288286139839904587e-01
9.482303652610807321e-01 2.405735692920670799e-01
9.521136309228821482e-01 2.494432471557068709e-01
9.537690700264436217e-01 2.537100638715293899e-01
9.585710626710248761e-01 2.665369358176106207e-01
9.622186706626200126e-01 2.774156050309010135e-01
9.631987894570640529e-01 2.803879043303949548e-01
9.647917398548747636e-01 2.858601689684261427e-01
9.663222847643272440e-01 2.914412048001041589e-01
9.672541855434267921e-01 2.949178361762077039e-01
9.696387364699962097e-01 3.042556894324734973e-01
9.710507707226132545e-01 3.098509234024695580e-01
9.757934309048782451e-01 3.290690883557713109e-01
9.774123321443086709e-01 3.357199133059003415e-01
9.788072355372424704e-01 3.417818402421917146e-01
9.792864890993756566e-01 3.439417333685825806e-01
9.811089786479481045e-01 3.531768328450410888e-01
9.823038790911723384e-01 3.595472050863592894e-01
9.841285013801397419e-01 3.699436471428525497e-01
9.851434685437031602e-01 3.761369869087458628e-01
9.869165465047669006e-01 3.869879376540329430e-01
9.883632269870621379e-01 3.959473085410574189e-01
9.901570452605523709e-01 4.074704480589945721e-01
9.924026722751494445e-01 4.225955058331313241e-01
9.924776861630584257e-01 4.231272256775260310e-01
9.935639738385921849e-01 4.317967466454060155e-01
9.936817783014652017e-01 4.327964492930747031e-01
9.960419630125343371e-01 4.531571767845012921e-01
9.970357626825429032e-01 4.644999936577950406e-01
9.974048813371040323e-01 4.687421855963999073e-01
9.976553289380287737e-01 4.725284529292910207e-01
9.984376481037136042e-01 4.952042060881373109e-01
9.987504213966454936e-01 5.053809717504436083e-01
9.987930390010475445e-01 5.071511254266894975e-01
9.988766171813786565e-01 5.111496050717863060e-01
9.989565814468306382e-01 5.182433012827636354e-01
9.989180160142869802e-01 5.216432041794130114e-01
9.988537712478307018e-01 5.267411365036545057e-01
9.986023092328143447e-01 5.383216411215087094e-01
9.985453318399564182e-01 5.403167976347652557e-01
9.981739589599804008e-01 5.502693666140116013e-01
9.979765378548204335e-01 5.553290132688424308e-01
9.974460125384619902e-01 5.682718602762935056e-01
9.972145577218834989e-01 5.721782553608046884e-01
9.969513604517474814e-01 5.757061825402529642e-01
9.967732127316945023e-01 5.772795207717045241e-01
9.958383118137079659e-01 5.847275667388360798e-01
9.945372403021353058e-01 5.950797364395127298e-01
9.930486331036209036e-01 6.062350699871068560e-01
9.919443540436898576e-01 6.128811477140113650e-01
9.911866427117177469e-01 6.174034338192411209e-01
9.890628201468851799e-01 6.290777742760862434e-01
9.886618208787590900e-01 6.312273806214119265e-01
9.885763664497674297e-01 6.316708553731719133e-01
9.868506232303279058e-01 6.405412022597715138e-01
9.860815881324750398e-01 6.443150322055519741e-01
9.856249148754632206e-01 6.464455937855096979e-01
9.843716411723788529e-01 6.521706763983560196e-01
9.832701921335866846e-01 6.571364481516435152e-01
9.830927959247554027e-01 6.578890832084568485e-01
9.827414866516538394e-01 6.593700490120621982e-01
9.814278567353776905e-01 6.644437752565992561e-01
9.800842997870683471e-01 6.693443719503777700e-01
9.777219943215630371e-01 6.771010579794752848e-01
9.753165294125454299e-01 6.846780650794263012e-01
9.726030305762639605e-01 6.928483104849441077e-01
9.703592111812698873e-01 6.991653777158450822e-01
9.662720121252561523e-01 7.105903015411512147e-01
9.629143786336651356e-01 7.198165459540316613e-01
9.587062780659340033e-01 7.307861280219916100e-01
9.566969381432395281e-01 7.355881437592581840e-01
9.542360231704037909e-01 7.414015602303558605e-01
9.534524577643380683e-01 7.432250541450569070e-01
9.465422204636497749e-01 7.591335101784678629e-01
9.457524416611415852e-01 7.609244296019970211e-01
9.422450280536107670e-01 7.688223331061873056e-01
9.409563645194649606e-01 7.716814812090578846e-01
9.386716190893251710e-01 7.766439202617424487e-01
9.360503149912559051e-01 7.821285314697175028e-01
9.338774131116382993e-01 7.866156674635151891e-01
9.324103430308622320e-01 7.896133377791806351e-01
9.305362537702996928e-01 7.933623762367075782e-01
9.286896280963123917e-01 7.969324792347662889e-01
9.201051999761262756e-01 8.132178934339469034e-01
9.190107719926619012e-01 8.152236727563265672e-01
9.168215542179293243e-01 8.192262505720163679e-01
9.128422856602873559e-01 8.259390480703628912e-01
9.114765153462817127e-01 8.281283288532276243e-01
9.080840556239738737e-01 8.331707212507286631e-01
9.003630521266530184e-01 8.440242880646933177e-01
8.978821946641167839e-01 8.474851702721201141e-01
8.965473594989807893e-01 8.493315568729268294e-01
8.955727882219282066e-01 8.504962232550014045e-01
8.940671028446556257e-01 8.522193409979963441e-01
8.897180495010520440e-01 8.571843952212454543e-01
8.834779653585868031e-01 8.640653352486736827e-01
8.825751075417777036e-01 8.649976706212373356e-01
8.760989970822710138e-01 8.714198993396194970e-01
8.728723334267071143e-01 8.745999360820251312e-01
8.696945765480651458e-01 8.777219340496635880e-01
8.616261170346420917e-01 8.851051994722803906e-01
8.597591312504886396e-01 8.867598184656684257e-01
8.582029484561869426e-01 8.881329960629036346e-01
8.530320036260139460e-01 8.922894893522904658e-01
8.522131413264137922e-01 8.929264615567096275e-01
8.483769988500288184e-01 8.956943550272062904e-01
8.418612704695997984e-01 9.003501685811760025e-01
8.398842593853965699e-01 9.017500142524245144e-01
8.372233003529809814e-01 9.036211712512077776e-01
8.335919305529475576e-01 9.061419957368777034e-01
8.265878438359151037e-01 9.109938398357131373e-01
8.243773442966646492e-01 9.125134176571514377e-01
8.085222395202972256e-01 9.230233832737460009e-01
8.029741019792946410e-01 9.266508724077703318e-01
7.993817784200847321e-01 9.289077451812964847e-01
7.969388158195555016e-01 9.304292892956484984e-01
7.933526291133949915e-01 9.326349030399957440e-01
7.810884867703270507e-01 9.401114233223237804e-01
7.764863134059650784e-01 9.428572222816328230e-01
7.759914010511153037e-01 9.431500573491592432e-01
7.717730913716367436e-01 9.456213120939075401e-01
7.680260174933479789e-01 9.476813774784658140e-01
7.658051127939575764e-01 9.488878405117501247e-01
7.629805120859328715e-01 9.503922810998978177e-01
7.604703164778333635e-01 9.516853280872535903e-01
7.572137992541522200e-01 9.533126626515755486e-01
7.508223590986973228e-01 9.562353440896083079e-01
7.485306122504752357e-01 9.572694417808881306e-01
7.364860129256790566e-01 9.626815709770105700e-01
7.310358147564939291e-01 9.648557136346092022e-01
7.236212301271194303e-01 9.677804551556162815e-01
7.199794805486202653e-01 9.691923224162585226e-01
7.159398186018076649e-01 9.706965564897366283e-01
7.073459445235867893e-01 9.738013880757637741e-01
6.980681963479975494e-01 9.770267308003749429e-01
6.959367916291442357e-01 9.777591501626224924e-01
