8.241140581723949143e-02 1.438286205350330915e-01
9.118015403506751770e-02 1.316319240803128787e-01
9.171352937357923896e-02 1.309557792683064825e-01
9.684221306072904323e-02 1.247581694793062912e-01
1.074878305666615574e-01 1.119067580612068680e-01
1.106540752428910590e-01 1.082274786177683801e-01
1.119581099742446018e-01 1.067721155829371993e-01
1.152053620023673064e-01 1.033024401633452216e-01
1.197738289825551750e-01 9.881712189981439742e-02
1.351165527070773420e-01 8.385206760294205974e-02
1.378015699555026341e-01 8.124170044995282502e-02
1.400844293047565081e-01 7.914260493281932707e-02
1.453105349989810557e-01 7.434276331179889841e-02
1.483661659983745995e-01 7.184261437217487334e-02
1.533879807504513471e-01 6.781919047281170787e-02
1.569972786835597267e-01 6.495729090380686355e-02
1.634665585354277972e-01 6.027663634434632378e-02
1.688213043216146847e-01 5.652710330065402466e-02
1.699233983348193977e-01 5.576076604775470624e-02
1.757651464333197522e-01 5.188822660070246950e-02
1.776947049940499346e-01 5.064324472051495718e-02
1.794981827933771479e-01 4.953204346934558799e-02
1.936751234816105338e-01 4.116439217850054177e-02
1.999433655904959695e-01 3.779628405352275511e-02
2.084595295326069353e-01 3.352893233978093690e-02
2.101288904862446127e-01 3.279797084937485785e-02
2.136243780315457697e-01 3.131347008782647823e-02
2.199585481911175977e-01 2.863888525570834620e-02
2.272141308078207134e-01 2.565965846800688510e-02
2.328832891937230309e-01 2.374155977452285793e-02
2.391805579800089232e-01 2.165501750880027831e-02
2.396999793406399126e-01 2.148629576184701850e-02
2.430963438762766549e-01 2.042231769671942754e-02
2.522038492938692977e-01 1.763794822842912335e-02
2.538063637480560963e-01 1.721007211017633320e-02
2.567658541717985354e-01 1.650449117729457793e-02
2.574020545446092934e-01 1.635420512462693043e-02
2.602161695858817847e-01 1.570895955804862965e-02
2.632381109539732034e-01 1.503284839988727750e-02
2.641462128183942326e-01 1.484306785199329681e-02
2.871264192391509429e-01 1.060917145483064594e-02
2.898524236984931779e-01 1.012836291623042673e-02
2.985001980276711375e-01 8.722066245567039466e-03
3.035095148184511205e-01 8.112898949896418799e-03
3.122128462585251896e-01 7.298854359411688364e-03
3.160278056777482414e-01 6.949456686476618295e-03
3.229966226537764884e-01 6.483820545730156759e-03
3.261038318238830280e-01 6.278037451701301563e-03
3.307455128060067251e-01 6.029465732789618393e-03
3.460249792003982083e-01 5.217789048800325347e-03
3.489148089069386005e-01 5.087942999846384318e-03
3.534511845187642276e-01 4.911475659064246102e-03
3.729513588296152760e-01 4.244078682690166637e-03
3.912361606983028040e-01 3.870720858919374230e-03
3.979630283235425781e-01 3.748388227933663330e-03
4.113271756129074364e-01 3.572063941001513143e-03
4.182029615882520979e-01 3.617228558456142551e-03
4.293347496854618139e-01 3.706088184597278179e-03
4.312507646002013972e-01 3.746531530770980112e-03
4.490353674562067576e-01 4.128414156168491722e-03
4.605533881596463042e-01 4.415080391923509318e-03
4.654155734386755672e-01 4.564436913853109345e-03
4.729889726634142200e-01 4.894049151362267480e-03
4.762291510874224754e-01 5.074721474318866221e-03
4.846545239347074263e-01 5.611978962316688246e-03
4.951416324738686647e-01 6.295327726355992581e-03
5.010921201561404636e-01 6.733630909104837414e-03
5.094225966164150909e-01 7.642779212167161162e-03
5.143715988718102761e-01 8.194971287333041587e-03
5.191492827719916825e-01 8.758029010758172639e-03
5.259578326397782444e-01 9.572337041576339800e-03
5.302210259772320855e-01 1.009777665497080257e-02
5.377841722419878234e-01 1.108439569455121898e-02
5.394282016824825110e-01 1.131155926194615802e-02
5.489721461849754736e-01 1.274528433267785310e-02
5.578968474387517862e-01 1.408774602088902483e-02
5.624833657678535159e-01 1.479898553921177307e-02
5.655980624239965726e-01 1.534956046457647272e-02
5.669962539705065696e-01 1.560580507468278810e-02
5.725986317611831966e-01 1.677605479526067533e-02
5.796128514585080493e-01 1.833080674072418148e-02
5.822291287073576571e-01 1.892863698728020072e-02
5.888670551916052043e-01 2.051831685212501810e-02
5.942272612753770611e-01 2.181792860923326138e-02
6.029171213279517216e-01 2.396995208236063490e-02
6.101438167600546914e-01 2.578751583933125424e-02
6.181248140563300186e-01 2.827436069850319811e-02
6.211139497438191714e-01 2.921427172725710175e-02
6.267205785544806007e-01 3.098790092052117195e-02
6.284543522895916778e-01 3.155459294544360471e-02
6.316477321499675002e-01 3.260034835491654182e-02
6.458329456425904169e-01 3.725512358040883321e-02
6.575833053726344302e-01 4.135455612336957909e-02
6.594967448894830664e-01 4.206355172521270003e-02
6.629776772693282139e-01 4.337478967416752429e-02
6.657426007667285317e-01 4.442079627592254720e-02
6.746173294235172646e-01 4.804058049389581253e-02
6.813581079980529642e-01 5.081678021510183108e-02
6.836495340730873727e-01 5.177560335449848949e-02
6.917971912097039544e-01 5.534249535265534092e-02
6.979392268331786608e-01 5.811348910943558987e-02
7.002398428872579350e-01 5.916308783859014486e-02
7.026146285240710831e-01 6.025141514121323816e-02
7.183388971095359121e-01 6.758484131304498543e-02
7.213292400766040391e-01 6.899903623404124442e-02
7.231777667263843412e-01 6.994111744319675417e-02
7.289733852470754449e-01 7.297560181199469476e-02
7.371510277401733813e-01 7.734725673839082383e-02
7.389920559191570648e-01 7.834051605442093891e-02
7.412393687226002115e-01 7.978984020332202665e-02
7.507361590098839965e-01 8.602379418852568183e-02
7.518815480306312304e-01 8.678668434361014317e-02
7.577738624402474699e-01 9.074973545321018964e-02
7.620379812187889623e-01 9.365578246800776441e-02
7.682439279473259885e-01 9.789140640273441551e-02
7.691318160308662222e-01 9.850772876643332232e-02
7.736805991550709249e-01 1.017664472555788180e-01
7.774894772992111402e-01 1.045490583759818293e-01
7.806462962969266117e-01 1.069767211608866342e-01
7.849831308676553654e-01 1.103453987108808931e-01
7.883722355675524263e-01 1.130400472484983654e-01
7.891726482420410305e-01 1.137034043344061773e-01
7.897328517916817336e-01 1.141757562583141095e-01
7.923976854073181419e-01 1.164298260463825230e-01
7.948526968517010127e-01 1.185890960807935990e-01
8.049736176816538746e-01 1.274986558719585217e-01
8.084213965614363007e-01 1.305811234055390679e-01
8.100969720004569385e-01 1.321113003847211864e-01
8.130737760428059513e-01 1.349950089684840426e-01
8.179235091382378586e-01 1.396941772515998270e-01
8.188337203026609945e-01 1.405835253234596349e-01
8.248915112225604362e-01 1.466055928372740347e-01
8.295212296938472285e-01 1.512719128056640994e-01
8.328037870330465831e-01 1.545871148536878126e-01
8.342173275962204704e-01 1.561083809622917373e-01
8.349692135296407081e-01 1.569228975902543510e-01
8.357903995711956080e-01 1.578160821547492931e-01
8.391348718419601171e-01 1.614717322879474226e-01
8.427529713902115471e-01 1.656263751397095696e-01
8.472542785352600303e-01 1.707989949365453786e-01
8.507385532553572993e-01 1.748321199599055520e-01
8.534007489939920976e-01 1.779930150934502242e-01
8.574725142043972959e-01 1.830153310794099264e-01
8.613197621261309278e-01 1.877671469218807898e-01
8.658776570027278963e-01 1.934357175602064993e-01
8.686374480981343682e-01 1.968998118094188454e-01
8.720700869391055932e-01 2.012533945448182759e-01
8.803400609991002268e-01 2.120147524619478974e-01
8.819881854665982956e-01 2.142794911288684601e-01
8.885010906818310294e-01 2.234702311749389159e-01
8.897762433420544070e-01 2.252907355534996547e-01
8.983238735431835487e-01 2.381075741109486277e-01
9.000459442792760889e-01 2.407876675836181368e-01
9.008785839931849893e-01 2.421823907768170248e-01
9.038242854271079096e-01 2.473486528026940245e-01
9.076414718995688968e-01 2.540494662398855574e-01
9.141705628572976972e-01 2.656332443456402848e-01
9.154161088433649951e-01 2.678920896750341951e-01
9.180343862641796582e-01 2.726848500172014411e-01
9.196646449723859806e-01 2.756763327039900568e-01
9.203245571448929185e-01 2.769365974981187195e-01
9.275940871284255040e-01 2.908665901840917778e-01
9.309786555066875691e-01 2.975408756037408731e-01
9.319335724695515522e-01 2.995325370679369215e-01
9.368384831867822005e-01 3.098308421681048586e-01
9.390916572486230907e-01 3.147829153731169782e-01
9.395253449928234746e-01 3.157376621128135108e-01
9.404706297761866729e-01 3.178369547744089862e-01
9.425265456301786804e-01 3.224184358882060675e-01
9.436934048238038164e-01 3.250218378617796278e-01
9.485495359422109196e-01 3.359497011508529862e-01
9.497739998439083120e-01 3.387273498493378332e-01
9.506498016258096984e-01 3.407488283944337670e-01
9.518454068046352523e-01 3.435715436192705585e-01
9.547323959812237248e-01 3.508382147673367868e-01
9.556331855228890060e-01 3.533108293975998349e-01
9.584679850808041079e-01 3.615037195492656341e-01
9.596300036454492588e-01 3.649216708589160252e-01
9.609031784147472610e-01 3.687829150426973346e-01
9.634716348252138074e-01 3.765735854297668217e-01
9.645860745952696824e-01 3.800242886981225476e-01
9.659025836088255268e-01 3.841303374056052045e-01
9.665165834468605333e-01 3.860790607685519182e-01
9.682379750633312021e-01 3.916250227106272686e-01
9.706270293153416162e-01 3.994968096845359362e-01
9.729625743591105991e-01 4.072640335929205158e-01
9.749087014239292692e-01 4.137419443232439598e-01
9.752573223587092111e-01 4.149333899914970925e-01
9.774757740773345471e-01 4.228372056657199174e-01
9.785139735601937616e-01 4.269189255469942879e-01
9.819884368041041922e-01 4.407983605557754814e-01
9.846921898148027763e-01 4.516639834238688200e-01
9.879895747344248358e-01 4.651264634142160403e-01
9.894526419637543757e-01 4.711233126760921985e-01
9.910188372125042777e-01 4.785289945021447000e-01
9.921286644937705734e-01 4.845816382634399178e-01
9.923360274721919616e-01 4.858565162751062871e-01
9.935116528198942865e-01 4.931643690387328416e-01
9.946353969532009121e-01 5.016095027551725760e-01
9.948655873116102333e-01 5.037052873351659521e-01
9.955697025196582617e-01 5.106644419621685360e-01
9.960133093750627165e-01 5.152106688727536854e-01
9.962065421683031774e-01 5.177064707900211893e-01
9.973000587433646924e-01 5.322278596966149022e-01
9.976935571528293689e-01 5.418792652451631664e-01
9.978348139915040882e-01 5.486531372675806928e-01
9.977606900437985260e-01 5.569107368291730253e-01
9.975849101736565805e-01 5.679928630081927388e-01
9.974606301894125560e-01 5.719181013084030374e-01
9.972045864839105267e-01 5.776763012491388238e-01
9.968613425219261526e-01 5.853289836483684949e-01
9.965453196301943262e-01 5.923125603977441589e-01
9.961073799209217983e-01 6.003747055996477844e-01
9.960014218034777267e-01 6.019856504398078956e-01
9.957748708763244361e-01 6.053235829470884344e-01
9.951543579718959975e-01 6.139681115949825463e-01
9.948370720072202689e-01 6.174457505126815793e-01
9.942332007464341759e-01 6.238660598471762464e-01
9.938492835641824508e-01 6.273739236259914254e-01
9.930389800646004517e-01 6.346673325798271037e-01
9.929160078152848845e-01 6.356783046320289010e-01
9.923275055045969184e-01 6.404026683753186733e-01
9.907511567799407448e-01 6.509459872060509023e-01
9.886647344802812487e-01 6.648863483938245444e-01
9.858003134378718890e-01 6.804899144960416812e-01
9.845584186108606861e-01 6.871024188350258743e-01
9.827961645623902731e-01 6.963076230477709405e-01
9.812474188218542892e-01 7.042416477726904933e-01
9.803087617316141866e-01 7.081477240809062046e-01
9.798094917694224470e-01 7.101316899862452070e-01
9.792633396444606619e-01 7.122274718846006714e-01
9.786188691206453294e-01 7.146971484100367311e-01
9.779168330850414037e-01 7.172793330614263274e-01
9.749851787707954909e-01 7.271902102526348610e-01
9.743288446364087863e-01 7.292079936591746581e-01
9.730519695641798306e-01 7.329531895584024959e-01
9.699605559273314359e-01 7.409457708946504129e-01
9.681478218678054581e-01 7.452554916373066440e-01
9.673307006958642429e-01 7.471382687212395624e-01
9.667837658335655115e-01 7.483599871189945407e-01
9.656589004382896135e-01 7.508697534710443433e-01
9.647926866214681096e-01 7.527617939166967309e-01
9.643065750678952996e-01 7.537944176932925844e-01
9.623025880047672009e-01 7.579237874133565311e-01
9.593828455625984519e-01 7.635399751253019174e-01
9.586571138159650785e-01 7.649209296336282327e-01
9.563726710169421219e-01 7.691197434960862500e-01
9.514934050390820852e-01 7.779429492982378180e-01
9.468643547709609809e-01 7.859179233920576824e-01
9.443332480234626347e-01 7.901888252530147039e-01
9.391258286443797676e-01 7.986683837882784243e-01
9.379161101734930783e-01 8.006023214351706274e-01
9.349993895064366844e-01 8.052399852797280655e-01
9.283040663509931623e-01 8.158562805670572793e-01
9.272023096493831051e-01 8.176024593933760576e-01
9.234870752720056863e-01 8.234725634400638095e-01
9.171389264446883072e-01 8.328387437900509616e-01
9.142260846753781367e-01 8.371204801449696475e-01
9.108161655921455102e-01 8.420463868337889624e-01
9.083592540080768218e-01 8.454838499634146354e-01
9.062159184111912014e-01 8.484781516760662168e-01
9.056159074411540555e-01 8.492857880145701088e-01
9.019338093876970719e-01 8.541728924843997595e-01
9.015925126255217581e-01 8.546140345405112138e-01
8.990565038740900849e-01 8.576593719009454331e-01
8.967671049951101425e-01 8.603899256845609633e-01
8.938885823210288573e-01 8.637455164699625598e-01
8.927093113810481428e-01 8.651159614662849995e-01
8.836625635450241489e-01 8.744541810005832527e-01
8.735384828103276433e-01 8.847183700800993478e-01
8.720945416331100652e-01 8.861815635341978581e-01
8.713768879941037326e-01 8.868911485418089491e-01
8.648706832661894328e-01 8.929561408849151505e-01
8.644496091103162083e-01 8.933430820134169448e-01
8.612447531006600654e-01 8.962605301789896561e-01
8.590648567058557505e-01 8.982430841222690532e-01
8.538162383282712486e-01 9.027174218181355236e-01
8.498414921887543771e-01 9.060891851637651317e-01
8.469617289745834388e-01 9.084752868187668806e-01
8.437122594565251710e-01 9.111135209108264243e-01
8.427864229233223980e-01 9.118389953773065049e-01
8.389744627819405443e-01 9.148126282489548178e-01
8.363868834121882534e-01 9.167819252386202322e-01
8.352039318604527196e-01 9.176813937598669035e-01
8.266728807621288588e-01 9.241469776997405239e-01
8.212149198665825711e-01 9.280391680753783401e-01
8.129121877075430325e-01 9.338926071653049776e-01
8.084550052466364933e-01 9.369894490748378324e-01
8.078005052065074798e-01 9.374333192153072591e-01
8.049656075617180884e-01 9.392555211146264016e-01
8.034302514843461029e-01 9.402119600468635818e-01
8.007240060387735836e-01 9.418033969147777684e-01
7.999632386250982163e-01 9.422408646564071066e-01
7.991844751170112948e-01 9.426835848790053873e-01
7.967432042098776535e-01 9.440341864566034191e-01
7.915566899435294568e-01 9.466623766972374066e-01
7.887269752777805731e-01 9.478942435323194360e-01
7.836576126202354775e-01 9.499203464132681685e-01
7.811617769602864358e-01 9.508802448340825109e-01
7.619768431533093800e-01 9.582112859296835206e-01
7.576716253028014103e-01 9.598397612580542582e-01
7.534175603953706668e-01 9.614457587234845892e-01
7.498160360445086381e-01 9.627978988202776645e-01
7.484692032532508366e-01 9.632977549833620090e-01
7.433007999690339762e-01 9.651851568259698366e-01
7.390051776118018445e-01 9.665684924548075818e-01
7.362889864433465048e-01 9.673572717812570776e-01
7.323344468642523086e-01 9.684428789451662301e-01
7.244135094313712830e-01 9.705327446398439584e-01
7.170075467340630837e-01 9.724574539468180401e-01
7.094929112931921411e-01 9.743404758625621165e-01
7.060624573955111005e-01 9.751116370534332889e-01
7.035427218060978927e-01 9.756713606399420868e-01
7.014807976593868677e-01 9.760941017486917115e-01
6.953119808643343225e-01 9.773129311083977866e-01
6.785173492409408702e-01 9.805941015417219964e-01
6.737830102235886631e-01 9.815158674981225850e-01
6.685679583173823604e-01 9.825217839910098672e-01
6.520282988015074777e-01 9.855816465500103485e-01
6.405340551381631942e-01 9.877008125563930818e-01
6.184318641103273562e-01 9.916809210359939231e-01
6.132351193825805735e-01 9.923312970181572545e-01
6.090820332143885851e-01 9.928329200771657259e-01
6.070255619624581600e-01 9.930759495936509751e-01
6.026486225568692401e-01 9.934302461171550247e-01
5.917330463365665372e-01 9.942989214755889593e-01
5.850769298609991287e-01 9.947330853242930537e-01
5.822639327995817737e-01 9.948831328072773594e-01
5.787935482595505388e-01 9.950313821497507316e-01
5.725734233048019872e-01 9.952515684855912648e-01
5.619595776272051646e-01 9.956010226803180263e-01
5.532033294456427663e-01 9.958221731074726746e-01
5.418933099699523304e-01 9.960976297484329667e-01
5.334462075085073529e-01 9.962833860643766082e-01
5.279547169971995357e-01 9.963834706258422047e-01
5.136969389072114645e-01 9.964279360589984869e-01
5.072056274635450279e-01 9.962759528952176424e-01
5.069579959041432549e-01 9.962610563774821903e-01
4.982905325620213821e-01 9.956692939802203046e-01
4.937260035404827940e-01 9.953361932767341713e-01
4.851218114708671925e-01 9.947017949475476239e-01
4.775087170480065701e-01 9.940139204066389400e-01
4.689800126209799913e-01 9.932321533710189998e-01
4.639480019747843631e-01 9.927363411868507237e-01
4.599487237379208393e-01 9.922738890375589760e-01
4.472254516630301824e-01 9.906365427873092822e-01
4.425384556174610795e-01 9.899681189537606896e-01
4.376094601430646769e-01 9.892207547146585345e-01
4.332884065614631686e-01 9.885194018364582558e-01
4.291363028612260599e-01 9.878402374551066289e-01
4.137308598151936412e-01 9.852072244482891206e-01
4.090778091168993935e-01 9.843993018210263068e-01
3.975098433570890544e-01 9.823211727398037940e-01
3.864922659923095694e-01 9.803216601512747541e-01
3.862628875718173704e-01 9.802792147655103872e-01
3.796008013838425565e-01 9.790014805004931819e-01
3.716646965730232566e-01 9.772675034161764085e-01
3.643427430647153686e-01 9.756420630680929795e-01
3.561064716997441870e-01 9.737584090444111329e-01
3.463827578295888276e-01 9.714527365295820838e-01
3.443421445954368831e-01 9.709222275078923658e-01
3.247062646866398783e-01 9.658134908872528790e-01
3.212061748714992726e-01 9.648376934001721139e-01
3.097376637303935754e-01 9.615878246360288761e-01
3.078568513353266978e-01 9.610397862576253170e-01
2.973190943486531124e-01 9.577034985136735346e-01
2.886563412714195920e-01 9.548906182173719781e-01
2.830477542191619511e-01 9.530617879907422596e-01
2.768995453663439799e-01 9.508697206004141922e-01
2.650365197749889878e-01 9.465518103352283941e-01
2.531600535991963552e-01 9.421659224258741583e-01
2.486587966733345700e-01 9.404662104238565856e-01
2.467958912335009858e-01 9.397307972861101977e-01
2.398755224829648425e-01 9.369885892452919363e-01
2.393566411562176866e-01 9.367815874007124899e-01
2.387428199671561835e-01 9.365340418944279044e-01
2.322011532430809932e-01 9.335747761127834998e-01
2.262413616585984277e-01 9.307901218852470127e-01
2.169834245680214435e-01 9.264519189935453980e-01
2.144205899634411550e-01 9.252034185460036309e-01
2.103443131005889866e-01 9.231828820880519926e-01
2.043398659019406427e-01 9.200639488398196786e-01
2.033276149289529044e-01 9.195195036585769310e-01
2.018856600089027342e-01 9.187269964433406599e-01
1.920377222511158166e-01 9.129936066184042298e-01
1.910844155979622982e-01 9.124072078057335888e-01
1.850412189939744101e-01 9.086216417894145136e-01
1.750977791760911506e-01 9.023131650108584534e-01
1.717476806145159518e-01 8.999284957822755171e-01
1.674118390237392395e-01 8.967809797502113156e-01
1.625534411325961770e-01 8.931915972573495344e-01
1.607529635187117112e-01 8.918580154152284667e-01
1.601922353519444897e-01 8.914267410841604233e-01
1.575659954020317555e-01 8.893824021404925784e-01
1.472252874184180049e-01 8.812741529281312713e-01
1.363875187750712703e-01 8.727460225609620093e-01
1.238520453701841273e-01 8.618794623848977654e-01
1.194242866186373542e-01 8.577751625931679946e-01
1.175488269173671219e-01 8.560251214851214430e-01
1.134592175116680979e-01 8.515661910796853418e-01
1.103448570433015474e-01 8.480682406332639145e-01
1.076828355321856057e-01 8.450463051231082989e-01
1.041041313782222755e-01 8.409835826536750103e-01
1.018342537574870033e-01 8.383750922675521355e-01
9.836587015834086234e-02 8.339609033193762233e-01
9.447774892109028766e-02 8.289769551023293825e-01
9.252709913083601023e-02 8.263493467078907306e-01
7.880094341405163849e-02 8.074164419225468015e-01
7.640242927265883388e-02 8.039131136303041547e-01
7.357919981765548290e-02 7.990162134780381953e-01
7.230924751019995877e-02 7.966769664731621070e-01
7.050678185240843998e-02 7.932127652525609030e-01
6.892990739512683263e-02 7.900877278984048679e-01
6.503247565867398272e-02 7.818315605087328146e-01
6.408991380699902152e-02 7.797217922393400169e-01
5.412324316440131344e-02 7.566323798115425214e-01
5.172385639436927196e-02 7.509980990708554627e-01
5.134371858698449920e-02 7.500864811673790822e-01
4.891367658563394727e-02 7.441896606535950420e-01
4.446665907551283770e-02 7.330531226302481329e-01
4.029722062847140851e-02 7.222080132292140187e-01
3.843450245622759276e-02 7.173173127138255945e-01
3.762009972115154532e-02 7.150915094683969464e-01
3.242371756615347600e-02 7.008852228944737472e-01
3.054717796403916275e-02 6.954497444704339504e-01
2.695875755943388796e-02 6.842766698817105420e-01
2.478693206495208301e-02 6.769349748934306854e-01
2.398053681362066758e-02 6.739669972063322412e-01
2.225197545981505431e-02 6.674029379464236911e-01
2.023426763515046023e-02 6.586683332266105584e-01
1.929960634362204441e-02 6.545451543428584262e-01
1.637301866457341326e-02 6.416275588580901967e-01
1.389546548924458502e-02 6.301353629542146839e-01
1.283732817498661749e-02 6.251225362725231216e-01
1.173165061271430609e-02 6.191260842127304098e-01
1.093037944502550651e-02 6.146132739575453918e-01
1.036411754940558261e-02 6.107735184850214827e-01
6.307465492118358164e-03 5.831839782503933645e-01
5.402976723500207967e-03 5.760252592963563956e-01
5.227271212825845836e-03 5.745869182553479115e-01
4.519048910970990818e-03 5.684052940127753972e-01
3.968077203795883356e-03 5.623132149368305077e-01
3.819650684181996603e-03 5.600269339480445918e-01
3.522949165143618444e-03 5.548082670246716752e-01
3.052334034389758699e-03 5.450593888615432592e-01
2.858997386244177541e-03 5.406009421079591704e-01
2.466389623812514920e-03 5.310295836497432864e-01
2.226414102494356229e-03 5.164448223749306122e-01
2.171520621622402558e-03 5.075813936895325895e-01
2.165186008496022829e-03 4.898204871833199414e-01
2.181221978427516639e-03 4.828193046894314611e-01
2.269840303799730563e-03 4.741445777940470618e-01
2.274669060153944322e-03 4.738782609139888802e-01
2.962777273315730930e-03 4.564918380009886922e-01
3.307186363348146863e-03 4.493655262559399510e-01
3.749938163476129738e-03 4.405244863097025343e-01
3.969881315520562559e-03 4.368055943666206975e-01
4.686278002792310104e-03 4.272242175990949020e-01
5.460220931738812844e-03 4.179194724816129858e-01
5.864017259507359192e-03 4.131304375827713482e-01
6.480488136203277350e-03 4.063008320830593378e-01
6.805796013904630293e-03 4.027672514893113620e-01
7.074316631370813901e-03 4.003517508303986450e-01
8.511030043373390974e-03 3.874896215725616155e-01
8.952472251469667519e-03 3.842024057810197180e-01
9.549743510340769070e-03 3.797728304867916682e-01
1.072537799544637238e-02 3.711912822574698900e-01
1.169292810944499994e-02 3.643505199118789450e-01
1.260191169011082302e-02 3.581563984734231765e-01
1.292814671483388800e-02 3.559660137276152714e-01
1.512365879964006066e-02 3.412255251343121465e-01
1.714131807180163669e-02 3.283968079157795206e-01
1.769145258811277710e-02 3.250267204819490274e-01
1.876409628082209569e-02 3.186767966752097614e-01
1.990891430482566449e-02 3.119535547238319051e-01
2.026539239756064426e-02 3.100246134589772495e-01
2.294128240526704943e-02 2.962582660378682009e-01
2.386571147918503666e-02 2.916700022838254469e-01
2.442562294347738749e-02 2.890467943220411673e-01
2.718777762185231595e-02 2.761407936329401958e-01
2.817959194910468756e-02 2.717522680769665078e-01
2.862817568180964223e-02 2.698780901587506387e-01
2.896292044191961512e-02 2.685756464945634470e-01
2.951417247366527885e-02 2.665283290532275418e-01
3.048592384205772721e-02 2.633025616288298121e-01
3.262342417326347110e-02 2.564031832253513832e-01
3.609739950834400801e-02 2.464497067792651430e-01
3.995561445457440630e-02 2.358874235199186487e-01
4.165245899315228595e-02 2.313608455443304512e-01
4.783802689374672124e-02 2.148977846240703871e-01
4.829691192157681279e-02 2.136768094162700971e-01
5.241718747270618373e-02 2.027281120230247646e-01
5.698571825387332979e-02 1.919408974188172579e-01
6.254377070932892746e-02 1.797677598059550519e-01
6.454115675151139708e-02 1.756620838634985748e-01
6.719170217489423003e-02 1.704129002965844020e-01
6.901941269446276728e-02 1.669221263847702197e-01
7.328500229306866842e-02 1.589017083727943813e-01
7.822386770768807729e-02 1.506229354093162609e-01
8.168101602794630711e-02 1.449522275315335840e-01
