4.538875382877067821e-01 1.102383568077480724e-02
4.772225264462800487e-01 8.195431738765579510e-03
4.813751224675600904e-01 7.797697280232940287e-03
4.889105103626448789e-01 7.088965458772689132e-03
5.008184486788731515e-01 6.026286246691325843e-03
5.088998836440857820e-01 5.349151530158358092e-03
5.134172953852654819e-01 5.089591394434433980e-03
5.149419493836870920e-01 5.002323956004972594e-03
5.328172058173085146e-01 4.036791115965110421e-03
5.453997556598657592e-01 3.524638101823240888e-03
5.569442335744920758e-01 3.092987300425398267e-03
5.603765189022941184e-01 3.006245310513411262e-03
5.619919748123983760e-01 2.968805823083342510e-03
5.812086436222674291e-01 2.751455666760938001e-03
5.844541417939790318e-01 2.722667900690201037e-03
5.889419517535680049e-01 2.688688896977597942e-03
6.000812211514261474e-01 2.694770054882500432e-03
6.112690704161697353e-01 2.933841505935785854e-03
6.172916570449809015e-01 3.073672998475052154e-03
6.261397249826159417e-01 3.305288625736757524e-03
6.273146689085843386e-01 3.336787893686521400e-03
6.310637070579729890e-01 3.484803291723514995e-03
6.423078293578247111e-01 3.970140129284982500e-03
6.541742904252199065e-01 4.542592331564510033e-03
6.604748197066060422e-01 4.938482602101390562e-03
6.806512911597135673e-01 6.379077013384248929e-03
6.857390759810190195e-01 6.799469694246718099e-03
6.889264628704859783e-01 7.123098463164279082e-03
6.979204913039422919e-01 8.439963980211961925e-03
7.028449761399808704e-01 9.194591588596368048e-03
7.390462283728348458e-01 1.474878137771695741e-02
7.402399221789816020e-01 1.493517229770635613e-02
7.436878580197547883e-01 1.552183800925865942e-02
7.571363012785680136e-01 1.816240365005705737e-02
7.682687028422361397e-01 2.074911723121264373e-02
7.728746800483250468e-01 2.188514247966311110e-02
7.871487201219544705e-01 2.557299864106155063e-02
7.942823100945133330e-01 2.756393250397892736e-02
7.985227981340154990e-01 2.898382020230316769e-02
8.055807959223405534e-01 3.147192762687911483e-02
8.070309071952557201e-01 3.199743542777666594e-02
8.152009248217593207e-01 3.538317068386143127e-02
8.187558074325477220e-01 3.690569057379156082e-02
8.249529163855949809e-01 3.999233306426852597e-02
8.290524938431026447e-01 4.209483241880629389e-02
8.339072855554500174e-01 4.461170090767940799e-02
8.428040880100924337e-01 4.951339065876259049e-02
8.478055262814114812e-01 5.228510496565708099e-02
8.507450082566906380e-01 5.400009708340403058e-02
8.547894189270733856e-01 5.664721982503173603e-02
8.574714018778774038e-01 5.841238609416421479e-02
8.599580953594370136e-01 6.013630283997684067e-02
8.623217996920830020e-01 6.178393230253309554e-02
8.665675434301214342e-01 6.547561922629419051e-02
8.688939967671613918e-01 6.763253068411168023e-02
8.723533741514994944e-01 7.085352993591020887e-02
8.748849111229487496e-01 7.326841945212148044e-02
8.802853629713792705e-01 7.884225227875907294e-02
8.819674722779828890e-01 8.064235769430683209e-02
8.870246709824552989e-01 8.633912297599910524e-02
8.903080932420173177e-01 9.019145911457515652e-02
8.946274295254966757e-01 9.525986132414532293e-02
8.987459631858831788e-01 1.001437187354433656e-01
9.009890255973319606e-01 1.030440115934947443e-01
9.047981376989319147e-01 1.080205945116481381e-01
9.114064694446135650e-01 1.167701893147080616e-01
9.128467276028282562e-01 1.188664927097001778e-01
9.164642992865992266e-01 1.242891504631086219e-01
9.173243213679561636e-01 1.256790298293970487e-01
9.185996127105450215e-01 1.278573431782590308e-01
9.207947864388145165e-01 1.319365273432940855e-01
9.221770576267104280e-01 1.345640047449767618e-01
9.236066794954933545e-01 1.374525467408993507e-01
9.259019249130494567e-01 1.422432486699161114e-01
9.269935813957820292e-01 1.446331627183562452e-01
9.294272104181927618e-01 1.501175427154225472e-01
9.370059420778377168e-01 1.676953219290081565e-01
9.420107093431271394e-01 1.801476007388287393e-01
9.427177102879578108e-01 1.819444615564810297e-01
9.472733421913689389e-01 1.936893406080144597e-01
9.523173397351977210e-01 2.072828270255580030e-01
9.558576242717554683e-01 2.169939753774660085e-01
9.576543254223555124e-01 2.222231620288629417e-01
9.581234839548717908e-01 2.236244320842304401e-01
9.611615959745413162e-01 2.328533253783421353e-01
9.644415082263505523e-01 2.438996243583730905e-01
9.649328836218289407e-01 2.456917244864273986e-01
9.656320744315665117e-01 2.482948074004722727e-01
9.687051609434013111e-01 2.604535611656638716e-01
9.711878182809435822e-01 2.704439931035356182e-01
9.732298424664478365e-01 2.796816034127308503e-01
9.744770097071182580e-01 2.858752769280034078e-01
9.763285837070826423e-01 2.957413438520144489e-01
9.797211404333472373e-01 3.140733021401618252e-01
9.811303032208914532e-01 3.222038495763140942e-01
9.832328555889635613e-01 3.353876387653004221e-01
9.835637328859040407e-01 3.375115216254301886e-01
9.841515582885681512e-01 3.414263321425424769e-01
9.855508915766251210e-01 3.507872576667302456e-01
9.872237002842570996e-01 3.620513868723050921e-01
9.878281272178363048e-01 3.662419204142809415e-01
9.882670843953329509e-01 3.693028225993237879e-01
9.886559626801331158e-01 3.720496819873339023e-01
9.900396283905682493e-01 3.819646480466032390e-01
9.903516346483539623e-01 3.842514900472915329e-01
9.935642259674198895e-01 4.090381965410950782e-01
9.941653980707793048e-01 4.137203005856378013e-01
9.945725903920061839e-01 4.174851571557083307e-01
9.951182963077140897e-01 4.230214269568033369e-01
9.956697406025099006e-01 4.292400281125678951e-01
9.960494111422493191e-01 4.337649194680492926e-01
9.964737213629152324e-01 4.403036158803284028e-01
9.970367250207863297e-01 4.491225444988413695e-01
9.974904737894715323e-01 4.562447406806312555e-01
9.982406067440200426e-01 4.695553138872857746e-01
9.983945660269014644e-01 4.725889614235867509e-01
9.989427466709804859e-01 4.835572697900207828e-01
9.991760993949977410e-01 4.885240218508639654e-01
9.993094644982386532e-01 4.918379201030556036e-01
9.995579969654645458e-01 5.058448224793661296e-01
9.996080140225187538e-01 5.147958011126275712e-01
9.995864160735118409e-01 5.224208700972224895e-01
9.995312098011736035e-01 5.330038012194530106e-01
9.994815120702910116e-01 5.356623685888897146e-01
9.993867307337558348e-01 5.405077013045724854e-01
9.993158633396487245e-01 5.437483271146451580e-01
9.990025055604306869e-01 5.499023480073337300e-01
9.979349782960398318e-01 5.611622234703907974e-01
9.970800024565220632e-01 5.699980470471897043e-01
9.967291524933288294e-01 5.734963171398533843e-01
9.961488824507510609e-01 5.786644851321010030e-01
9.959140136385613573e-01 5.804094882762433905e-01
9.944689109055294685e-01 5.901122006993065883e-01
9.934035161104121103e-01 5.968826465163520334e-01
9.924899962395078434e-01 6.021755035596370043e-01
9.894398226882273883e-01 6.187951758579061101e-01
9.892040722277604115e-01 6.199868857923770404e-01
9.867579941879310867e-01 6.318254783708492361e-01
9.848845736581937071e-01 6.404095843804413768e-01
9.833759713323091400e-01 6.469434848796827842e-01
9.810894458920060845e-01 6.563111642609881224e-01
9.803960770500699251e-01 6.591480295186292748e-01
9.797857971703658464e-01 6.616418804740821225e-01
9.794049239030554466e-01 6.631869066897317921e-01
9.778809680069695531e-01 6.691969074577004406e-01
9.741087247670749960e-01 6.836511512039902261e-01
9.726743044197450061e-01 6.890090755936808531e-01
9.709461436515824939e-01 6.953233128759858106e-01
9.701334726171648715e-01 6.981202212874950686e-01
9.680057197990243889e-01 7.051272215436574786e-01
9.657446691923807780e-01 7.123377448900092279e-01
9.649832721633591071e-01 7.145322671534579673e-01
9.633085009223462114e-01 7.192805009636660252e-01
9.600033409499031389e-01 7.281332935204560819e-01
9.572988111918421250e-01 7.353172049129090837e-01
9.564232471602777119e-01 7.375789490020295824e-01
9.552240189301037798e-01 7.404954172664053313e-01
9.517938834088162103e-01 7.486757623942814632e-01
9.512460080941351759e-01 7.499680858713545506e-01
9.500245166765944882e-01 7.527864064646828668e-01
9.472439708308947326e-01 7.583904193560661033e-01
9.435023329243596990e-01 7.659180361973488838e-01
9.404195130896458865e-01 7.720640863387218111e-01
9.391552046401610010e-01 7.745836255117575231e-01
9.351625979741444716e-01 7.820814943571666733e-01
9.337218738532392370e-01 7.847538732036523079e-01
9.313373093685469728e-01 7.888851893211135113e-01
9.304189225048155043e-01 7.904126005433629309e-01
9.282424507117954526e-01 7.938745732484554507e-01
9.264641623309028962e-01 7.966858070265080416e-01
9.226688004127188147e-01 8.023786784947460893e-01
9.192173280093479670e-01 8.073670885070264314e-01
9.157764266281066545e-01 8.122589117942947690e-01
9.090658818745620540e-01 8.216740230732028083e-01
9.044691550647697698e-01 8.280724141797117799e-01
9.003154314510092293e-01 8.338395972472472106e-01
8.964765986020775124e-01 8.386323598973774995e-01
8.954578175920006045e-01 8.398796149835389135e-01
8.917350160675499016e-01 8.444005379556087654e-01
8.902818219060182336e-01 8.461390125353719371e-01
8.870760084464094364e-01 8.498915687134265262e-01
8.834061716231362826e-01 8.540332000133906698e-01
8.782165436026914129e-01 8.598126450478752458e-01
8.755840952856213111e-01 8.626143873942271334e-01
8.685230688578625680e-01 8.694720765000499840e-01
8.640298949647219340e-01 8.737348185712403570e-01
8.597112845532162151e-01 8.776384824033389709e-01
8.462847306768477296e-01 8.897622931414042036e-01
8.448310435014676489e-01 8.910582024155501157e-01
8.379080720618625744e-01 8.971989580311857670e-01
8.357519510359265880e-01 8.990402975678428721e-01
8.249584547356222375e-01 9.079750111247352207e-01
8.127520561863994519e-01 9.171430495160245444e-01
8.104234434342096893e-01 9.188496154760674717e-01
8.058989914083782846e-01 9.221610178661907575e-01
8.044838287266014021e-01 9.231567016837822770e-01
7.993796051336656827e-01 9.266667339312643081e-01
7.897997367871643082e-01 9.330522526190103694e-01
7.848013740778184699e-01 9.363633948718655953e-01
7.797624528455909809e-01 9.394928357434809696e-01
7.777866974880371931e-01 9.407178977750224602e-01
7.705812805080598515e-01 9.450474541512354776e-01
7.628332691820025602e-01 9.496098945591985308e-01
7.583440569220516458e-01 9.519812616910584557e-01
7.563120706750715572e-01 9.529669148831052539e-01
7.459161184410153522e-01 9.578911417162087050e-01
7.411220226964655433e-01 9.601558518875303871e-01
7.402001965186078003e-01 9.605610661303395359e-01
7.380233997201990359e-01 9.614400461120204966e-01
7.312063722569190904e-01 9.641657452687486529e-01
7.287376377176156828e-01 9.651464508884387561e-01
7.226306998176855734e-01 9.673821852788392350e-01
7.176735244598487773e-01 9.691014519414318240e-01
7.141491890597041481e-01 9.703029767741800926e-01
7.078827900248476634e-01 9.723066711757717417e-01
7.033800540011168057e-01 9.736402351451011183e-01
6.928765136800953961e-01 9.767096917076708573e-01
6.868792685308622303e-01 9.783167527560404642e-01
6.826104608910683602e-01 9.794444954760201938e-01
6.788687962879798032e-01 9.803822412337561687e-01
6.606656013169048824e-01 9.848065767635996171e-01
6.552419781971700052e-01 9.860269780732109357e-01
6.458911977470869203e-01 9.880041421224300402e-01
6.439140863110328628e-01 9.884150891989526011e-01
6.368862955404636095e-01 9.898053507949263752e-01
6.270574837698634774e-01 9.913365844924453274e-01
6.239660985517226921e-01 9.918129919369411684e-01
6.181026345501813291e-01 9.926817459614306616e-01
6.172566720335869173e-01 9.927995348353209071e-01
6.140083717608985081e-01 9.931850665068109318e-01
6.098377930871865527e-01 9.936250637312389333e-01
6.081550600148774022e-01 9.937824285686491788e-01
6.002982270518459895e-01 9.943661827578381684e-01
5.819853892071421564e-01 9.956945413324367333e-01
5.704648719144395086e-01 9.964460586819926524e-01
5.626378607101669704e-01 9.968004293812032790e-01
5.579026180416297720e-01 9.969410748695308744e-01
5.507789850196825876e-01 9.970559539346115496e-01
5.323942587289839379e-01 9.973014630450538487e-01
5.301777407684736820e-01 9.973091004074007282e-01
5.167207115750802604e-01 9.973113111030225131e-01
5.123533071764907465e-01 9.973010481011435058e-01
5.038837941139041599e-01 9.972348067874081678e-01
4.889548044090253898e-01 9.970009314516083965e-01
4.829929464227734615e-01 9.968389551411613869e-01
4.794207038806607146e-01 9.967343186683714773e-01
4.728603986468470355e-01 9.965146202683143883e-01
4.585254611449695039e-01 9.958795442074380722e-01
4.452186301317933026e-01 9.952503077140769649e-01
4.434715668128847987e-01 9.951541637476408741e-01
4.385981908565648180e-01 9.947523401594605685e-01
4.302357035500007365e-01 9.939715591268057926e-01
4.286547766846778851e-01 9.938230121201202527e-01
4.066665581947837005e-01 9.915326369003479856e-01
4.021208356051368948e-01 9.910470399524181628e-01
3.898677558872035709e-01 9.897198688002308842e-01
3.844440154909910534e-01 9.890622886671334157e-01
3.771736917524688426e-01 9.881765561087059169e-01
3.646345545881527483e-01 9.864169304121205295e-01
3.614477821887135400e-01 9.858983967752189548e-01
3.596041208122809918e-01 9.855624526495099236e-01
3.592521219566101598e-01 9.854942891752402900e-01
3.474931575819542040e-01 9.832138217025955251e-01
3.373211666867806935e-01 9.812225286905410515e-01
3.337392704798469723e-01 9.805186140588250110e-01
3.185093179381839334e-01 9.773215649413488082e-01
3.158865945254054619e-01 9.767622370124308118e-01
2.990893356464529029e-01 9.730058240319895413e-01
2.900796002886695257e-01 9.708209859070507930e-01
2.864938899343393297e-01 9.699320088204491652e-01
2.831299110802876218e-01 9.690843658666907778e-01
2.789974888901503025e-01 9.680186846373326492e-01
2.740328886597718228e-01 9.667331606566188507e-01
2.635347616844663232e-01 9.639477504412635733e-01
2.596056469200448413e-01 9.628857246298233585e-01
2.564553684403196865e-01 9.620132513232303451e-01
2.526801193994510086e-01 9.609377407905073110e-01
2.421198599230118820e-01 9.576619226508089611e-01
2.387016146614042711e-01 9.565953962842532743e-01
2.361355866505050471e-01 9.557484396801730897e-01
2.348558629602236492e-01 9.552747387016748970e-01
2.277636109103540196e-01 9.524194848765860089e-01
2.254108880546971116e-01 9.514642898154074269e-01
2.233353729620829453e-01 9.505430644491394965e-01
2.172007998759799552e-01 9.477902622935264754e-01
2.118506990043735883e-01 9.453690888438910367e-01
2.042302042508555848e-01 9.417909550976111266e-01
2.015507312803692663e-01 9.405242998589669057e-01
2.001061296566505332e-01 9.397702344922995721e-01
1.973582567718326075e-01 9.383285319913430289e-01
1.935987338772656718e-01 9.363345838658212461e-01
1.839353567620691798e-01 9.310776941210213709e-01
1.819466426419308336e-01 9.299354048804584494e-01
1.789616220707396232e-01 9.282041779491315703e-01
1.669024025534006084e-01 9.203739268428767772e-01
1.641875112107803458e-01 9.186051200510222392e-01
1.617471416279161467e-01 9.170125128889278221e-01
1.600689588596937440e-01 9.158319620119206306e-01
1.562975015003774670e-01 9.131692399489950152e-01
1.490558370014065659e-01 9.080339986866827751e-01
1.458612567001040805e-01 9.055561932026111593e-01
1.414818530640880034e-01 9.020825356742546708e-01
1.398964426475591827e-01 9.007534550503584203e-01
1.350467371605642564e-01 8.959286771465896360e-01
1.331934115381574468e-01 8.940369733988218215e-01
1.308794057007157674e-01 8.916648206902747509e-01
1.260485941803287657e-01 8.866874516663912908e-01
1.238808918217354504e-01 8.844323746353998095e-01
1.205407174893775579e-01 8.809446642055904775e-01
1.198870702887943063e-01 8.802537240726741041e-01
1.162692646706824373e-01 8.761436166403170356e-01
1.093720744872258566e-01 8.681075489238279097e-01
1.058398610946265084e-01 8.639377000128595219e-01
1.015173919937758518e-01 8.588345128496680525e-01
9.561147114319712426e-02 8.518615319523641372e-01
9.441223595568282168e-02 8.504410142315239618e-01
9.040882590140242314e-02 8.451494625818393169e-01
8.601021726224478137e-02 8.393206836526841963e-01
8.521697663049776494e-02 8.382388906028175324e-01
8.236732854127226666e-02 8.342676843135793385e-01
8.153710110145195866e-02 8.329967774583523221e-01
7.816896020635621944e-02 8.277070285424488194e-01
7.275117284725529654e-02 8.190446586282060792e-01
7.125993574589606361e-02 8.166304804873770751e-01
6.623028540673747688e-02 8.084762711600207430e-01
6.452364024028944822e-02 8.057037255883872096e-01
6.129365328571789728e-02 8.001989658687884699e-01
5.949368516552189234e-02 7.970886502539384910e-01
5.692433854098899459e-02 7.926072910032647689e-01
5.525556019500432736e-02 7.895879595065794510e-01
5.353717540353664095e-02 7.864651119611050234e-01
5.281680798140075961e-02 7.850607108300712289e-01
4.892146462044988375e-02 7.771988937504831219e-01
4.514017041836515531e-02 7.695326214998389203e-01
4.332684741738646039e-02 7.657791319137738917e-01
4.287498782920273754e-02 7.648373904969545389e-01
4.009640981570450347e-02 7.590081744061224489e-01
3.903857808478028435e-02 7.565246841422088586e-01
3.357940601511089085e-02 7.436283093586377735e-01
3.226982048874427189e-02 7.404497771636154857e-01
2.835472928577709162e-02 7.301786823263352044e-01
2.444969581044476037e-02 7.189998569058052569e-01
2.355630280818210576e-02 7.162982771793031667e-01
2.231662372814824380e-02 7.125453693855158255e-01
2.138998308755102329e-02 7.096842236729599129e-01
2.081377494232938830e-02 7.078770880634218665e-01
1.824932914377142001e-02 6.992592395722769805e-01
1.769142566982095932e-02 6.972628841111647713e-01
1.598509273523907037e-02 6.909020418860856161e-01
1.371317619643497299e-02 6.813390063167233945e-01
1.325536074314970225e-02 6.791466749282166759e-01
1.251752899486091586e-02 6.755543882380157239e-01
1.029098548490081644e-02 6.643521081801907480e-01
8.520819193586048890e-03 6.553138954354545964e-01
8.100597658834640669e-03 6.528077454306995264e-01
7.219852461976206115e-03 6.474640878520204756e-01
6.845940664777172557e-03 6.451138566409927444e-01
6.639962788209552436e-03 6.436836237080424405e-01
6.042044083293340861e-03 6.393610068200898944e-01
5.321095157517885532e-03 6.341326669544793404e-01
5.213312783425627650e-03 6.331617843116894573e-01
4.536550762437530082e-03 6.261349278769459126e-01
4.199659619497309038e-03 6.220341430540429206e-01
3.724313916647514766e-03 6.158110329700832164e-01
3.079701422241454267e-03 6.056931860095762232e-01
2.296169538534398313e-03 5.905802582569178449e-01
1.276638562951681877e-03 5.682231824906672779e-01
1.066993480701383668e-03 5.628789968544174460e-01
8.964468915269030447e-04 5.582133787709813166e-01
7.037841058720184506e-04 5.496770917157350889e-01
3.919859774813572173e-04 5.347669381834563307e-01
3.936238698876159958e-04 5.344391014234429749e-01
5.191738402665624363e-04 5.224357807596001768e-01
5.413982620053880979e-04 5.209474593174083790e-01
9.854469676708887960e-04 5.020067565129754383e-01
1.063896447274781387e-03 4.987397736206597987e-01
1.821846870697974019e-03 4.747321519289225966e-01
2.011845398273814922e-03 4.707406249196091075e-01
2.327796825887240573e-03 4.648155184527971162e-01
2.510408385194118353e-03 4.617426713561232354e-01
2.836974875612408020e-03 4.562826644771521556e-01
3.540286238991274814e-03 4.472314187776539329e-01
4.485525088006925287e-03 4.358819245809119058e-01
4.817520052961654642e-03 4.322345609189232052e-01
5.568971793236121570e-03 4.241769866862076244e-01
6.090972465486177434e-03 4.200509233447722313e-01
6.954432742508176446e-03 4.134907908330194282e-01
7.659587305251513989e-03 4.094668184741294681e-01
9.471636298938879150e-03 3.997973646128278880e-01
9.699310602959254624e-03 3.986975866966896431e-01
1.077940868064219959e-02 3.938014471926390980e-01
1.197824326176966103e-02 3.887595710295324025e-01
1.383359323617749936e-02 3.810666349830722499e-01
1.446674923055957240e-02 3.785030649969008953e-01
1.552329498472582170e-02 3.743916901816963794e-01
1.899561822332385130e-02 3.611497945722224046e-01
1.988829725380580893e-02 3.578249729229744380e-01
2.154078040101847780e-02 3.520272293140287445e-01
2.214354677065977217e-02 3.499524126874191676e-01
2.431479008631398653e-02 3.425351777990282010e-01
2.948729163668151187e-02 3.248823379854260951e-01
3.071129840541375611e-02 3.207474358470754350e-01
3.110083383438022597e-02 3.194641641881540428e-01
3.301297052526097620e-02 3.133658972376884844e-01
3.427946475362508849e-02 3.095412055658739447e-01
3.573343299643527704e-02 3.051504625139083160e-01
3.814961489988744070e-02 2.978589774995722417e-01
4.642708199553824411e-02 2.745796440516543591e-01
4.793650390875725531e-02 2.703513482689866576e-01
4.985617310239776057e-02 2.649859479790875882e-01
5.239072972038838483e-02 2.582278962146710155e-01
5.322091612058377219e-02 2.561097367604691089e-01
5.422443925341546844e-02 2.536286100842474189e-01
5.523094205163381343e-02 2.513026461760550223e-01
5.715022701458771781e-02 2.469601155827174654e-01
5.981801938104769345e-02 2.412957122573478053e-01
6.136207889007383454e-02 2.381427977530458096e-01
6.180379820074832775e-02 2.372577158961688415e-01
6.383045567577561030e-02 2.332382519266726906e-01
6.681360445262018999e-02 2.279408671854644686e-01
6.761940551323331050e-02 2.265172662683242466e-01
6.930443552177600885e-02 2.236739182614878585e-01
7.082408210943957894e-02 2.211567887364818130e-01
7.432011547123329454e-02 2.153680794699327494e-01
7.573946495163830228e-02 2.130210357845664371e-01
7.991873436405505515e-02 2.064493272838092697e-01
8.256226378022180068e-02 2.025081475639756157e-01
8.326567820822872168e-02 2.014689835406364704e-01
8.437613901585516718e-02 1.998309152496988705e-01
8.558402930086173033e-02 1.980903884481358679e-01
8.940091195196042673e-02 1.926087621620308221e-01
9.120420149846109048e-02 1.904648695624479027e-01
9.770116208507872990e-02 1.827713737803255967e-01
1.034909656669302791e-01 1.761866511368266330e-01
1.108605621701886923e-01 1.681747559156361316e-01
1.135867032633304241e-01 1.652900753445057935e-01
1.157396650235034130e-01 1.630904437652822558e-01
1.256426915186502624e-01 1.530305360341326359e-01
1.333715586399006892e-01 1.453513503982942767e-01
1.364578274804852942e-01 1.423509135946671167e-01
1.383764073861802890e-01 1.405753953211138496e-01
1.406326865063393106e-01 1.384989343764152503e-01
1.440855424878803026e-01 1.353554516438199018e-01
1.458945193529813666e-01 1.337479049953169685e-01
1.475103281613805439e-01 1.323215446510513926e-01
1.493075389219580273e-01 1.307374490230587272e-01
1.523877886092508405e-01 1.280793300378800792e-01
1.548242039181285667e-01 1.261186407356115202e-01
1.569089960868211842e-01 1.244821840219876297e-01
1.613934638081953032e-01 1.210324815215167993e-01
1.640091004572423738e-01 1.190535429324004468e-01
1.720278489525888244e-01 1.130367470659111584e-01
1.736119154330620917e-01 1.118574146127735425e-01
1.746727797174397745e-01 1.111079477041351238e-01
1.790222719574613430e-01 1.082363762659857009e-01
1.800143505901047325e-01 1.076449229638928307e-01
1.829245302606903323e-01 1.059522373729719913e-01
1.858769431359255098e-01 1.042610240000364508e-01
1.921177185456590664e-01 1.007742800683902873e-01
1.966092251991712336e-01 9.828521423417901914e-02
2.079829733000266856e-01 9.236657735042075323e-02
2.146651293201821131e-01 8.901652789092395768e-02
2.162269765628828111e-01 8.825527123877940916e-02
2.376020552915801831e-01 7.790048571706198466e-02
2.462166565166548082e-01 7.373597331691750245e-02
2.533738410893027204e-01 7.049977651431882375e-02
2.579189475988932223e-01 6.848599060332416499e-02
2.618480223294734621e-01 6.688291189773576395e-02
2.647034000232414419e-01 6.572625483845151440e-02
2.739722583016236390e-01 6.214198227080780512e-02
2.960773266528037295e-01 5.384157154741442408e-02
3.098027829669350863e-01 4.870786275330163395e-02
3.117003657702792641e-01 4.799871856687476512e-02
3.229424798744663372e-01 4.380534222040732839e-02
3.254425230152276916e-01 4.289979687120160090e-02
3.278126310942330868e-01 4.206131148421521360e-02
3.303203434910423342e-01 4.121420115793350547e-02
3.390495344813821976e-01 3.834000482946708921e-02
3.452289557454584212e-01 3.630898721316733191e-02
3.507430780954715610e-01 3.451791797833769770e-02
3.551435042186391611e-01 3.311128811897101620e-02
3.566639199808195881e-01 3.262581331885927582e-02
3.613010296799734622e-01 3.124400067644483858e-02
3.661331530030266235e-01 2.982984906813412884e-02
3.743162117285433466e-01 2.745005940725964155e-02
3.825521421049518089e-01 2.506329945092122813e-02
3.862206690931700992e-01 2.410157400093582147e-02
3.930771024048221873e-01 2.231186595006984241e-02
3.948544007350567320e-01 2.187439840359695076e-02
3.959710064822641318e-01 2.160555398805608096e-02
3.988648452596021965e-01 2.095860755171752299e-02
4.158064177002315231e-01 1.735542057215377909e-02
4.210144263083747118e-01 1.624825488140912988e-02
4.223060700691094738e-01 1.597782056256846772e-02
4.239104694588334832e-01 1.564640335889067035e-02
4.357846613552182058e-01 1.353234951805926123e-02
4.389696991616438559e-01 1.300712023392114336e-02
4.396469147372566999e-01 1.291288457315353799e-02
4.444665389212401063e-01 1.226227310035332696e-02
4.485523548739400734e-01 1.172017024333715796e-02
