2.667497569864035745e-02 7.089345422234843985e-01
2.511110010248501778e-02 7.035335347335608391e-01
2.315708846879099836e-02 6.963813195875351303e-01
2.110943515103275159e-02 6.887522302321865686e-01
2.028563751014061944e-02 6.856324792944548108e-01
1.994219919439327304e-02 6.843232423324812075e-01
1.954528771840330359e-02 6.827602465055553349e-01
1.890116801719327055e-02 6.802180174200402885e-01
1.763693251907411108e-02 6.751508729114312768e-01
1.664829427126884864e-02 6.708917826223713687e-01
1.604947195803890780e-02 6.682814270877743823e-01
1.512115796709384563e-02 6.640251853048231290e-01
1.387560966816242525e-02 6.581990209921732005e-01
1.257639271270855064e-02 6.520813841832974189e-01
1.135875435519700938e-02 6.459541352909941025e-01
1.134004577951713832e-02 6.458491181898791123e-01
1.070527963511930247e-02 6.422570885009923902e-01
1.045918757373315300e-02 6.407375826075913938e-01
1.036276550499876103e-02 6.400770799167370129e-01
1.024474181667395234e-02 6.392429115338784662e-01
9.329548881723936926e-03 6.324482048506667731e-01
9.089932322207061599e-03 6.304613783445833786e-01
8.678407089741824176e-03 6.270387990145162016e-01
8.263318339814251789e-03 6.235781814216050378e-01
7.825791901630185787e-03 6.198045573154665755e-01
7.553353648413307919e-03 6.168749984345718307e-01
7.449538971578018032e-03 6.156017835866900434e-01
7.137755003563339695e-03 6.117669307821727021e-01
6.488864673626804080e-03 6.037850042241573734e-01
5.728609059092837352e-03 5.935314709253134424e-01
5.529551116250364107e-03 5.908414177469073492e-01
5.238329392029561493e-03 5.867168750035339775e-01
4.553506047656530331e-03 5.763038469191755775e-01
4.271100866139077024e-03 5.719345435134443045e-01
4.195620732164229150e-03 5.707357387980079855e-01
4.110837991407489955e-03 5.693889734871973030e-01
3.947345842051752651e-03 5.666874618946152742e-01
3.549636583998039274e-03 5.584799130733733019e-01
3.424277950152709860e-03 5.555883126431325758e-01
3.236513261612061765e-03 5.510107629887366354e-01
3.166559392465295719e-03 5.477286728332938504e-01
3.063069599010648236e-03 5.427702356022036101e-01
2.989800159668043467e-03 5.391699434309148442e-01
2.960336660139673004e-03 5.365993330555386409e-01
2.837552234793372374e-03 5.255600343799644580e-01
2.823023482509456894e-03 5.233502689885191073e-01
2.800718087667075640e-03 5.146099058058694053e-01
2.798316551417212583e-03 5.052144115674986891e-01
2.817223758488418550e-03 5.030752864705775318e-01
2.851775916290655299e-03 5.004462955927999612e-01
2.892772170476842764e-03 4.986557188063117652e-01
2.995724915114961195e-03 4.948922862766115260e-01
3.115336529877665850e-03 4.908124712137204027e-01
3.161148065587149336e-03 4.894947130541967839e-01
3.584116388891500637e-03 4.796043575323943875e-01
3.704841570516925753e-03 4.769822046860180409e-01
3.840252651293341035e-03 4.741278160177957446e-01
3.949188291189120736e-03 4.720210129394537546e-01
4.744890674832358268e-03 4.582655768870249613e-01
5.093659573896014425e-03 4.526017538632223225e-01
5.393949757827198876e-03 4.477824003830693789e-01
5.579323435952854293e-03 4.448948346455497971e-01
6.304000154769784370e-03 4.336597122617698030e-01
6.828015697611988788e-03 4.256506772952269868e-01
7.075434569903726878e-03 4.222601492748653262e-01
7.555068830511102451e-03 4.161301794454385083e-01
7.812207276562121994e-03 4.130929480262632847e-01
7.950465235164017042e-03 4.114794749803801777e-01
8.435800574052743084e-03 4.061653566120581038e-01
9.261314689859967419e-03 3.972372979293083972e-01
9.347082002443218851e-03 3.963440106982272226e-01
9.562945687358326285e-03 3.941207593232735062e-01
9.625255572366542278e-03 3.935507401735872657e-01
1.016669674512166166e-02 3.887949206018064263e-01
1.058154714877074243e-02 3.853766491357973889e-01
1.126822764894647166e-02 3.799353082717765728e-01
1.138783484922883948e-02 3.790171469895406986e-01
1.157629185398040272e-02 3.776041696139601500e-01
1.192541589273082847e-02 3.751585965357967511e-01
1.202951126417400873e-02 3.744411613248999071e-01
1.226143720633871004e-02 3.728788675922842799e-01
1.250321456633490813e-02 3.712620657922406364e-01
1.329813457653866715e-02 3.659818814041559953e-01
1.435768716409741019e-02 3.590266554044947434e-01
1.475486497534889141e-02 3.564413718351835403e-01
1.550321008150584712e-02 3.517008059291181210e-01
1.632779535317457897e-02 3.466987897587693324e-01
1.769575540334783481e-02 3.386843687699068184e-01
1.792532566451193743e-02 3.374220109815914137e-01
1.809741489756827582e-02 3.365135845904531076e-01
1.829453918666540391e-02 3.354860843221665334e-01
1.961261907589922915e-02 3.288211773352524014e-01
1.999160659529547468e-02 3.269989902816242688e-01
2.143481500370242321e-02 3.200634489272865535e-01
2.261231777497091366e-02 3.144079774344326061e-01
2.292521744097503200e-02 3.129141777526255330e-01
2.401284540263320944e-02 3.079689090505595139e-01
2.428915482797261438e-02 3.067209959452147361e-01
2.575436102458322774e-02 3.001235732399547551e-01
2.623284720413127102e-02 2.980975117061621660e-01
2.655929160259434818e-02 2.967186715334519942e-01
2.699846521253695952e-02 2.948869128129750772e-01
2.860233190836208861e-02 2.882382756044845618e-01
2.874915997048049787e-02 2.876876938433301500e-01
3.000494898366062868e-02 2.829916621941692689e-01
3.053794753521005267e-02 2.811250490573986571e-01
3.102250927807975733e-02 2.794536070934787730e-01
3.245336202192100616e-02 2.748310915274214672e-01
3.370072910435711888e-02 2.708700524316081104e-01
3.403518468788230278e-02 2.698847603246775639e-01
3.430371969065920679e-02 2.691016674388272412e-01
3.560782893275699079e-02 2.653096640092931224e-01
3.717933031509551567e-02 2.608060744099934825e-01
3.790279049733119576e-02 2.587372576076276687e-01
3.880212642711194926e-02 2.561781713268179717e-01
3.944857923020222978e-02 2.543912766671863057e-01
3.974575870340052441e-02 2.536339937741829420e-01
4.000005135126244449e-02 2.529917897535464144e-01
4.260426569333691793e-02 2.465721818860717729e-01
4.312887054619835014e-02 2.452927386246005481e-01
4.561972706577605008e-02 2.392610838745005131e-01
4.606187351644369654e-02 2.382072040283575998e-01
4.831833134257196294e-02 2.328907831521612737e-01
4.926480945941685841e-02 2.307530326301172607e-01
5.099029582671926741e-02 2.270266054905480946e-01
5.144600471516042051e-02 2.260559224021102542e-01
5.231124902397982224e-02 2.242347851741270937e-01
5.375651715813717368e-02 2.212246570097124998e-01
5.488602022461136487e-02 2.189294895073317093e-01
5.504069098917291347e-02 2.186157271021405002e-01
5.712690750204268975e-02 2.145107113847780633e-01
5.816781133597920261e-02 2.124647523008318384e-01
5.859090756845469761e-02 2.116386215303301954e-01
6.047898015198199806e-02 2.080294905637024572e-01
6.102835048482518898e-02 2.069823344619295957e-01
6.240372954485989831e-02 2.043743743430045390e-01
6.351611128467865575e-02 2.022858705870085316e-01
6.408270342108485229e-02 2.012373027770362199e-01
6.529922233421675548e-02 1.990669299748822896e-01
6.778309928839115761e-02 1.946892013768769525e-01
6.880561996347317466e-02 1.929033471738671457e-01
6.921046865470464882e-02 1.922231145222070836e-01
7.206661011311871201e-02 1.875315187067058131e-01
7.553897205037213292e-02 1.819510992704075347e-01
7.640770446480088518e-02 1.805812125743537777e-01
7.819390913422302747e-02 1.778218607458796896e-01
7.998297919101388098e-02 1.750848528697728224e-01
8.069116509920554181e-02 1.740174618696848086e-01
8.792114142365464735e-02 1.632408857132515712e-01
8.935381674248904504e-02 1.611098915698457867e-01
8.970427548184128907e-02 1.605960443088388923e-01
9.102692757437286231e-02 1.586867399417887237e-01
9.282918655308253220e-02 1.561506312052541867e-01
9.414777665041446086e-02 1.543138827098189392e-01
9.796307520232133692e-02 1.492444371904533273e-01
1.026071537646469634e-01 1.430976696371560886e-01
1.030147186987093177e-01 1.425662846670423534e-01
1.051103061954097861e-01 1.398440939839190600e-01
1.082105527931397915e-01 1.358292197504349375e-01
1.093655149223766165e-01 1.343901665571349824e-01
1.139222181901347608e-01 1.287636020491952360e-01
1.154730904220911403e-01 1.268998612311165175e-01
1.163473145214591331e-01 1.258615295543233925e-01
1.178486235461349563e-01 1.241373606814806241e-01
1.183089394318769805e-01 1.236160273062637538e-01
1.218870132528175332e-01 1.196028937045174878e-01
1.261971581615758953e-01 1.147863322658704277e-01
1.267695529647995811e-01 1.141939534091509501e-01
1.295257941778906186e-01 1.113757414934725132e-01
1.303167405882649788e-01 1.105690246686799050e-01
1.325533467359940043e-01 1.083122827569681368e-01
1.339597814631818262e-01 1.069446211380280509e-01
1.394775509196947705e-01 1.016310766546694166e-01
1.415692972981640874e-01 9.963610429490021847e-02
1.427600680139055611e-01 9.853642547132457352e-02
1.440251334576586051e-01 9.737156290324266994e-02
1.466973853833132835e-01 9.493392234730502199e-02
1.477227943588650949e-01 9.400844358143434221e-02
1.490872030707242613e-01 9.277920126577865467e-02
1.518714119696505382e-01 9.028652784451363100e-02
1.534329313638339021e-01 8.890544441511782914e-02
1.535311555757550850e-01 8.882190295508318734e-02
1.553949644252280993e-01 8.726794084607381041e-02
1.568802779973123562e-01 8.604003872891841098e-02
1.607302383150020497e-01 8.289059454554725814e-02
1.618324650382712560e-01 8.199150798032872611e-02
1.660254298315829158e-01 7.857430819646482600e-02
1.672959510386104465e-01 7.755093944570057296e-02
1.686699439494895869e-01 7.649649479120257389e-02
1.692516752868313268e-01 7.605134596022888882e-02
1.732387569325776755e-01 7.302815961184383475e-02
1.788189189212411878e-01 6.893614252256219377e-02
1.798231770232388560e-01 6.821277786822754763e-02
1.866417963708565941e-01 6.341054978558025024e-02
1.877124674203763388e-01 6.265816177995864322e-02
1.914533132646592528e-01 6.009247314764332160e-02
1.920003272431451413e-01 5.972297669114201568e-02
1.930103490376692821e-01 5.906517673353073317e-02
1.950443163662126111e-01 5.775668989614823889e-02
1.956698436553840348e-01 5.737316443262896470e-02
1.966371053103081468e-01 5.678306806737787316e-02
1.990435417532462892e-01 5.534282383700794838e-02
2.010855398120954818e-01 5.412178301249626067e-02
2.028679789868986227e-01 5.314675506738508748e-02
2.041689822025236078e-01 5.243617602939676381e-02
2.066677059331802346e-01 5.107308027619072988e-02
2.103959635320930555e-01 4.909983201498469008e-02
2.113235484875720105e-01 4.861665491660094318e-02
2.125503330953259495e-01 4.798046018184243255e-02
2.156395808692058158e-01 4.640591393328785674e-02
2.204434994850858476e-01 4.398442204674979372e-02
2.210550227277273128e-01 4.368168187507137645e-02
2.223751330656768554e-01 4.305473054477326755e-02
2.238198165013119412e-01 4.237447923162229735e-02
2.249945764911672197e-01 4.184202097216327410e-02
2.281786593008052200e-01 4.042307184639593043e-02
2.312037354564277503e-01 3.914685615396018559e-02
2.317901014396282489e-01 3.890464998600329238e-02
2.320306002620708408e-01 3.880658884259657881e-02
2.337098628549218460e-01 3.814047455700075862e-02
2.351097866961278648e-01 3.759605163052992527e-02
2.356714685721668645e-01 3.738248156185941529e-02
2.383661385053624238e-01 3.635966533167245274e-02
2.401627588079752740e-01 3.570056735128890324e-02
2.450331989254181386e-01 3.394426983077547533e-02
2.483309478116146329e-01 3.275895141080564787e-02
2.497051735027965846e-01 3.229432521173214443e-02
2.538423666479479590e-01 3.093253058853440152e-02
2.586286864805988350e-01 2.938212022784292277e-02
2.639313503264253957e-01 2.770702830536220240e-02
2.661652040964538890e-01 2.700425970820430344e-02
2.678170173149153066e-01 2.648667777058033579e-02
2.687711311403821468e-01 2.620478794361902342e-02
2.730594001102581436e-01 2.496276621486903657e-02
2.762755281386442552e-01 2.404194223783695517e-02
2.818272156246453553e-01 2.249300537340059858e-02
2.820833331054902193e-01 2.242477860684888302e-02
2.842827359197322434e-01 2.184417247437298037e-02
2.856190689830065410e-01 2.149923342567572337e-02
2.861957670664820319e-01 2.135163206276424752e-02
2.894549015796236691e-01 2.052648126788003680e-02
2.945504575484343968e-01 1.923883232805823074e-02
2.958117232428270627e-01 1.898501781671169120e-02
2.975991919646791550e-01 1.862708276862878876e-02
3.078089733038226750e-01 1.658439576897774437e-02
3.080336481063657428e-01 1.654041971164832425e-02
3.126931861800190116e-01 1.563853046371410649e-02
3.138071340543762688e-01 1.542537197093152290e-02
3.165854634261173195e-01 1.489964633890528134e-02
3.185985597619937493e-01 1.452970575273504483e-02
3.211484332717787216e-01 1.406443358981701586e-02
3.253784658498429239e-01 1.330633542463455221e-02
3.332669573902170002e-01 1.198228819228963626e-02
3.364217647515511112e-01 1.146586108031644180e-02
3.401441427019497588e-01 1.091126705073175440e-02
3.421335143046704830e-01 1.062649469803689239e-02
3.442615531105995275e-01 1.033386559033866448e-02
3.500336194114001542e-01 9.549676831961839696e-03
3.555284143134790908e-01 8.809841019281172692e-03
3.556800670920935992e-01 8.789630576436557874e-03
3.580943168188321368e-01 8.495624157935366405e-03
3.610830273396358758e-01 8.136757111811387944e-03
3.646470437053238034e-01 7.714849600138906638e-03
3.654379562619023969e-01 7.622746396180213324e-03
3.679066938367603901e-01 7.341911611668638926e-03
3.751881107852241271e-01 6.563701887558059944e-03
3.778050863602698262e-01 6.310787008324547642e-03
3.824438765799967332e-01 5.870907821330595411e-03
3.836135089267112552e-01 5.763316798666040519e-03
3.926209663253736326e-01 5.001369771301056311e-03
3.953144073416948179e-01 4.782591691284920898e-03
4.079599669708812715e-01 3.783905232518924855e-03
4.094681543732819340e-01 3.673007158235819247e-03
4.125468728010840969e-01 3.452519561431333095e-03
4.161565406059385963e-01 3.206967450017250698e-03
4.171799614171610160e-01 3.138749468222012950e-03
4.226011968331411794e-01 2.838505373724764524e-03
4.257496776915787318e-01 2.681215082037780029e-03
4.298845242013896173e-01 2.476679381251400969e-03
4.303187205336874155e-01 2.457398073103300717e-03
4.321211525658374408e-01 2.379241579730129175e-03
4.353132803365519776e-01 2.243207457735874044e-03
4.365286402597728377e-01 2.195174387357279322e-03
4.395942135077751112e-01 2.078986130195081827e-03
4.434227865566485183e-01 1.937369859033810648e-03
4.467190093292230935e-01 1.824946355307721646e-03
4.534112090661994166e-01 1.614594548637549032e-03
4.545236064036562440e-01 1.582304707724024873e-03
4.563498322129515006e-01 1.550864665324391822e-03
4.623791734746501292e-01 1.449934936423535881e-03
4.655683178767419661e-01 1.415404603849368392e-03
4.657224334528259901e-01 1.413823558904403477e-03
4.707109467129061975e-01 1.375817193252526494e-03
4.736675572487364927e-01 1.376924662481515682e-03
4.815289821293624040e-01 1.391501849078213837e-03
4.871846444972592338e-01 1.451062963658822369e-03
4.893271394089455106e-01 1.482755530011203859e-03
4.913323926762282468e-01 1.513358933992070554e-03
4.931614742788852923e-01 1.575620484614459471e-03
4.968324052948295821e-01 1.719788302529501323e-03
4.981989016869639575e-01 1.785054982243239330e-03
5.041898923460297333e-01 2.169250270855682672e-03
5.073031443508551064e-01 2.401245819688480054e-03
5.097076490037377727e-01 2.587188388753935975e-03
5.132906817010882694e-01 2.900209960394528608e-03
5.152625346221122449e-01 3.076900767314039165e-03
5.217786385029206109e-01 3.661780239871403886e-03
5.228995783382468510e-01 3.765508207618672998e-03
5.267820580410125242e-01 4.125708890992729749e-03
5.311420786615639322e-01 4.549971601819913225e-03
5.377712358780681878e-01 5.202292036866840164e-03
5.416280084582538734e-01 5.585279943523424606e-03
5.455578590704821540e-01 5.986358196685581667e-03
5.483236036836980354e-01 6.268666829881808233e-03
5.557867542410384054e-01 7.032914473980467207e-03
5.579456228768091552e-01 7.272284834820896826e-03
5.659358023078031596e-01 8.159812952783229711e-03
5.736063912843210044e-01 9.021182763999435750e-03
5.777900279426055885e-01 9.497564507602307415e-03
5.811727909768014122e-01 9.886778142697005833e-03
5.841139890854505357e-01 1.026161083567089793e-02
5.855085355340747810e-01 1.044560323399601476e-02
5.875121506920939485e-01 1.071374645668410341e-02
5.908355688706774522e-01 1.116041191903094365e-02
5.940943845481891916e-01 1.162493028357991509e-02
5.955724312988754932e-01 1.184082659907603752e-02
5.985764294456490386e-01 1.231630275755479786e-02
6.012630154975910912e-01 1.274592342693059432e-02
6.028306768761906298e-01 1.300295219127634017e-02
6.055875059447897168e-01 1.347723523213884000e-02
6.062193372061936980e-01 1.359105108871161427e-02
6.141047087941120530e-01 1.509074028129486766e-02
6.178698240629254546e-01 1.583747920167355439e-02
6.216935509891772238e-01 1.659835514217167241e-02
6.235257527563209390e-01 1.696331999927391809e-02
6.269881236702916638e-01 1.765439038700389318e-02
6.273399516793316533e-01 1.772551911237951749e-02
6.290946771772523149e-01 1.808062420960909744e-02
6.314412725974714036e-01 1.855620490984277726e-02
6.332490458131547761e-01 1.893914912137817375e-02
6.388304104759361390e-01 2.021027706417044545e-02
6.450696919119949246e-01 2.167756284550315105e-02
6.509606656778905709e-01 2.310467338070720800e-02
6.511355840013606233e-01 2.314705588112964119e-02
6.533792120641785939e-01 2.369260341694201522e-02
6.663026348202574223e-01 2.692110635420452702e-02
6.669549004647650214e-01 2.709093599372680572e-02
6.681151162179561620e-01 2.739758601996145071e-02
6.687385652106025979e-01 2.756348378614303929e-02
6.699209674945127979e-01 2.787840827214305151e-02
6.749823288318346215e-01 2.928030059195863011e-02
6.784379909971391953e-01 3.024850075875018529e-02
6.865177112768947598e-01 3.269836085535238190e-02
6.866668008522738287e-01 3.274375148757258103e-02
6.885603527945876046e-01 3.332651034716138660e-02
6.901385721249833072e-01 3.382315149625092499e-02
6.930239505007640410e-01 3.474666010720317555e-02
6.946031001841668218e-01 3.525317297713548292e-02
6.976223963762986369e-01 3.626157268874674600e-02
6.991907162360635475e-01 3.678716422062444646e-02
7.016092877447559495e-01 3.760268400427146940e-02
7.060623291845158356e-01 3.912335467172745052e-02
7.077366180573481103e-01 3.970440739888547732e-02
7.088166758707945547e-01 4.008690093908162666e-02
7.093542888446313643e-01 4.027800585714402803e-02
7.159171442566740762e-01 4.265180481886543529e-02
7.160060348043935097e-01 4.268435769923129008e-02
7.193112012303517488e-01 4.391217000882363664e-02
7.203132001564611642e-01 4.429392780916219241e-02
7.221406278428861292e-01 4.499084730370817020e-02
7.268435843614109437e-01 4.682139002812180095e-02
7.299014218875155002e-01 4.801555598431406224e-02
7.350336408839881486e-01 5.004950244195494058e-02
7.378352545098505466e-01 5.117668731114921599e-02
7.488084319060810401e-01 5.578589698055047563e-02
7.513495075304010840e-01 5.686969110484896284e-02
7.517423504732241302e-01 5.703927209767911677e-02
7.539027093396757362e-01 5.797193925795829372e-02
7.583179433375337730e-01 5.996246855493925221e-02
7.593758427792041132e-01 6.044830188941596738e-02
7.629283979424379414e-01 6.223858586376140867e-02
7.656080732782486464e-01 6.359706797724973271e-02
7.689396908589438695e-01 6.529091504185646766e-02
7.697897097934400801e-01 6.572485336447997373e-02
7.706313757154057420e-01 6.616274490224272053e-02
7.707377097025824852e-01 6.621837724182044749e-02
7.721589329907607713e-01 6.697056539729306923e-02
7.768634114189034712e-01 6.954773697711247316e-02
7.824720899392221263e-01 7.262973530231686681e-02
7.849637735813963513e-01 7.405172445884633525e-02
7.865133368665602198e-01 7.494165203841041123e-02
7.885544923944516338e-01 7.613364399164845864e-02
7.899658491675007888e-01 7.696181098553489530e-02
7.913972669573390295e-01 7.783066004192262799e-02
7.926446635872901325e-01 7.861292905623185057e-02
7.969370615165676242e-01 8.136532407782348653e-02
7.994765114402557771e-01 8.301898426608400605e-02
8.010581007902359829e-01 8.405469189290770693e-02
8.083828415467109174e-01 8.891578027034152676e-02
8.099802785251200010e-01 8.997879044182000019e-02
8.119017591075592399e-01 9.127188483983506018e-02
8.132685468823659392e-01 9.220034300780033387e-02
8.141444144310949760e-01 9.280015198152036238e-02
8.142350411215482087e-01 9.286481659672429778e-02
8.157668837625773328e-01 9.395823871444830555e-02
8.168848167801137095e-01 9.475908551475842323e-02
8.183811535032428086e-01 9.583176708843166303e-02
8.218156607797457713e-01 9.836528827507218242e-02
8.228945113888859186e-01 9.917919199540370379e-02
8.267467843512672498e-01 1.021323362815662605e-01
8.334678868427385368e-01 1.073686907674960000e-01
8.355347013769480746e-01 1.089884049793644616e-01
8.396405137703535360e-01 1.122261632016507971e-01
8.405224914451336904e-01 1.129268594503005652e-01
8.436919241592262253e-01 1.154465510287359109e-01
8.455502263596714752e-01 1.169378779007956837e-01
8.476437528046381065e-01 1.186235127661390276e-01
8.491335584884998067e-01 1.198340852125709954e-01
8.507538960646614523e-01 1.211617058025900029e-01
8.532744057894903200e-01 1.233224207827550156e-01
8.543920993484750426e-01 1.242860573178821149e-01
8.563477660703715522e-01 1.259729713869617296e-01
8.578863415342377063e-01 1.273033841596412641e-01
8.598159283258905994e-01 1.290754983752023799e-01
8.601007527754680471e-01 1.293403041963246958e-01
8.622884214525781132e-01 1.313760755696126159e-01
8.656054982191618841e-01 1.345801862153469530e-01
8.660774965336213160e-01 1.350420224078817677e-01
8.694525135887594125e-01 1.383839141163873965e-01
8.717805421778734853e-01 1.407525889242809969e-01
8.730475830427741890e-01 1.420613303569985275e-01
8.792235935950598602e-01 1.485509193136733685e-01
8.811767670659622631e-01 1.506048345846029424e-01
8.821503718589767118e-01 1.516305153268361350e-01
8.828909896799554957e-01 1.524186739874240359e-01
8.846910047568534718e-01 1.543415141201717189e-01
8.862483932196769665e-01 1.560429647996082192e-01
8.879567498437654915e-01 1.579114168807869145e-01
8.888438358928698602e-01 1.588912810346435611e-01
8.894406438697584072e-01 1.595823047801143701e-01
8.919826928812546463e-01 1.625685629110761310e-01
8.977339481911488228e-01 1.694121811588032989e-01
8.982514076794865243e-01 1.700357710042946779e-01
8.989629413600814800e-01 1.708942892237615974e-01
9.013733310229274931e-01 1.738669865537708636e-01
9.030620993829105991e-01 1.759986080771330785e-01
9.049780436515117987e-01 1.784623213311823386e-01
9.090569342203294045e-01 1.837685157177554318e-01
9.107611004765587825e-01 1.860227372953666691e-01
9.116065314108143802e-01 1.871578403620480779e-01
9.146413944521283312e-01 1.913369892489811264e-01
9.157019304561637707e-01 1.928986345125583979e-01
9.165081917358541830e-01 1.941165718629217496e-01
9.177135812437715590e-01 1.959450332799936856e-01
9.187401059629225486e-01 1.975110944619209441e-01
9.208336746283036778e-01 2.007614036510133593e-01
9.230042400258968716e-01 2.042112799037839599e-01
9.242778785532179686e-01 2.062555752513143270e-01
9.251757250452403714e-01 2.077086178572375985e-01
9.256273670200374504e-01 2.084436423275133343e-01
9.267336771276986074e-01 2.103222937714264162e-01
9.288267311205842258e-01 2.138996262618585442e-01
9.304363520144058874e-01 2.166608881231012473e-01
9.308152273866274751e-01 2.173310220510216162e-01
9.318822391112246972e-01 2.192372190477079874e-01
9.338242586376896970e-01 2.227472233253791067e-01
9.342114676275379281e-01 2.234535903835261905e-01
9.349813202701795500e-01 2.248715863648086399e-01
9.363232094854232468e-01 2.273880375114928354e-01
9.371107537593728054e-01 2.288744537900447851e-01
9.381278938053900784e-01 2.308129053877360226e-01
9.387010266532487268e-01 2.319256178769906196e-01
9.403377269583244047e-01 2.351870806687965665e-01
9.411279894108044441e-01 2.368320106562883387e-01
9.425853875147971461e-01 2.399945820864013424e-01
9.452586050013258578e-01 2.459207435418916399e-01
9.455581751811661384e-01 2.465889646270571500e-01
9.463561219359071242e-01 2.483785655173293971e-01
9.485881334544412624e-01 2.534139359743644571e-01
9.489215505676817930e-01 2.541827011714326012e-01
9.506321806492188387e-01 2.584594479140831513e-01
9.509444629950574157e-01 2.592444871599564049e-01
9.509647382874937271e-01 2.592959770738747505e-01
9.542776247364741504e-01 2.680074865441419707e-01
9.557748719031571305e-01 2.720076034085247008e-01
9.571919825367911638e-01 2.758758305065912575e-01
9.586793190486639915e-01 2.799566188507459641e-01
9.601308851121297394e-01 2.840050658848763954e-01
9.622624947697793196e-01 2.899665801488982009e-01
9.648790711543511200e-01 2.973962044505064073e-01
9.648851618182872070e-01 2.974136646248074500e-01
9.655791424711499538e-01 2.994324246474370232e-01
9.662630893979657909e-01 3.014896469093634179e-01
9.665994971080542619e-01 3.025549990773135356e-01
9.667791252519963852e-01 3.031430404818755697e-01
9.672687091677907301e-01 3.047464626934084375e-01
9.677367041283984062e-01 3.062905847012603600e-01
9.684146447585335604e-01 3.085337430346931642e-01
9.689259732788093604e-01 3.102686827103610101e-01
9.708359945988980222e-01 3.167718081087697035e-01
9.710657964845816892e-01 3.175568931061300004e-01
9.718145899200196780e-01 3.201154243958854728e-01
9.726188779079072422e-01 3.228795550403872339e-01
9.735766948533020049e-01 3.263662524673943688e-01
9.743522144911482830e-01 3.292922422288641071e-01
9.750602585520724563e-01 3.319718937094729982e-01
9.765246141816001924e-01 3.375323030714960648e-01
9.774402511503919033e-01 3.410690864877352624e-01
9.780685435145100026e-01 3.434961730975391037e-01
9.789231430135978407e-01 3.468362405061742315e-01
9.794048594181608003e-01 3.488230840502682950e-01
9.800198326939129068e-01 3.513858042175600493e-01
9.804604385999642346e-01 3.532837319196975301e-01
9.814959106395424460e-01 3.577840814390209623e-01
9.817953335020335182e-01 3.591133339161823868e-01
9.837706381773565489e-01 3.681909970454795289e-01
9.843116306638222124e-01 3.707552282556818568e-01
9.845327873798590534e-01 3.718460763609526820e-01
9.851511249037430140e-01 3.749286731455006016e-01
9.860528344635470788e-01 3.795084944914836056e-01
9.868356243768816594e-01 3.835949515847583147e-01
9.870110334865345170e-01 3.845198152917097545e-01
9.874198320750564584e-01 3.867813115616562936e-01
9.875995922312839070e-01 3.877998293330739976e-01
9.876391201263670094e-01 3.880330817528936382e-01
9.891533619923758014e-01 3.971096833158787032e-01
9.894750603210940021e-01 3.990944588810578786e-01
9.897632740561170817e-01 4.009813433480525768e-01
9.899509302845252989e-01 4.022542546491448823e-01
9.906865266413886761e-01 4.072991309569302665e-01
9.911303309138979056e-01 4.104562820690925706e-01
9.913167401384015420e-01 4.117841925110059531e-01
9.915573303022116036e-01 4.135670109719058463e-01
9.917315460822937467e-01 4.148969471398477049e-01
9.918609018320563298e-01 4.159028286005191921e-01
9.921125448048011553e-01 4.178971578889574268e-01
9.926542560024163020e-01 4.222046334903368781e-01
9.928035178261114257e-01 4.234867248139699836e-01
9.931316063337867206e-01 4.263136871483993451e-01
9.931518125169214173e-01 4.265219485356648299e-01
9.933289139259080525e-01 4.283577145212859039e-01
9.935048206074734711e-01 4.303763040038502963e-01
9.937717344772032391e-01 4.336105807698698023e-01
9.941917328611682425e-01 4.387541469249910397e-01
9.947467908911995504e-01 4.458357636741085983e-01
9.948053575414426142e-01 4.466699781209740872e-01
9.951456922371837432e-01 4.519691302851307491e-01
9.954426490215610990e-01 4.566521443675560787e-01
9.955912436498222107e-01 4.592041439779156464e-01
9.958847429683732599e-01 4.653056071632151180e-01
9.959158177866380690e-01 4.659670017039655443e-01
9.962081453515001517e-01 4.723536108504148290e-01
9.962342334182310299e-01 4.729856746716061267e-01
9.962983709247839048e-01 4.745501250295504070e-01
9.964129329786071132e-01 4.773984991063366934e-01
9.965645027280554125e-01 4.815802206015051823e-01
9.967421141129362283e-01 4.865687311806451421e-01
9.967878628303845634e-01 4.880751452002146662e-01
9.968503316926200508e-01 4.907072993124218518e-01
9.970193988949400676e-01 4.985603453694750220e-01
9.970689816246538495e-01 5.018446697544546309e-01
9.971339127601623886e-01 5.063226664203791527e-01
9.971469446682614812e-01 5.073357075718619713e-01
9.972016834485828429e-01 5.192194505314431385e-01
9.971904319529625305e-01 5.224359901957320584e-01
9.971650465293158128e-01 5.252340623829575561e-01
9.971546044930739150e-01 5.259305005070471495e-01
9.971148918674350714e-01 5.275149646004098081e-01
9.969888000227691283e-01 5.322524685288447799e-01
9.969546478114776900e-01 5.335143960752894987e-01
9.968317202943013378e-01 5.380152107211966239e-01
9.967618763330654552e-01 5.403831607004662141e-01
9.966767628476569385e-01 5.428431824325133936e-01
9.965285807455395162e-01 5.460531487542743534e-01
9.961169275252041988e-01 5.522248822776106847e-01
9.959414042777496867e-01 5.548317499664282559e-01
9.955584632362770581e-01 5.598152272069337743e-01
9.953876516082105219e-01 5.620033307633489628e-01
9.950471866629719830e-01 5.663037531651463619e-01
9.947318669181850481e-01 5.701777212569749675e-01
9.946825802169190212e-01 5.707376115751136014e-01
9.942607773978229257e-01 5.749789598607003560e-01
9.940472644706563887e-01 5.771009741234818247e-01
9.934216917076741371e-01 5.833079926474600274e-01
9.927758404141160398e-01 5.896620052922326716e-01
9.923355569473679694e-01 5.933855108727666972e-01
9.922181784688048900e-01 5.942991338391359069e-01
9.917838403319518825e-01 5.975586419791353299e-01
9.911819767494423061e-01 6.018140872314911016e-01
9.908030095458799646e-01 6.044260706571265018e-01
9.906364326030088208e-01 6.055686639677971828e-01
9.899211082969587849e-01 6.101913321171179572e-01
9.899078435909940410e-01 6.102724796677312380e-01
9.896263874248087955e-01 6.119588361032461954e-01
9.885321599437604245e-01 6.182663257077076757e-01
9.882117083025285798e-01 6.201104653669889943e-01
9.878266900359224945e-01 6.223237019111141910e-01
9.875274145112173940e-01 6.240177893033410639e-01
9.863297863645728025e-01 6.307395641558798394e-01
9.858282777516238493e-01 6.335425911112343433e-01
9.842760195187552075e-01 6.417868213248892895e-01
9.841440943325918678e-01 6.424760640913096399e-01
9.830532486433556372e-01 6.480172391754451811e-01
9.820997541567115796e-01 6.528388602406244301e-01
9.816368421010670531e-01 6.551213925483090339e-01
9.815540218508957970e-01 6.555294341264539248e-01
9.802578724672308397e-01 6.618220521894632169e-01
9.796020252513393256e-01 6.649815537101325669e-01
9.793527349700636986e-01 6.661380867890825952e-01
9.785936722589239078e-01 6.694561873059949875e-01
9.780082553911340071e-01 6.720112566101639207e-01
9.764368447746709645e-01 6.788436098763073190e-01
9.760501815582005580e-01 6.805178026320943818e-01
9.755220307552641135e-01 6.826638893775455186e-01
9.750995368582087153e-01 6.842775875506394989e-01
9.747938547765298001e-01 6.853880661791207363e-01
9.735528902944221574e-01 6.898022192023548493e-01
9.721711889531032824e-01 6.945511919113667165e-01
9.712684596331360165e-01 6.976372288727270554e-01
9.702047952790946450e-01 7.012444866758147377e-01
9.698535521099913570e-01 7.024299550842870721e-01
9.692366261659679516e-01 7.044053354390249488e-01
9.687108247394320415e-01 7.060658408389675067e-01
9.671480764916471351e-01 7.108652319145337684e-01
9.656437064997589470e-01 7.153879846703740109e-01
9.639032024426859024e-01 7.205682762518705875e-01
9.631488982884450767e-01 7.228000596149601886e-01
9.625109207793871580e-01 7.246871953906609543e-01
9.619510985306551909e-01 7.263245593301769221e-01
9.610549886287698129e-01 7.287983965197939451e-01
9.595671745184202184e-01 7.328788352856917543e-01
9.588782768112573685e-01 7.347457438592155388e-01
9.569984508489621788e-01 7.398145468004823089e-01
9.556013795283309076e-01 7.434532073213652170e-01
9.550391030998215403e-01 7.449084024313292751e-01
9.540406320134853235e-01 7.474799414181325652e-01
9.529130071952429670e-01 7.502767356277986188e-01
9.525870398789870741e-01 7.510842904626741090e-01
9.510572164552983931e-01 7.548335581440327458e-01
9.483148516814801088e-01 7.612946310421792040e-01
9.481322423314428871e-01 7.617198706763199656e-01
9.465729398398536887e-01 7.652680035806183056e-01
9.458569875158788776e-01 7.668937987567374659e-01
9.454263301678429432e-01 7.678675709460808241e-01
9.440354004173208136e-01 7.710041919530411514e-01
9.437426109447175637e-01 7.716266268456698496e-01
9.432883023437965697e-01 7.725751195909166258e-01
9.423471105690857108e-01 7.744943621148840940e-01
9.399829228881777521e-01 7.792816858858486739e-01
9.386743184648420613e-01 7.819032846618790833e-01
9.383845158148478305e-01 7.824780042102016386e-01
9.380584579710473658e-01 7.831150333181063905e-01
9.378070505531457268e-01 7.836040107251495135e-01
9.371084246510317239e-01 7.849562602739993400e-01
9.364689549998312934e-01 7.861793397064472666e-01
9.347850415926397538e-01 7.893526056773750854e-01
9.331093403561838695e-01 7.924954811211887273e-01
9.327034058205194711e-01 7.932433718623936869e-01
9.324975502107668568e-01 7.936194625782736489e-01
9.323835977685979159e-01 7.938274305334337422e-01
9.318015724570287706e-01 7.948572205647710387e-01
9.311921225400077162e-01 7.958522728163847093e-01
9.287540435908014924e-01 7.997986739081603957e-01
9.287183314413811619e-01 7.998561608692243974e-01
9.285904670384095283e-01 8.000592952162515203e-01
9.276447655099755440e-01 8.015497407698005672e-01
9.269000132714935170e-01 8.026622947797277252e-01
9.247123289680989622e-01 8.058977796489352752e-01
9.222537175547620425e-01 8.095297502851287463e-01
9.196150607371287311e-01 8.133760303301651451e-01
9.167071326580114032e-01 8.175844284056020816e-01
9.162758751066124585e-01 8.181921437842177847e-01
9.124859875371194029e-01 8.234832479677308692e-01
9.082397998670943551e-01 8.291206112654354587e-01
9.060718277223460682e-01 8.317673453380051152e-01
9.051515202884095057e-01 8.328680216205912590e-01
9.019575569365136936e-01 8.366764643078136165e-01
8.993528307215434836e-01 8.397678321773681676e-01
8.988021881301746507e-01 8.404198863626869409e-01
8.970428502631040413e-01 8.424179239731827140e-01
8.960530452239925392e-01 8.435393486982323275e-01
8.942955625265347486e-01 8.455071664365000350e-01
8.937536667151897429e-01 8.461083298209219894e-01
8.911411173455661139e-01 8.490018659027218639e-01
8.902558150123691671e-01 8.499803011793308771e-01
8.863449986854787799e-01 8.541297005171277767e-01
8.853245135491882856e-01 8.551930214785185003e-01
8.834701352096072657e-01 8.570729123729506904e-01
8.824841224674897511e-01 8.580693839015480773e-01
8.802837418004105796e-01 8.602827134370342188e-01
8.763294765411817622e-01 8.641814430559383586e-01
8.735207731712875123e-01 8.669146286182138894e-01
8.707903030264518840e-01 8.695369733372300125e-01
8.693704855522861319e-01 8.708946167367801472e-01
8.687573539555868418e-01 8.714670196460635454e-01
8.674498790313551755e-01 8.726378407793823344e-01
8.668942100204661827e-01 8.731347837633145481e-01
8.655711567833297426e-01 8.742965867240931610e-01
8.616104039059018227e-01 8.777058396337371615e-01
8.608782704681181563e-01 8.783348482235213694e-01
8.592285350370163499e-01 8.797348822860336925e-01
8.579838584327901252e-01 8.807634092609468723e-01
8.552134375277389289e-01 8.830423734233567856e-01
8.550647903534700500e-01 8.831634083169743743e-01
8.525059318967269650e-01 8.851581750810746385e-01
8.514655084852986722e-01 8.859451517108848373e-01
8.483152586274143037e-01 8.882644980733619411e-01
8.468558869538207468e-01 8.893307281469107206e-01
8.425738324110036981e-01 8.924467082841358589e-01
8.420211536480681769e-01 8.928486254588103854e-01
8.409075828671388475e-01 8.936558625934419853e-01
8.404581555877868038e-01 8.939816201666701545e-01
8.403306916586643638e-01 8.940738448345622036e-01
8.388372699845059177e-01 8.951502830651296705e-01
8.357602124535910004e-01 8.973661210193512039e-01
8.267701509218603473e-01 9.037809668218016457e-01
8.255543374441731697e-01 9.046433339338552093e-01
8.236625891617526118e-01 9.059535085765550999e-01
8.176870151979880319e-01 9.099734992664101352e-01
8.167488700803657853e-01 9.106037481619643215e-01
8.126133371074095724e-01 9.133598112897857169e-01
8.114726425484690697e-01 9.141018239857612304e-01
8.106556459689391314e-01 9.146243702164349454e-01
8.093160211186212205e-01 9.154663013038587538e-01
8.064499471666271013e-01 9.172489711112156163e-01
8.049731185678541401e-01 9.181605660059801721e-01
8.034218978952176737e-01 9.191141098128688958e-01
8.026230619670793320e-01 9.196022469445632730e-01
7.983287228512003786e-01 9.222085858565022276e-01
7.920524228320784399e-01 9.259365079627832618e-01
7.837381415812252339e-01 9.307661009801029284e-01
7.811975027980593289e-01 9.322013253711702863e-01
7.799516123243452892e-01 9.328964869765937751e-01
7.778156262291748835e-01 9.340659848463644943e-01
7.736813453102318050e-01 9.363178627962907008e-01
7.724127338834569922e-01 9.370071897521421445e-01
7.695438816918453995e-01 9.385571233983172057e-01
7.674734375883844884e-01 9.396612494811036331e-01
7.645365242455410826e-01 9.412171632118360165e-01
7.614419883113117127e-01 9.428545970174728730e-01
7.576491380097842843e-01 9.448024684521947325e-01
7.535217157507085872e-01 9.468948123134931505e-01
7.495819989085859003e-01 9.488784949930004764e-01
7.491891399070023105e-01 9.490699721410088552e-01
7.480335062547684988e-01 9.496116606753153278e-01
7.425619470514526199e-01 9.521457733719709271e-01
7.421925235541855237e-01 9.523143387370961443e-01
7.387344068583010515e-01 9.538744928733556838e-01
7.377549058692582928e-01 9.543128757211041258e-01
7.346671538706099902e-01 9.556559083450539838e-01
7.325526840810465679e-01 9.565631863171494276e-01
7.283044776106575302e-01 9.583821333087919614e-01
7.222513146207054646e-01 9.609703143824543936e-01
7.205278186750165847e-01 9.616959283549252335e-01
7.170626636997394776e-01 9.630775269974032327e-01
7.151674937267138432e-01 9.638307721360832581e-01
7.113838131464300663e-01 9.652959551525210902e-01
7.099182974713160732e-01 9.658459192347131905e-01
7.094829434997980133e-01 9.660067109340352287e-01
7.078485371813738602e-01 9.666101928235721896e-01
7.055743944794226064e-01 9.674472115057357602e-01
7.041813537097219022e-01 9.679414449146988009e-01
7.022836756850068252e-01 9.685705342744775903e-01
7.003789190600997472e-01 9.691954382775070931e-01
6.976386971664572112e-01 9.700498064140630206e-01
6.930333660883192248e-01 9.714837386886352455e-01
6.859847517969386299e-01 9.736470196307210889e-01
6.853968362187981000e-01 9.738254837861256563e-01
6.819673198894751209e-01 9.748493271910053659e-01
6.792226377131298509e-01 9.756548063090703105e-01
6.745852475747999843e-01 9.769955629456513746e-01
6.731153552467588064e-01 9.774125508349060798e-01
6.720155690569269424e-01 9.777208288243802725e-01
6.707729175645378294e-01 9.780603325669173786e-01
6.692809149366454324e-01 9.784621572291407610e-01
6.637472423346466588e-01 9.799437321893960107e-01
6.614423980038126594e-01 9.805549141077123387e-01
6.530032530764773302e-01 9.827059241304971771e-01
6.500869233136987724e-01 9.834191415151468663e-01
6.483495473835625411e-01 9.838392648246263583e-01
6.440124572917209633e-01 9.848770522920898829e-01
6.397411848850165228e-01 9.858842442712686394e-01
6.386785098785570103e-01 9.861261199675318556e-01
6.360907078788820002e-01 9.867086893664814840e-01
6.356699440623614361e-01 9.868002024291686602e-01
6.351843205796863234e-01 9.869035694924948032e-01
6.305454642700689671e-01 9.878145880610281759e-01
6.294038408185895772e-01 9.880177691767330073e-01
6.245645504266799097e-01 9.888413969082937571e-01
6.209520168356288394e-01 9.894490559830366738e-01
6.185885937516382160e-01 9.898360046363152698e-01
6.166397335738924568e-01 9.901487413284982830e-01
6.135274483820698510e-01 9.906432178129135346e-01
6.117705991795359122e-01 9.909218162328096158e-01
6.112628958126842260e-01 9.910013285831567043e-01
6.078498286079643265e-01 9.915351026565289994e-01
6.041466078278077134e-01 9.920939659638031705e-01
5.996185187707026021e-01 9.926125624509397616e-01
5.955306891683065373e-01 9.930562990653876154e-01
5.919829476793918577e-01 9.934054618445467000e-01
5.847792143539960463e-01 9.941096224912491230e-01
5.751933627206160526e-01 9.950435455677703045e-01
5.722101910578845096e-01 9.953339168238067858e-01
5.698597504257789659e-01 9.955557188069605878e-01
5.688369341036929594e-01 9.956515208960643459e-01
5.666200799073140004e-01 9.958571510709900432e-01
5.634785354134563828e-01 9.961257557799193529e-01
5.627620496156089391e-01 9.961869086136957430e-01
5.608387565175338985e-01 9.963399915054953482e-01
5.564939019531811581e-01 9.966674244727842247e-01
5.548919399606480063e-01 9.967819298747049306e-01
5.509685027948338920e-01 9.970350760454123051e-01
5.497002398817965041e-01 9.971125560113455188e-01
5.489183790417764275e-01 9.971582051238672140e-01
5.453345554961797070e-01 9.973458800047135808e-01
5.445979113559187290e-01 9.973791231498911891e-01
5.368969830720955461e-01 9.976786986500307819e-01
5.334177666694146502e-01 9.978029453934702531e-01
5.280821966608906237e-01 9.979760654469229664e-01
5.233087005499827971e-01 9.980862400342037644e-01
5.201893687210872308e-01 9.981562695400804097e-01
5.123594821008443656e-01 9.983063628826511771e-01
5.105074653154781927e-01 9.983415903366207322e-01
5.072197846637107599e-01 9.984041249530464235e-01
5.007760650154362558e-01 9.985266585033448772e-01
4.974454560142251291e-01 9.985608599115931572e-01
4.889529542904093584e-01 9.986028099942076963e-01
4.882209796898513976e-01 9.986060526833558937e-01
4.818996181796746936e-01 9.986241828067474735e-01
4.707725740641524603e-01 9.985826567468135684e-01
4.673978846740206028e-01 9.985537032295165316e-01
4.644051020699318522e-01 9.985167325905799363e-01
4.602021117927305727e-01 9.984349874567896022e-01
4.581531567138268923e-01 9.983950665398088065e-01
4.562376256081260295e-01 9.983477601218524455e-01
4.534901119319950102e-01 9.982456497146530161e-01
4.505084046711266832e-01 9.981298502802520289e-01
4.470534147185612484e-01 9.979841741528502341e-01
4.464437337812575124e-01 9.979579788389231210e-01
4.386551699464204535e-01 9.976163312043166975e-01
4.313860337468983785e-01 9.972176367997666047e-01
4.230516201474568416e-01 9.966387699192650329e-01
4.166370853479828829e-01 9.961898365358722307e-01
4.069325662466422577e-01 9.954707735392785972e-01
4.043858462070278326e-01 9.952675902969809751e-01
3.990001989562929618e-01 9.948366160693442595e-01
3.972175535914646560e-01 9.946749246063658623e-01
3.952919603759312284e-01 9.944889724850550783e-01
3.936302362311365211e-01 9.943087938419692406e-01
3.899085440797340207e-01 9.938973724607336191e-01
3.890611435643023808e-01 9.938027278588870139e-01
3.854749165098083075e-01 9.933924896954299255e-01
3.818607983055035127e-01 9.929741443932804668e-01
3.811911748119609089e-01 9.928936893673524500e-01
3.659361392802181201e-01 9.910381100485347039e-01
3.634814309971337587e-01 9.906652201774321931e-01
3.607975405946128311e-01 9.902572516228508315e-01
3.597158338757865947e-01 9.900823122805294529e-01
3.551724902954025986e-01 9.893081274681849724e-01
3.524574200645863020e-01 9.888259684421109030e-01
3.521974522704240385e-01 9.887789008637181132e-01
3.452784171201562224e-01 9.874523939925776705e-01
3.405831585493890867e-01 9.865267153522740973e-01
3.373442488546178342e-01 9.858859002917378378e-01
3.341407133503447313e-01 9.852502286472331061e-01
3.333140050776194907e-01 9.850806369042680588e-01
3.293471368635177421e-01 9.842228728079406297e-01
3.281172224576876517e-01 9.839482411553717167e-01
3.186252189122716350e-01 9.817273181782985025e-01
3.148731024220648433e-01 9.808236208256427835e-01
3.082016596165801370e-01 9.790829720605740416e-01
3.044227922803067199e-01 9.780084098119815605e-01
3.001131063202532867e-01 9.767028012631521205e-01
2.987341819664449116e-01 9.762809891514319105e-01
2.963658647435247206e-01 9.755484637992118957e-01
2.938822397833595335e-01 9.747701302427856929e-01
2.913638188444199195e-01 9.739768928632489553e-01
2.903377900147852686e-01 9.736496002524203108e-01
2.862190119489076978e-01 9.723285468022326850e-01
2.820665978641115346e-01 9.709551112958486607e-01
2.788206091606738046e-01 9.698798421626054767e-01
2.756521229362503544e-01 9.688058924951256090e-01
2.722886715637324317e-01 9.675503818614213936e-01
2.712635594717163756e-01 9.671665709191006322e-01
2.658279682719514869e-01 9.650134544013639903e-01
2.647237121875096189e-01 9.645673624814484759e-01
2.639754544919838408e-01 9.642576731015771729e-01
2.629583656050275553e-01 9.638139408651699158e-01
2.610421118600630419e-01 9.629668331741961795e-01
2.596909132635057404e-01 9.623445652685947982e-01
2.535125636738699284e-01 9.594869164833392805e-01
2.506665362942249176e-01 9.581671772200209825e-01
2.467055790735666609e-01 9.562868414813801010e-01
2.422919722242367624e-01 9.541664397395678288e-01
2.410084162992948698e-01 9.535488961813254338e-01
2.382919190099453410e-01 9.522069461917864741e-01
2.301308214319727763e-01 9.481570777842225350e-01
2.234376993132521361e-01 9.448253177930824309e-01
2.172957889682238242e-01 9.417009309620373303e-01
2.144352007036362529e-01 9.401833311436654794e-01
2.117317316826138884e-01 9.387476002467776137e-01
2.028558864831545017e-01 9.340092879352560606e-01
1.956347623756349852e-01 9.301079919825999687e-01
1.930838300186577539e-01 9.287083878005586435e-01
1.889974693200693889e-01 9.264438118491704621e-01
1.888740002655078798e-01 9.263749504312671634e-01
1.866802929688490820e-01 9.251405503579213097e-01
1.821418526606516930e-01 9.224886609958440342e-01
1.812596697296564030e-01 9.219340567473865988e-01
1.805741169306604443e-01 9.214761351348372820e-01
1.796719057876391967e-01 9.208478327190190438e-01
1.769357962161982045e-01 9.189236730857938129e-01
1.741024104704314568e-01 9.169070139358257432e-01
1.737931740900344191e-01 9.166839873880573419e-01
1.721081733834110561e-01 9.154461694730083865e-01
1.662294270329527923e-01 9.111241058973436058e-01
1.661138763283736552e-01 9.110386288421036260e-01
1.646540934101436426e-01 9.099480738193550522e-01
1.642930672267094994e-01 9.096783553454090843e-01
1.636036092260779173e-01 9.091531360757776348e-01
1.624954842703256186e-01 9.082808703402832640e-01
1.584453838611990517e-01 9.050915498132534598e-01
1.567612241677634466e-01 9.037468751297419445e-01
1.543281932036366100e-01 9.017918400195035211e-01
1.541403856770236502e-01 9.016402764519270141e-01
1.504763828879400189e-01 8.986286621668588825e-01
1.490006220550629812e-01 8.973628510664095614e-01
1.478285180747873073e-01 8.963551782109573374e-01
1.444531984687995041e-01 8.934064673642418963e-01
1.438582559529721361e-01 8.928814899469373900e-01
1.387358564146013440e-01 8.883312643821366095e-01
1.360173801957222373e-01 8.858453922165868688e-01
1.329585007650341821e-01 8.830309099127128247e-01
1.319613507794129004e-01 8.820976890692565631e-01
1.294443187655903160e-01 8.797371883136982929e-01
1.286325178257670676e-01 8.789710904272850511e-01
1.282772244308916787e-01 8.786345040492189451e-01
1.258339975706415648e-01 8.761967382472881649e-01
1.223127342980296350e-01 8.726638636600991816e-01
1.146396510342882480e-01 8.649036764151015744e-01
1.131880853205585180e-01 8.634251056315908057e-01
1.125810757576492516e-01 8.627949061235190564e-01
1.113768746370292217e-01 8.615191487109010726e-01
1.077602419718021731e-01 8.576780491303058751e-01
1.061902926287213167e-01 8.559759411194821643e-01
1.045275846125816588e-01 8.540736630457603784e-01
1.038736855688909277e-01 8.533107291769531644e-01
1.023359837668010308e-01 8.514939329905576448e-01
1.002414844939799043e-01 8.488718130986488974e-01
1.001038522078278592e-01 8.486992188978464968e-01
9.958503562063808490e-02 8.480399146573855962e-01
9.814729655808457354e-02 8.461953736830217787e-01
9.750168953350540901e-02 8.453643019902333799e-01
9.511963457280453449e-02 8.422362884470778743e-01
9.432049335502729059e-02 8.411742749813820863e-01
9.398353841080014925e-02 8.407146138954399994e-01
9.091974994492918460e-02 8.364871499645745168e-01
8.776327376491915855e-02 8.320791833935528015e-01
8.477034212040618355e-02 8.278990885196176874e-01
8.357387238270480578e-02 8.261976068074193824e-01
8.195018973006357177e-02 8.238360033435562224e-01
7.831279900990045784e-02 8.185270581643028232e-01
7.809349138926563461e-02 8.181962120080428225e-01
7.634609500843786423e-02 8.155168906305844123e-01
7.182842489354385185e-02 8.083948317332897426e-01
7.109953161768939323e-02 8.072372302954341494e-01
7.022551283826578006e-02 8.058387218279435826e-01
6.675734339339772783e-02 8.002844370496825510e-01
6.584829002919873053e-02 7.988236351318042106e-01
6.452944651002462395e-02 7.966564619835655447e-01
6.387033106577660879e-02 7.955511286332398457e-01
6.242751687223208057e-02 7.929666119767034838e-01
6.009882480654166192e-02 7.887645570830585928e-01
5.875396295252738321e-02 7.863308988842533376e-01
5.647730278514334623e-02 7.821927339394343370e-01
5.537013216424296891e-02 7.801788523504888939e-01
5.330022830863651029e-02 7.762619039313308766e-01
5.255519317156515102e-02 7.748157460949424147e-01
5.159761226654885347e-02 7.729361031594241815e-01
4.979601167393382655e-02 7.692731366799550052e-01
4.807546025962555758e-02 7.657182179731665261e-01
4.714939075233254284e-02 7.637422943236685802e-01
4.664025718884173832e-02 7.626121125612195240e-01
4.577806581272841902e-02 7.606791907379145679e-01
4.350855341388398800e-02 7.555035130312721670e-01
4.301158052890902139e-02 7.543662659822795158e-01
4.248553211220268411e-02 7.531458762528975281e-01
4.051673019245011220e-02 7.483828696518969315e-01
3.940766098408571283e-02 7.456470490332269829e-01
3.835569373428643347e-02 7.430018606778324708e-01
3.832129371559384046e-02 7.429121985279375506e-01
3.681757657930967431e-02 7.389474079641733528e-01
3.618423642043494537e-02 7.372351263365024554e-01
3.547628238037864312e-02 7.352403380196727012e-01
3.418229076565398872e-02 7.315903811926430800e-01
3.304964631688039889e-02 7.282194808495665583e-01
3.184076535031393762e-02 7.246178105817285831e-01
2.916455380578725221e-02 7.165551961284468696e-01
2.833154380337737921e-02 7.140412088119605372e-01
2.728925272214782760e-02 7.108346938896126233e-01
