5.213263039052201675e-02 7.623094289028636839e-01
4.874310276792287455e-02 7.549501467994134130e-01
4.753996506347074602e-02 7.522113422450070752e-01
4.625070797518887611e-02 7.492731369117570095e-01
4.539607805723061551e-02 7.472986849689238209e-01
4.425887136152045764e-02 7.445881689459706854e-01
4.338615229267978046e-02 7.424931588974561514e-01
4.283765874690120823e-02 7.411653032206927394e-01
4.230359245661047263e-02 7.398599976604847139e-01
4.215800228336247235e-02 7.394929841368355072e-01
4.208406990966401251e-02 7.393062012631524960e-01
4.164047013283284082e-02 7.381548309731661428e-01
4.057919884008803768e-02 7.353571319045164589e-01
3.662769562852535854e-02 7.247253542665107462e-01
3.575338681565182197e-02 7.223634178216884472e-01
3.528589386454245025e-02 7.210703376302605161e-01
3.362203731172214161e-02 7.164361061604419545e-01
3.160603445300419478e-02 7.107572850979422263e-01
3.049615845621350685e-02 7.072525504745205138e-01
2.969163593166673776e-02 7.045278651158878302e-01
2.798199507888404769e-02 6.986747508110726645e-01
2.775715615207346998e-02 6.978905004749514918e-01
2.742126452370524659e-02 6.967016397224605750e-01
2.641472493519531062e-02 6.931285816485455165e-01
2.476200165457426161e-02 6.872544524762683738e-01
2.295965463523613748e-02 6.807987888423394640e-01
2.117413758670988466e-02 6.743409728267625303e-01
2.088594006664573621e-02 6.732757119502252863e-01
1.995821063081165692e-02 6.697584503396457611e-01
1.883187268521718805e-02 6.653920827116112102e-01
1.848647207564330097e-02 6.640330180082824052e-01
1.812149621432507240e-02 6.625370642437886648e-01
1.772743975776952530e-02 6.608762951134817820e-01
1.646354596686866456e-02 6.555082526831196299e-01
1.555312403243963582e-02 6.515413954989897061e-01
1.489237958188543987e-02 6.485637556209846721e-01
1.402957080575178983e-02 6.445644524476655812e-01
1.327041566026926356e-02 6.407290210065370584e-01
1.198889072002234935e-02 6.342390035178362417e-01
1.125958929609133241e-02 6.303952971534320104e-01
1.065819172757070943e-02 6.270928236614596862e-01
1.050007599336938435e-02 6.261736302372720164e-01
9.920380458957100966e-03 6.227580461672372891e-01
8.719686724985964421e-03 6.150810468218450566e-01
8.437598932815204567e-03 6.130504626508168631e-01
8.337976212211717364e-03 6.122695139403614428e-01
8.169894821298540055e-03 6.109351692804128042e-01
7.113839453843417981e-03 6.024896508026944542e-01
6.689825279041772266e-03 5.990759645250423038e-01
6.007555446486068096e-03 5.935413657791570596e-01
5.596674048828409465e-03 5.899999231668986432e-01
5.573910214763222459e-03 5.897659572576037235e-01
5.375735027552897005e-03 5.875807918431806831e-01
4.707764011984527652e-03 5.795771661649028461e-01
4.668116031862068471e-03 5.790683255357739201e-01
4.339083194908111007e-03 5.747951451014527979e-01
4.215353536691057723e-03 5.730574376302499662e-01
3.990091848153853871e-03 5.697059917814912833e-01
3.774211836688856625e-03 5.663168357970158606e-01
3.568703416338359080e-03 5.629445196820467290e-01
3.112231471877391353e-03 5.553201976039265908e-01
2.883577139860149519e-03 5.510919766652545571e-01
2.547427352470210682e-03 5.444520049769934200e-01
2.156571334748835778e-03 5.364984279209953355e-01
2.146660345334894249e-03 5.362845220328267271e-01
2.003628107344723741e-03 5.328878136891870287e-01
1.991086025670163462e-03 5.323950862438496801e-01
1.944297754931934019e-03 5.303354605995902471e-01
1.887545658912637148e-03 5.277332846086884022e-01
1.852679483437758012e-03 5.261255149390522412e-01
1.822574327231818447e-03 5.246387846673017386e-01
1.745535779836882018e-03 5.208267134774431373e-01
1.667129720268334392e-03 5.161036312456658282e-01
1.662976695828211060e-03 5.158407449291821933e-01
1.625193636312693979e-03 5.134202854930269844e-01
1.562586582195046869e-03 5.074336797590458525e-01
1.562281692942424360e-03 5.073559137407419595e-01
1.570668929508023393e-03 5.033907766217065038e-01
1.593680073783965145e-03 5.010509968929836022e-01
1.630082271278199268e-03 4.985864080803057430e-01
1.722978168137989652e-03 4.932163158713004369e-01
1.808888766164307160e-03 4.890752658161280353e-01
1.859925958377084410e-03 4.866542967878692005e-01
1.909027265598328693e-03 4.846005556352340760e-01
2.001722905397185226e-03 4.814530474177637354e-01
2.139908254675193522e-03 4.768561293170430204e-01
2.257935002380306866e-03 4.729602792780561726e-01
2.549707873629680766e-03 4.637322703905744081e-01
2.627907706639953656e-03 4.613253622449370317e-01
2.917585116576193460e-03 4.542381974272458045e-01
3.126783310880509870e-03 4.499150801095016527e-01
3.156004264799061598e-03 4.493276893408719719e-01
3.473402503877898173e-03 4.443881276079015841e-01
3.798298272795708197e-03 4.402061777269338227e-01
4.094460450834558340e-03 4.365176026196471160e-01
4.270587955328919438e-03 4.343739100976693468e-01
4.480338182724696861e-03 4.319620544935032225e-01
4.583449376893311555e-03 4.308011187596934022e-01
4.628926261865895508e-03 4.303233192805294705e-01
4.710094654716667772e-03 4.295105070463267616e-01
5.012182570645451474e-03 4.267724429703444455e-01
5.960086125567476412e-03 4.191532048247540443e-01
6.185439576680773488e-03 4.173803313888775346e-01
6.579163577532465279e-03 4.143131455709307964e-01
7.426975768525079236e-03 4.080459857489301401e-01
7.524481941005467522e-03 4.073343113154741513e-01
8.579605409206159106e-03 3.998538641910490687e-01
9.563957538819167770e-03 3.930087202037703120e-01
9.664480374217132574e-03 3.923709547671332398e-01
1.026732901404875387e-02 3.885938357497804585e-01
1.079081678062859817e-02 3.853629221269689875e-01
1.103088306655525264e-02 3.839441845726022651e-01
1.106335897176230487e-02 3.837551238634351325e-01
1.136777415895545706e-02 3.820215940937009558e-01
1.189395955088229373e-02 3.791751340099193124e-01
1.219601155463961861e-02 3.775837542709234995e-01
1.236742821536468417e-02 3.767051879550280535e-01
1.278259430779565831e-02 3.746120541458095587e-01
1.317321348036565309e-02 3.726509682604685070e-01
1.350772890108548063e-02 3.709854651004039772e-01
1.400870884071153677e-02 3.685105476859815710e-01
1.499254201577276957e-02 3.637860416268142716e-01
1.537322105264243843e-02 3.619673312527740272e-01
1.631979083333440217e-02 3.575483090543355447e-01
1.708212233287725867e-02 3.541290029000029316e-01
1.829697022432880127e-02 3.487572200043956849e-01
2.042316193186016759e-02 3.394305094628117248e-01
2.280825570439809491e-02 3.294443025960637206e-01
2.308946016970375714e-02 3.282722198788319279e-01
2.351557909122242718e-02 3.265128082057923153e-01
2.443479448008306631e-02 3.228843198406743387e-01
2.559220530882760913e-02 3.183721242258837902e-01
2.612710355274766583e-02 3.162975253698050437e-01
2.623407610157973968e-02 3.158908087687533062e-01
2.673614319452483068e-02 3.140036087888068428e-01
2.783896953531411755e-02 3.098635107325777849e-01
2.816261727112062685e-02 3.086604417480324214e-01
2.837405989504276915e-02 3.079133710043184813e-01
2.980125783128345640e-02 3.028777835682767705e-01
3.260672688791349527e-02 2.930582471513749621e-01
3.380127764086165998e-02 2.889054192880320393e-01
3.443936260393049009e-02 2.866906304958737328e-01
3.479144267484529651e-02 2.855506571707904229e-01
3.560038489057110178e-02 2.829784365102183674e-01
3.575389361442643521e-02 2.824941499437430004e-01
3.649973301780035095e-02 2.801747510730776547e-01
3.716712344963452042e-02 2.781144216071113062e-01
3.803587916531209201e-02 2.754884366969279075e-01
3.881404557901863006e-02 2.731629548570695398e-01
3.958709915450647765e-02 2.708862412409086540e-01
4.043710435931452407e-02 2.684472438612049983e-01
4.073834868994957725e-02 2.676058276788482182e-01
4.183732588248617601e-02 2.647046832190077525e-01
4.188080344529093724e-02 2.645899519572704195e-01
4.402808933844365447e-02 2.589653038849849542e-01
4.407976352785386576e-02 2.588332249140451458e-01
4.506815284625659279e-02 2.563173576705457535e-01
4.688203212354064009e-02 2.518800049660729901e-01
4.758480539278348020e-02 2.501729739313932610e-01
4.838108378524524911e-02 2.482496657074104718e-01
4.874585690251992398e-02 2.473706670111464057e-01
5.009189446468137463e-02 2.441801229733477907e-01
5.138190093757061261e-02 2.411264176093013134e-01
5.335348434779801918e-02 2.365027241731705310e-01
5.463223199654759776e-02 2.335494103038183722e-01
5.520906094834215905e-02 2.322749921912274917e-01
5.560907598628611614e-02 2.313980320156348025e-01
5.603375514639213906e-02 2.305077183167192345e-01
5.808918728463269288e-02 2.262546896761723492e-01
5.843743603812751042e-02 2.255563797924318159e-01
5.959420859410141658e-02 2.232466760236989645e-01
6.065309902527799002e-02 2.212370191765514749e-01
6.175009675391768260e-02 2.192272932733762003e-01
6.275596425399537770e-02 2.174066501286466835e-01
6.320815904010052000e-02 2.165942193280027128e-01
6.583096124308412955e-02 2.119456863596650420e-01
6.711822015605134473e-02 2.096972076497618520e-01
6.766453921760412493e-02 2.087657345160981448e-01
6.863734208910748924e-02 2.071299753501182339e-01
7.170449730952604961e-02 2.020163871282495416e-01
7.317242397060957915e-02 1.996279949303544354e-01
7.435209771785583621e-02 1.977130414464567387e-01
7.586189641266699590e-02 1.952636320437612927e-01
7.597501212128571213e-02 1.950841601246270374e-01
7.788014503892787266e-02 1.920739402887695624e-01
7.871905239271509425e-02 1.907632455552232820e-01
7.989863735746555173e-02 1.889619621546723138e-01
8.036914229650465868e-02 1.882561298285287954e-01
8.348364100935840026e-02 1.835999341496049597e-01
8.499194374263380203e-02 1.813935876367908095e-01
8.657393736252122496e-02 1.791131481097113509e-01
8.689077601871991741e-02 1.786585206171646956e-01
8.841468726959728075e-02 1.765017095777924316e-01
9.101141255833383736e-02 1.728412142476780655e-01
9.260334535059905336e-02 1.706076333165259529e-01
9.542303329773965670e-02 1.666907366456268358e-01
9.770434769963792787e-02 1.635360662994406189e-01
9.824429939948980950e-02 1.627952950688853484e-01
9.971373442377401419e-02 1.607864682074423568e-01
1.011222564242595934e-01 1.588714749582377239e-01
1.022840935346996383e-01 1.572936563437998814e-01
1.029981185802207322e-01 1.563506514981604090e-01
1.055624034774936271e-01 1.530119239080273141e-01
1.078653334344850667e-01 1.500419542639517267e-01
1.081718519369359588e-01 1.496478783334519447e-01
1.091816103702850094e-01 1.483538397782443452e-01
1.097720546946767128e-01 1.476082941526598580e-01
1.107650337114834405e-01 1.463861459994363345e-01
1.123393793449142808e-01 1.444615447668257113e-01
1.167741013832008234e-01 1.391018048636446514e-01
1.187311158917241927e-01 1.367754897568249639e-01
1.194292641720205439e-01 1.359612635294488170e-01
1.215691957855528638e-01 1.334940673172138048e-01
1.220910712511169005e-01 1.329024807495341465e-01
1.225584821253478673e-01 1.323846323140162040e-01
1.254612629565705073e-01 1.291718624271858129e-01
1.282230646683922282e-01 1.262782170270685400e-01
1.284901735726604044e-01 1.260121075410842728e-01
1.303144608221755152e-01 1.242239065526297148e-01
1.317271820783046388e-01 1.228492446290566642e-01
1.333058593277325898e-01 1.213297061737222959e-01
1.350306339281984180e-01 1.197558334638405553e-01
1.413923439857870945e-01 1.140301177004094946e-01
1.426212502170883245e-01 1.129260681456938364e-01
1.440068408177342385e-01 1.117053047275461397e-01
1.490021737039745608e-01 1.073242360078812130e-01
1.508675395072449077e-01 1.057150120742422761e-01
1.528487258280713523e-01 1.040083014521865357e-01
1.551651748197963587e-01 1.020399981733661754e-01
1.593856963672443672e-01 9.856835493965976358e-02
1.607521306287434393e-01 9.744871299050472668e-02
1.632403210463230780e-01 9.541595957061665967e-02
1.664185651245108644e-01 9.282116833901665753e-02
1.664675169882759431e-01 9.278153753719364794e-02
1.677187076878456362e-01 9.178015757562618671e-02
1.700319719412526909e-01 8.993698917153802874e-02
1.741847394669068794e-01 8.669787414510821133e-02
1.742916866627335915e-01 8.661490806462568415e-02
1.748797229194115066e-01 8.617118372788423741e-02
1.752403577808070989e-01 8.590206700379288129e-02
1.790529207984449811e-01 8.310879137500171154e-02
1.832667061344959714e-01 8.009487295171136001e-02
1.855128055541396814e-01 7.853730611514453397e-02
1.875183357752656099e-01 7.715865467099847219e-02
1.925854337511818115e-01 7.375370505480549621e-02
1.952700109395820172e-01 7.196413014230196303e-02
1.991996764710692314e-01 6.938366823235664338e-02
2.057235745299437757e-01 6.522110793422108976e-02
2.071331905929611472e-01 6.437221300583928496e-02
2.086904104965240925e-01 6.347195422802021092e-02
2.101665084001184680e-01 6.262008273911945366e-02
2.150027725945092283e-01 5.985318450049426087e-02
2.168382919761385197e-01 5.883766961610170654e-02
2.175066715363904168e-01 5.847470069068494425e-02
2.181587906378895103e-01 5.812264623488139215e-02
2.212797553270712814e-01 5.645660422894160924e-02
2.235677044964233251e-01 5.526444912413508437e-02
2.261669158201355390e-01 5.396570940840783592e-02
2.292771634010962178e-01 5.243292760293727373e-02
2.295422793304104370e-01 5.231222000862856270e-02
2.315784427497996067e-01 5.139420438038655448e-02
2.328778987740848794e-01 5.081453210221464900e-02
2.373947521948838735e-01 4.883011126237113420e-02
2.393385468128012561e-01 4.798468760824936563e-02
2.407007539563163490e-01 4.739655491751337824e-02
2.433157040127204573e-01 4.629618242726019073e-02
2.446202682793625072e-01 4.574744432539945560e-02
2.457610467134730414e-01 4.527103060160730941e-02
2.483778812017343740e-01 4.421180085547404826e-02
2.502168463535379694e-01 4.347352196715392747e-02
2.509889429810016614e-01 4.316612040111089676e-02
2.523924040309713512e-01 4.260772730123740804e-02
2.531304461049557752e-01 4.231454911341669956e-02
2.596291500857324519e-01 3.983700024864922362e-02
2.609596124957032637e-01 3.933899701736942589e-02
2.638829031300529704e-01 3.824572089851085988e-02
2.669735991958968602e-01 3.709124323273149670e-02
2.706822519787687731e-01 3.571419677263687475e-02
2.717702830881607023e-01 3.531124164225019069e-02
2.741319163558099681e-01 3.444604384489347026e-02
2.751541210127907422e-01 3.410101937470744193e-02
2.759343772943055328e-01 3.383999612620103292e-02
2.768591152980048320e-01 3.353297953473444171e-02
2.790682426818442141e-01 3.282127945604806918e-02
2.850160068569290162e-01 3.103554632889105047e-02
2.879147080597372343e-01 3.016539244042226731e-02
2.937696434024276715e-01 2.841758897783375204e-02
2.969073870413956873e-01 2.751926700475260112e-02
2.984628217923629978e-01 2.707952815624803389e-02
3.067649932709546889e-01 2.479887540650893563e-02
3.099646948997754614e-01 2.395163717837001105e-02
3.221710639548270305e-01 2.095633531295659768e-02
3.249022793356902139e-01 2.030481505885228799e-02
3.291792017379892576e-01 1.932703956113612787e-02
3.344966212220298885e-01 1.813152156919117797e-02
3.374278732027241046e-01 1.747916219053469167e-02
3.388314036739636381e-01 1.717203262684641185e-02
3.421910658490583956e-01 1.647227969610665088e-02
3.471039858277832901e-01 1.546067148124063984e-02
3.506824316936045238e-01 1.474803404911861904e-02
3.527577088980092257e-01 1.433537820544206198e-02
3.529399894586374153e-01 1.430040609464044987e-02
3.541696801065574163e-01 1.407588336804099782e-02
3.547617950743018889e-01 1.396803383420108791e-02
3.592230755587431656e-01 1.321545899482601261e-02
3.621267887341183545e-01 1.275447611505275969e-02
3.708486996210673126e-01 1.137638483038627690e-02
3.721906726741897597e-01 1.117191901372183160e-02
3.781172326714885012e-01 1.028227360941114110e-02
3.820164559240641355e-01 9.732147533143442608e-03
3.855590582483596207e-01 9.240805658773498799e-03
3.929369492188485302e-01 8.220338318004727363e-03
3.940952258866922686e-01 8.062845270689567023e-03
3.966983619711672016e-01 7.744269975569539888e-03
3.976453257302395294e-01 7.633819969531052685e-03
4.014374085267277681e-01 7.192172682143560536e-03
4.054815280103425956e-01 6.726239971331260392e-03
4.060114450426354771e-01 6.668667922882343113e-03
4.112635754954814815e-01 6.112468216563859968e-03
4.143021650477951012e-01 5.806003240157564527e-03
4.259040389465068022e-01 4.771033902505883439e-03
4.296394911750672230e-01 4.439644054532565498e-03
4.321401125628288598e-01 4.228983155728838206e-03
4.338944644039499088e-01 4.086980358177227934e-03
4.347006256868271579e-01 4.022953819819985455e-03
4.378997049970671518e-01 3.781915068968411120e-03
4.429010786506809016e-01 3.407971659113662177e-03
4.482525068055885353e-01 3.017509182111410837e-03
4.558574768167510949e-01 2.469481198033030012e-03
4.600848604085689408e-01 2.169603360092531297e-03
4.632122614193205368e-01 1.959758655648347059e-03
4.676956714678902061e-01 1.666741147299588555e-03
4.718208468537151146e-01 1.403673515457115606e-03
4.819270177914092845e-01 8.931556464198964207e-04
4.834271697537276258e-01 8.208289356845810403e-04
4.842523782918485842e-01 7.874025812110163614e-04
4.875642347398589371e-01 6.558137457027823913e-04
4.899863064980392591e-01 5.598629793015508227e-04
4.924213965328131937e-01 4.679417949023934042e-04
4.939219869197942203e-01 4.179039373152226844e-04
4.972775893611178222e-01 3.216535128665043430e-04
4.992597390241103050e-01 2.896101629303871050e-04
5.066181491944925508e-01 2.663003663709861968e-04
5.109831206125658998e-01 2.595379780863105168e-04
5.122482840877129462e-01 2.589641295048794589e-04
5.133414719621736122e-01 2.643922645785279357e-04
5.189861011607965757e-01 2.935495369434937274e-04
5.261175794828116814e-01 3.657905292470120528e-04
5.292398672421021466e-01 4.121260477845112291e-04
5.349581765817639223e-01 5.216323206505002474e-04
5.356215690142385188e-01 5.385830234784227954e-04
5.371453409693591752e-01 5.790771324536425624e-04
5.412020453451957813e-01 6.898716558150219669e-04
5.430248333228140378e-01 7.436514858198961520e-04
5.476949012794050109e-01 9.112759719098750821e-04
5.498563463043659727e-01 9.959318395779126476e-04
5.532237889068034598e-01 1.133656631443047402e-03
5.538102977186460940e-01 1.159776994671291028e-03
5.583515879804494819e-01 1.367113151705567908e-03
5.652428257579440452e-01 1.718579916843432365e-03
5.695582166137256319e-01 1.950064842214493943e-03
5.722925822696065534e-01 2.098985753380966379e-03
5.759022581229227278e-01 2.297362491712862109e-03
5.794718315649571849e-01 2.506622467340235971e-03
5.815782908329985013e-01 2.646092331514915408e-03
5.829339480677080410e-01 2.737040853780015048e-03
5.865791714705723692e-01 2.987118968789670426e-03
5.882265388764278402e-01 3.104729064892230994e-03
5.888432230488429564e-01 3.148894360589959973e-03
5.933750397516643904e-01 3.493753698481594228e-03
5.973672584425959720e-01 3.815290794756509563e-03
5.992126485461823915e-01 3.971729621391029141e-03
6.011664452735334674e-01 4.139677827362131524e-03
6.092453586965562717e-01 4.853637010705957877e-03
6.116700745561556296e-01 5.134003693250899225e-03
6.179780030424100179e-01 5.881557378512813905e-03
6.207064609900998509e-01 6.214598310017138694e-03
6.235458539824001445e-01 6.567070739029290394e-03
6.249105930590468372e-01 6.737185041138182839e-03
6.267175734811807342e-01 6.970531401849555664e-03
6.320682686339373912e-01 7.687834062378384736e-03
6.353324011903169755e-01 8.140566654797565249e-03
6.385995795015360077e-01 8.624426284439712376e-03
6.415807911534594510e-01 9.072818562427809042e-03
6.466557603725275882e-01 9.838531013544815629e-03
6.485010025166719760e-01 1.012445535293071686e-02
6.492884340676607913e-01 1.024806171321934745e-02
6.514111120689758394e-01 1.060344750305264316e-02
6.516721349813083819e-01 1.065046636327438012e-02
6.558248893017240011e-01 1.140679836834090910e-02
6.579116723590421323e-01 1.179990740700598284e-02
6.603142283864174011e-01 1.226560911727003766e-02
6.608584616141133239e-01 1.237727425294354866e-02
6.635524102315972783e-01 1.293459979458733144e-02
6.655320418716939024e-01 1.334456288807361890e-02
6.677096205592554234e-01 1.380341994499745262e-02
6.683466037131446935e-01 1.394745402467512108e-02
6.694876543132832758e-01 1.421401938831601264e-02
6.753798276979705584e-01 1.559462584470672208e-02
6.780711425666290371e-01 1.626144259637740674e-02
6.805546173572880608e-01 1.687902735609747573e-02
6.906331951836686134e-01 1.951474279645881715e-02
6.927490585040292359e-01 2.008247295764442608e-02
6.954119665704983078e-01 2.081770668738669450e-02
6.966544252033126661e-01 2.116110367945722714e-02
7.026942392692026029e-01 2.284279144179379717e-02
7.042085441505083754e-01 2.326569989287063933e-02
7.058831949882624635e-01 2.374103520151182867e-02
7.067556585844940731e-01 2.399805862941373213e-02
7.085372051171925367e-01 2.455374267834964375e-02
7.125181667910220895e-01 2.582445753917306241e-02
7.156139807111721041e-01 2.681713727254741997e-02
7.168463933882518457e-01 2.722060884507615519e-02
7.207813070918702714e-01 2.853123444851479729e-02
7.222685552199012982e-01 2.903021676329409217e-02
7.246908123691890857e-01 2.987703044850820167e-02
7.261669343418357681e-01 3.040517514246843245e-02
7.303392926931837614e-01 3.192445611880245782e-02
7.357979583193230422e-01 3.392675759680896519e-02
7.377161038851274277e-01 3.465673861809670520e-02
7.411340417600760233e-01 3.604466303740883060e-02
7.416313987495972704e-01 3.625103130830653608e-02
7.433820888091329238e-01 3.699615320072580094e-02
7.464396727382651697e-01 3.830544204081542947e-02
7.478230380606587513e-01 3.889955594062388666e-02
7.493047718084244746e-01 3.956309914880395961e-02
7.520468928896115735e-01 4.079227268857721356e-02
7.560662054018090217e-01 4.268642558959379052e-02
7.588293995209074438e-01 4.401151253654511653e-02
7.593726552608552893e-01 4.427357759151351324e-02
7.595073600868968988e-01 4.434134174455706123e-02
7.606064668045338095e-01 4.490531042512135862e-02
7.616744467227585247e-01 4.546483226062214555e-02
7.640013407164507608e-01 4.672360602092806570e-02
7.670568190206532577e-01 4.840884928999911185e-02
7.746248205707428891e-01 5.263855888782675851e-02
7.796632018868798752e-01 5.549531209731628500e-02
7.823933977226469327e-01 5.708863409029707459e-02
7.827333441957742277e-01 5.729181007022809968e-02
7.844861844706927378e-01 5.836297884831720406e-02
7.856309554453422273e-01 5.908233496178683097e-02
7.902233813067214285e-01 6.196987819498578354e-02
7.910669083336074880e-01 6.253311323384402876e-02
7.912236389317754970e-01 6.263921342892198041e-02
7.944647484054729869e-01 6.486001678052777386e-02
8.008255885745336755e-01 6.923711595157777676e-02
8.090394371718696576e-01 7.488972181774278258e-02
8.099925206775133724e-01 7.555211809588191496e-02
8.125658799878459071e-01 7.737023062035397469e-02
8.145823858695999675e-01 7.881647093542343274e-02
8.154966626300632626e-01 7.947543899541775758e-02
8.188434913593856113e-01 8.189392922100136030e-02
8.199970451809559524e-01 8.273486977100241724e-02
8.205685518477743301e-01 8.315962012865152353e-02
8.218243545844792219e-01 8.410118572344649213e-02
8.237233632710900810e-01 8.552838281625552153e-02
8.250913832437511974e-01 8.657735311164538317e-02
8.278095605448021477e-01 8.867862295526163230e-02
8.291096424839772272e-01 8.970246426576511389e-02
8.326038883217048436e-01 9.245507095193328251e-02
8.337161185404686758e-01 9.333124636444822819e-02
8.347965502607632704e-01 9.419160451242114540e-02
8.387703135163324664e-01 9.745976346524554135e-02
8.400554169084357703e-01 9.852847067729775254e-02
8.424577811410680628e-01 1.005315783337820124e-01
8.431984575365698564e-01 1.011529474784073068e-01
8.437212890986685032e-01 1.015953584993430914e-01
8.444509429779694099e-01 1.022202777070324586e-01
8.453882542996224991e-01 1.030243467056324302e-01
8.470953338664024557e-01 1.044894043954814888e-01
8.484021606124072523e-01 1.056165830917746851e-01
8.526773538366050342e-01 1.093068778396102392e-01
8.580720915399919768e-01 1.142232295428095012e-01
8.592936659226289020e-01 1.153769797537773645e-01
8.603683921041873628e-01 1.163970870454170692e-01
8.644886774850002453e-01 1.203722859981162241e-01
8.657134009935700814e-01 1.215823306284751215e-01
8.681348735838305686e-01 1.240753208964713306e-01
8.704067955144574320e-01 1.264775794650987439e-01
8.711702876851410426e-01 1.272873627078715542e-01
8.744163112005973737e-01 1.307406281272917026e-01
8.758888822642085792e-01 1.323369346756734233e-01
8.779230316836601489e-01 1.345553059836845922e-01
8.799419743075771461e-01 1.367707698253373128e-01
8.833077217585414420e-01 1.404991084629230169e-01
8.893144815428277727e-01 1.472967842642891600e-01
8.907969046142938385e-01 1.489793812948886353e-01
8.953969849805121228e-01 1.543089603771384821e-01
8.962817502293187744e-01 1.553347265523850051e-01
8.980418195318069507e-01 1.574324576584913427e-01
8.988843104296229125e-01 1.584409316194490547e-01
9.013831666379992225e-01 1.614431422191802135e-01
9.019020290973054355e-01 1.620689955488521239e-01
9.027060095925436567e-01 1.630700179471493705e-01
9.050396446684911833e-01 1.660303245131883321e-01
9.066659494258846319e-01 1.680986253134076902e-01
9.086832118032237560e-01 1.707134952530139360e-01
9.104154636792665123e-01 1.729799542298081638e-01
9.128703875812529400e-01 1.762046870211310123e-01
9.152056093326601527e-01 1.792787805417143110e-01
9.159223038774118031e-01 1.802251035992614714e-01
9.178195389983814234e-01 1.827578135849465824e-01
9.208685591656509128e-01 1.868579217102031009e-01
9.220019390153508798e-01 1.883859317862642824e-01
9.229177041779805801e-01 1.896287064657311561e-01
9.250164364750488311e-01 1.925042333878491663e-01
9.268474327705342741e-01 1.950443426722341389e-01
9.291864323662339942e-01 1.983393766108214606e-01
9.322088324288804184e-01 2.026022954752848548e-01
9.331272065656026626e-01 2.039792147183497883e-01
9.350771922212337550e-01 2.071095381844464400e-01
9.389221861500836042e-01 2.133165211784274762e-01
9.397110517791051887e-01 2.146284204752644253e-01
9.406214035367312931e-01 2.161757732674610688e-01
9.409810871391208753e-01 2.168196710697328777e-01
9.413978399963751631e-01 2.175825370814868931e-01
9.426716215719741498e-01 2.199208659539265698e-01
9.453775613076338402e-01 2.248972941294277161e-01
9.490546192352815602e-01 2.317882883244387626e-01
9.497759014003095412e-01 2.331822169639635733e-01
9.499143783596311064e-01 2.334563766023109999e-01
9.509755236925878652e-01 2.355855276965500567e-01
9.510856481180423039e-01 2.358202056812894742e-01
9.530937201686626725e-01 2.401253331228774268e-01
9.551723634659861073e-01 2.446546234559980881e-01
9.576256875618467390e-01 2.501954635795351489e-01
9.587934619226621269e-01 2.528628912834935960e-01
9.590611130107495885e-01 2.534769549443817160e-01
9.610581783889560192e-01 2.583281422049243936e-01
9.618370795796864492e-01 2.602650529270231772e-01
9.626105754117724178e-01 2.622275977849120032e-01
9.627277094908075483e-01 2.625266237582658535e-01
9.636726347189605857e-01 2.649480033934860090e-01
9.644670953434819616e-01 2.670046207187488640e-01
9.658454996268472925e-01 2.706999758425362446e-01
9.667247201770630127e-01 2.731151963821699669e-01
9.680920093516223179e-01 2.770939074127098944e-01
9.698730415824665663e-01 2.823565528640471500e-01
9.704209298295891628e-01 2.840121019716226325e-01
9.717911331450594936e-01 2.882446480779672360e-01
9.730702625837910347e-01 2.923550708544343513e-01
9.744714705146944045e-01 2.969334181129963390e-01
9.746231315903595149e-01 2.974387338062556285e-01
9.756388804433959727e-01 3.009936403315217612e-01
9.764418526336857695e-01 3.038451351704701819e-01
9.767778387999894729e-01 3.050963710627248027e-01
9.768297949617588127e-01 3.052952382890923300e-01
9.774900096321279541e-01 3.078514501019363747e-01
9.779629928649868909e-01 3.096980340506182428e-01
9.783897079749843684e-01 3.113767876057577100e-01
9.788892455358280120e-01 3.134297920017448114e-01
9.794585913108984077e-01 3.157748471482021424e-01
9.804928225534761399e-01 3.202510341951052553e-01
9.807688026924890057e-01 3.215655167348500099e-01
9.808862433952409976e-01 3.221325096167683144e-01
9.810681311561870732e-01 3.230210062117812031e-01
9.822297357984857147e-01 3.287253684733865144e-01
9.823954350184402884e-01 3.295461246755048146e-01
9.833894186714084995e-01 3.346778485755449450e-01
9.835875874210757708e-01 3.357182329912038465e-01
9.839185527166605105e-01 3.374634661394406709e-01
9.840307034318667156e-01 3.380666034352342031e-01
9.842775160134569212e-01 3.394406761437541720e-01
9.849695074862285793e-01 3.433440850456414006e-01
9.859665470327483305e-01 3.489915031913033427e-01
9.863034368021172948e-01 3.509251999507289055e-01
9.866881336302131267e-01 3.531625125972606138e-01
9.874030149729233763e-01 3.574378775657064411e-01
9.877100002990142347e-01 3.593609872587492093e-01
9.879828145695659369e-01 3.610910149639902089e-01
9.885680122678690562e-01 3.648115408904086809e-01
9.886363311744621463e-01 3.652730194002723474e-01
9.888759489477036979e-01 3.669120463071259275e-01
9.892642508568361137e-01 3.696003430363336006e-01
9.894433547033474330e-01 3.708622459632078261e-01
9.900357751597363976e-01 3.754619713173418249e-01
9.902931339050571324e-01 3.775183570384414988e-01
9.905147242670653274e-01 3.793260365828325931e-01
9.910740741253474262e-01 3.841227654620549270e-01
9.919081327358982847e-01 3.915116882393268050e-01
9.921924181793446706e-01 3.941974930150055068e-01
9.924416530068733699e-01 3.968517288616220107e-01
9.926001424596264666e-01 3.985684520391601371e-01
9.932272608677856773e-01 4.058321022760073005e-01
9.935270766092034744e-01 4.093938670302543770e-01
9.937697752395948658e-01 4.126861943824019496e-01
9.939295207506977370e-01 4.148610449820718804e-01
9.943487966097948050e-01 4.206990220914235135e-01
9.948523862963132292e-01 4.277823016272642720e-01
9.952508914216291469e-01 4.334248747793070233e-01
9.956680493819862754e-01 4.397370308258597982e-01
9.957548489829186611e-01 4.411012132234632954e-01
9.958696317814310639e-01 4.429288394591491818e-01
9.961450269265419433e-01 4.473844160122569802e-01
9.963044185032086109e-01 4.500009383427215903e-01
9.964456278482576312e-01 4.524323938531074063e-01
9.965168164813709151e-01 4.537010676803944209e-01
9.970641871976442250e-01 4.642521180320509089e-01
9.971691746135742385e-01 4.662967911703546076e-01
9.973655496925104558e-01 4.703037110533083709e-01
9.975108178701228567e-01 4.735509362024359348e-01
9.978061032315264089e-01 4.805829928363790637e-01
9.981567219362492693e-01 4.905553341116621890e-01
9.982321362000206033e-01 4.928540520614839160e-01
9.982738060005986735e-01 4.943966731432390960e-01
9.982838137108716037e-01 4.947744719428914806e-01
9.983244159472461909e-01 4.966236433537190020e-01
9.983666298125650762e-01 4.991405452144012100e-01
9.983806280610842965e-01 5.001631272478096468e-01
9.984377183070576312e-01 5.068159940476532066e-01
9.984090487574073247e-01 5.105302045420486712e-01
9.983901500901342096e-01 5.125638131043468437e-01
9.983769696759436929e-01 5.137356628695629590e-01
9.983602244976941265e-01 5.148584784755902977e-01
9.982729780295276356e-01 5.187678964869575360e-01
9.982492281549557589e-01 5.196601538895576633e-01
9.979715987737742822e-01 5.274768208798941149e-01
9.974726115420433636e-01 5.413153899956463233e-01
9.973216475659869573e-01 5.452382283336036917e-01
9.971584931972892196e-01 5.493045583294363654e-01
9.970842983146928074e-01 5.510969083264212198e-01
9.969524985108557669e-01 5.533736741769843537e-01
9.967643059433233255e-01 5.564758408226901931e-01
9.964577111179038216e-01 5.615054583530474375e-01
9.963680800480909650e-01 5.628578997159218167e-01
9.961918517551828778e-01 5.654770118797391998e-01
9.960781131370033403e-01 5.671143527484181490e-01
9.952528694159474831e-01 5.787597788150441458e-01
9.949543592649325863e-01 5.827832400793646617e-01
9.947023765673357332e-01 5.860130330591185599e-01
9.944374410902006023e-01 5.892611605718315326e-01
9.940365278859486509e-01 5.931532145438374037e-01
9.936827009841373570e-01 5.965255573046399640e-01
9.929856622498458574e-01 6.025999949312724757e-01
9.926406067017841117e-01 6.054991923954688993e-01
9.919079358021001269e-01 6.116050137104592777e-01
9.917237091380082248e-01 6.131205445311209701e-01
9.907416152537118492e-01 6.209745937937304339e-01
9.901620856297888018e-01 6.254765320822133212e-01
9.898998771465197244e-01 6.274711043434130220e-01
9.898797870742099825e-01 6.276134486524501677e-01
9.887338581327325127e-01 6.357133789939746205e-01
9.881572319033387064e-01 6.397427197390687104e-01
9.879960913314607129e-01 6.407554357494812391e-01
9.873517124836357350e-01 6.444135304212226245e-01
9.865706540643710554e-01 6.487305318749394534e-01
9.846415844050360189e-01 6.592378532179631323e-01
9.830576138948388110e-01 6.677026298727297693e-01
9.822057887907655882e-01 6.720966960152109371e-01
9.813996458116356347e-01 6.761888898315909779e-01
9.803713635426576367e-01 6.807529510667679196e-01
9.790259818622890631e-01 6.866267779460631937e-01
9.787491558854077844e-01 6.878284625418756848e-01
9.785411090793849631e-01 6.887038438407806495e-01
9.778130769055284333e-01 6.917468008762513998e-01
9.770098116295002910e-01 6.950630535065576154e-01
9.764529689195520223e-01 6.972032743167223545e-01
9.762566876549902961e-01 6.979371592097307619e-01
9.743508672628999889e-01 7.041604219578814217e-01
9.738567388716596884e-01 7.057578541307398812e-01
9.736408913918173091e-01 7.064462865137949299e-01
9.733373405431600123e-01 7.073903867432262960e-01
9.731848585574864874e-01 7.078553869859125491e-01
9.695281015546028947e-01 7.188897527671164189e-01
9.682739102844000190e-01 7.226101249970937612e-01
9.671476159580241205e-01 7.259078986830025393e-01
9.664191177484799944e-01 7.280354953980809896e-01
9.655940376359766208e-01 7.304295040875086187e-01
9.619728102103870526e-01 7.408730559321254905e-01
9.588686405100963484e-01 7.494092065419297732e-01
9.581669336997813424e-01 7.513203384511398797e-01
9.569870050998661171e-01 7.543308489667381878e-01
9.545478214161731145e-01 7.603013406794484341e-01
9.538454055296374801e-01 7.620201479450519066e-01
9.532669316727968578e-01 7.634242681903449235e-01
9.514438897538786133e-01 7.678310340068928985e-01
9.502332907512736071e-01 7.707504603629108386e-01
9.489586733656700801e-01 7.736193831110468322e-01
9.477809802163936759e-01 7.762270779772928453e-01
9.477405386733153136e-01 7.763113798635745688e-01
9.467528797455402323e-01 7.783566264536315726e-01
9.464623896210426768e-01 7.789394827931810372e-01
9.464106480139906630e-01 7.790429487993075774e-01
9.453433827693056291e-01 7.811191798813928999e-01
9.418304473314449421e-01 7.879109225609102207e-01
9.416030436725717490e-01 7.883503524766404258e-01
9.397403489770150831e-01 7.918021951875632292e-01
9.380886908879186858e-01 7.947185002160394030e-01
9.370315950043970332e-01 7.965483951471122870e-01
9.359055395528679266e-01 7.984388585365929103e-01
9.343838201764091966e-01 8.008825107006305455e-01
9.322098934270497406e-01 8.043514906343550708e-01
9.272400950784212004e-01 8.122382161281451740e-01
9.244447986121031580e-01 8.166445919988185587e-01
9.234456154168351194e-01 8.181923326719396927e-01
9.230790809326649971e-01 8.187553253037477274e-01
9.221782098577624431e-01 8.201171489635828982e-01
9.211280050985215517e-01 8.217008303752804110e-01
9.198198915417024057e-01 8.236412952065129689e-01
9.166423900703832839e-01 8.283466499300151664e-01
9.143719427976477743e-01 8.315131302019066473e-01
9.122995672441427395e-01 8.343854445230769468e-01
9.109147021373136255e-01 8.362262533162700961e-01
9.064403964463330077e-01 8.421696892753359753e-01
9.034069016187706858e-01 8.460788738949494014e-01
9.018118739441873810e-01 8.481271959374641067e-01
9.003880886961381780e-01 8.498853501796604926e-01
8.977733947452191110e-01 8.530888700556009674e-01
8.954323349048107783e-01 8.559403855967966379e-01
8.932848678374722962e-01 8.585063469487516086e-01
8.914618271528924609e-01 8.606400751868742427e-01
8.895144517555890751e-01 8.628644219791239411e-01
8.886729853794681500e-01 8.637925804056271195e-01
8.884590633141853377e-01 8.640226756768508709e-01
8.846653346782686889e-01 8.680092082670044507e-01
8.824687129034336497e-01 8.702822565694903201e-01
8.799794519348955735e-01 8.727915282748195391e-01
8.761898440862934123e-01 8.765545368025736694e-01
8.734587337578907373e-01 8.791996323673779701e-01
8.701757407886581142e-01 8.823618695319297434e-01
8.654855992404049125e-01 8.868767503863040913e-01
8.628017049140557226e-01 8.894273872272568937e-01
8.577210758725817286e-01 8.941663882676874620e-01
8.521637474742274065e-01 8.989498271632588855e-01
8.510929573187575592e-01 8.998525972930614403e-01
8.496564061540576862e-01 9.010481935837179046e-01
8.460654653113575119e-01 9.039405994970005631e-01
8.426502356145311179e-01 9.065435959408886246e-01
8.402049217075806542e-01 9.083897260776963023e-01
8.375527720211701777e-01 9.103280487459053383e-01
8.360354494129356162e-01 9.113994718974475218e-01
8.315762905757637657e-01 9.144746268926640109e-01
8.309708259212458259e-01 9.148858986097961887e-01
8.292413891154744032e-01 9.160533604542597796e-01
8.265851611824865941e-01 9.178015628467004472e-01
8.265238044793545846e-01 9.178415852800448915e-01
8.209418022775136770e-01 9.214356986714025144e-01
8.178256730460224944e-01 9.234191388167354297e-01
8.173335746443790573e-01 9.237323583248950865e-01
8.120548836424761330e-01 9.270139457238036895e-01
8.063084681315160207e-01 9.305095821268219991e-01
8.038072684464392381e-01 9.320229686250838252e-01
8.018452225358918550e-01 9.331549987180663974e-01
8.002694703765340645e-01 9.340445270506894104e-01
7.950461519659792753e-01 9.369821911480727961e-01
7.942950933258952073e-01 9.374012270657363644e-01
7.927574973618016774e-01 9.382270735063114042e-01
7.905076657736218593e-01 9.393985576125236658e-01
7.896153010801685301e-01 9.398536421730938617e-01
7.834381525580731420e-01 9.429158742813439353e-01
7.809531182866795707e-01 9.440483587388261988e-01
7.790173003129960971e-01 9.449247315574352823e-01
7.753764228679220771e-01 9.465412928988919949e-01
7.750253636655604073e-01 9.466958591109173593e-01
7.690310726337465930e-01 9.493317103395174650e-01
7.672698091254408492e-01 9.500900257586335496e-01
7.647544289936518691e-01 9.511055916133440702e-01
7.636791448590638520e-01 9.515393612349339891e-01
7.620943361797560822e-01 9.521775621690026226e-01
7.564612170312539075e-01 9.543641583062333345e-01
7.555481828417118795e-01 9.547183085034653960e-01
7.503935490662045904e-01 9.567004858547951684e-01
7.492773871814524256e-01 9.571230158391944576e-01
7.455353218381151059e-01 9.584981356883697234e-01
7.423966199452984860e-01 9.595934334117831588e-01
7.410012882437595483e-01 9.600742074192434306e-01
7.373936704741761439e-01 9.612383324240928451e-01
7.306209554667248973e-01 9.633965479811267274e-01
7.296107358203349769e-01 9.637150078776031137e-01
7.209602081851536060e-01 9.664339002509051424e-01
7.198877605481139863e-01 9.667654029724753739e-01
7.184628528872898379e-01 9.672058293422347575e-01
7.147387977289392236e-01 9.683067567524575869e-01
7.143143101547171359e-01 9.684322211787076418e-01
7.086362883539683022e-01 9.700848744525230050e-01
7.070328302340715965e-01 9.705509674209921167e-01
7.048385214741885729e-01 9.711791970238332627e-01
6.989460761401431466e-01 9.728425236474704807e-01
6.972284002703135197e-01 9.733272344693508771e-01
6.960497138894876645e-01 9.736383276185687219e-01
6.950109390618313121e-01 9.739042625365373906e-01
6.869612431984581935e-01 9.759473284792983261e-01
6.841074485494027524e-01 9.766640419876604362e-01
6.824021993603441860e-01 9.770872970536866875e-01
6.784795106897829609e-01 9.780587974235582793e-01
6.770435668916459093e-01 9.784116323741123278e-01
6.756527833039531750e-01 9.787448752270800911e-01
6.706560203930989061e-01 9.799420883384403202e-01
6.692922086408175097e-01 9.802677726700541605e-01
6.682126808973412047e-01 9.805081527007539766e-01
6.631361333430931815e-01 9.816013139005826948e-01
6.610099574713514947e-01 9.820517107710736715e-01
6.566586833616046004e-01 9.829560729566132471e-01
6.549040382581228226e-01 9.832964893464295475e-01
6.527240510846885613e-01 9.836974970518967964e-01
6.508200876729950402e-01 9.840433926082758909e-01
6.495542587403599910e-01 9.842722109668613495e-01
6.441433835041112665e-01 9.852471984261940152e-01
6.401702726708873303e-01 9.859620341044876835e-01
6.379739627905598454e-01 9.863396433299381760e-01
6.357028093611032382e-01 9.867153417916317837e-01
6.342633331870211055e-01 9.869522429009754960e-01
6.336647245136659556e-01 9.870437754929468621e-01
6.310742621841647360e-01 9.874363054876093004e-01
6.279030258914444218e-01 9.878932782011555780e-01
6.245490496946466408e-01 9.883756463384216762e-01
6.201815670622781163e-01 9.889980300355890597e-01
6.177948313645758027e-01 9.893346699838746483e-01
6.156227671279694835e-01 9.896403437265062220e-01
6.041439703946116513e-01 9.912526129475621728e-01
6.004028500103395505e-01 9.917636678582444354e-01
5.919869686280982979e-01 9.928326153952043986e-01
5.854005272380657932e-01 9.936546932015395406e-01
5.838099887290544299e-01 9.938525523048971078e-01
5.760724007251478707e-01 9.947718049356509828e-01
5.688227531430385397e-01 9.955545207124746332e-01
5.655247899513262677e-01 9.958970927549263275e-01
5.616518782369579466e-01 9.962986801619618804e-01
5.581030780142777203e-01 9.966430449961015681e-01
5.577581108058913273e-01 9.966744848990666261e-01
5.553470957159636345e-01 9.968841785645132791e-01
5.515162503442825326e-01 9.972032375247552594e-01
5.458731871119903989e-01 9.976397524707665276e-01
5.406136532971461683e-01 9.980249094821412870e-01
5.394946359164192184e-01 9.980962162332359666e-01
5.363024994902267917e-01 9.982940247418190527e-01
5.342660034670285718e-01 9.984059243090726010e-01
5.319362543755621342e-01 9.985245070484854990e-01
5.272388345021781220e-01 9.987604962863736446e-01
5.243473701144198973e-01 9.989043272180465616e-01
5.187512847719579767e-01 9.991714777700718697e-01
5.141800116597690096e-01 9.993468135907410677e-01
5.133757697233432005e-01 9.993770133020490887e-01
5.128526116778255872e-01 9.993966293998661765e-01
5.112954911445439787e-01 9.994505591365600017e-01
5.015319233395887366e-01 9.996947755189516949e-01
5.009945839402949463e-01 9.997062048571766502e-01
4.995658653667043869e-01 9.997231124486217757e-01
4.967057084208252316e-01 9.997410358704950095e-01
4.904481836980932319e-01 9.996755714791412117e-01
4.894337238393461909e-01 9.996614746643662786e-01
4.874120034661814649e-01 9.996236329561976053e-01
4.836066823434466699e-01 9.995428868962680236e-01
4.832335764110014531e-01 9.995345244538618168e-01
4.784436831016774527e-01 9.994250435831742996e-01
4.774296932328283005e-01 9.993944615972527590e-01
4.745314824415572397e-01 9.992912902032089484e-01
4.712313743653012144e-01 9.991649581297851190e-01
4.691382752844171500e-01 9.990736797859859353e-01
4.626006741387115873e-01 9.986907165330010105e-01
4.622203567421144244e-01 9.986682860772564396e-01
4.523799279920729943e-01 9.980524506962585862e-01
4.479999761764156818e-01 9.977523825131644486e-01
4.466414844412423535e-01 9.976561743301696206e-01
4.442553496758612774e-01 9.974538557944385708e-01
4.381868502842913293e-01 9.969102525417420368e-01
4.357649777324177909e-01 9.966644698858393436e-01
4.339979388920711112e-01 9.964709386757362175e-01
4.279352825850904485e-01 9.957971041651925148e-01
4.194892471192225858e-01 9.948269539677100370e-01
4.158957786528945655e-01 9.943792793007268926e-01
4.032868916874802756e-01 9.927967099309515930e-01
3.959633520873559465e-01 9.918757870511621944e-01
3.947887443532077101e-01 9.917185624869995220e-01
3.909725982759924556e-01 9.912034435610291849e-01
3.890297188889833557e-01 9.909337804903359803e-01
3.872738652042427288e-01 9.906776797361105391e-01
3.811961907639636604e-01 9.897740660937820456e-01
3.786995394805171000e-01 9.894021930771591533e-01
3.768903213977054523e-01 9.891307342362479771e-01
3.753384058944292945e-01 9.888932210125996880e-01
3.742143577447294978e-01 9.887119345093713374e-01
3.728163251312699988e-01 9.884494905804295239e-01
3.712277176986082394e-01 9.881470383912787092e-01
3.671565468325027060e-01 9.873608081427440730e-01
3.589231307025690376e-01 9.857006990262893176e-01
3.560254264180347517e-01 9.850834429849617546e-01
3.556217461517096612e-01 9.849965970696012985e-01
3.491886377431438482e-01 9.835758409394882440e-01
3.482547526743860478e-01 9.833666602142168145e-01
3.437510417051440892e-01 9.823347429532863773e-01
3.430807987896094535e-01 9.821738520782313797e-01
3.422954766563459095e-01 9.819807644545850422e-01
3.395964602861319404e-01 9.813165494753448570e-01
3.355191294326033691e-01 9.803092223539948691e-01
3.274736012558948084e-01 9.782690833735095959e-01
3.244590652925327112e-01 9.774481691111337467e-01
3.228331178255993694e-01 9.769937206421308584e-01
3.201916448758080347e-01 9.762241127805737495e-01
3.191925999446280637e-01 9.759307611210104039e-01
3.115009691078727827e-01 9.736399375091201458e-01
3.102606028533514970e-01 9.732676916119085142e-01
3.095636922284127901e-01 9.730530309365003072e-01
3.076930670002239743e-01 9.724633526076083001e-01
3.025827004296371414e-01 9.707852242053149894e-01
2.994697484021167644e-01 9.697555205590686622e-01
2.946667024446092964e-01 9.680707356299327326e-01
2.891120888012601031e-01 9.661131096008801489e-01
2.884461498077218189e-01 9.658746677045573215e-01
2.868124510107881719e-01 9.652872123595054310e-01
2.787159487346930198e-01 9.623518498716646663e-01
2.757492301177660310e-01 9.612509348333904136e-01
2.748521835068275521e-01 9.609134107005157244e-01
2.719475391460253744e-01 9.597983957795517274e-01
2.672159523520956648e-01 9.579603713858474423e-01
2.657512446396760875e-01 9.573894861657531452e-01
2.630495689386248004e-01 9.563322127682482021e-01
2.613969870517616756e-01 9.556618391028456339e-01
2.593581157779779045e-01 9.548284141185159335e-01
2.587570732902422788e-01 9.545826031285640223e-01
2.575821545547288260e-01 9.540939063689882760e-01
2.522573359717492081e-01 9.517249537790969383e-01
2.501437683135768197e-01 9.507838685010419066e-01
2.491775064377426685e-01 9.503535853571788428e-01
2.435992793148615276e-01 9.478549256682411439e-01
2.413313527497084610e-01 9.468316049687725000e-01
2.381433461366136428e-01 9.453370104608924684e-01
2.354382336818335308e-01 9.440525100638479383e-01
2.330622798118105465e-01 9.428787556750474197e-01
2.323294321697867981e-01 9.425141959871401465e-01
2.282250680178334323e-01 9.404241882655957063e-01
2.268456022813673534e-01 9.397143494879165448e-01
2.209215876000360512e-01 9.365831258635711754e-01
2.206209920158774263e-01 9.364227709820982515e-01
2.175748110114867351e-01 9.347822507202737663e-01
2.137598774503410293e-01 9.326999393948922634e-01
2.119049399457585969e-01 9.316547354006379233e-01
2.096260960586996958e-01 9.303589339015641002e-01
2.084535165401241730e-01 9.296883200467151998e-01
1.951030423495292987e-01 9.219893248246080475e-01
1.942677428852010446e-01 9.214818691860371391e-01
1.922987628747300781e-01 9.202579729301512135e-01
1.917125079157328549e-01 9.198931140653291427e-01
1.910868760720649262e-01 9.194945765958623118e-01
1.894243501448146794e-01 9.184024105080392797e-01
1.887560485402622334e-01 9.179469941622317997e-01
1.864109570012541517e-01 9.163456709360113805e-01
1.846253580460525678e-01 9.151243694371280490e-01
1.819886471829287866e-01 9.133050112309241131e-01
1.818644233749707184e-01 9.132191260216880879e-01
1.808518119489727627e-01 9.125028469062071990e-01
1.796231261771314425e-01 9.116287465525523270e-01
1.759332700889853496e-01 9.089887099497828693e-01
1.747788270470950756e-01 9.081400829191571544e-01
1.725927934402995967e-01 9.064666785815741479e-01
1.673873844576567183e-01 9.024612183471821814e-01
1.624037139355128390e-01 8.985955305176750452e-01
1.593509308254706380e-01 8.961489969588911642e-01
1.541813140002440963e-01 8.919741981444251344e-01
1.533673073132298392e-01 8.912646336614922227e-01
1.508752257297299448e-01 8.890800751928042978e-01
1.442160864134068299e-01 8.832296159342807318e-01
1.418847870444079340e-01 8.811658658177877745e-01
1.402616933187777470e-01 8.797105310593386074e-01
1.354614138332136952e-01 8.752225848603313318e-01
1.344051113555691512e-01 8.742349186003178785e-01
1.340267668220204711e-01 8.738669737618655065e-01
1.317988039322368077e-01 8.716973608787746963e-01
1.305224419682763926e-01 8.704534222449125114e-01
1.286725353770637459e-01 8.686223584682716270e-01
1.264628094735064656e-01 8.664307861765140339e-01
1.249500358637804509e-01 8.649270997545587258e-01
1.231036162338489670e-01 8.630803488794092093e-01
1.208237465006581357e-01 8.607836967578296195e-01
1.184683025252354915e-01 8.584017035245636862e-01
1.176583688520003723e-01 8.575493161202593084e-01
1.162824482965885697e-01 8.560991976082285015e-01
1.119390973080888751e-01 8.515051622841121048e-01
1.099753243782706780e-01 8.493546823780960819e-01
1.043307653901824339e-01 8.431353604853564221e-01
1.024660331976564032e-01 8.410382124823090333e-01
1.007566100552458876e-01 8.390902904225788772e-01
9.739433359104204824e-02 8.350687712641295946e-01
9.666125402326092297e-02 8.341790031158247132e-01
9.488489252398940588e-02 8.320009513812929303e-01
9.401111325255478990e-02 8.309258071395024814e-01
9.187339303698488502e-02 8.282742985244881950e-01
9.140571609034192635e-02 8.276782734146013176e-01
8.962589545401083990e-02 8.254079709010334609e-01
8.610468349666738908e-02 8.209104713357485705e-01
8.575141444366979337e-02 8.204450464927294240e-01
8.215836680906191125e-02 8.154151134330532846e-01
7.835297224658316351e-02 8.100623772072014228e-01
7.770651170974401944e-02 8.091410037189501470e-01
7.613553998846717130e-02 8.068165829774404108e-01
7.543710857536450876e-02 8.057673627964705432e-01
7.411892128405656033e-02 8.037570195827432595e-01
7.315580137005878170e-02 8.022341383362829870e-01
7.163052481941983851e-02 7.998053507298891196e-01
7.037726235915470197e-02 7.976554964219992883e-01
6.995906715813166032e-02 7.969250796244177204e-01
6.823065105854014822e-02 7.938897041795802689e-01
6.634440994086726606e-02 7.903908688867042898e-01
6.501697212068419107e-02 7.879038668053628403e-01
6.239713450749101442e-02 7.828888541883938235e-01
5.813806654627046155e-02 7.747087689248027820e-01
5.779926042865551894e-02 7.740283344250961095e-01
5.726046050109118157e-02 7.729260311837674591e-01
5.617783765695688603e-02 7.707002118487981113e-01
5.292918414803199356e-02 7.639843112043233075e-01
