1.196337343066141423e-01 6.516012434767560757e-01
1.443312220226751486e-01 4.659148910656265574e-01
4.559539764233138115e-01 6.486046102519671397e-01
1.917978792892101880e-01 3.539623996676383166e-01
3.114033125953001857e-01 8.034319340638015339e-01
2.288943657751237315e-01 5.428559761475046930e-01
5.423896107421957158e-01 3.345029842076787108e-01
5.331183431763770741e-01 6.323974592540589912e-01
3.055890721790059383e-01 1.878187307398445638e-01
2.000056583920843956e-01 5.368462208225543986e-01
5.393197263518751949e-01 2.957277374617173771e-01
3.313188449538795877e-01 6.409511357509570795e-01
1.736762602764836405e-01 4.477873639421958707e-01
2.275403248985429505e-01 5.968652522709458896e-01
3.638494245043917275e-01 7.459260683836080874e-01
4.036112167770749548e-01 4.248927615832669424e-01
6.552434602727698065e-01 8.001444244772908387e-01
1.665949188358286648e-01 7.112119975369198821e-01
6.799181882828405632e-01 8.276200304369207839e-01
6.920181524075712520e-01 5.710229061516182147e-01
5.409537731818970796e-01 2.992442788967037970e-01
5.869813649162118896e-01 5.356708593456009915e-01
1.326952921500003379e-01 6.092954178325473702e-01
7.280567809640685617e-01 8.984461031539057174e-01
2.201773115574595652e-01 4.038430005318293103e-01
5.726348905560818547e-01 5.163211655869203165e-01
5.771890617827323267e-01 4.206638650698322213e-01
2.827106685302516742e-01 1.922258863551186137e-01
3.686931932913624643e-01 1.531613926033906226e-01
4.268195374827972177e-01 4.952913952147738330e-01
3.407083655089787610e-01 5.184126676467344375e-01
3.545775144176411819e-01 5.262826541447500617e-01
5.388022644586319965e-01 5.753462650765768238e-01
9.073786400755366743e-02 5.740232078844120789e-01
6.760461205214814973e-01 8.503016021795376522e-01
2.624204508060829499e-01 2.877001054698352100e-01
2.251150291851501117e-01 6.294974276775064936e-01
3.213299490325706720e-01 5.606609155259787425e-01
3.241513752015793837e-01 6.132530592592282392e-01
3.804096711405260955e-01 8.446709370844375231e-01
3.564137756043663785e-01 5.312087938356757633e-02
8.530277460629246411e-01 8.688195334700312689e-01
4.279026466635387216e-01 4.374855990154113417e-01
2.543497679174925308e-01 8.049740400871097101e-01
6.783333965120178499e-01 9.383691557276517825e-01
5.322164866439538233e-01 8.500101138281541679e-01
3.426982661015699483e-01 2.833517594814088936e-01
6.679398371995955985e-01 6.808503664378386944e-01
6.698876700758920055e-01 7.469166174750462295e-01
2.068476586180674481e-01 4.195694819275632148e-01
2.834486690628743033e-01 2.916923667900891415e-01
6.081854136339208683e-01 8.536423968895231473e-01
4.042348460460292170e-01 1.618127080522263617e-01
3.854882315910141966e-01 4.560328681753335056e-01
1.133127294353974690e-01 5.842352049272886427e-01
1.878304275411099566e-01 6.722184223698794980e-01
6.634412646335110519e-01 6.253379410564586793e-01
5.238142976538510132e-01 3.510328621461527021e-01
1.314591842890611151e-01 3.869107280449642916e-01
6.657246618967417318e-01 5.797861217584685534e-01
4.476929578707522506e-01 4.854062657592025376e-01
3.916970065832179881e-01 1.518133375633812232e-01
3.979880891979337143e-01 3.118229929362920094e-01
2.065803327662089905e-01 2.275350546827323017e-01
7.387851003779344339e-01 9.059272705790157865e-01
5.904193949292121379e-01 8.048301584819902432e-01
2.086782547130718590e-01 3.482478629069480913e-01
6.546766467095639364e-01 6.651941762159270244e-01
3.356983181941352035e-01 5.510385258307198830e-01
3.577240806422852804e-01 7.123297898163285513e-01
5.218519983652964989e-01 5.491065122011636879e-01
1.641343832769143474e-01 2.996541268284957926e-01
5.564267617047446990e-01 4.800825452838305973e-01
5.278614603748412737e-01 8.747492599492235898e-01
2.520177999490067489e-01 4.440238607360186274e-01
5.582038565900986349e-01 6.249237565173303421e-01
4.740609535787956297e-01 5.439145039499040379e-01
3.933856781105877221e-01 1.312122226012015502e-01
2.984699441480445636e-01 1.107786787789726141e-01
4.550167537446396793e-01 1.958702986333498708e-01
7.417086632348970365e-01 6.274600065744506683e-01
3.590528324568959539e-01 2.699174119649970782e-01
3.140441155469937407e-01 7.111816524727095912e-01
4.604717087849367063e-01 5.627245261896551831e-01
7.269824515370950646e-01 7.554478429472464285e-01
3.519583510132111570e-01 5.003114345013152109e-01
2.683257991842691315e-01 4.814602246279919839e-01
2.309010290070737104e-01 4.887455241820646279e-01
3.639192881647579370e-01 2.749705229015004804e-01
8.769011742111586238e-02 4.094355714273383851e-01
5.337560253907553953e-01 4.875968302447358238e-01
5.180810932956902981e-01 6.035832557128218978e-01
5.487353114783912605e-02 4.320750025843671516e-01
5.593203690746122447e-01 7.887184759626548747e-01
4.134778336532329290e-01 1.882569079218890939e-01
3.994625566140142525e-01 8.051730609910805470e-01
4.836126859325403649e-01 6.255245007091042586e-01
2.125319153504945380e-01 3.872674981589888654e-01
5.223229167424823238e-01 7.010557945129465285e-01
4.501318140368686382e-01 3.590019836161250644e-01
3.286589540488872307e-01 1.480134770193352045e-01
1.350489267267169224e-01 3.859803848200293874e-01
6.577876217969560457e-01 9.183419414445724849e-01
5.596643878469271804e-01 4.118934153262991948e-01
1.046241934051101163e-01 5.825412931482503165e-01
4.439329400148804838e-01 4.795866720925161530e-01
7.079627257447345112e-01 4.937236338204462616e-01
8.401240139591323874e-01 8.739343441206189889e-01
1.023900055014120014e-01 3.998898116877790399e-01
2.171848475459077776e-01 4.785818787583169809e-01
4.935250477886974352e-01 4.672296951425702893e-01
4.783058069227011933e-01 7.472577128394969348e-01
3.095156237003060529e-01 6.639129894880816396e-01
1.718138850286057284e-01 3.812245859430012374e-01
4.594791150604395358e-01 8.456851556810167647e-01
5.408780308463284614e-01 5.356876713243245991e-01
4.329103949639789839e-01 5.202160645225968327e-01
2.253046164729826384e-01 2.554248737587882512e-01
4.924022268408235758e-01 6.217974672220804022e-01
4.780374463186141121e-01 2.103646676698554541e-01
1.722640040123546434e-01 3.623731407181785547e-01
1.206832736303698195e-01 3.414954405995680453e-01
4.722308032381582477e-01 4.101296191684502546e-01
2.282807850988266274e-01 5.065145276533423724e-01
7.926105174805364584e-01 8.706757583204181028e-01
6.915725017209484182e-01 7.823433698288198013e-01
4.361346975822296690e-01 2.484920587262373637e-01
4.359994649384791865e-01 6.069268867478122553e-01
5.358395564174804893e-01 5.368256572240447388e-01
6.672716673039909008e-01 8.591111352650221411e-01
1.171364737761846492e-01 6.830758302925787895e-01
5.256569083596988046e-01 3.904806399927218119e-01
5.041161121197451633e-01 4.027446931608485992e-01
3.455961542189138758e-01 5.319591167407616839e-01
3.893686055407071800e-01 6.015015003111356950e-01
3.454920619236727664e-01 1.680897247000227579e-01
2.721682614795472022e-01 5.864310939642296550e-01
7.625635133843791102e-01 6.516225494414987773e-01
7.623354263017969590e-01 6.801446544441428488e-01
4.061327591956646610e-01 2.265707948032441577e-01
4.647552612859396914e-01 7.939327289591939785e-01
3.734422085414925707e-01 7.114805694092314337e-01
5.001523092305296680e-01 4.948821135625854351e-01
1.195514607745755409e-01 7.458605080275853005e-01
2.548139956481385027e-01 1.676893568026088799e-01
2.189090362350901708e-01 5.689893119220854611e-01
3.597815628588535430e-01 3.233876523350639465e-01
2.113906959412173991e-01 5.100151634162342074e-01
5.083678329785360495e-01 4.271948252350890596e-01
3.463965702624924314e-01 4.304846560420855783e-01
4.415346424810358550e-01 4.250178719276237471e-01
6.779585555694602750e-01 5.944389029095878962e-01
6.013817866038071447e-01 3.596942556339150499e-01
6.377858076098361639e-01 7.217032637040060594e-01
4.130628347064497219e-01 2.099110272891178686e-01
2.390479820572082581e-01 3.390280298611865195e-01
1.962587858178932443e-01 2.284695049872313422e-01
8.079894761047234919e-01 8.403452531583647245e-01
9.272273270989926652e-02 5.218491763713247744e-01
7.754266154976294789e-01 8.723477364615773721e-01
6.323769412324908856e-01 8.626377436016529066e-01
6.622888368272644710e-01 6.210904244123127693e-01
6.992513771082107255e-01 7.472352383933325015e-01
4.695752445221409305e-02 3.754869085857806543e-01
8.125435069084601114e-01 8.809663613396162551e-01
1.984629124692111890e-01 3.892142189842180411e-01
6.506104425843748373e-01 6.847000599467338855e-01
5.400093971148337557e-01 6.455986336446358775e-01
3.071759458696362022e-01 1.581282060934332268e-01
1.184190868531563856e-01 6.255343944747345786e-01
5.918758114546983640e-01 8.614455389829714926e-01
9.591550854973232010e-01 8.319695532337592070e-01
1.195806539071296859e-01 6.929199690830767366e-01
6.221034825109653665e-01 9.249585359108352112e-01
6.530617095640521563e-02 4.480854550689216120e-01
1.807355441755774395e-01 3.529053134542405878e-01
1.710874262383687283e-01 5.336369302756016619e-01
7.846643597720721897e-02 3.281667581374655418e-01
2.212286316083280635e-01 5.263656817147257527e-01
2.981130428121266940e-01 4.101289839321867192e-01
6.547408275198032257e-01 8.791123727950524991e-01
9.534740547924112908e-02 5.821831766101099870e-01
6.940788535126030112e-01 6.950368887491813474e-01
6.086875621682912296e-01 9.052956156265279386e-01
4.509217712638300402e-01 4.652369688059402320e-01
7.610909820782773005e-01 5.811032434007321612e-01
8.613279587734228304e-01 7.416863628704457589e-01
5.028706698535059250e-01 7.935043922780831149e-01
5.527022101553524802e-01 7.967774978905016736e-01
3.707981665122889181e-01 4.181918738690672543e-01
7.511160036852677635e-01 6.925160991121607212e-01
5.517098202004392382e-01 3.735165609533746545e-01
6.668917923726565000e-01 8.906266200716148607e-01
1.421946819587646682e-01 7.423028592728936337e-01
1.561461441718973997e-01 4.036442705133208575e-01
4.312201630678574316e-01 3.890534693588880710e-01
4.705561253968613689e-01 4.982043830503901094e-01
2.351151524771235846e-01 1.975627948218784125e-01
2.076375713453735561e-01 4.550731097905187927e-01
8.071753872713458566e-01 6.134433387752621369e-01
4.610371617582438297e-01 2.931155751724930369e-01
1.978886240530300100e-01 3.121609535129913349e-01
6.399782661763196989e-01 6.245649602263135813e-01
8.413878674333361007e-02 3.488957785310065618e-01
4.911297140729808941e-01 8.418732326867021110e-01
4.180401181490026041e-01 3.968438357789049187e-01
6.924620643282057841e-01 7.313736677058016999e-01
1.999085698923850907e-01 2.208841639835918691e-01
4.259895617957327740e-01 2.665305834584327238e-01
4.045882918522114013e-01 2.417187363836805214e-01
4.099417801163173225e-01 3.524616179618190182e-01
7.642005452341062155e-02 3.442382912748847001e-01
4.612310921823677967e-01 6.932261305722857703e-01
5.455822611344396389e-01 6.443287378949033029e-01
6.048219932510320307e-01 8.218986240850232328e-01
5.951437568614958984e-01 4.231525503713640113e-01
6.362126136736566684e-01 6.445063959609104165e-01
7.006041830754707878e-01 9.161649646675614767e-01
2.619937032742182814e-01 6.323311724889473240e-01
6.123768026789113694e-01 5.610418580660965215e-01
6.577471502470335629e-01 8.239755431646801354e-01
4.439446401779966189e-01 7.091049619198207532e-01
5.951986042928138904e-02 3.868234448650698099e-01
3.567325044217386498e-01 2.692637534837381552e-01
8.137769313491144407e-01 7.043468955868246173e-01
4.324963194413959378e-01 5.809738640342604343e-01
2.512937909000872994e-01 7.658230576728886074e-01
8.444874075112429601e-01 8.336051257573056095e-01
2.359798626917030406e-01 3.712415387287855695e-01
2.670162198047854041e-01 1.617584581392626508e-01
4.971472756051511510e-01 7.653600719194767477e-01
1.028714621978360499e-01 5.951816602943910128e-01
4.928775722955891503e-01 5.735375178227697379e-01
7.119351025182881765e-01 7.324873045536897109e-01
7.634483689072324442e-01 8.239305218143982978e-01
3.952299340029570285e-01 1.342495174075752917e-01
2.055283541156247562e-01 3.475464205902316084e-01
7.239709900093154182e-01 5.637179467567458024e-01
7.605374425827888807e-01 6.526800206908651703e-01
5.860230492462515928e-01 6.814214499507196265e-01
2.968514169350501830e-01 5.125704125675484280e-01
4.803663112144548331e-01 8.221995380486935012e-01
1.321998074526279654e-01 2.580102585777436786e-01
8.450204261975325926e-01 8.552465219137064256e-01
3.545061126430376075e-01 6.712885411734661467e-01
5.062070718979925221e-01 7.523317211844293695e-01
6.853392015849686381e-01 9.468791206164324237e-01
7.189400233905900439e-01 7.797509110344096328e-01
4.921196220602381266e-01 7.584676126212084313e-01
7.397411427335962575e-01 5.307492687078497751e-01
3.311850349636139557e-01 3.042172178732163168e-01
1.623328640954435631e-01 4.528696200722024390e-01
5.921958028065466006e-01 6.506967360237354558e-01
4.820723043002473340e-01 2.563469506984664692e-01
5.057216043110728254e-01 4.180116272648666809e-01
3.523798969658093472e-01 8.928742064127681566e-02
5.527543919332016387e-01 8.489629665249314172e-01
6.509805674891757654e-01 8.763250308756304063e-01
6.304131279737084093e-01 8.183012700568754738e-01
1.846895929721456275e-01 2.071645256982948269e-01
3.242380907059863038e-01 1.464064428614558488e-01
7.012421452047292725e-01 6.908155958596503554e-01
8.360530671234731037e-02 5.227959244129687377e-01
1.811744002834868028e-01 6.177162081216703848e-01
6.234814276595389559e-01 7.525912806032528657e-01
3.539980678491281285e-01 4.224305236995552493e-01
4.114059595316643669e-01 3.569748050112726556e-01
4.405431106160182519e-01 7.459467570711488804e-01
4.702431140972019863e-01 2.794386896192109782e-01
1.015921505666752545e-01 3.429242115171368122e-01
7.835998313902745593e-01 8.243556024592988418e-01
7.950549758744650530e-01 7.431570960168262241e-01
5.991462181119425745e-01 5.091482787060231940e-01
5.550496680249326076e-01 7.456670928600654946e-01
7.223252835839765185e-01 8.151074337962681549e-01
2.879140723854882178e-01 6.350191928706262479e-01
4.733630429301711739e-01 8.655616651946335116e-01
6.148176848964955754e-01 7.111404511716691301e-01
2.184294783239968951e-01 5.698072726752406725e-01
2.726049446460174219e-01 5.051223953694751190e-01
2.140404393014899709e-01 6.782966016549129007e-01
2.126082699160569689e-02 3.487016102608292423e-01
5.480946721352092377e-01 8.338949813222944485e-01
1.259579048697120063e-01 5.478401514606088263e-01
2.566204825199129846e-01 3.761037693588632491e-01
3.469909878535543113e-01 6.851609651408604451e-01
4.391707049615414804e-01 4.531083130472179921e-01
6.724886358945867393e-01 8.676021923095749155e-01
2.520826781419189810e-01 6.824032283584262615e-01
1.576685816011117736e-01 4.208446308617145859e-01
6.395982820497021493e-01 5.882263010867884168e-01
6.561350474400645671e-01 6.885161497590583934e-01
8.033840073867642984e-02 3.554627911564778864e-01
6.119656755761460065e-01 7.645255621972705251e-01
1.146018636459414375e-01 4.163986463997009224e-01
6.110007417590045398e-01 7.038842212700709977e-01
2.760592610776803069e-01 1.551153637994905909e-01
1.792828651400277529e-01 4.863617349710689930e-01
4.141828022218195793e-01 2.132477954991328084e-01
5.995079039479127569e-01 4.765607511043625233e-01
5.185820233808378088e-01 3.910852214383229164e-01
7.670600669368983215e-01 6.404937114790669739e-01
6.659404250230772648e-01 4.447692492313955470e-01
7.901715545567631338e-01 8.645218186928470550e-01
4.933349306687216940e-01 5.982102700089860781e-01
4.551050511954194966e-01 8.576106839774889634e-01
1.556654044642562240e-01 5.138470566675155116e-01
7.330159818391941418e-01 7.850955549062174077e-01
4.802096558065066523e-01 5.862857857199602618e-01
2.584011819285544354e-01 5.084656706374749424e-01
3.595135173839429932e-01 5.569148725340019590e-01
4.695323246059477373e-01 7.725620863014317496e-01
7.295997432111364089e-01 7.371676263906838944e-01
4.438711088314149511e-01 2.740085879119481538e-01
2.457368635764179132e-01 4.644089606194138353e-01
3.903655519282345776e-01 6.787905668743345888e-01
1.507364673329907312e-01 2.427177754331441561e-01
1.321197752710080997e-01 3.437677052260809107e-01
5.784294913926704140e-01 8.469085116404929670e-01
7.318513951192983091e-01 7.005721897852461577e-01
1.332418515803260872e-01 4.298777400937693893e-01
7.253131851271130692e-01 8.063531443092253337e-01
3.205174260434319744e-01 3.075290497903307441e-01
4.025248135427628715e-01 7.517056415373633005e-01
2.580909616585161936e-01 6.705306671070651037e-01
7.317657756133802982e-01 6.018042296213901299e-01
2.281481619180646125e-01 2.977865424258760441e-01
5.315663014195370906e-01 7.197630603106809355e-01
7.188640009290185873e-01 8.820448354980430228e-01
1.538769788252195847e-01 5.322071414095544961e-01
6.331251325302442723e-01 8.965188279650634362e-01
7.203244633802606822e-01 6.403281435117266218e-01
3.665373736716830422e-01 9.936422976444392319e-02
3.889833066650734139e-01 6.630579126474660523e-01
8.400868751942009993e-01 6.987299078939654962e-01
2.885297948490855857e-01 4.021215928118395122e-01
3.702676601712112658e-01 5.501688315898599635e-01
2.414675545741993001e-01 7.346563085638747603e-01
4.891337071434146422e-01 4.769030094822480637e-01
3.862083931243674995e-01 5.339753328440276503e-01
4.560380706450792299e-01 4.306685835481287028e-01
2.309149217160637868e-01 5.150614793407342074e-01
7.223234836148395566e-01 6.639251575621549772e-01
5.693781320519719635e-01 7.996094634399709689e-01
1.707532981924317905e-01 6.815662328951768156e-01
5.497927529258932466e-01 5.316101149739568266e-01
7.421248386947998377e-01 5.808682136399738738e-01
4.309634454718014873e-01 3.211684121821125615e-01
3.366291859206438364e-01 1.972858162748928612e-01
4.253812258747873276e-01 3.110202984658068104e-01
9.128357400346741590e-01 8.381340514007242781e-01
6.854926197843430602e-01 4.759032874407496672e-01
9.080396023871617484e-02 4.335142174700626905e-01
1.172201687098285150e-01 6.638044568698679981e-01
2.612955524286631470e-01 6.170821502058928543e-01
1.234411965252872889e-01 7.627941896188660253e-01
6.215021322348376343e-01 6.573831803771899018e-01
2.792537523237449415e-01 7.413269128545392217e-01
1.871077780910654353e-01 5.870217620574861295e-01
5.479420193220737589e-01 5.240917030623865047e-01
8.806890073974906752e-01 8.084339891732443828e-01
3.813777088090721801e-01 1.981961315331795814e-01
2.389554561195979809e-01 4.484966129889146891e-01
1.355205740252272695e-01 4.958092765247467115e-01
3.158901861314863946e-01 2.949952776459212611e-01
5.794886187319657767e-01 7.960025169682573010e-01
2.344651915966154410e-01 5.771271974488072498e-01
6.663471635938069682e-01 7.310454480483246087e-01
4.800132927333415900e-01 5.178986682446451439e-01
4.062318603607694700e-01 2.145916059634350448e-01
2.991793518986590739e-01 6.397502193418727057e-01
9.409385269411886243e-01 8.252813088721711043e-01
5.051189447340984628e-01 4.447451280707233612e-01
1.733943569718110478e-01 3.264801512238926229e-01
6.159096804626847943e-01 6.748677990754081701e-01
4.103969806819308674e-01 1.429596433743045292e-01
6.051593435936380994e-01 6.030903506146048088e-01
5.693086707517348577e-01 7.712435068019859452e-01
1.747106423839688283e-01 7.024100788290246200e-01
2.849085529576795839e-01 5.831304506166096191e-01
7.093382180821619643e-02 4.235735373075245613e-01
7.327072635912195153e-01 8.202797289950902737e-01
3.118913737660869434e-01 3.847571953605676831e-01
3.279420275959550324e-01 1.823305580283071103e-01
7.276811164977152746e-01 6.507703584906282535e-01
4.679250834382076008e-01 4.061752977050092639e-01
1.109098536227418469e-01 6.588252926464011061e-01
5.280048035682560759e-01 2.862103120438714843e-01
1.810228036713712740e-01 4.770321316803842193e-01
6.058459950446765108e-01 8.999407992107980592e-01
8.681937820532685812e-01 8.414810424956991053e-01
2.574113561329416933e-01 7.933982099313016123e-01
6.406787804789795260e-01 5.609754389898131688e-01
1.548324603422196466e-01 7.406056987447240392e-01
4.450464932851433963e-01 4.720889750862652945e-01
4.962132528860261349e-01 2.810349153001422406e-01
7.127298637518850732e-01 7.456803535872438271e-01
2.947538263842597872e-01 2.948654105724131669e-01
5.073556738129763044e-01 6.555703524831786311e-01
4.885559574875423805e-01 4.517935835842254999e-01
1.495413089497888426e-01 3.070680610569469504e-01
6.056928082351606957e-01 4.152777937510978012e-01
7.433356784941005380e-01 7.465165356513983053e-01
4.682442803226020689e-01 4.995580083820415074e-01
7.812755908832140772e-01 6.677282808235203149e-01
4.287169296131165819e-01 5.986742377362519463e-01
9.097208589738398077e-01 8.070322033376183812e-01
2.519851376010388000e-01 4.689415655241728764e-01
1.030644578824582436e-01 4.059322982052622764e-01
8.944109838528426781e-01 8.199583373422972832e-01
2.628760539322923528e-01 5.599503014349498375e-01
2.520976144862780433e-01 2.490533016972153457e-01
5.227825275442035124e-01 3.438113225227187875e-01
2.118148211533819603e-01 4.270710441199410123e-01
6.058028434266777840e-01 6.397452248162898147e-01
6.817264150740764972e-01 8.111148707455388962e-01
5.746495376806912692e-01 5.151929337873217829e-01
4.976306744188657705e-01 2.616273653260650089e-01
1.424927417382013950e-01 6.626876946478362784e-01
2.952535804657716589e-01 2.551443432131845213e-01
6.508708409747616663e-01 4.957772634358522668e-01
5.904485129529262188e-01 5.386784286093131424e-01
8.231681018259719984e-01 6.552109481277041958e-01
4.138202862922175096e-01 2.127794213886569086e-01
1.117762156060196771e-01 3.754071413222781484e-01
2.887603885382453162e-01 3.169595595000902488e-01
6.640295346423188416e-01 7.685470957407863901e-01
4.098454495645394990e-01 1.495299869321195518e-01
5.541762035187413060e-01 8.215294752894030106e-01
9.787391730083944141e-01 8.253653772635457520e-01
2.312284997887172067e-01 2.964692104085497881e-01
4.714853770793757670e-01 5.804956469497468685e-01
7.569778589790802092e-01 7.630984486410390399e-01
5.733107898256806223e-01 7.121280470444498745e-01
4.892638664214301464e-02 4.075518757875785658e-01
4.627012292568849494e-01 3.964149556267189678e-01
3.830495542314095725e-01 7.226521431465247058e-01
2.714520528190294546e-01 3.387682670409956076e-01
4.964697209450961712e-01 7.565152477001849673e-01
1.804725602833577858e-01 3.430503231854089563e-01
2.040286377680009533e-01 4.918760029490252816e-01
2.129909280839534791e-01 7.492137211368068428e-01
4.847860636339574869e-01 5.349200880226059329e-01
6.584814585109326490e-01 6.188064044658532215e-01
6.663474383216396735e-01 7.479360296104872186e-01
1.485532787523058951e-01 4.323086256509087733e-01
4.924479614461714505e-02 4.107952992157345440e-01
1.951853670716827416e-01 7.479268165585223338e-01
4.760499814089733106e-01 7.749519655670392693e-01
4.671571691676305038e-01 2.102175457568900285e-01
2.468341624927528066e-01 5.279507474897126018e-01
7.839376143793029827e-01 6.965234027363927938e-01
4.995099222314534071e-01 3.829797738076475833e-01
2.433364851283894015e-01 3.687602746315271074e-01
2.414507715670905219e-01 4.482110003459180980e-01
2.812847897104945316e-01 2.920147442560611650e-01
2.002327361412154783e-01 7.458716526472091157e-01
7.036625232971522870e-01 6.349354831837583646e-01
5.589967391218793047e-01 3.884492678182419612e-01
1.497511083110282804e-01 3.066203285214609275e-01
6.442962754236186695e-01 7.544373233230800002e-01
4.863438210153084862e-01 8.334690193299537642e-01
2.916060995399057387e-01 2.082040330088719693e-01
5.116951800247580007e-01 7.880207988177679868e-01
1.661238820798679738e-01 4.067706617254490120e-01
1.549760026183976125e-01 2.960384468099045985e-01
6.441983889772378014e-01 6.035908564941139254e-01
7.125613509987747118e-01 6.753592505871819363e-01
6.896025621184471710e-01 7.174805520108873402e-01
2.400773462410198400e-01 3.668444865773447527e-01
4.581291431322692675e-01 7.291624877711896380e-01
6.945184351992181870e-01 6.972174813228126933e-01
3.156144110322693930e-01 5.815340569110650781e-01
4.580473442851654142e-01 7.132105719800710952e-01
4.226487008009222057e-01 2.524863716569812899e-01
1.848132351276300656e-01 6.517115730436656706e-01
4.015397699101087015e-01 7.624873319729597032e-01
4.424964796145954282e-01 7.859183104853256774e-01
6.128404050100578759e-01 8.587990353131599308e-01
1.193915942021943344e-01 3.671039568900049677e-01
2.141321836147181412e-01 5.275215236779948746e-01
4.929429862901144599e-01 8.032744371203867084e-01
2.970310647767003820e-01 1.858711954411360612e-01
6.489910139937797862e-01 8.381928918013030749e-01
2.159392820865363161e-01 7.309714960169220177e-01
2.880942515025808892e-01 7.783754400805630302e-01
4.160939576430787712e-01 2.915760272378389306e-01
2.409420216331569220e-01 7.207745161644014686e-01
4.082619598674632200e-01 1.921009101477152980e-01
5.391363414337351223e-01 5.848175540979759779e-01
6.389727276028780434e-01 4.112465836717918988e-01
4.037064207839526908e-01 4.305918632794009659e-01
3.872458748034399156e-01 3.868464667178829197e-01
6.862913510978627674e-01 7.683036756947508872e-01
6.803331207848156703e-01 7.057931405378150558e-01
6.268901799604038594e-01 5.510056325066742255e-01
6.888924781340055592e-01 7.138636894521894760e-01
1.796957009011930229e-01 4.823099886850837348e-01
2.979577815282470343e-01 6.819472000686733759e-01
7.196975324922298689e-02 4.193362579955994818e-01
5.814723337938145775e-01 5.206822238545487647e-01
3.883233332412600047e-01 7.913142148287332089e-01
2.007385257620322994e-01 7.353294230998010939e-01
6.534566984405313361e-01 5.531843524728066175e-01
7.047883704902773161e-01 7.576973914475781946e-01
3.179445635133449910e-01 3.422129615302149097e-01
5.859512555637852449e-01 4.712276522453925920e-01
6.906263537588362977e-01 5.017941266238830078e-01
2.674791606095375252e-01 2.000454058015038172e-01
9.320248052334693944e-02 5.317844724668372436e-01
6.768101945233704342e-01 5.546780577434726744e-01
8.436348920821513664e-01 8.699601877519750337e-01
3.323822444873955617e-01 8.259806410342722671e-01
6.467332978228617080e-01 8.763664702019412500e-01
2.700236575031243480e-01 5.877812343940143069e-01
8.516718672545753321e-01 7.884159244203747807e-01
3.596639370102279742e-01 1.538245219194751823e-01
6.912482167386102550e-01 7.033006529820703401e-01
5.098241368192840683e-01 2.497895973042617013e-01
4.092251438388443407e-01 4.794885304327030640e-01
4.230590771537062755e-01 6.242643507361422817e-01
8.643870849301101833e-01 7.171306452531123199e-01
3.291618069774582267e-01 1.359152182466207559e-01
2.338794311302296591e-01 4.895581113776265036e-01
6.353587519111832949e-01 7.672031348214967128e-01
5.259556825457912810e-01 4.560175166794200874e-01
3.717312794349650895e-01 2.723719785955706629e-01
3.711538846848900786e-01 2.240851736468151556e-01
1.752324572991685592e-01 4.676772329618764101e-01
6.792687340357901338e-01 8.559532736332892133e-01
7.577946828236927779e-01 5.592548709039036892e-01
3.685010071930220343e-01 7.337708154107867031e-01
2.017391379251228245e-01 5.551715729604727034e-01
1.361735775605998344e-01 6.999666019613292045e-01
1.039292346495614972e-01 4.189992638425237281e-01
5.201297980656923725e-01 2.658032240535625479e-01
8.820685315782547664e-02 4.749958714093372447e-01
5.971273459510552106e-01 5.910428692678837415e-01
1.623710798042625192e-01 3.627094053825899445e-01
3.469109832096970436e-01 8.117633916830911955e-01
2.775292577154632179e-01 7.546372880805857219e-01
4.993791124824751293e-01 2.545935103617510409e-01
6.421674778262040917e-01 4.241783524972763675e-01
3.776800625359466035e-01 7.872795519129839326e-01
2.822687394643014214e-01 1.357219811915006957e-01
3.542898602837712962e-01 4.317499790905843238e-01
5.600839803183155219e-01 3.747538841770067797e-01
2.622738671721949744e-01 2.825827437855408242e-01
5.901831020852934540e-01 6.458840206922946692e-01
7.000953152514837186e-01 7.544321014292920680e-01
6.800260001435930457e-01 7.847248418781900270e-01
1.271012886851362045e-01 6.999793580113125024e-01
5.150399621618158008e-01 6.227215415607219029e-01
3.966379086275346744e-01 4.409437489429907653e-01
5.301506515912168815e-01 5.002953938454166583e-01
4.922767561300894767e-01 5.639268932609399210e-01
7.157986007734254974e-01 5.807059991813003919e-01
5.878339289794189959e-01 9.094004769346747397e-01
8.069203494466856696e-01 6.331330963401270440e-01
5.047377748953127963e-01 3.578160294633796479e-01
3.333227811459409939e-01 1.398169523246548807e-01
2.995177082297543203e-01 4.163423978876514275e-01
1.188404790147269546e-01 5.325754765383220457e-01
2.533704181589631621e-01 7.050951566309909824e-01
2.385789324409983425e-01 3.318588119227126598e-01
4.508219919941159892e-01 8.623728779048027704e-01
3.976271009488663855e-01 7.210347136798188616e-01
1.591510554407969957e-01 5.863788558670796069e-01
4.288995687404292267e-01 5.385482029747807875e-01
2.455205048083567987e-01 4.412877536666854339e-01
2.797961526490621575e-01 6.039072536769192201e-01
5.386174287747891309e-01 3.851887367110515825e-01
5.188180706504889050e-01 7.055621984709699035e-01
5.822139144718909698e-01 8.270618952330970330e-01
5.273379573572395396e-01 6.364334528511481626e-01
8.428501251229839619e-01 7.327204789513677152e-01
3.821336004141644427e-01 6.069693070486843478e-01
5.439553912292065529e-01 8.457172318446000148e-01
5.877737608038313688e-01 5.363762820692941080e-01
4.038179311564941143e-01 1.523831250804607573e-01
2.628659185144360810e-01 5.414167025499886376e-01
8.357733558970319165e-02 3.034319226365360112e-01
2.460052533125330620e-01 7.097816375043457526e-01
6.375244294499782249e-01 6.105054370372542394e-01
2.249576773175525624e-01 6.566871631816585397e-01
1.196767790070815407e-01 5.672125865069063133e-01
7.445551138647916734e-01 8.689923973410436098e-01
6.791357767213538343e-01 7.392369590515315281e-01
4.327438927652775824e-01 8.161468238057819624e-01
2.845573718775024075e-01 1.485769864585353428e-01
7.403374577536037116e-01 8.127661043629375026e-01
8.698751383215803656e-01 7.281442288192065959e-01
5.446187775614625970e-01 7.791406496846605689e-01
9.081560570054090231e-01 7.587123220120017830e-01
5.568836388381845914e-01 7.018959098786763384e-01
8.916302401616471585e-01 7.811895122906642452e-01
4.144793364905118016e-02 3.549114391873532393e-01
1.540266943702450486e-01 4.557963839153521546e-01
8.077072948544311570e-01 6.175440608498085071e-01
3.102347025483074283e-01 4.805155626722007467e-01
2.553924299966762179e-01 3.850219171789137640e-01
3.560557817929806412e-01 7.158523692433493846e-01
5.018020997596941424e-01 4.477059142455787621e-01
6.512117762939528820e-01 7.093930923735468630e-01
1.453685831103760373e-01 3.869343590899644303e-01
6.076650382821464635e-01 4.228411508794618912e-01
2.087565951126635899e-01 5.720568948380128083e-01
3.963887698273261262e-01 6.690240191101644029e-01
6.786364963108809656e-01 4.925969479804079842e-01
1.993333769355063734e-01 5.094752778757983824e-01
2.142086867589009236e-01 3.365367017687447282e-01
9.012293399490381995e-01 7.311232335315188680e-01
4.838683867504525726e-01 4.203759366033698042e-01
5.970888637357809614e-01 4.623101372750728633e-01
5.696182412577660559e-01 4.895587578758994196e-01
1.798105200173801821e-01 2.203693166848764706e-01
5.039528705695223154e-01 6.319445051507305289e-01
7.439413195730359973e-01 5.575716534201072827e-01
3.640436607847218897e-01 6.964621983720195031e-01
4.902296174790862771e-01 6.681670106064315773e-01
5.434818127854809111e-01 3.337187126157827866e-01
4.139221462804847373e-01 4.875961385896289135e-01
4.428068637080833092e-01 6.601519354440773535e-01
8.947698256325220534e-01 8.077385894149839984e-01
6.213233844716112841e-01 6.858346031470005100e-01
4.149297335749919657e-01 2.216223774548234660e-01
8.099675416636037406e-02 5.799139945338038782e-01
5.364415691324051494e-01 8.756222392327737136e-01
7.228160623672481577e-01 7.082043355354636915e-01
2.667015354560579032e-01 6.384751992181746383e-01
5.816142694780015443e-01 5.795407160050382034e-01
5.178409338542727669e-01 6.943144876682687539e-01
4.388249724454466594e-01 7.814240039087558820e-01
1.500065347157373274e-01 3.220936699459969743e-01
3.996261351302832221e-01 3.028630693846203759e-01
5.376081981540734578e-01 8.878059490472715032e-01
5.746694155305435148e-01 5.888312266291890751e-01
2.099990952342976058e-01 5.529293708311712185e-01
6.076317651590281699e-01 3.762115559514090379e-01
3.230744159265472870e-01 4.075031615774662441e-01
5.071370714411607139e-01 6.235086751796252713e-01
3.340718225782714490e-01 3.235135369332949318e-01
6.433644256905084458e-01 6.438203602709237083e-01
2.453333587396877846e-01 1.752706813694063781e-01
4.991681355095539674e-01 7.594970962213515309e-01
2.580520370883809811e-01 4.504729975220490568e-01
2.260006441286062095e-01 2.602591549539105542e-01
5.350011614302492280e-01 4.755006349652196596e-01
3.562037467990515904e-01 6.938644991472371348e-01
5.383721873612463682e-01 7.143281770099454420e-01
5.873362371859262021e-01 8.411970030035791357e-01
4.666670736863809399e-01 4.308194711976851554e-01
3.303116632134978081e-01 5.911349419625674395e-01
4.802184761345205666e-01 8.625269919324038970e-01
5.197851137018119072e-01 8.602853130064691545e-01
2.758099960331726885e-01 4.102752077578255552e-01
8.564190842565116979e-01 8.048410154681735484e-01
4.868936891608041662e-01 6.123649860350266483e-01
3.065096925071083001e-01 3.016666751038901695e-01
3.831299755189546685e-01 5.542278210180536790e-01
6.284599548069131902e-01 8.673351259254356016e-01
8.565630107683676053e-01 6.809745592851458307e-01
3.572378193836818761e-01 8.056258620108546209e-01
6.120767192314401361e-01 7.287680337451810653e-01
1.641695976327044726e-01 5.695058950940191655e-01
2.666218592435654067e-01 5.071308249292255654e-01
7.504350615075683351e-01 8.659989844152748972e-01
2.848778774767483091e-01 5.619153619016087342e-01
2.298612445109799729e-01 3.286816074124317977e-01
4.714273072271880638e-01 5.121729003017256865e-01
2.981087490969445142e-01 5.351495318914195609e-01
3.514205121746549199e-01 6.233238562898184565e-01
4.535644229571453301e-01 4.378147120385636470e-01
2.204490245190699194e-01 7.032530967716621451e-01
5.709901250644497939e-01 8.252350124535673404e-01
2.202586900020893079e-01 2.570058115636099649e-01
4.414213155033300806e-01 4.479566608661808003e-01
5.785687617162964536e-01 8.700525015517663885e-01
3.632805290226488459e-01 6.165648337287078090e-02
4.190280910781555290e-01 8.235747252927576589e-01
4.975841480910018211e-01 6.112616440143795460e-01
3.181225695612035498e-01 5.851640977277435818e-01
4.555434887282694412e-01 4.492153543296795171e-01
4.842522357872133254e-01 2.506846407859149028e-01
7.920674304275392430e-01 8.796565167505869809e-01
1.837295510815823429e-01 6.948396849771659722e-01
5.403672689975238530e-01 6.672233056124836637e-01
2.650461523096503957e-01 7.788848111509170113e-01
5.753663474382973986e-01 8.386286142573318170e-01
1.767889487692168859e-01 2.230264177949935200e-01
1.596657817384974365e-01 2.642058777248191825e-01
5.138214674886822930e-01 4.924587593269595942e-01
4.822996325282711272e-01 3.284867985659423728e-01
4.018195239122188678e-01 1.805554704333023897e-01
5.064323804942273410e-01 4.706425794964627096e-01
8.000249041161143770e-01 8.525513209262909342e-01
6.073443478451632238e-01 5.793766930472128429e-01
7.576908424579263945e-01 6.637019680802451749e-01
1.681175260157586893e-01 6.056503455319871554e-01
2.468500728034593306e-01 3.651414066653957957e-01
1.971283375312289088e-01 3.284021805417163820e-01
5.614837687090781237e-01 6.125239928798110745e-01
1.674576126082429617e-01 4.061846196307695722e-01
2.833079222365681993e-01 1.340550735284383732e-01
3.197566774459496552e-01 2.017451362005801829e-01
1.871240439118332377e-01 4.169126604003253744e-01
7.537578358702033965e-01 8.805549764931439594e-01
1.429022043885211368e-01 6.960974023487496165e-01
9.172451789911259534e-02 4.754191491451056351e-01
7.486292600010255871e-01 7.452110069380899482e-01
9.804927874991060943e-02 6.455775019585321406e-01
5.463398293103955972e-01 6.285571344117056869e-01
6.843339930040526209e-01 8.125048819090171515e-01
6.801140642352851984e-01 8.340423095032820644e-01
1.503045363488078601e-01 7.321425385236572936e-01
4.175233674828841557e-01 7.757601938360303429e-01
6.193605183747459275e-01 4.653981080998806363e-01
3.073787775376345954e-01 1.847531404423528312e-01
6.077738310275005995e-01 7.893106056577081642e-01
1.846808654380814874e-01 3.017745982639895574e-01
6.821371929298839509e-01 7.635373641055900329e-01
6.639182819091712373e-01 7.809430667796821712e-01
5.123828900494926675e-01 7.587320451381154296e-01
7.839011091372541928e-01 5.941829491809077490e-01
5.266219822306309473e-01 7.225292033654910906e-01
1.713643204222388139e-01 5.616563487775932950e-01
2.760726408390956621e-01 4.097802596534466102e-01
1.035739612077701682e-01 4.818567753686669453e-01
4.899696919384967653e-01 6.830512764054488262e-01
4.156714894124121651e-01 7.966375517011685670e-01
5.647162573581793188e-01 6.664960499384452453e-01
7.486891958342293263e-01 7.970168927877225862e-01
4.117575505770520450e-01 1.480327265836230977e-01
2.731491405181019072e-01 2.337274078693732660e-01
3.873995488785896835e-01 5.760616226872974366e-01
3.324305522504140686e-01 6.398888889027085636e-01
4.305467906157945945e-01 4.323215605513173188e-01
6.170488645498063418e-01 6.125803827793281364e-01
6.322923805825698684e-01 8.929055629152329310e-01
2.693324067900320085e-01 4.190082670119713026e-01
4.810711560926128616e-01 4.455411560145591254e-01
5.684621858925433813e-01 6.886893270071475781e-01
4.989817655667508900e-01 4.658132684408063384e-01
6.494084987097057393e-01 5.209353324447962841e-01
4.993279203547141831e-01 4.559213490441648697e-01
1.570280560305500062e-01 6.110089833294968242e-01
8.232060756298841264e-01 7.669037528139701632e-01
2.833837132568149397e-01 2.952135605243506600e-01
6.901814285023778472e-01 6.910018127507427943e-01
4.552138311867181542e-01 7.511775444986763528e-01
7.074143693296157387e-02 5.333209230236568565e-01
2.801791172474970559e-01 4.907798774096078787e-01
5.477542265276096334e-01 8.389045477534763373e-01
4.680024071767392435e-01 4.540766981779240652e-01
1.301926487869640992e-01 4.981261560397709509e-01
6.020687269872422309e-01 3.991354911428941499e-01
6.766594750128727132e-01 6.624288528739866733e-01
1.662589860516378859e-01 2.212121577306908338e-01
2.416274729989615899e-01 7.788997182126730090e-01
3.908752497779415247e-01 3.855339738107199654e-01
7.877075131219890558e-01 7.545921222596528866e-01
3.791937607587220205e-01 1.754079092160956976e-01
3.007932831498291021e-02 3.712926807495564585e-01
6.746260581791091449e-01 5.145714614890675165e-01
4.280618873218249298e-01 4.853103477231024976e-01
4.474105708599528386e-01 5.637080778957626048e-01
4.723442418692282985e-01 6.376884454946750713e-01
7.073422549864620823e-01 8.205906494208002888e-01
6.027957058557135150e-01 5.010204049795283776e-01
3.301476757430476527e-01 2.899966433041472058e-01
3.645690228461527793e-01 4.094600023860912041e-01
3.540071811342198060e-01 4.004728913687360947e-01
1.201922462449762641e-01 3.078363692621362002e-01
7.084325377196297735e-01 8.841034361035373657e-01
7.276668630077585131e-01 8.423630238669160830e-01
2.928189341608252727e-01 1.497999557676276960e-01
2.798651062888153351e-01 6.326049143066170277e-01
3.852246771377915713e-01 4.283971129467498140e-01
3.903585217318424894e-01 6.819238906560535218e-01
8.014808899650851526e-01 6.365677232787676498e-01
4.121487837833169299e-01 4.561073501376681216e-01
8.105595618545355374e-02 5.732380093968481027e-01
2.963899534521815538e-01 2.337736409533026083e-01
3.886879893822074994e-01 2.135359028451868646e-01
3.673020874188867024e-01 1.165205193489079749e-01
1.776023131888594675e-01 4.531596837700658797e-01
3.645470791064989724e-01 3.582885395054660194e-01
2.782167848853876468e-01 5.341589938050417263e-01
1.514876380351673213e-01 7.651130157915659868e-01
1.701988098419484063e-01 4.144367827131352211e-01
6.303523511277060454e-01 7.609545991134749610e-01
4.786983064130371224e-01 5.966914086791087479e-01
2.984425547541271762e-01 3.471632109284090717e-01
6.597782224890430536e-01 6.312729611904921434e-01
2.737250471995833490e-01 5.872731755456083169e-01
7.274350743709805389e-01 9.072705888560521625e-01
4.922065992367991027e-01 8.256531829739844897e-01
4.102277575552351063e-01 4.490688604406047890e-01
6.433782087239727776e-01 6.439921376775299411e-01
6.237062369422670116e-01 7.627539693737730442e-01
6.863538917952418661e-01 9.414288821275001995e-01
4.530073772514541797e-01 8.136589129483753347e-01
5.078776544909304747e-01 3.532884767837238815e-01
8.157919910759400262e-01 8.752506127400823122e-01
7.448776439605336863e-01 5.604895521086216137e-01
1.327856960327824520e-01 3.947485693168953924e-01
2.835582895287076521e-01 7.905640422973414516e-01
7.896690638597024803e-01 6.060127566244215558e-01
2.458126311206351167e-01 1.992459482974989204e-01
5.377410434034455289e-01 3.723848336025051275e-01
5.772169391325833177e-01 6.882228751142955847e-01
2.389960193403652122e-01 1.923105773386533934e-01
2.115924757760748176e-01 5.711359428715434561e-01
4.891520233351677183e-01 7.849410548673297905e-01
3.672175501206470516e-01 6.390251169090561678e-01
1.758454109091755202e-01 2.218940333568928114e-01
4.339896661375770570e-01 1.813539348028548881e-01
7.079175001401931677e-01 5.711380406996661163e-01
2.612807601397032498e-01 4.217890385364442829e-01
8.048266799233891877e-01 7.071868795994248336e-01
4.865454752493061918e-01 8.697077948206826115e-01
6.772168169605610188e-01 8.626457830939092686e-01
8.566847077917455477e-02 3.707045148373727672e-01
3.379020599485489940e-01 7.740562155713022197e-01
1.583956765048773752e-01 5.172780981909667064e-01
5.355331998432979468e-01 3.068966772685297051e-01
6.701191733404019413e-01 7.880611732765655519e-01
2.962809900684315045e-01 3.242661411739579114e-01
4.532266743642056062e-01 7.959763287317306313e-01
4.595998061799397849e-01 7.268866251167169779e-01
6.244535622516982354e-01 6.773139042147058309e-01
6.894764629964263980e-01 7.950602606841499220e-01
2.315804096787349442e-01 5.428221217778040897e-01
3.214025719212371679e-01 8.113010789700788594e-01
7.272782644203718005e-01 5.436210323891870200e-01
4.112790934441640234e-01 7.541894355253624393e-01
8.773518252060640288e-01 7.032465501311453426e-01
1.711576499975546450e-01 2.883243704325412216e-01
3.333861349006508323e-01 7.362406439020866000e-02
2.204686317873573165e-01 3.151160465648396025e-01
5.332456969289836035e-01 3.252274570425740530e-01
8.095873830086299794e-01 7.772521316828610027e-01
3.541693969966166478e-01 2.405112533997844637e-01
3.827076578835941767e-01 2.769566882923276130e-01
6.161256088792654850e-01 7.668151603458508436e-01
7.758411413942034596e-01 8.989268225227105003e-01
5.798460249265759980e-01 4.007524920736015295e-01
4.880755517242451602e-01 6.733948314284606829e-01
8.428285635559931710e-02 5.220257464691570037e-01
2.089331164875008751e-01 4.137694329861196785e-01
1.110329465706589025e-01 4.351182528292594220e-01
3.193379093136693991e-01 4.385061898160865779e-01
2.331648305084818296e-01 4.379728473107759590e-01
2.577491122936778067e-01 4.455284164186416040e-01
2.090603364521255170e-01 3.733036502601417839e-01
5.694926079645087347e-01 7.724800607893873572e-01
3.912584163997153697e-01 8.077909367927165185e-01
6.838220175601799067e-01 9.041121342416963413e-01
1.504077503462988297e-01 4.708271588174881561e-01
7.193566304095480035e-01 7.881053833562696731e-01
3.858200268465917238e-01 4.779808630925101998e-01
3.798526623529555613e-01 4.205685395016536821e-01
4.166270095567639609e-01 7.305336688963244285e-01
6.555294020213349171e-01 5.639997595115693318e-01
1.314062106487912385e-01 2.604917236582527384e-01
4.341666918736462044e-01 6.629123921753289350e-01
4.929645934262649742e-01 5.470095138156882975e-01
7.772556240520361870e-01 6.829492282262273894e-01
4.041523769836760094e-01 3.137791374987937143e-01
2.616787979538287012e-01 7.931050985272765086e-01
6.804529961603371646e-01 5.993840869605289168e-01
4.795499973647377456e-01 7.369247731885726349e-01
3.759819125928278716e-01 5.680212283282786156e-01
5.620370654167117230e-01 9.041035772806730320e-01
4.881871708476395177e-01 4.219655920718289321e-01
4.089307811415850424e-01 6.493131946821496525e-01
4.100248383253206064e-01 7.188204846133572357e-01
5.071659352390337494e-01 7.865607235769904726e-01
3.887213334261521158e-01 4.565326051672354835e-01
4.640468593493055627e-01 4.797790327566173185e-01
3.338876236787994278e-01 4.919122235962989920e-01
4.007539795398020188e-01 3.732604068743952119e-01
2.540500974320561989e-01 2.735177508151102610e-01
3.846158104856887694e-01 7.404692040764055960e-01
4.978069895611741957e-01 7.172121474201468283e-01
5.057317162247221276e-01 2.637156079450156954e-01
3.584482152381861519e-01 7.616421399084754018e-01
1.714597617641350213e-01 7.188857705688884714e-01
2.040719349310622099e-01 3.111069220575659044e-01
7.967501616967632705e-01 6.895389176171583534e-01
3.137737249396144179e-01 7.553578880589568723e-01
7.029731079264676941e-02 3.685129689425819532e-01
3.713094714020547804e-01 1.449106508290303741e-01
3.514582157897573333e-01 4.242007045010936506e-01
3.187754625745740644e-01 2.883958160073006871e-01
8.140695210015032046e-01 8.923919468438885616e-01
5.071770966958329963e-01 7.841621853672848808e-01
5.600269094473214748e-01 8.940634103519846665e-01
2.003912853684811923e-01 5.594003435208183550e-01
4.186233194222317988e-01 3.002804795969566398e-01
7.239942137996673299e-01 9.005629915966809618e-01
5.736252013286383677e-01 6.481334642022841264e-01
1.963833410778265398e-01 5.190056590250545776e-01
9.423910328357415489e-02 3.673464101227671419e-01
2.912033698995063480e-01 3.164864460568072024e-01
4.685587996380028430e-01 4.892349889964114351e-01
8.332231407228146702e-01 6.651150317484545438e-01
2.163212721347818335e-01 2.877477083537666180e-01
2.566626994140756013e-01 5.990195985954395175e-01
3.166127530501711695e-01 5.459955663761512090e-01
1.481996464424033544e-01 2.368084123753306791e-01
5.036306509406317522e-01 8.824792273269307374e-01
8.778513752015418836e-01 8.238981295528317039e-01
4.040837256359172125e-01 8.076167090597768938e-01
8.059400316295857181e-01 8.453468842560243335e-01
3.442221034979162653e-01 5.685476076746568408e-01
7.930699024350057469e-01 7.993378974480208621e-01
7.334035359712659519e-01 6.055438284663529069e-01
5.042079272565068715e-01 6.899848955430585296e-01
5.831606159829075819e-01 6.274987142803620799e-01
3.199495649090661198e-01 4.470595927829558169e-01
8.330626892861840993e-01 8.803039327213557641e-01
8.780073084953921025e-01 7.636624513635510425e-01
5.354322562797868557e-01 7.065272401038764638e-01
5.475029110424933787e-01 3.817244024107557809e-01
1.559674603914998070e-01 5.425170964134825580e-01
2.898115559020773002e-01 6.870737741480819061e-01
8.760306463839900859e-02 3.655191085403485807e-01
5.723480092804168473e-01 8.378623965931505380e-01
5.110463324316749656e-01 7.622532172802037875e-01
6.783569760428586060e-01 9.152315855991280946e-01
8.123465290887307289e-01 6.399476879420366027e-01
3.710941743220722011e-01 8.101157368215200494e-01
4.113657067049215632e-01 2.085863187281965514e-01
4.779003815313374592e-01 6.295516540102802372e-01
3.681732717819492517e-01 4.258725307867348708e-01
8.889570066493578393e-01 8.310432134950800354e-01
8.304846887233245933e-01 6.757688109363996221e-01
5.274164053232230920e-01 8.914322484266119506e-01
5.676976330860467046e-01 8.559886313268806335e-01
3.105152624507536152e-01 7.824184476356342843e-01
1.297886874006705660e-01 4.826816404879807898e-01
3.133655399647176099e-01 4.448288755793220473e-01
4.120370750896087397e-01 3.953151448488286812e-01
1.511889624612086647e-01 7.164371825681393746e-01
5.398840458377118789e-01 2.905339115229229052e-01
8.368204847623431641e-01 7.144927253235540121e-01
3.699738026481762532e-01 4.145994188817654358e-01
7.121138360841816617e-01 7.659306662884205474e-01
6.854690054423581147e-01 6.246114543595109314e-01
6.330877786253541473e-01 6.885937225735857536e-01
4.059972074575016743e-01 6.192283832785472342e-01
2.190015281118435631e-01 7.030167389935138011e-01
4.790201939305180900e-01 6.167818489642845625e-01
5.531387384351884595e-01 3.828683564132316919e-01
5.136187603913953126e-01 6.192513115799198609e-01
4.642989539059236836e-01 8.030010465394292751e-01
6.251628559351067871e-01 5.544465243016136746e-01
1.312705240949718077e-01 3.050380059258102072e-01
8.024559941783282468e-01 6.673243806203046358e-01
6.130324812090594960e-02 4.208234414398768775e-01
3.451827781508207682e-01 2.993718471057204566e-01
3.128732912628844343e-01 4.379321289649735771e-01
7.558784642065212722e-01 7.058038400927614253e-01
3.441669598828349663e-01 4.835344404701343857e-01
2.091431023373577225e-01 5.893611602873500832e-01
3.863646423834136145e-01 6.537390843045034483e-01
4.571026497569156133e-01 5.347660602271769870e-01
6.648753070279254107e-01 5.137577161065525200e-01
4.792405635029932665e-01 4.647497437806400455e-01
5.563565033741211252e-01 8.156171403771806938e-01
6.938714381762967065e-02 5.007571503974563853e-01
4.331743610679646972e-01 4.592572971215863609e-01
2.414857848603875201e-01 4.416492344347417998e-01
5.310118540578276924e-01 8.473187287362390352e-01
6.975031023965161392e-01 6.667908022271227253e-01
8.681666252647798343e-01 7.066714050000099112e-01
2.449798892125819028e-01 3.685921431981505347e-01
2.949361792055835707e-01 4.822119532505916850e-01
7.596041938645247127e-01 8.080297799706255280e-01
8.011179285482975532e-01 7.367521116428965566e-01
3.222329742752149673e-01 6.487822358689055990e-01
7.302925286852834930e-01 7.878423910468620450e-01
8.314042986389064138e-01 6.852839629269662503e-01
5.572059200654417427e-02 4.430953817257805571e-01
7.612936538311325663e-01 7.146775297314611475e-01
5.139841210929401161e-01 2.748562569869379413e-01
6.721044349731186696e-01 7.019053359922897695e-01
2.835156787642658660e-01 6.043900504407690999e-01
8.865420990518633193e-01 8.153780426355236033e-01
3.631489365214918275e-01 6.263618044644503335e-01
1.923935648654761243e-01 3.149983238992363210e-01
4.069569721527462880e-01 4.450178541760567152e-01
3.384819164549792703e-01 9.983336085839260299e-02
7.752125706646046943e-01 6.590304169692136060e-01
4.088361188512804056e-01 5.634950611230391537e-01
7.140256942851224142e-01 7.886125453474251978e-01
1.070759353307396411e-01 6.636626823211265735e-01
7.904599277448046135e-02 4.310417122075559382e-01
9.177159227836081401e-01 7.670135433883704668e-01
