2.978318505549120143e-01 7.397500858915980748e-01
3.436774900933943777e-01 6.041048605037000474e-01
2.640710450886502580e-01 6.573574777478345954e-01
7.622496417401032343e-01 6.109648687206667983e-01
6.981624358894983340e-01 2.773921568638902935e-01
5.806719440611196603e-01 4.729046784032858719e-01
5.840624235995094393e-01 3.605548776107240228e-01
6.215321184188270509e-01 5.084232227018040673e-01
4.492499156475043276e-01 6.368838982406406224e-01
4.018269499857351490e-01 7.496613676858270292e-01
8.167767748000879235e-01 5.924859352018816416e-01
8.207235799822857336e-01 4.668841969842739137e-01
5.698356195137188607e-01 3.604640908131100385e-01
7.146618693310746728e-01 2.870723728781047202e-01
5.016707324571650917e-01 4.043337372976639754e-01
7.365539581640894173e-01 2.746301915332152732e-01
7.393486876296218036e-01 3.923966382005578679e-01
5.913760290164600253e-01 7.313441249662744337e-01
7.192590083195878892e-01 5.916661079249657673e-01
6.577365027806193476e-01 6.327948844600452816e-01
7.200320354455822525e-01 4.293610848481893560e-01
5.265032911903960722e-01 5.965678920327140977e-01
5.037296116334983864e-01 7.123410501519994442e-01
7.229578022657626724e-01 6.012045900597481340e-01
5.978277030655575475e-01 5.516761886461420961e-01
8.433837477508135949e-01 5.077198321610789655e-01
7.889523607753492485e-01 4.956211782681914091e-01
5.260172271864160809e-01 6.030345388893736391e-01
7.176510026960304378e-01 7.107434937674789177e-01
8.202180462608790190e-01 5.347217208303156610e-01
5.537313229870446385e-01 5.082522692618350879e-01
2.458160108740594652e-01 7.396109256916318930e-01
6.394127580736783667e-01 3.938222371117960363e-01
6.744619979242691965e-01 6.825759145897842828e-01
2.442327466833352778e-01 7.870565660091918270e-01
6.931265660913699111e-01 4.076055606602497217e-01
6.341229404974926265e-01 6.397883447151437863e-01
5.291271972555799952e-01 6.320307098791175804e-01
5.214471608721856777e-01 4.558616957850011864e-01
7.447792626621934087e-01 6.942032146665779724e-01
2.336065729861270257e-01 7.128024677098525608e-01
5.372435830774896504e-01 6.126540520222512054e-01
5.294045175008880166e-01 3.823616961616999044e-01
5.418503128596680041e-01 6.393258772596316364e-01
4.432225341314064981e-01 4.320874733465725481e-01
4.652710708810282592e-01 5.886654174925185501e-01
6.885781523192497922e-01 6.142549582191154656e-01
7.329869661147168092e-01 5.273653410261004426e-01
2.614120231916532422e-01 7.841721371379228867e-01
7.468807123851518570e-01 5.928759105197675128e-01
5.267450891657325940e-01 6.322962272850189969e-01
5.206035782481632790e-01 5.710283215828120262e-01
1.897107293364208580e-01 6.805533090970130594e-01
7.208135588889085232e-01 6.607722580262340717e-01
3.221344392160598868e-01 7.487035830003958559e-01
5.939143244758409157e-01 3.004170774175838887e-01
5.793500217194019752e-01 4.414456276822038561e-01
3.065403430404614049e-01 6.955793922371722449e-01
6.050554549574795882e-01 6.335986338937540374e-01
7.212247807303291403e-01 3.871179813203379227e-01
6.052623399491930956e-01 7.094675196113628957e-01
5.872826296253450540e-01 6.216738038181656156e-01
6.550450438560283528e-01 2.363356589744288194e-01
4.771006909091012327e-01 3.846733416182339660e-01
5.550455226054518132e-01 6.513954662973846510e-01
5.968480201515189432e-01 4.116625885660353257e-01
6.409190716255503961e-01 5.741983639308609888e-01
4.602826855167465592e-01 4.641993421398454833e-01
4.493654275326353642e-01 5.227246995278467256e-01
5.588429695973835543e-01 4.037148181884866460e-01
7.266041008738091111e-01 6.645219475533734599e-01
7.182471661879669123e-01 2.916275182946505007e-01
4.172954767087596051e-01 6.946023387509512315e-01
7.765058064662037074e-01 4.535343372010585683e-01
1.631584923080774963e-01 7.785927084497229478e-01
7.446838412045453381e-01 4.068560419626051639e-01
5.996924075824648925e-01 2.737035674297724208e-01
4.187820443082824196e-01 6.919456893424267285e-01
7.684266007940961929e-01 5.209426116212221292e-01
3.416595079159454595e-01 5.033642821106880660e-01
6.488422914319255108e-01 3.548449147662698921e-01
7.901655391975339615e-01 6.905054903533683897e-01
7.416242851507692802e-01 4.402204832057581285e-01
6.439961607438947633e-01 3.160486088817339168e-01
7.907530603096779576e-01 4.252807814464321656e-01
5.279901909808175642e-01 4.690677383577540049e-01
6.157465724907181803e-01 5.467627082850479159e-01
7.663713135714889102e-01 3.913488638819890841e-01
5.946762660148254831e-01 6.636226126245634571e-01
4.389073856800441154e-01 4.904153187969252925e-01
1.459797159357643093e-01 7.703461779201223880e-01
6.982028018491392984e-01 2.514428803525593503e-01
8.257197767898911689e-01 4.568531759974683304e-01
6.902902589134454203e-01 5.526769480097959431e-01
3.336883237906772548e-01 5.383777153512674385e-01
5.964228562900777408e-01 4.090525657451737906e-01
7.789906062067112336e-01 4.850972326594746864e-01
5.115915624571787390e-01 5.206850355003713737e-01
4.761991877539380469e-01 7.010036625337374705e-01
7.654511125542210470e-01 5.563085680254168386e-01
7.150960478253329811e-01 6.506710015793514268e-01
7.872713090336169728e-01 5.742548097015093278e-01
2.160959924749658312e-01 7.911337411291582411e-01
3.872589448065356654e-01 7.336277703854684473e-01
6.495243965116952456e-01 2.288567741892135188e-01
6.633217958609514131e-01 4.126230670488746921e-01
4.326412833157104454e-01 5.811633746236988252e-01
5.495993940556519464e-01 3.258354109873486948e-01
8.472044454648587353e-01 5.394258254497671379e-01
5.151764627455328593e-01 5.657595065506570986e-01
5.495872231689774567e-01 4.474193252171907442e-01
8.076682705754453240e-01 6.426921187720160411e-01
5.866828048579048049e-01 6.789623794032587645e-01
3.821841441647755300e-01 6.007245973705377384e-01
6.483146179264974718e-01 3.477594138019300396e-01
5.815189372385803912e-01 3.712820050870608291e-01
3.595840493948864736e-01 7.135135258459457397e-01
4.531057801052008616e-01 5.548725205475213418e-01
6.398918889697590151e-01 3.608857936154134527e-01
6.372260037268764332e-01 3.620263582670721902e-01
7.360885732925179781e-01 6.109495171664679480e-01
5.411376347312509827e-01 3.911332222441061823e-01
7.781491788952599187e-01 5.917961810170176973e-01
7.116095401225347450e-01 6.298287244314253464e-01
7.303939026503614151e-01 6.529411006055143574e-01
7.514235581205178649e-01 6.987619351185039296e-01
6.096073812602117448e-01 4.487545907275537482e-01
6.815724309872951414e-01 2.405535159373452525e-01
5.500217410432975962e-01 4.492081171882212898e-01
6.448730954281944872e-01 3.824127127903901302e-01
2.348412903120207507e-01 6.828248090977193652e-01
6.697965267184908811e-01 2.387509744476744578e-01
5.816711676490055050e-01 6.332900525270155345e-01
7.620830487438173817e-01 3.975902594179797633e-01
5.177133545576920737e-01 3.858013426214157437e-01
3.219705082341319247e-01 5.485850795130129409e-01
3.672723846966245431e-01 7.153587261349702020e-01
5.824631125048780333e-01 3.351785763970571153e-01
2.375337030734654686e-01 6.467052912962439892e-01
5.113330509224647269e-01 5.836986599074129867e-01
6.720700610869863034e-01 5.434994091758125201e-01
2.612399031169393426e-01 7.441107363303061106e-01
6.940871361000608974e-01 3.254827128381694301e-01
6.539400406623842033e-01 3.916841482113547768e-01
8.423460538112377272e-01 5.228521816038840253e-01
6.476790267720959893e-01 3.132532158910618092e-01
7.720822760411024666e-01 6.339320368364614877e-01
5.957221037516045037e-01 6.652248671986268347e-01
4.813327510026668699e-01 5.647200724246167480e-01
2.120318620600298298e-01 6.660725725820186849e-01
6.933048673522693717e-01 7.108051025282945412e-01
7.433764473397488359e-01 3.903119983898708512e-01
3.729738890777316018e-01 6.340733671407774441e-01
5.205579456218646373e-01 3.334597815969767010e-01
4.154634446553674976e-01 5.781121327919227504e-01
4.602152363754656306e-01 5.547647699843056834e-01
4.898722891034016369e-01 3.869151913277438792e-01
8.038196513193680559e-01 4.840389184710053305e-01
4.532268926175790913e-01 7.209236709273818544e-01
4.661353534626639927e-01 6.828039170641376776e-01
5.291643373483752022e-01 3.437574777985706875e-01
7.425157586468587034e-01 2.989556562502775350e-01
4.709707468145697407e-01 7.488387975151185039e-01
5.612007032651221694e-01 3.365612256906457822e-01
3.255318935971583394e-01 6.572123331284212000e-01
4.017845590327256966e-01 5.164278959506729549e-01
7.717008492769912298e-01 4.297962254778545099e-01
5.346582154548492616e-01 7.091336361838335156e-01
6.600309254980961660e-01 6.361927436166801009e-01
4.129890876094276519e-01 5.223238759632780059e-01
4.384616148869618368e-01 3.616798396733080234e-01
6.331007834216971775e-01 3.751979626172093907e-01
4.472422757414488692e-01 4.325300145301259058e-01
6.088613573613672614e-01 3.853083848733314110e-01
6.623433924545281126e-01 6.311566268513701949e-01
4.586920272568388857e-01 6.772637973596857819e-01
6.683107824171984346e-01 3.598204163763787378e-01
3.614683142228146129e-01 5.556155222362402224e-01
7.171239138274854152e-01 3.436925581971843613e-01
4.272279108837139794e-01 4.948227613988661622e-01
5.720608851022170871e-01 6.799223893512013062e-01
4.452950253489435517e-01 5.797124097050349034e-01
3.906430901549013956e-01 6.425804365418015252e-01
2.792154324420619838e-01 6.745724607141153628e-01
6.053882300409736406e-01 3.964675089452043277e-01
7.294648295619210465e-01 4.456465586851775518e-01
6.013869785166991999e-01 3.899438997717582511e-01
1.758489686449634659e-01 7.564820228554099968e-01
5.510804562556945729e-01 2.927347479170043787e-01
7.113431366943980816e-01 4.678767097323559554e-01
6.346387033021304580e-01 5.408832493840627365e-01
1.487468377678681508e-01 7.366818309477732862e-01
3.315904153479677374e-01 6.220162787763887646e-01
6.987918915250972418e-01 6.593302232790758666e-01
1.237745765395479591e-01 8.137766663697377778e-01
2.913498565743068980e-01 5.949053097769010368e-01
6.284838357515853957e-01 4.535912408396979290e-01
7.505464419194274317e-01 3.836324606107606172e-01
1.924207196518473717e-01 6.897133927732663761e-01
7.052543043653743959e-01 3.836917993728676812e-01
5.717593964144845886e-01 6.979053125815662950e-01
3.412266322769343385e-01 7.496607529204744047e-01
6.495228726982521517e-01 6.802290563113890798e-01
3.547765516935024177e-01 6.700814892661032252e-01
7.419296512100114205e-01 6.725540872994767438e-01
7.425532268378807199e-01 3.772281282165389493e-01
6.493142544469487909e-01 4.556181040233029389e-01
7.173748871512251046e-01 5.805232629906368347e-01
5.316810638878576301e-01 5.591024675090833229e-01
5.965395512047669824e-01 3.089114048583727623e-01
3.681807326465619257e-01 6.220604941432904544e-01
5.108114181300354995e-01 4.443239029376292448e-01
2.072877942020505682e-01 6.577194536865771379e-01
6.580809390354603883e-01 2.968233326219621993e-01
4.226099713320340956e-01 5.358813104986059894e-01
3.888930089285789204e-01 4.741359329852004034e-01
6.591494617925207633e-01 6.100478010986380983e-01
4.909827844103101802e-01 5.200396871998933523e-01
8.443045159559177115e-01 5.472464050221012011e-01
4.767697803441770521e-01 4.589858748080273276e-01
3.294825604392030427e-01 5.382296703120985626e-01
7.219015017406402723e-01 4.653905811772965917e-01
6.801213803035003336e-01 2.469482631249654558e-01
3.909201674032202201e-01 6.660075124359904342e-01
2.724412458503605028e-01 6.457810727353361369e-01
3.350796327851861545e-01 7.114551868037104487e-01
8.636625603636562953e-01 5.804493636588496930e-01
6.112549381982185226e-01 2.651980999853404408e-01
8.921044561749377211e-01 6.724822518972392027e-01
4.886068560556740548e-01 6.164573829642240321e-01
4.103739291938601763e-01 7.195830626340813385e-01
6.318007028726324581e-01 2.754713218234970395e-01
2.990282317900528342e-01 5.567955806878503999e-01
7.024756472960047571e-01 5.378265131215673733e-01
8.367952867521356586e-01 4.652823215192345430e-01
4.378703324209740622e-01 7.555010834384491281e-01
3.792002705582421251e-01 7.477282027861423819e-01
3.574924024931376287e-01 6.695319677968996075e-01
2.591504286254163181e-01 6.730810878755775217e-01
6.814327709550384027e-01 6.684901879875401187e-01
6.095980990952964973e-01 6.467922512773132127e-01
3.865087456510406527e-01 4.451191763268260715e-01
7.859335473110776737e-01 5.294973928996651313e-01
4.511193289554454866e-01 7.427690789029397500e-01
7.106532259860968148e-01 3.134680349910187735e-01
6.658261847135140687e-01 6.203764406516476537e-01
3.906428535422716841e-01 4.536567193611600879e-01
5.459771741769949838e-01 5.532660982087034274e-01
7.378516842454658775e-01 6.736422644393393888e-01
4.180411616895198246e-01 5.946729200547425931e-01
3.790616245565846532e-01 6.760738546466991128e-01
3.319238636554593391e-01 6.818990050464699415e-01
5.436454965260957284e-01 4.790683056467250900e-01
7.747293941120816374e-01 5.891060593887788022e-01
8.038295324934927599e-01 5.059250605173238879e-01
4.652475467500792328e-01 5.138643736114059113e-01
7.261201640452286110e-01 2.962286391665051033e-01
6.194242610532920690e-01 5.015490116791838648e-01
3.145259051009410278e-01 7.196292796259291524e-01
4.824025949986994743e-01 4.753959686387623229e-01
6.617219596591682462e-01 2.574704584656687389e-01
7.563248166347040780e-01 2.823196426547786575e-01
3.713393033096578644e-01 4.590930241616584251e-01
1.745969154743879925e-01 7.402198857720246883e-01
6.883804271676383646e-01 2.363484388119105328e-01
2.065762132022133102e-01 7.697319647817695287e-01
6.031642916934308873e-01 3.237480386164947044e-01
5.279560091416894974e-01 3.067304800987686320e-01
4.621306249474012584e-01 5.698272335385788923e-01
5.186631950064176655e-01 4.255476656857797302e-01
4.592425703290092809e-01 6.533463693231114089e-01
2.196029267440879340e-01 7.244201264160988751e-01
1.677971571219449287e-01 7.951171092110691507e-01
4.894588537205119549e-01 5.837427223226511197e-01
5.686610404770282567e-01 4.886846953666696414e-01
4.475754433448404512e-01 6.492176000473427466e-01
7.142174442447118965e-01 6.217264704255849317e-01
4.235700824686752797e-01 6.675674458080183005e-01
6.004775729163126519e-01 5.206739773033303154e-01
8.325415193035470285e-01 5.850103608174751502e-01
4.050500255317691090e-01 5.838528951160338876e-01
6.300991406942881845e-01 5.638658242838621160e-01
8.099812339925378524e-01 4.853003496959195084e-01
7.634624429151153358e-01 4.055367821090696823e-01
1.524818597628390116e-01 7.503564118791439252e-01
4.625396024959606556e-01 6.846003242110172415e-01
5.611377218490323227e-01 2.927208166789136978e-01
6.171770732678478755e-01 3.560885981085112340e-01
3.535846509624890888e-01 4.916428475710228341e-01
5.515164829715207828e-01 3.305939451288342212e-01
7.296397297655434766e-01 6.408984902560521668e-01
1.057779764370793546e-01 8.170939482366001982e-01
8.648527002087591509e-02 8.207108807943965800e-01
6.841890584219796345e-01 4.735357668895521788e-01
6.508799970191941897e-01 5.170901490283349444e-01
2.062362396113265328e-01 7.636007665736951333e-01
5.850559919112818807e-01 2.666438434746161157e-01
8.477036309687981941e-01 6.295373056128685807e-01
6.129471053041343209e-01 5.818881816374247284e-01
6.036771098210019781e-01 7.145025372069282454e-01
4.920058220725220255e-01 4.768119738058801405e-01
2.799227116337023036e-01 7.724566569722789433e-01
5.535264346512565048e-01 3.791903051810159297e-01
6.721746071388678967e-01 5.796425163642591194e-01
5.339323280999467292e-01 7.405195669731818864e-01
3.430658176939401782e-01 5.439908648379234712e-01
6.685773412888813549e-01 3.956476642343458860e-01
6.868042779742611348e-01 4.616111375449625243e-01
8.235697718776806564e-01 5.585800133940858059e-01
5.908073285563693045e-01 5.994318737005308595e-01
1.650320928787614161e-01 7.563229724222367834e-01
5.549808669345802636e-01 3.838210240099786397e-01
3.592544622168241109e-01 6.807635412626198423e-01
6.270667381430046206e-01 5.826556051728665198e-01
7.368939235660316722e-01 7.056402819615552602e-01
6.311137563776137993e-01 3.580765161610464098e-01
6.409563840902916532e-01 6.191693472775251506e-01
5.645468733072338541e-01 4.314018058109332365e-01
3.647016010677651687e-01 7.685014530601315119e-01
7.021601605684468783e-01 3.757717413108820903e-01
5.628794635317471151e-01 3.344281675615360938e-01
4.172984846164300432e-01 5.181495822167019316e-01
2.848644210863037207e-01 7.832258413505875927e-01
6.772662916614240469e-01 3.493192170961184062e-01
5.740717155332492050e-01 6.784417787495398144e-01
7.298359054976254479e-01 6.117290815546246874e-01
5.517459170926920509e-01 6.086672764984856210e-01
3.975261805887109756e-01 6.034619048749521042e-01
5.517655002899917172e-01 5.878547195058760888e-01
3.352725564170503381e-01 5.796369648437462718e-01
4.402962732139028001e-01 4.917236426509780101e-01
2.993000619069103863e-01 5.976345682925496838e-01
2.062613279096885410e-01 7.835179588777001491e-01
1.833331057281851473e-01 7.240852370275965288e-01
7.021899410755199078e-01 4.238362583254980942e-01
6.667026711298850161e-01 4.060833371989485130e-01
6.748831324129240805e-01 4.990703009242072885e-01
4.297051448071992907e-01 7.272378035551287923e-01
3.059042786375258949e-01 5.379999495679692600e-01
6.053484254361487515e-01 5.459612974161737187e-01
3.392438915203556671e-01 5.875969764522541716e-01
2.461009169511991779e-01 6.340976857025492075e-01
3.644572743612031762e-01 5.495136668560822724e-01
9.135147299791240849e-01 6.771455387396444481e-01
5.758836167395625649e-01 5.970760063069582291e-01
7.038098228943850954e-01 2.768542871414723106e-01
6.517548201955297715e-01 5.324308270651222363e-01
7.140791419360911219e-01 6.144345146623352294e-01
6.924461924500089349e-01 5.118361080504740812e-01
5.460149955502041630e-01 5.554088100411457285e-01
6.705063130435483520e-01 4.942864733111285158e-01
5.204120984020701446e-01 4.796111308906782500e-01
1.587986704546339445e-01 7.834174810466599803e-01
6.019489356040135242e-01 4.562975092128809806e-01
5.339133417025885286e-01 3.269598779031606672e-01
2.587399014422819277e-01 7.504799048593533417e-01
6.000559558305836871e-01 5.057124313224371503e-01
1.638701853563831468e-01 7.257160190597572447e-01
6.053455913226868379e-01 7.291655099637309734e-01
5.833046772732156660e-01 6.217401017143011632e-01
7.049703396353039775e-01 2.305564164809859040e-01
4.082283755464159447e-01 6.777554832362403525e-01
5.006225839105284958e-01 4.171726868736908012e-01
5.775265597369096948e-01 6.539636510495705490e-01
8.713983959291882186e-01 6.440854125901438465e-01
1.791840912703291377e-01 7.685376696891911275e-01
4.826451422706183880e-01 5.406055420087603203e-01
2.939412952967297987e-01 7.766890800582011423e-01
3.264292939730499277e-01 7.086197531032030206e-01
2.913031941036364758e-01 5.657613544357205093e-01
6.674939065957415929e-01 7.176377520301697732e-01
4.063380123323433457e-01 4.954819337359818165e-01
2.810588305519955976e-01 7.328824893474634727e-01
5.982744016191822167e-01 3.097648642153049692e-01
7.586203243553939490e-01 5.789019997402531370e-01
7.412673020654374501e-01 4.289942350763253365e-01
4.426023282516189927e-01 5.782607531035268700e-01
6.581962717681317798e-01 4.579407918532838462e-01
5.943600011483270995e-01 6.352261060821161598e-01
2.612376910351036363e-01 7.568050090038151989e-01
7.133541197448297622e-01 4.993720893648918580e-01
6.124383867397722447e-01 6.542394257273501657e-01
4.973211427737696533e-01 5.754232897098546795e-01
7.118130894423992938e-01 2.609636641188498030e-01
4.258188058990971525e-01 5.356781286911589390e-01
4.282169827374298077e-01 7.462101474943136914e-01
6.428179599164894897e-01 5.184669044736859300e-01
7.423436028127683439e-01 3.877930008550047325e-01
3.969178166241560946e-01 5.074988240696363118e-01
4.610779399560779312e-01 7.340913798517383348e-01
5.212701074655485822e-01 3.894227363123675678e-01
7.744521408406377372e-01 3.053162476852059326e-01
7.654665083371683387e-01 7.006564042611799215e-01
6.971246702560406350e-01 6.402083407645641211e-01
6.408944084888830162e-01 4.409327757165366624e-01
2.768249506692657680e-01 6.885551034518599955e-01
6.807543258811771247e-01 3.537367269125203384e-01
6.743080622927932755e-01 2.902356185039038361e-01
4.885704172191592809e-01 4.244702301899584973e-01
4.988400689974336055e-01 5.187656563825925327e-01
5.096742600528348932e-01 3.894185381546241276e-01
8.078901248254507506e-01 6.323288250587023596e-01
7.793835479396173938e-01 4.757190027042959568e-01
6.769252773774847576e-01 4.702365257188755310e-01
8.427226437013223270e-01 6.107113030012040200e-01
3.404268084397988336e-01 7.035485947425471620e-01
7.404505477178782158e-01 5.040391508241144347e-01
5.432323189798118346e-01 6.434145864983569219e-01
8.605550434293023354e-01 6.542349526899302603e-01
4.220310669236151391e-01 6.131445065788203586e-01
4.969052473791149560e-01 6.272729514145702900e-01
6.617350712171611304e-01 5.776004798546798824e-01
4.839855482956164079e-01 5.762895252895157139e-01
3.709582560105777471e-01 6.624361950044016512e-01
6.729451346741261997e-01 3.035783398715217740e-01
6.699426353861969163e-01 4.272934778587881288e-01
4.240745713803286687e-01 5.555821747937403909e-01
2.838456663382820655e-01 6.139193996268899056e-01
7.438778929218269331e-01 6.048449671321237675e-01
5.453400989721028935e-01 3.803483768885789762e-01
5.430110139973706174e-01 6.188620703553825431e-01
4.734105477460022748e-01 6.427940783830465854e-01
3.907349137085797119e-01 7.063530943226024039e-01
7.279810467108513983e-01 2.861684947801719225e-01
6.157720231465541039e-01 2.608583716114243334e-01
2.654767274936811750e-01 6.836806706363892649e-01
2.028851584318669410e-01 7.145458251956722240e-01
7.573142481239589774e-01 5.136530151191337490e-01
5.194513462290715200e-01 4.275141707869684060e-01
5.354299922403711331e-01 6.805365905482010369e-01
7.009416148042647565e-01 5.808665948621646313e-01
6.871890022226809780e-01 6.997642526242899841e-01
3.551880508890185584e-01 5.258072807538024529e-01
7.226837980252958094e-01 4.159130622712459147e-01
2.392238518879289955e-01 6.798230730676388944e-01
6.570031329656651486e-01 7.037027633567347618e-01
2.648306897861011366e-01 6.270214271763189240e-01
3.431571395985780204e-01 7.406467830271364905e-01
4.324650969344728257e-01 6.522381501986238561e-01
7.546995018804916189e-01 6.838397263515649804e-01
6.772281387700197497e-01 3.371460325480412634e-01
8.773517218200642676e-01 5.990988457023974645e-01
3.966082426619793599e-01 6.127530946031432002e-01
5.691337447329716248e-01 6.198394119453568551e-01
4.107112558425948801e-01 4.608541244123104397e-01
7.008724781298153461e-01 6.518670163035760190e-01
2.023468648083183163e-01 7.424243803014282106e-01
8.309319959181535875e-01 5.412469877486041359e-01
4.039643816461548909e-01 4.978766160795358720e-01
4.718284254079240791e-01 4.908525935344099644e-01
1.785626457885355345e-01 7.819588679197307934e-01
5.139754810312884281e-01 4.547901650473285540e-01
6.084059171730858973e-01 5.553871081338318527e-01
2.343296157617186792e-01 7.914145136810118997e-01
7.454381304725073987e-01 2.224637076100774158e-01
4.155641886079545211e-01 6.485609442670674518e-01
3.297270555146501470e-01 7.087527781536622218e-01
2.994865542979279205e-01 6.520336320100976746e-01
8.771048271670373042e-01 6.354451388930670852e-01
6.463837280970531340e-01 2.965625899605576210e-01
7.005367613159677598e-01 5.101839143887516581e-01
3.524951121808514998e-01 7.701185239005087224e-01
6.766856405923711293e-01 4.820600628116827324e-01
7.318531097177751743e-01 4.509199867460673694e-01
5.825020167926616699e-01 6.231221030858211662e-01
6.690243799591196749e-01 5.810626028980936386e-01
7.700156735783367790e-01 4.637489024236121082e-01
4.771534848063033740e-01 3.842192037201305199e-01
4.010854855284153309e-01 7.045640341337490176e-01
1.666967987002176965e-01 7.430697749000847452e-01
5.294078141981779506e-01 6.624056409946071922e-01
3.137316644268720589e-01 5.765047363215540788e-01
4.122740417336936414e-01 6.932430815748378272e-01
3.020760012899588176e-01 5.944808543520793132e-01
8.120425097217797150e-01 5.820532555685558052e-01
5.868700086454623488e-01 6.293645823913389670e-01
5.953673455739603160e-01 2.812778806449297564e-01
3.243667173351876265e-01 5.458875340278976918e-01
6.601579103058506925e-01 4.406171274671901172e-01
3.613079833886562731e-01 6.761908757437038453e-01
5.020987026933511066e-01 4.019723087325923205e-01
2.816406718853259883e-01 5.740706561038518840e-01
6.375046348447731548e-01 6.144052566749671485e-01
4.799204882779376513e-01 7.339460518426790259e-01
3.448004544261472626e-01 5.133677809299306283e-01
6.061657050949514902e-01 5.197531319085011425e-01
4.164544342981683633e-01 4.869285268845424675e-01
7.044113033129437706e-01 3.331485034513940180e-01
8.624999532580034378e-01 6.618957863445480427e-01
3.865212738104026879e-01 4.689001873838223866e-01
6.280419135037563771e-01 3.807524724503693614e-01
5.793538395346723435e-01 6.412360707008837313e-01
3.957611733614731508e-01 4.682788014882707794e-01
6.367934646617771088e-01 2.634718394664550267e-01
7.689110164501566924e-01 4.269801490955565382e-01
5.959162178165864354e-01 2.771263354910904475e-01
5.247706527332243187e-01 6.689501304925010716e-01
7.290387243269186301e-01 6.931330606832576402e-01
7.167918273042245270e-01 3.920179871525862891e-01
3.870144100235058948e-01 5.853806503428902186e-01
2.094919721198489349e-01 7.953399061420503013e-01
4.024466456845394169e-01 3.922044250443200708e-01
8.205714774084410523e-01 4.895469512989988337e-01
7.110828144470292544e-01 5.292885134586980955e-01
4.481614860988437088e-01 5.400589784339784316e-01
6.728125266738187449e-01 4.188758596869915918e-01
6.609279536898116092e-01 5.506010660842526327e-01
2.583085292171801717e-01 7.737309242221408478e-01
7.703669573905145285e-01 3.751549526074355323e-01
3.714693132584274693e-01 5.633398898318877634e-01
7.676603587297727849e-01 6.757062912352391759e-01
3.298981462652736951e-01 7.045519170131614439e-01
6.232811703782670243e-01 6.252616065441282123e-01
6.774357358195208789e-01 7.096047208411990770e-01
4.789546710133036345e-01 4.690029308411778342e-01
3.819931616318378853e-01 7.435618319172208057e-01
1.759742423571205028e-01 7.113068874887807924e-01
6.243336957341113491e-01 4.349884706713894600e-01
5.443194093059439131e-01 3.451041650277245076e-01
5.131688611289220159e-01 4.159885885670633887e-01
7.946499677154225116e-01 6.059629168865685589e-01
4.902187859715714802e-01 3.772524149315161779e-01
7.737370918908430539e-01 5.194596169119819473e-01
4.356118559721692263e-01 4.217977438870630924e-01
6.393168564103540730e-01 3.103880088543196081e-01
3.675197246705648735e-01 6.093392851474132010e-01
4.634654221385862694e-01 5.411278800532626221e-01
2.583177259061341102e-01 6.634425602833116109e-01
6.309629357588276699e-01 5.025347240489008716e-01
6.680131719091632059e-01 2.549826840344133205e-01
2.127546113023420782e-01 7.526447107916569568e-01
6.256915043052309056e-01 5.900159810426353069e-01
3.993240931446079278e-01 5.757201981789972223e-01
6.385284816069254354e-01 3.156205879950044757e-01
4.647684032406961263e-01 6.074729947105161898e-01
4.996529611082798916e-01 3.801083560368544445e-01
4.972988073910168949e-01 7.215064482482043129e-01
4.566081564939278303e-01 4.003687480921296338e-01
2.680403975777056469e-01 5.962307234259116573e-01
6.188474725496793116e-01 5.117898541782371913e-01
5.426207377219720573e-01 6.740143043756066099e-01
5.300334289668828802e-01 6.468020916679795285e-01
4.268286270038225139e-01 7.348254579753582538e-01
5.277195039470541360e-01 3.329732136168315759e-01
8.067753855011122743e-01 6.117461520589809743e-01
6.372258627271627507e-01 4.911315926696397938e-01
2.897268074281892924e-01 5.569295428963834116e-01
6.548107819507290595e-01 3.470556394349243456e-01
5.269147486533021230e-01 6.605669455947018598e-01
4.831123602198247324e-01 7.205707619735759462e-01
7.225253035430667659e-01 6.186068829829388660e-01
3.681791905383353658e-01 5.387889350731130955e-01
7.881483823751374018e-01 4.763346935160450157e-01
4.072738292238288205e-01 7.537863801666606633e-01
6.688536797316787519e-01 7.125523770813807500e-01
6.412032759761051581e-01 6.915577861981893060e-01
5.839110046575881618e-01 6.693974146409995551e-01
1.678103877672837418e-01 7.136922575031779958e-01
4.856572548163243241e-01 4.529731651176742702e-01
6.027960435695207675e-01 6.023467007880932700e-01
7.198885107830801378e-01 3.880889477707003543e-01
7.413232768578861265e-01 4.391379485447731712e-01
4.052804456534597755e-01 6.784780807597405872e-01
6.384551519118473184e-01 5.336200489029114813e-01
4.365577732971663294e-01 6.192934878786232611e-01
4.160673242892293788e-01 3.846596505837688862e-01
4.355000284216962170e-01 5.629817076541608900e-01
6.889509842869683265e-01 3.777340202538004288e-01
2.467558699282342283e-01 7.583202535296846847e-01
8.292237995931882599e-01 6.021700965715395260e-01
6.831145279080684807e-01 5.804085879552842719e-01
4.424905478042291396e-01 4.254454165728443482e-01
5.465260937669795815e-01 6.543315978886427020e-01
7.624086238810703353e-01 4.684210531472009498e-01
6.793877256841389656e-01 4.689071460817094139e-01
7.593012153518323704e-01 3.394970206190359718e-01
5.849418186917898499e-01 4.487798652294234247e-01
6.084613643132418259e-01 5.790695506549082827e-01
4.992263967346778908e-01 6.620099851306050498e-01
3.017256651275406210e-01 6.886468158866814182e-01
2.714332752498869739e-01 6.692645001481061229e-01
4.055879150583218129e-01 4.814869300144958841e-01
3.240678448397557032e-01 7.793324592926882399e-01
6.789906104406627785e-01 2.180782836486622744e-01
7.784131306025479091e-01 6.154470442045014700e-01
2.001956322178465031e-01 7.948959675205652387e-01
7.334838845099721505e-01 1.792891192056034200e-01
6.996610997557601852e-01 5.368578211232402086e-01
4.219849618954683024e-01 7.219702838355410712e-01
8.379889542112981538e-01 5.044555674264750156e-01
6.512735172971539921e-01 3.436708015012589490e-01
7.748380781318161548e-01 3.257142047231431081e-01
6.192843280677455819e-01 6.923248784837012781e-01
2.653671145967068656e-01 7.653014719594455340e-01
5.766953011540467688e-01 6.365757242931826543e-01
6.159154144215359672e-01 7.111433224604308823e-01
4.157385211666027036e-01 4.792864471986048036e-01
6.980286130586816906e-01 3.250427604527748593e-01
8.024483666325081810e-01 6.783427608326504377e-01
5.937928341337805893e-01 3.032825165101049603e-01
8.639234086270128898e-01 5.924277809753732971e-01
6.418665346538470207e-01 4.058873996972738318e-01
5.332831211862142373e-01 4.671524170532242448e-01
6.550301279687876788e-01 5.455989011762329977e-01
4.986827111761990561e-01 6.238469563830739695e-01
6.164867012650924183e-01 5.682664524753696655e-01
8.075403573310728778e-01 4.147531457601335569e-01
3.046410099202304100e-01 7.427296608504485587e-01
5.435673912419479725e-01 7.213032241887828988e-01
5.840922056498683013e-01 6.304600498611376835e-01
6.544189406094131911e-01 3.308187523883503456e-01
5.083589731924695876e-01 4.005632310045972311e-01
2.051179541591857669e-01 6.853274361819445826e-01
7.118666680253024071e-01 7.028220446819271050e-01
5.709055092970330980e-01 3.285144478262758128e-01
4.564496141009772301e-01 7.452585641203512967e-01
2.210476695311894557e-01 7.084485803338840260e-01
2.978385891335741387e-01 7.459723340387738322e-01
8.397521545433160872e-01 6.135567664379726338e-01
4.873845772437949697e-01 7.496239266937061441e-01
7.579754417844782877e-01 3.748226879083760288e-01
5.616491112221591031e-01 7.144113291428746404e-01
2.618334208381249417e-01 6.797346876597715193e-01
7.883388289115929037e-01 6.960798523098965518e-01
5.300566412923435333e-01 6.249123432468763895e-01
3.823225095396373674e-01 7.003983495328864883e-01
1.544262543020771539e-01 7.708235796655004135e-01
4.130743441276472638e-01 3.797963515038589866e-01
3.662020193883527841e-01 7.333329755628104074e-01
8.721627952137958051e-01 6.261667316296031238e-01
8.229901489409094939e-01 5.139648818123788709e-01
8.121253198221172198e-01 5.116868761579186353e-01
4.054566232311088148e-01 5.636594231251221832e-01
8.425875286125360519e-01 5.836863167358063986e-01
6.053095519984114103e-01 4.267854849951590035e-01
7.733796424433290184e-01 4.940976077336878824e-01
5.054000591061387215e-01 7.398004195612146727e-01
6.414152100483780927e-01 3.251587906436674280e-01
5.151527941451367054e-01 5.796709066654432974e-01
4.581682970995317183e-01 3.974621860413627972e-01
7.286017213990589880e-01 3.155997825370281951e-01
8.341497877492098922e-01 6.619119392921128942e-01
5.392027614937192626e-01 5.410264188409857899e-01
3.764054310679023074e-01 6.064037985584143087e-01
5.900893465022128970e-01 6.821484105686237420e-01
6.982110117122137805e-01 5.251318615048005123e-01
1.693423335244324535e-01 7.327122271886610250e-01
5.664361299834532737e-01 4.189114913997410428e-01
4.329414942590280035e-01 6.554508666947373996e-01
8.835830590430571174e-01 6.784726432258393336e-01
5.860365243478885544e-01 6.096203737861780603e-01
3.687409581751605603e-01 6.732610317049534387e-01
7.310603679779076325e-01 2.315324827747813896e-01
4.309632028322849528e-01 4.869802351214403968e-01
5.122721902459865806e-01 5.728635763136320502e-01
6.838212665784637601e-01 4.839767346211958920e-01
6.331437527395962217e-01 6.528018464361083906e-01
4.026529090809649603e-01 4.968484785933230952e-01
6.485386399925798795e-01 5.151282609821787872e-01
4.431228852332731449e-01 7.101218145666561288e-01
5.913899071969964671e-01 4.859285048802691742e-01
4.234003322316224893e-01 4.274924456568768294e-01
7.243831491744116002e-01 4.556120224122889861e-01
1.496560400142141201e-01 7.910374751877603527e-01
5.232330706786391117e-01 6.052608606032293670e-01
2.633156570905977878e-01 6.960338607729656957e-01
8.390724501027470028e-01 6.837041731646824605e-01
8.112726909531464692e-01 6.855776642081801153e-01
6.613146235091651448e-01 3.406484841084395088e-01
5.970859333124131085e-01 7.066332417830529788e-01
6.465514497836869490e-01 3.280064646601271727e-01
8.114585379005987420e-01 6.128157094259941706e-01
3.936606432832645552e-01 6.510664768863366758e-01
4.883125764933084478e-01 7.079310425862634926e-01
6.498718177761517723e-01 2.735503136718953066e-01
5.636787568728679476e-01 7.055226152111716553e-01
3.407172714583344142e-01 6.600249115690134394e-01
3.261720788141996286e-01 5.549424769417987680e-01
7.527261880590205845e-01 6.335187339941341644e-01
6.709616031362384270e-01 3.030125282909067463e-01
3.833184535621354527e-01 6.602785546709902809e-01
5.465012030283321609e-01 7.226624103168686197e-01
5.367199905234959489e-01 3.076936785528720519e-01
5.968785390829199899e-01 3.921848623600922568e-01
4.769865950059452575e-01 4.622011398926709758e-01
2.593080797708509633e-01 6.721579880954620112e-01
6.730935934113941865e-01 6.382950612212734409e-01
4.678420099559933987e-01 7.036155485176387447e-01
5.136633575444792266e-01 7.210204309697616498e-01
8.547781020007599873e-01 6.794092133079980833e-01
8.237645136949862668e-01 5.642364467930510719e-01
1.482740346294605382e-01 7.875138281644015192e-01
4.938982320214119204e-01 3.562526464503091295e-01
3.889315222175419029e-01 4.122188830674542448e-01
4.963857433622887450e-01 3.976845715888855937e-01
7.313107215491024826e-01 1.993597580562370131e-01
3.121410966243695073e-01 6.224010184545730739e-01
5.883084034485428493e-01 5.428503294830585579e-01
2.297910796045703752e-01 6.410196708846220837e-01
5.424916413727476350e-01 6.685901172806663073e-01
6.235942029953526200e-01 5.708021925158106580e-01
5.787930363432948200e-01 5.321532897868508361e-01
3.117455910363048366e-01 6.007768587876334276e-01
4.649215780910500584e-01 5.588686361963131066e-01
3.412946361318804911e-01 5.361653849688104989e-01
3.961959470979217746e-01 5.917532844852158025e-01
3.173803376854298364e-01 6.464257893047631320e-01
8.097868357941937489e-01 5.185530876193280569e-01
6.323110500910588128e-01 6.298663261440036187e-01
7.320810630733001201e-01 2.885412619641523069e-01
6.289418842456563352e-01 2.567028444037328105e-01
1.967110281569358077e-01 7.277435443756536948e-01
5.173805457120229656e-01 7.148382156400540088e-01
9.075350251785092581e-01 6.649972189202778550e-01
6.551700402481559493e-01 3.796909298171930458e-01
6.329884290898356580e-01 3.523891384832637530e-01
5.915269194249184181e-01 5.345262070487212247e-01
6.834444936339384435e-01 4.235610383367803822e-01
5.534732110482891709e-01 5.062445207545760439e-01
7.020661479643350855e-01 6.587925458178877092e-01
6.716599543909089753e-01 2.566482773685843100e-01
4.692911376025882264e-01 6.126605273028287169e-01
6.057504834440994301e-01 4.346982659411883221e-01
4.568909103778603376e-01 3.827640533324785377e-01
3.269050921088358375e-01 5.038394796000582598e-01
7.577660492763310662e-01 6.328614019175750061e-01
3.723657716667580497e-01 7.384615109480403561e-01
8.425975053625707201e-01 6.107125663496332235e-01
4.532879489379905147e-01 4.244324244647246780e-01
1.333305008203681252e-01 7.694008872917637021e-01
3.951730585047609212e-01 5.329392686130169920e-01
4.190536455954866346e-01 6.170503204109595297e-01
5.568500188741516421e-01 3.676564500453468054e-01
8.569058032580697537e-01 6.053520346876132274e-01
6.533168466871785984e-01 3.855739760014300632e-01
7.535315363346464235e-01 5.345756715954796956e-01
4.769651753542956119e-01 3.632000218229580746e-01
4.471573902338977224e-01 3.576582568701098253e-01
7.478584427274987956e-01 3.579535965728706248e-01
3.776545006016043815e-01 7.381662614398671884e-01
3.539095415705838521e-01 5.868429338957077412e-01
4.259533119257136735e-01 5.827154679714102725e-01
6.179603323935776160e-01 2.971953449226685251e-01
5.746039339709061444e-01 5.818705669732375796e-01
5.091674838260010771e-01 5.945723849167122710e-01
7.311429289201197834e-01 7.018326239733230221e-01
5.030668480016015076e-01 6.183826005148291838e-01
2.451940045113239486e-01 6.794622402021177621e-01
5.376294405518092789e-01 4.201336091530798456e-01
4.878992261749945381e-01 6.168184561345648742e-01
7.834612996447228861e-01 6.015186390892498514e-01
6.658453747012568202e-01 3.214069406836262965e-01
4.117147501461578263e-01 4.622392842040538019e-01
4.128583248694610019e-01 6.421783946070147575e-01
6.568717459015782634e-01 4.892763991904065524e-01
3.846389206135839567e-01 4.937382972160860306e-01
5.311491192155277652e-01 3.039863261723118604e-01
5.390306725355510364e-01 6.826423251082622823e-01
5.333634429429858770e-01 6.643619241940690312e-01
9.818320446326966877e-02 8.166394935045078185e-01
3.897173354956901536e-01 7.663385873622918787e-01
7.756950985430707268e-01 6.190304148498793069e-01
5.657564436711499667e-01 3.716696673030620013e-01
2.132937090817164649e-01 7.017911110475292258e-01
6.760650909793806118e-01 5.132488673360933173e-01
7.531013126501111543e-01 3.297989788399413591e-01
7.708364856432248224e-01 3.420097044538267239e-01
7.512654725658725052e-01 5.068713875836684535e-01
8.922112449815502444e-01 6.367195646704113532e-01
2.040627010778170436e-01 7.187264075841762745e-01
5.171838917763358356e-01 5.356645733491860462e-01
7.332016461048707079e-01 3.037376932190403167e-01
7.035801290516920936e-01 6.026054083750613799e-01
4.770890970523107288e-01 4.060081649020505501e-01
5.046421517907703214e-01 5.369892003797041014e-01
3.684763575503738342e-01 6.278250069457289584e-01
7.108711648529220106e-01 2.758346060665454180e-01
4.046715724152099014e-01 5.217236927613415620e-01
7.523882905960923573e-01 3.980095438601074509e-01
3.621357395727892725e-01 5.344497786827204777e-01
7.454228032807139748e-01 4.597836978379046813e-01
6.898818415530871828e-01 4.165218857029214794e-01
4.951371253121363836e-01 6.525914816349258629e-01
8.271925512487502408e-01 6.778525335479023139e-01
7.878787701766278850e-01 5.260545355639482112e-01
2.904999481088845759e-01 6.481634259712871771e-01
8.623485148275752410e-01 6.195186130038962125e-01
3.193923786473155113e-01 5.840678903060844140e-01
7.212392173806408957e-01 2.913726906245692749e-01
4.860451154621600045e-01 4.840479163603626511e-01
3.283447553229991711e-01 5.962056409809008972e-01
4.713322046774852669e-01 6.971561510784344273e-01
4.523736047160437646e-01 6.739830176615386748e-01
5.672856885629815604e-01 6.237584211253413002e-01
4.263496081468583498e-01 4.636764662019987049e-01
8.113360617252401985e-01 6.307159962820648724e-01
8.291136623687258567e-01 4.544244939334868283e-01
5.901495927608454428e-01 5.675559599824162582e-01
6.055363602850434290e-01 4.838409919638535506e-01
5.800781069377426435e-01 3.283431314636555687e-01
6.723575887615397262e-01 2.787521406379749878e-01
4.212414624668938123e-01 7.155301504506523802e-01
1.760311077058653584e-01 7.964952985274933450e-01
7.368943816313689998e-01 3.945439680505639091e-01
6.927319312705877419e-01 5.331498594766181931e-01
3.587465919596870001e-01 6.828532872225451245e-01
3.312317983774309416e-01 7.422692936260251173e-01
4.087043893097961345e-01 7.494406327354201647e-01
4.614908118885834298e-01 4.386464947057335806e-01
3.537569815174052001e-01 7.433695668258779587e-01
6.099142620181668972e-01 3.555035896738226731e-01
1.328574895919640564e-01 7.979850291312095001e-01
2.677785964508399563e-01 6.221526788193924018e-01
3.623452759856894412e-01 7.130998621747086652e-01
7.150972629960387073e-01 5.472208097969367691e-01
3.605777361296553241e-01 6.084989341692011999e-01
6.431435483112235563e-01 4.163484706852306205e-01
4.516217879796668999e-01 7.404327670947243867e-01
5.938551366777496954e-01 5.233617105029537697e-01
6.909413842199857436e-01 3.193362427310263429e-01
6.594484289561158841e-01 7.211084016833584354e-01
4.536094660813904667e-01 5.422539541739245239e-01
2.233459805941334919e-01 7.781319047491177532e-01
3.952118769186152569e-01 4.595183876545799739e-01
3.800376924202322204e-01 7.120311585813576816e-01
5.056786512905466768e-01 6.231190106492208169e-01
7.681138734483543562e-01 3.507092028394190319e-01
3.322770438194928011e-01 5.082332967872159601e-01
5.307254859772546629e-01 5.422141498442021312e-01
6.847672546489402823e-01 2.088945017916909730e-01
6.870070322740939872e-01 3.837034252880547336e-01
7.969270947573898756e-01 4.957068949067050534e-01
8.431864027587553378e-01 6.174617408982431277e-01
3.704192309098426894e-01 7.230286592896283393e-01
3.523587127507696870e-01 5.486418306742257833e-01
5.115196615729232787e-01 6.162185581323291750e-01
7.139165210788388505e-01 7.082307270887618911e-01
7.673041411861084571e-01 5.062664459565305863e-01
5.541434474083827277e-01 5.241747221596314565e-01
5.458141936764177027e-01 6.865710188053798513e-01
5.159176552584618936e-01 5.477361984188949817e-01
5.995801619603060573e-01 3.663296735818951655e-01
7.301901826887658986e-01 6.030950114873848689e-01
4.999190481223713123e-01 4.227223177766756268e-01
6.870199709541908728e-01 4.156056922200308534e-01
6.353933282669743665e-01 4.749386615442167670e-01
2.645908651847620474e-01 7.219776641734085842e-01
4.832208523605009409e-01 7.280933192952805388e-01
7.076663205526199096e-01 3.041645023234275103e-01
4.438370831766353941e-01 5.270402396929270150e-01
8.104807216302222228e-01 6.736592367354399258e-01
1.518251159174254794e-01 7.740474007588965533e-01
7.603889881135887929e-01 4.369328468574416036e-01
4.192267243272642108e-01 5.086048722339813200e-01
2.691720009877913156e-01 5.797057749875348387e-01
2.455236437774299119e-01 7.101416747634365922e-01
5.740693970511860922e-01 7.160137122398052556e-01
7.672073431264082588e-01 6.806254670468223633e-01
4.369700624552290136e-01 5.085915746514564351e-01
4.947957044801825077e-01 4.213970637837477495e-01
6.783841093540280420e-01 3.202670180889464202e-01
6.926499150756926237e-01 5.583912309366396709e-01
6.041645483896005420e-01 3.747062962578641132e-01
4.939464585817240905e-01 3.944872379350137792e-01
4.640320863470193680e-01 4.619659253752425032e-01
5.854872847567151872e-01 2.987620370425588257e-01
7.061622959643064634e-01 6.577031887796648268e-01
7.149055256392951030e-01 3.919552841166260571e-01
8.939603004271080566e-01 6.510956866501752538e-01
7.583404239192695906e-01 5.738096569673861724e-01
5.180022806051571838e-01 4.275158646621453062e-01
8.576288784379073604e-01 5.383126453660905808e-01
3.641154965856643333e-01 7.356336145303393748e-01
5.808834286877558872e-01 6.277373505461536496e-01
6.609883298215621927e-01 3.659782133905369883e-01
6.566469762702290547e-01 4.710273974184174817e-01
6.997963649713239143e-01 4.748395286434872187e-01
3.237263500760803048e-01 6.042526357804856030e-01
5.991951933622532422e-01 4.307805114276320735e-01
6.267542899118591082e-01 5.052359279398745961e-01
6.248149509088122278e-01 3.751707304096456030e-01
3.639424054636478112e-01 5.478897423217348184e-01
6.174058174533052501e-01 5.539393548992908034e-01
3.438644656954732426e-01 7.007656478679196166e-01
6.841626263885187686e-01 5.240140126589508673e-01
6.886334635522480818e-01 7.012293450479032408e-01
8.289991506715285174e-01 6.169853072153084206e-01
4.203964719023980945e-01 4.851761094630226978e-01
5.182512001238412935e-01 5.759719313934572593e-01
6.930763674648449113e-01 2.525780506088524668e-01
2.450674643110222484e-01 7.229161787289208885e-01
8.258582616759345685e-01 6.878880727255884953e-01
4.107274617064536892e-01 3.794775138026199590e-01
6.489323144884180383e-01 2.341570539639579174e-01
5.503865263239228200e-01 3.742775747539479059e-01
5.015599988327827941e-01 6.626722043724183608e-01
6.049414113464592901e-01 4.940230449417104541e-01
4.251075939463966336e-01 4.312226529328521685e-01
8.132332629812675240e-01 6.324493053223066985e-01
3.195002198075427846e-01 6.635278126338696181e-01
6.445777952620452833e-01 5.264276949190509480e-01
7.501424423583907819e-01 2.412122625693492450e-01
4.530319889744451878e-01 3.726825645968700473e-01
4.773871209591362685e-01 3.863115895570706226e-01
4.918537612882954990e-01 5.504178217177805310e-01
4.106049394784491158e-01 6.271720308365220653e-01
5.384425255761867701e-01 6.190911677692635395e-01
4.007061476785236387e-01 6.172252196222167697e-01
7.419591870919847176e-01 3.137968897291366632e-01
6.333129300406169504e-01 3.876336121543155766e-01
4.740998388706099687e-01 4.404300868562905924e-01
7.040484243994039604e-01 5.820541492349742274e-01
2.055346111810847365e-01 6.780824759593711004e-01
2.952684010998235520e-01 7.819876666249745423e-01
7.151602017384717236e-01 6.784958738952930890e-01
2.367207049250464601e-01 6.343527468545080428e-01
6.821347109931577002e-01 3.013494186332725810e-01
6.122506295885644656e-01 6.793013312403586301e-01
4.929493632462308983e-01 7.408307928559872968e-01
5.079257916053712130e-01 5.522112001453847174e-01
5.143501410013805453e-01 4.867201479541204967e-01
5.336535887849803705e-01 7.386162473979536180e-01
7.377685212169992068e-01 3.672624825517003533e-01
6.382992435295923306e-01 2.948068734576369532e-01
6.209142159725560273e-01 4.832108077292015524e-01
6.163517047614677224e-01 5.652465470319462115e-01
2.143897379307603823e-01 7.059377762764873498e-01
6.831159851981309927e-01 3.215639365839606523e-01
7.061636938797796192e-01 5.118588102453479616e-01
5.608192609364691661e-01 5.124476502941750500e-01
6.532955372846569464e-01 2.772444348687402860e-01
4.715242611135882500e-01 7.521766711377519954e-01
7.776834258692297830e-01 5.838143501361349186e-01
2.116068861149855984e-01 6.926299110466558329e-01
6.191673280988733152e-01 7.024052072182855877e-01
6.238724913909665659e-01 2.739660756893899096e-01
7.203372570417044818e-01 2.436227844061583936e-01
6.186375187358454930e-01 6.625180007700350870e-01
6.631209886515438967e-01 5.009973268807291769e-01
7.102436857663363412e-01 3.167038541809021335e-01
7.104858563548416273e-01 4.677358321205885017e-01
6.588260029449388711e-01 4.194032570975833041e-01
5.104178568739290434e-01 3.944758173219351516e-01
8.023787455118395195e-01 6.377099634688330188e-01
7.389566140067089783e-01 6.255202566124370422e-01
7.157072688570084162e-01 5.721168094537040227e-01
7.658564507182046288e-01 3.919041237356510887e-01
7.383638904072300502e-01 4.140150226607745010e-01
7.300813814565831894e-01 4.383038408259653518e-01
2.097069072932848943e-01 7.236288735386141591e-01
5.585725874522483592e-01 3.264206785623880447e-01
7.554227346587034653e-01 6.514337542693406924e-01
6.833137601957849361e-01 5.301270818994733292e-01
6.676914065512606911e-01 4.515931409926167150e-01
4.527086965229529247e-01 4.942392126846357758e-01
6.563407087749217883e-01 3.905321819660707572e-01
8.226725320634586947e-01 5.526123256096044933e-01
5.003424504021116714e-01 3.656922416487320970e-01
4.906296057414542555e-01 4.489082542698586420e-01
4.037933798085301951e-01 4.822251892108197491e-01
6.413997095730157305e-01 6.839035678074620872e-01
7.086443754750315627e-01 4.063565933670307828e-01
5.992530345581217333e-01 4.375987872555201497e-01
2.929390214439455131e-01 7.176428549361325571e-01
8.227969353924162732e-01 4.264545483502076850e-01
7.714904223503591396e-01 5.838710713351625836e-01
4.066992210914987527e-01 7.132454513786719019e-01
3.519490012503460608e-01 6.083577201635341769e-01
6.987116702337490270e-01 6.609875726929571593e-01
6.123693872951584405e-01 6.951142314571311376e-01
4.465983569252692242e-01 6.186478075286827583e-01
2.283893102548008036e-01 7.714227949621622615e-01
5.513060147216449769e-01 3.058645869735172051e-01
6.273216694839461871e-01 6.395274278203961771e-01
1.473935890530320147e-01 7.747986625783365167e-01
6.999234619296906823e-01 6.191407649546591951e-01
5.755638040724361248e-01 7.305937831087885304e-01
4.540641028398241241e-01 4.310463210127723488e-01
5.405314893308291735e-01 4.835116780187103669e-01
7.263462614280541407e-01 2.279831392500080434e-01
8.042779686759496949e-01 4.963327670788896251e-01
3.469258346781422531e-01 7.128622648711364640e-01
7.058052081277911283e-01 5.851631896852290682e-01
7.712280600091561134e-01 2.944527926461824041e-01
6.395544803255445165e-01 3.971107671364345615e-01
5.456073964102858831e-01 4.167431831286922961e-01
5.908215652965387310e-01 4.507462212410590086e-01
1.476989009102650241e-01 7.686845224416085642e-01
4.682525171689899124e-01 5.440265092743029607e-01
5.839148615243361373e-01 4.662982442863809474e-01
6.534153390759540603e-01 6.382686962571182399e-01
8.329434661817010088e-01 6.742872270556834469e-01
4.878355933412006906e-01 6.640175953189710878e-01
6.570716076418064988e-01 5.757606621696914617e-01
4.148989575246931349e-01 5.022504894863009106e-01
2.632872926894828103e-01 7.765533094666789982e-01
2.081927597908718730e-01 7.901417070829492850e-01
6.555141158336585949e-01 4.384937101846902996e-01
2.872595744680373486e-01 7.651576138737214983e-01
8.413621674119160510e-01 5.692126331366591518e-01
