4.597530002159323503e-01 6.727153926377674731e-01
5.266832397913716601e-01 3.176780413026724093e-01
4.923267506656819337e-01 6.529146845619264727e-01
5.753480665636216962e-01 3.052047944676328228e-01
6.149425172176825605e-01 1.084132592969649506e-01
5.132351846442495535e-01 6.280081836068704959e-01
4.215767440767049790e-01 5.953931503020495342e-01
4.129786173371757796e-01 3.954072827085418074e-01
4.344034336280143127e-01 9.252995573700488752e-01
4.576277717984622573e-01 4.597922264341720577e-01
4.971850963555249359e-01 8.001852833122876651e-01
4.375371413967301670e-01 4.423495742237092410e-01
4.322781623242016313e-01 8.110456054978549822e-01
5.255287853740896464e-01 3.301008122485415974e-01
4.563364996110328975e-01 6.596160310423552220e-01
5.925934598531067410e-01 1.496510540578484538e-01
4.068431808203764044e-01 4.187356346039805555e-01
6.430550355597394185e-01 1.017144800614485228e-01
5.979267620707546804e-01 4.142513639845047946e-01
5.655175537874475022e-01 1.981362800662419543e-01
5.455871713394927491e-01 5.278599229225366951e-01
4.497597970483843688e-01 5.670386858520914952e-01
6.176301979699612144e-01 2.240339705000385373e-01
3.600691382461688739e-01 4.598978369473026295e-01
5.478978719577072276e-01 3.310568832744952283e-01
4.286306196878328922e-01 7.243963997342471872e-01
6.492998826924076816e-01 1.346362501305767012e-01
3.884671691884563072e-01 7.124029053165150671e-01
4.020571560110192122e-01 4.678459005302839646e-01
5.862738718026955231e-01 5.725896036807929246e-01
4.587778235411609784e-01 7.873550117690242267e-01
4.948574242257204325e-01 2.931424171568348669e-01
4.666099854429349159e-01 5.368066598694261060e-01
4.612227828388962836e-01 4.890770407135512921e-01
5.496201948197287912e-01 2.465378312628998536e-01
4.998443147216773963e-01 7.590847706075948276e-01
5.920776790659614264e-01 3.543839546814490093e-01
5.385284445365972061e-01 5.110004001971639731e-01
4.650592093660496085e-01 4.076617125835020894e-01
5.438403540541613124e-01 4.283174290764028003e-01
5.151178327168434157e-01 7.085654701467112293e-01
5.502957828401549012e-01 6.939941327212393318e-01
5.544255821173031951e-01 3.376695501202039984e-01
5.811087462480456489e-01 3.015012618315786042e-01
6.131773924320120805e-01 2.013073829127454695e-01
5.946982126930611123e-01 2.875644524517483314e-01
6.339233264089788600e-01 4.436526904602879073e-02
5.116517671334390727e-01 2.531216608800619383e-01
4.410614413265186440e-01 3.965861970049400220e-01
5.688853468351517950e-01 6.386444909042192641e-01
5.111668727866229833e-01 4.291063716298705311e-01
3.957464673814498068e-01 5.800921049914689043e-01
4.762379314442817257e-01 2.766995780793609638e-01
4.143554244576430068e-01 9.354739215618061987e-01
4.389744131075815070e-01 6.741697749619525171e-01
4.967071905404554233e-01 3.357489711287799938e-01
5.928107840788957583e-01 1.186951607007160348e-01
3.595330126502528367e-01 5.428986983001988786e-01
6.236985402084662677e-01 3.709420321303786294e-01
6.124954410369108926e-01 4.939010146815357993e-01
6.143598965515963961e-01 3.619422359094214836e-01
5.861391121722697717e-01 1.559901194951050230e-01
6.309543874362525395e-01 1.836188432947611915e-01
3.669925029990341314e-01 4.884065109944213390e-01
6.385484840103381465e-01 4.784090135549970424e-02
3.672468503490773362e-01 5.332297258131113438e-01
3.683012444821853748e-01 6.185718300226088484e-01
5.158869716366355496e-01 5.098667889709955769e-01
6.182202197446829972e-01 4.046537804564954710e-01
4.536845830775625421e-01 7.541851440857003652e-01
4.985537953673767064e-01 5.655613623253654687e-01
4.612432868901044092e-01 3.749997399185996949e-01
6.306653745412523770e-01 1.970019457249541639e-01
6.135889484937233629e-01 3.664744300054945114e-01
5.236814060697160267e-01 2.779801428271052033e-01
6.056740322915605823e-01 3.362375702587869220e-01
4.392743702774962733e-01 6.802878569993467961e-01
6.334234728768960432e-01 4.221256394970615555e-01
5.625778346130900776e-01 6.742927160736695846e-01
5.902700624679733110e-01 1.507123016181761421e-01
5.580218720235171626e-01 2.730636343814051847e-01
4.358984170734199193e-01 7.033454693712544170e-01
5.158521068676886756e-01 2.082221316193252347e-01
5.878823650606967988e-01 4.295780932307767808e-01
4.680432313417858259e-01 8.400586461504772062e-01
5.162673462603180052e-01 3.745305462397011120e-01
6.200072516939184597e-01 3.476803069555193804e-01
4.923214272126342217e-01 4.922647021437986936e-01
4.803933251311733876e-01 5.792692485381679690e-01
4.149329903332029668e-01 6.682290263743100311e-01
5.925216634510728220e-01 5.291526656591423183e-01
3.996187131434998374e-01 8.624629530891698703e-01
4.963437159849726776e-01 5.633567905649043972e-01
6.519832568194544598e-01 2.798749959001134990e-01
4.691190631250971022e-01 3.884725838229657335e-01
4.033659136188125771e-01 8.451744329654982124e-01
5.174416808229832521e-01 3.722405095710901168e-01
5.959761993514467449e-01 2.569738912232248373e-01
4.029017857890446752e-01 4.434526552454833848e-01
4.312658428279387279e-01 7.934001051720843689e-01
5.781567407461037922e-01 4.008090545210467037e-01
5.514413407071806494e-01 4.542190538562222990e-01
4.951595428397271292e-01 6.337495352992225106e-01
5.687571077439569356e-01 2.720349524104135330e-01
5.902013848577702948e-01 4.582036026234709847e-01
5.181868110298124552e-01 5.090522349849984085e-01
4.996117707424222454e-01 3.605519319161809566e-01
5.727909268602545678e-01 2.539388213286521423e-01
3.960285731755317506e-01 3.931129581525320549e-01
4.590917138813521148e-01 7.038972342174922847e-01
3.979577491652429022e-01 7.269661708213085438e-01
4.594424271144750271e-01 7.611737419008571814e-01
6.260470309026259228e-01 2.533817976223646795e-01
4.895263154391139016e-01 6.231110998519996391e-01
6.193470628933391842e-01 2.557737072818080382e-01
4.805522560491123363e-01 6.920871943675530602e-01
4.801758303014952434e-01 3.888608821680173966e-01
4.927401438993829763e-01 6.716382415300566899e-01
4.294339085893660313e-01 6.462962418743851689e-01
4.395460376141285819e-01 8.439755175659374720e-01
5.238656299011777984e-01 3.777877044311808707e-01
3.667247980685055531e-01 5.354511512744172252e-01
5.592246725851974798e-01 6.269766831126414308e-01
3.846045624671113883e-01 4.599346423267416384e-01
4.902524015523980205e-01 3.940384479822267583e-01
4.888277467665402831e-01 3.535768702453961909e-01
5.133149595866961512e-01 2.833681626239774043e-01
4.369318908988444328e-01 5.578226159314467747e-01
4.157093949725407800e-01 6.761648866025715687e-01
5.546490573958952064e-01 6.072018097579193752e-01
4.905048364004972461e-01 2.658917420296909029e-01
4.150765307409871041e-01 3.974902147149577680e-01
6.100769800465831727e-01 5.261674489647031328e-01
5.545935004302463556e-01 4.492571231689723721e-01
5.829559438874987176e-01 2.730245219601767914e-01
5.608889554110940701e-01 1.489908415799720554e-01
4.066791862132466684e-01 5.551942346042570975e-01
3.940437710593103215e-01 5.877426444384032944e-01
4.258730518417266353e-01 4.489257249735567057e-01
4.979547529051170374e-01 7.238423364053966358e-01
5.383524806429075271e-01 6.568929770508781241e-01
6.442722423530453657e-01 1.750230034304735283e-01
6.123631330956257335e-01 2.231288238985560668e-01
5.579576754608582823e-01 5.782036176257152604e-01
5.951909428604706953e-01 2.170899525498442562e-01
4.008314068043706824e-01 8.338967934483018096e-01
4.116668847721415836e-01 9.363561969851490474e-01
3.859088793915828042e-01 5.359977870544545553e-01
4.368101784263367371e-01 6.144497761344897002e-01
5.886204425868818424e-01 3.635466239494523633e-01
5.617703252705470440e-01 4.096832128783915450e-01
5.343984589877019964e-01 6.976373262841290002e-01
4.849752896405090663e-01 6.631815482326868239e-01
3.807060532791173846e-01 4.202546199749203626e-01
5.594937039021767866e-01 2.933495581038302324e-01
6.392661017212645236e-01 2.925784246091115981e-01
4.729419074117730548e-01 2.849265774096597093e-01
4.203671154947983268e-01 3.686305430812563122e-01
4.385999534925207888e-01 4.246316333846636981e-01
5.030052312848385387e-01 5.661350348239617691e-01
5.051203777955827201e-01 7.782679747925338454e-01
6.101943224000745403e-01 1.168176907714176815e-01
5.749681327485801630e-01 3.935054152029463514e-01
5.337844683975445648e-01 5.097060534576083324e-01
4.162895130156314960e-01 5.666567282729485511e-01
5.173774628869031167e-01 5.942218106559110646e-01
4.680470826015505903e-01 7.614972877407721885e-01
5.776319949231748518e-01 2.089150643116341743e-01
4.408376467107937846e-01 4.607723921024059477e-01
3.624574743086097506e-01 5.308525082597763678e-01
3.903456798975866171e-01 3.854574987079821824e-01
5.613057450298004625e-01 1.747063880782107059e-01
5.724397638075299222e-01 2.609363759605647926e-01
6.267136891095089757e-01 2.557946956833900831e-01
5.146947506907531000e-01 7.617241709417653661e-01
4.253952891557547522e-01 5.818480855721960276e-01
4.884981021544528845e-01 5.063172072424332315e-01
4.265148627576870743e-01 4.508451151156732672e-01
4.780564257247032489e-01 8.023618424034506535e-01
4.524750556605481866e-01 5.486387113645943003e-01
4.927691824068458626e-01 7.404103447786882786e-01
4.439836265927544212e-01 6.731282307285995081e-01
4.964911714157405065e-01 4.303340903161116948e-01
6.157006121746011473e-01 2.590500775133115496e-01
6.562794096682967870e-01 2.813908201170853274e-01
4.932152984296874765e-01 2.406234817015521499e-01
5.896149786198092713e-01 3.009967345824680063e-01
3.910172210045186336e-01 7.884804288371621839e-01
4.984800597686691592e-01 4.738473883335186931e-01
5.181311807075125175e-01 2.263601181395133166e-01
6.306937528778984170e-01 4.916459041130742669e-02
5.241944703916598947e-01 3.007937982371265417e-01
5.580660595151253345e-01 2.603496220466727240e-01
4.056230697438988897e-01 6.381486657373640625e-01
4.430793540655173501e-01 3.288150158049065741e-01
3.682605398415980669e-01 4.861668822239920140e-01
5.004614750597873307e-01 6.545423960249371342e-01
4.728673612328376796e-01 6.592864955159505325e-01
6.167899703594961203e-01 4.665882708858805072e-01
4.183914949289712082e-01 4.836157286410990297e-01
4.746645732609762192e-01 4.271023659625611257e-01
4.953498188207067221e-01 5.655874222075678581e-01
4.768762615601011001e-01 5.281233061006910257e-01
5.144193161470600462e-01 4.485674637274080223e-01
5.107823427800732841e-01 4.666639893674486839e-01
4.173334594516930895e-01 9.107508491737560385e-01
4.258746246127573243e-01 6.794702593825202586e-01
3.560410139166096388e-01 5.345406357228675853e-01
5.641608461450081657e-01 4.590301410185558817e-01
5.339240504075168925e-01 6.625801501861079412e-01
4.877737622425767916e-01 7.798503444324370593e-01
5.204868064721149823e-01 3.051251006225776941e-01
4.946284329034301708e-01 8.088516028572164673e-01
4.567583134887967522e-01 8.761395724559267739e-01
3.807478196723139696e-01 5.190852209020677677e-01
4.970708828038034599e-01 3.037778829728967622e-01
3.683044528635334713e-01 4.767344872559092783e-01
4.003860615496636077e-01 5.199793415056153112e-01
6.060054894562165728e-01 3.014814093897896230e-01
4.535871342976380283e-01 7.967669370161086784e-01
5.849575157070517895e-01 1.394083598349794284e-01
6.257990348751657494e-01 3.030134417345972109e-01
4.376319211382359020e-01 6.815908876259981763e-01
5.113746698203887053e-01 2.460586659558646749e-01
5.002634990068776100e-01 4.220029207227852797e-01
4.764411144533692855e-01 6.936908378760985316e-01
5.900770793755465426e-01 4.054114752973738689e-01
3.795792572254111374e-01 4.606180446741730550e-01
5.468075000837735455e-01 4.558111718269805546e-01
5.691513254933863175e-01 2.159972606803134965e-01
3.984319013419671540e-01 5.188545837183728970e-01
3.559270089101204126e-01 5.393497744991058163e-01
5.161845686971873182e-01 4.623266348216794053e-01
6.284416390219611515e-01 2.187119792758614178e-01
5.431919744753082036e-01 4.876449276025787150e-01
3.839427778975781358e-01 5.226115425793854685e-01
4.751762389669537123e-01 4.738112238466251069e-01
6.394193962300923628e-01 3.152068746634012486e-01
6.282127089522728802e-01 3.345537401714980819e-01
6.195102145503664781e-01 2.519329954353641821e-01
5.531671235911072015e-01 3.516881958122419771e-01
4.620493735523669154e-01 8.630612249125436675e-01
4.665979735734505085e-01 7.538563589046651803e-01
5.800929549315508860e-01 4.214007882089586543e-01
6.346616498307798837e-01 3.805767038925011447e-01
5.297944409563495327e-01 5.270517779131698166e-01
4.440320927329002854e-01 3.150690129493196601e-01
5.997619689223394612e-01 5.496678837114795657e-01
5.574846998963886024e-01 6.456792138139357817e-01
5.325419341958050889e-01 2.061374059964149741e-01
4.615510678197833894e-01 7.090073756704726726e-01
6.304021784096794923e-01 2.963813248771163256e-01
5.087789174208874332e-01 2.840001240427403872e-01
5.985886984157062773e-01 4.630928501370230599e-01
6.200826012402501641e-01 4.945224922315075711e-01
6.037602205225371943e-01 5.366706749342678995e-01
4.743978076995776227e-01 3.289634750208904612e-01
4.046189035965598313e-01 6.851242219186048921e-01
5.298482129897846837e-01 4.208062572964620940e-01
4.903962907965251361e-01 7.350194040857326305e-01
5.578713867008001648e-01 6.029253032571401105e-01
4.333046597207049766e-01 6.670566148224937875e-01
5.883453998325296475e-01 4.991917988234280124e-01
6.302936192474096755e-01 2.638694203338567967e-01
5.642551585005363135e-01 2.024337060280818612e-01
6.141891877490650575e-01 4.148967741616911287e-01
5.941873589667385769e-01 5.012682681270923535e-01
6.523473113929230127e-01 2.110791074002272283e-01
4.107559277494985950e-01 3.787911985601460918e-01
6.133305850473903531e-01 3.630455071458669747e-01
4.971653436831718897e-01 3.213410825176148955e-01
4.479397695394860546e-01 3.234135374594609980e-01
4.628130672990906080e-01 4.112710795565416300e-01
6.116328824523878938e-01 3.104495851423833552e-01
5.798294228317500965e-01 1.569246162483759199e-01
4.259259821484824293e-01 8.525218439474235854e-01
6.438744060815263515e-01 3.565607156011801199e-02
5.096174016617559532e-01 7.093094418555834224e-01
6.277008432171857777e-01 3.336307026371408413e-01
5.846733912404231681e-01 4.577998729757853935e-01
4.938916214098603708e-01 4.260636767201760877e-01
3.648190764637758154e-01 4.580346995144506939e-01
4.233659484952910224e-01 3.985684657602462933e-01
5.373285528359982299e-01 3.155763366889695054e-01
5.338840405511688925e-01 5.209409925667708441e-01
5.393890070612844534e-01 5.320325060873639655e-01
5.909354745152906041e-01 1.323638945071391460e-01
5.001258041472682603e-01 7.821794548934853930e-01
4.202610693158162491e-01 8.772647296082551893e-01
4.816765536537978010e-01 4.513864635488031851e-01
4.212046403923387916e-01 4.498364888459840394e-01
5.975886772587712947e-01 2.605952915064964071e-01
5.775094340801666393e-01 2.571810295390624113e-01
5.273507377184037948e-01 6.101930731388309770e-01
4.827006820332181980e-01 7.451077134979938732e-01
5.781704889271445102e-01 1.734327780119037377e-01
4.459285232465279858e-01 5.017734231010474444e-01
5.730145462980789084e-01 5.309851598301258413e-01
6.144065285206055105e-01 1.063215694577870213e-01
4.741047511991250407e-01 4.422057982237849183e-01
6.131242055968526561e-01 4.938062736355931515e-01
6.080826147613861421e-01 1.465053933774599915e-01
3.863041819381899389e-01 7.697749641698139467e-01
4.693569660423922985e-01 2.952827032455552780e-01
4.795097106818936306e-01 5.700876241619672324e-01
6.182037665859996256e-01 1.760794437407810220e-01
6.122866333897633018e-01 1.665235692665475442e-01
6.279023735579757348e-01 4.500444168678172652e-01
5.103490380683315397e-01 5.959343610122934676e-01
3.766399396273296674e-01 4.558825259650056139e-01
5.122908159071482004e-01 5.528230546882846319e-01
4.068282997317514971e-01 8.704812936043861971e-01
5.486847980375145761e-01 4.277172741370904308e-01
5.585615345268931664e-01 4.410790603093107665e-01
4.871655033741092433e-01 5.725114441676302235e-01
5.611760207981797421e-01 5.940073020903726686e-01
5.082002228364024266e-01 2.531383687579761843e-01
5.994729170227280912e-01 1.935461627106708771e-01
6.435227823079967546e-01 3.232145080700185025e-01
5.601201251377126988e-01 6.475404928517110026e-01
4.102860513855293711e-01 7.601815818763169030e-01
4.416223315035741059e-01 5.408859571969395486e-01
6.211023326665499056e-01 3.128865875254348561e-01
6.318063431903907512e-01 2.013328591496922337e-01
6.375107290558549300e-01 1.111104032382623924e-01
5.013232998006953434e-01 2.286572564639094418e-01
6.067875796992516779e-01 5.229592580056579010e-01
5.868131100162650160e-01 1.729430774212968869e-01
5.640035518360252409e-01 6.193086079513084874e-01
5.133678773560745867e-01 7.349720846842771049e-01
5.002184567656260405e-01 3.065620306341633183e-01
5.699689236708533890e-01 1.995347617025526321e-01
4.145972689970294778e-01 8.271203837174094797e-01
3.824801053781988203e-01 4.251419672555175611e-01
4.424393765459325722e-01 3.178941140445228908e-01
4.127637140231632529e-01 3.531248875716388458e-01
4.122175254923248211e-01 8.636555155288294650e-01
4.244488811018184427e-01 6.378374084241608122e-01
5.274739908447725334e-01 6.075624830650705466e-01
3.443820666531123842e-01 4.601421008148370850e-01
4.233648022210739770e-01 6.289733178551122350e-01
4.843264570477641140e-01 8.216307726182902060e-01
5.526719990726740583e-01 6.935979999601185053e-01
3.713360038873108060e-01 5.446461405298073100e-01
3.911219451870407982e-01 6.312446887470473111e-01
6.104506423688674799e-01 4.420179979175102858e-01
4.705815013675028746e-01 5.540678241729264375e-01
5.758257233610447612e-01 6.336267870625403864e-01
5.463931818612729474e-01 3.358566240277902626e-01
4.133197475399701393e-01 8.511963193448610632e-01
3.802830359362486812e-01 4.224272896689805767e-01
3.616754887844512156e-01 5.363279101007305538e-01
5.147045698598482488e-01 7.431245975670123238e-01
4.261328053009965089e-01 5.322256753324912104e-01
5.125915886530885146e-01 7.749642687161281129e-01
6.376065099137347980e-01 5.793850152161025141e-02
5.098740662472927010e-01 5.198545056934416042e-01
5.605393341493225545e-01 5.509677994890538333e-01
5.017338398215717143e-01 5.266466581144531034e-01
4.603003708953427031e-01 5.542872571829429162e-01
4.424861575481347509e-01 9.155238240047109954e-01
5.136697888192602868e-01 7.151539693605891701e-01
4.273372021144298261e-01 3.509162204850203581e-01
5.518363414831116698e-01 1.875144316543858325e-01
5.171762983623934273e-01 6.048561070025593178e-01
4.273960101504270526e-01 5.348466714376720610e-01
4.711239487761577638e-01 7.184582438562202578e-01
3.915776494825097265e-01 3.919758097790111973e-01
4.308638087206190237e-01 7.253561207874563710e-01
5.771709723446711848e-01 3.203863213462044279e-01
5.192194264408354076e-01 3.713579254232238225e-01
6.277573546713628438e-01 4.493075986721270509e-01
4.296390935349246876e-01 6.097114848022181510e-01
4.706678638286594385e-01 4.405467807949282055e-01
5.976631622376583630e-01 3.786001595104162010e-01
4.871088910894871837e-01 5.546298510480655031e-01
5.660995353940033725e-01 1.758783845539942103e-01
6.308050494326137292e-01 4.827294019861927410e-02
4.830108343760247669e-01 7.301520819460368683e-01
4.642022902537440432e-01 6.728856975057926348e-01
4.436622840397369538e-01 8.609180651231558290e-01
6.012252377915132673e-01 5.346404318714503834e-01
4.206402411496356075e-01 7.035889898244462870e-01
3.978755225040617738e-01 5.231788089150150034e-01
4.550997987170575243e-01 4.713036459651935295e-01
5.481673799670749858e-01 6.703302939970559038e-01
3.875010537258845034e-01 5.301233072085598241e-01
4.419916633024954522e-01 4.344249470179666894e-01
4.875320889698340765e-01 4.192068509341334570e-01
6.120658091455227767e-01 2.829566673184070735e-01
4.094551521824788543e-01 8.400672760130408756e-01
5.236540271369475308e-01 4.697881137370299998e-01
6.613195361649930604e-01 3.322297553051087871e-01
4.851573880341888412e-01 8.098356786903559978e-01
4.317094498686838144e-01 8.353197574500674794e-01
6.222849987978968933e-01 2.242328346263698369e-01
6.169085304130091929e-01 4.855289108601538173e-01
5.768489807771597366e-01 1.599814643758036281e-01
4.787975535769526392e-01 3.429459172208309536e-01
3.681001571477950374e-01 5.658753345876958996e-01
6.219767207423092525e-01 1.680966279591605272e-01
4.873110597013210477e-01 7.708804738708967541e-01
3.815849889069662382e-01 4.193125425506831205e-01
5.287430905998725672e-01 4.950366737100318493e-01
4.389911669043337072e-01 5.372883569278497085e-01
4.979304608883213801e-01 5.003956502919142402e-01
5.531083457456288377e-01 6.746506816407897844e-01
3.977023913061965565e-01 6.585734471964482806e-01
5.113251737916374440e-01 6.063249062228356356e-01
4.377874118274432957e-01 5.301891922890873410e-01
4.366675392635322450e-01 6.477161222043361644e-01
5.320856934339458499e-01 6.014809081090425336e-01
4.529226319654854338e-01 6.521468751111786366e-01
4.271876289194233012e-01 8.000578563018785339e-01
5.149986944446018899e-01 3.197990641066777995e-01
4.886443381272181918e-01 5.755180003622636375e-01
4.566811693442666131e-01 6.963736703932525973e-01
4.636030747147619202e-01 7.647702994137297594e-01
4.255351022863005372e-01 3.915667942966510884e-01
4.714898811392183586e-01 7.405638808771782822e-01
3.648689576401108470e-01 6.207217982638602027e-01
6.119254373292666305e-01 9.154469628812211823e-02
6.530014098883134555e-01 3.412469028258994785e-01
5.501245181183388455e-01 4.707313387719478937e-01
5.958758613890475786e-01 2.019080022345072223e-01
3.836206178906278463e-01 5.828016136896003729e-01
5.134362823359487349e-01 4.701430759096437706e-01
3.897488602868207641e-01 6.244407617151619405e-01
4.295669528870118548e-01 5.254832886217353227e-01
4.128249041266053299e-01 8.225629054957211972e-01
3.473895502517134748e-01 4.532614489897814902e-01
3.989511074799610979e-01 7.774778549236996961e-01
4.321285006334572021e-01 5.012907221706665029e-01
4.804399685551478116e-01 4.958689976042496284e-01
3.821294889184516097e-01 5.509979939618047107e-01
4.091897979137359420e-01 7.835072525445982983e-01
3.778995888484553145e-01 4.703352285658132792e-01
3.903216639360239659e-01 4.435702696609374329e-01
5.313774140655928013e-01 6.104666325637735369e-01
3.990443239886201088e-01 7.857420150582927754e-01
5.711808357373405753e-01 3.779993313009910594e-01
4.672303836781737107e-01 6.694383458089875338e-01
5.333496377105240160e-01 4.004882412435944450e-01
5.381676818428716702e-01 5.768043565517969595e-01
4.516233797448487297e-01 7.856941610255356867e-01
4.009039206604458339e-01 3.971414322425999011e-01
4.625660449600799140e-01 6.356745291926212404e-01
5.281738515001804801e-01 5.031919005950585833e-01
5.647792954529168297e-01 6.690312185527252931e-01
4.519205703843161004e-01 6.115877661979612911e-01
4.975511779768314602e-01 3.040964594243921182e-01
3.621285771466126180e-01 4.608448581502082586e-01
5.731916410292589026e-01 6.486069760262529460e-01
5.083953790628188418e-01 2.497385796490955712e-01
5.092425873902025613e-01 6.969321189938562089e-01
5.076598107611779431e-01 2.537070741739295698e-01
5.033816464809983682e-01 3.141719364041866691e-01
6.154833492150449947e-01 1.955553489888938734e-01
4.384138606271576477e-01 7.572364732627046013e-01
6.251258357835873802e-01 5.387657249419988692e-02
3.774968604948721329e-01 6.929622368698951096e-01
4.867021042279317533e-01 2.876853940420013855e-01
5.409074108534684955e-01 2.352956167018417921e-01
5.711801206602160619e-01 3.405870973198282803e-01
5.391776834122335993e-01 4.541133009465364578e-01
3.919724329763186188e-01 5.102794079894387158e-01
4.233894258601053062e-01 7.194954139502780510e-01
4.556688751985742414e-01 8.070605902304827106e-01
4.793157905590791912e-01 2.694397189025189432e-01
5.496764324989998896e-01 5.470118780114334722e-01
6.368253763347202501e-01 2.124373527719888299e-01
3.824346888227835861e-01 5.998554783271780044e-01
5.945497872918854565e-01 5.410745789350145385e-01
6.343095693111762134e-01 2.476778814782825966e-01
5.465958312504534122e-01 5.845586847147957732e-01
6.069127236670727177e-01 2.460935742163065654e-01
4.116678150062984543e-01 5.450972652464529666e-01
5.911107085786335702e-01 5.880496633033772680e-01
5.687399262625343344e-01 5.139307145390240583e-01
4.097605858354794184e-01 4.834985940375491342e-01
5.961839364309499123e-01 3.789284533951509659e-01
5.541438309934026973e-01 3.643031701905229403e-01
4.735026683581023965e-01 3.206651130216948697e-01
4.664283778568985017e-01 7.438697453572946650e-01
6.279126914704903362e-01 3.949764085556999316e-01
4.131047266938549511e-01 3.679707203016939210e-01
4.587734693439836642e-01 7.289243328171630676e-01
5.078655581508989547e-01 4.947855248745087753e-01
3.619186807430054831e-01 5.036133055504424805e-01
4.987439526282042568e-01 5.176403192284411148e-01
5.632137955803615537e-01 2.075072220743163498e-01
4.400690227153359335e-01 7.940127877452385352e-01
5.532831467846228701e-01 4.645645329454645145e-01
5.378697783844421654e-01 4.456732919569277307e-01
6.428170935213151083e-01 3.895766909296212166e-01
5.457651331905120085e-01 5.309303532245455148e-01
5.478266375574030178e-01 2.881075110120216998e-01
5.382950225649675291e-01 5.610614960497175563e-01
5.503995519591240448e-01 6.380985982532747514e-01
6.395037598994822714e-01 1.696621185497839690e-01
5.936183810972914809e-01 1.430136933182518666e-01
5.410040423750213101e-01 6.267916764637804228e-01
4.916866298583731920e-01 4.770946947277109329e-01
3.917849710653582562e-01 4.460734943145058251e-01
4.652979793032037681e-01 7.111679646465142168e-01
4.676323933968200564e-01 7.592628686483611222e-01
4.704941380477325463e-01 8.600734591555045938e-01
4.643971318137516402e-01 8.751941306459318781e-01
4.778465315026506621e-01 4.232815615394662223e-01
4.738586680866285761e-01 6.007357789203475740e-01
4.228009454798898337e-01 7.133734679193282080e-01
4.798560385570484477e-01 6.007622380795043515e-01
5.423414884115281831e-01 5.970115658864363350e-01
4.268636804255607764e-01 5.255965087181124762e-01
6.309278056789935363e-01 2.547089638141534773e-01
4.347379066942916870e-01 3.721419657505076750e-01
4.852595557566059536e-01 5.239118478004870516e-01
4.816575335445799078e-01 5.493514981321698798e-01
4.130052413625720509e-01 4.181233459577486933e-01
6.231946463722234375e-01 1.912476382974602762e-01
5.804994839420114516e-01 1.914586804354207472e-01
5.661869692082637240e-01 2.252152619509094345e-01
4.879587398376364349e-01 3.667501690754185195e-01
5.746032187702697636e-01 5.681824241701487477e-01
6.369291190419008597e-01 1.764702423042517621e-01
5.947844420438204160e-01 3.708265856602313559e-01
5.684423288463322788e-01 2.760224627012158871e-01
5.622857751299755735e-01 3.417300836273676756e-01
5.551401275430341009e-01 2.312897402935715774e-01
5.176212592853881578e-01 3.373034980929355831e-01
4.658243904063193996e-01 5.207339235434302882e-01
5.796416388815436305e-01 1.661581324231033996e-01
4.085371568969453637e-01 4.567584147372282244e-01
6.136427863035506247e-01 3.808295610387875119e-01
5.733929007274199963e-01 1.937853193265017537e-01
6.422231425309276043e-01 3.260414590993754302e-01
3.977585186098094860e-01 8.290914331189531694e-01
5.509845430138953226e-01 2.588444067115717728e-01
5.191404908981041011e-01 3.953836622096209563e-01
5.994557079486030338e-01 5.022780737971427323e-01
5.575377005725777879e-01 3.607283803638831055e-01
6.442076825585776323e-01 2.556262028605527092e-02
4.266478961755518773e-01 5.935705792899780286e-01
6.163665726155820312e-01 2.650135517563849685e-01
3.787950315188160499e-01 4.801968562397684881e-01
5.288373530482031182e-01 6.283268220663510428e-01
3.578220719078029077e-01 5.302831960364651209e-01
5.223964587172040819e-01 2.771569378225761660e-01
4.340661901091075192e-01 6.918168392340107165e-01
3.980468610885389280e-01 4.086718330508559704e-01
6.379036545553353754e-01 2.285116566639092128e-01
4.027127880477044952e-01 3.806807442493264082e-01
4.420215397831603887e-01 8.077602943953777759e-01
4.203463513928044071e-01 7.798208270647117857e-01
4.962837274990623548e-01 6.811511168224526624e-01
5.610426659339196043e-01 1.806457004158091295e-01
5.364698940562014906e-01 6.714056519930708955e-01
4.824939364955503907e-01 6.470751720729579493e-01
4.773176291707356134e-01 7.159356587067234878e-01
5.686878099580796597e-01 2.276113638771555814e-01
5.966841438939779474e-01 5.321845949552854727e-01
6.263390951071865498e-01 2.790535086336621839e-01
4.621754511365846474e-01 3.832555441015215170e-01
4.381532194504892397e-01 4.223380814432469710e-01
4.000510914056231160e-01 4.880415362140303470e-01
5.228987742991768606e-01 5.971940664733571547e-01
4.187215848164755339e-01 6.301600730415368723e-01
3.532872193716029008e-01 5.186817908459839810e-01
4.075804600291055291e-01 6.366211792983524909e-01
4.811251711842201573e-01 4.111117966140604985e-01
4.694672930918900033e-01 3.022826843954329323e-01
3.872163824251819708e-01 4.636478325734341710e-01
6.379596708191922483e-01 1.036596736630391036e-01
3.841636033252069371e-01 6.387632584355598109e-01
4.138113825588816685e-01 4.646705014439000969e-01
5.465960314105999807e-01 5.936356328571129604e-01
4.308640131719661537e-01 8.520491144330594180e-01
4.477229991469435788e-01 6.424090661264656443e-01
5.525370056831151455e-01 2.790596156834642683e-01
4.294701307905960386e-01 9.216321060352603567e-01
3.866838835281910525e-01 7.259600965146706386e-01
5.531541022411317066e-01 6.952687167533186940e-01
4.215630424790142716e-01 5.474082623447313889e-01
4.241996718805160493e-01 6.774229093741430674e-01
5.885311323259885263e-01 2.668033987962922793e-01
5.877578998070513983e-01 1.801140772369573817e-01
5.263153578197350413e-01 6.182977830074438685e-01
4.701292172676373449e-01 5.540699519355337666e-01
5.095341554658403549e-01 5.272457558996834770e-01
5.596283516723076223e-01 5.599033114365953301e-01
4.247032310460027160e-01 7.968840347486961795e-01
5.733376247233397116e-01 5.138492987348040053e-01
4.531333913941231195e-01 6.534026876940651762e-01
5.495861870926351811e-01 2.431591236900923492e-01
4.905825264981486522e-01 8.061585812081952795e-01
3.941371646628771264e-01 8.258768163402552265e-01
4.941767248031477822e-01 4.360501487591910696e-01
4.013244108905739127e-01 5.718873211954178526e-01
6.413716869999366299e-01 3.869591335023351425e-02
3.866456718742770637e-01 7.409755695302422396e-01
5.132969511226332937e-01 4.393531934122076876e-01
4.227974697277068206e-01 8.621158759205318489e-01
5.717300326653290687e-01 6.366633320543324537e-01
4.381550046055645020e-01 7.553995868174199213e-01
4.832926689503692641e-01 4.016637788573843570e-01
3.742774109127490756e-01 6.468459691231750464e-01
5.220108172915264300e-01 5.479911454208366006e-01
6.367757146547281533e-01 2.803711852070546739e-01
5.924339255252086822e-01 4.960627603310397982e-01
5.572897419880125103e-01 2.595822036955018342e-01
4.834188448363752055e-01 8.044563086861684642e-01
5.860238195244074078e-01 5.476228468587165388e-01
4.772327361783336164e-01 5.122459684178791717e-01
5.905107623378309523e-01 2.787708879523179695e-01
5.349562981664192085e-01 3.298386466673477457e-01
5.438386709311480161e-01 6.376799985296008888e-01
4.786026817089663599e-01 7.198300875485491579e-01
3.806640399332998359e-01 4.299337043417795767e-01
4.043798888945089320e-01 8.334835734027467025e-01
6.151132141296438149e-01 4.688937106419576173e-01
4.958794408048159408e-01 4.314940532273517926e-01
4.910622109729831375e-01 6.744613794475082802e-01
3.513398852978192877e-01 5.053344698722508355e-01
4.267729580067395334e-01 4.745224773318320599e-01
4.729907384007562277e-01 5.073801502497056193e-01
5.219632768108861676e-01 6.153430276985322189e-01
5.197460996524059240e-01 3.628891539170993052e-01
5.005406743010822890e-01 3.705607871376597195e-01
5.120780929028944106e-01 2.391766327561945515e-01
5.043280477269718176e-01 7.377993087898074842e-01
4.958473712118241505e-01 4.786586723879067140e-01
4.616720362812649081e-01 3.005958758288427846e-01
5.774162249947258907e-01 5.434418673829024549e-01
6.061220201372730099e-01 2.038149560825479600e-01
4.388538840735769497e-01 6.583039469671860822e-01
6.408935617439120991e-01 4.476328240220827509e-02
4.291791027702004380e-01 7.493534954995907382e-01
4.271707536873858291e-01 5.132004803776772928e-01
5.590858552564397232e-01 5.004701035008460863e-01
4.325981104979812475e-01 4.527279881678376583e-01
4.954811393063537350e-01 4.653333071047434655e-01
4.534619384220011096e-01 2.955692415837234410e-01
4.738772875409336116e-01 3.216273311689467063e-01
6.039629782019665383e-01 4.108467936695419653e-01
5.995923148707366090e-01 3.691665984421095836e-01
5.475936165956848400e-01 1.613033757042169891e-01
4.578253698653012016e-01 5.205077013419834309e-01
4.922657205370694067e-01 5.827461145990715519e-01
5.469566635330406212e-01 2.559327144046635305e-01
5.112132485881737409e-01 3.432216946800246138e-01
5.300675108046617456e-01 6.709974404840090001e-01
4.333950449799615079e-01 5.708862368546123722e-01
5.591367693421577245e-01 1.940612828676287482e-01
6.133334390681155490e-01 2.162117149439859720e-01
4.384862705553229101e-01 6.840065797969432371e-01
6.185474224585121306e-01 1.016825735879048898e-01
6.432890774402868495e-01 1.831325238713114034e-01
4.054993466293028703e-01 5.843252205533793209e-01
3.913220177502017005e-01 6.817091179819436686e-01
6.189953339502183294e-01 8.310576618082698985e-02
4.464135784154489861e-01 7.222547433272061834e-01
6.083080098971803684e-01 1.153296183004223485e-01
4.643174905363328664e-01 4.136813888139261874e-01
5.079180850082739562e-01 4.520468805056857553e-01
5.406201401665579054e-01 4.553992373239642566e-01
6.193039482411882846e-01 1.972682468073577167e-01
5.398089890649591105e-01 7.203361939379426815e-01
5.367457796031385175e-01 2.542192323163944834e-01
5.976057837556669750e-01 3.680354832594132097e-01
5.732984170343781161e-01 5.778714791707185716e-01
4.644807599600941916e-01 5.692346512651740298e-01
4.396440328212802284e-01 4.613638378795179573e-01
5.720283255553428869e-01 1.373218166446220356e-01
4.179058308352566753e-01 5.710414199386437684e-01
5.233362297164418919e-01 2.030101300989520519e-01
4.887759448227845804e-01 7.929524871781855611e-01
3.747151737860278664e-01 4.668278797934424795e-01
5.371427192345553658e-01 4.846299650873834297e-01
5.742397651676579562e-01 5.486190917971623948e-01
4.652294123589461039e-01 5.150351226815162997e-01
5.890700735623941586e-01 1.079175158571487603e-01
6.436154768662524228e-01 1.951814898543600407e-01
3.720760032934273265e-01 4.213722947996911272e-01
4.107365295666133842e-01 5.243980634055047663e-01
5.368411226843506912e-01 6.469799337456179078e-01
5.998634054819346195e-01 2.516551112775194943e-01
3.846277206526261816e-01 4.812664227648031923e-01
5.242238425595737716e-01 5.785211469188991096e-01
4.229138566753530837e-01 4.827452855904952322e-01
5.471541881701244003e-01 6.148061032152631888e-01
5.672201205941121982e-01 2.439416309113826009e-01
5.887018064196393174e-01 5.071549416418786871e-01
5.597165145130784669e-01 1.440497364762811927e-01
5.805582783400118352e-01 5.132089230132751423e-01
5.828551373335681962e-01 3.527010840448420170e-01
5.270820159822786621e-01 5.495921725936495639e-01
6.004655292118014076e-01 2.293004150357501048e-01
4.416668731465808739e-01 6.355093563076960050e-01
4.130572640773013671e-01 3.556521642157771113e-01
4.358368460774719733e-01 7.301637765199426866e-01
5.469743740924521980e-01 5.938011892576547934e-01
5.302528124101596463e-01 7.033617665893819870e-01
4.301025250950837320e-01 9.087588096328927945e-01
5.391799233511540557e-01 6.936965531356161785e-01
6.463801024876527634e-01 3.624416299731251234e-01
5.743674536606939718e-01 1.908758722739041236e-01
6.229074633349591661e-01 1.207599725734484764e-01
6.496422135167089218e-01 2.330399120423736758e-01
6.025474492805201754e-01 3.159784831401758476e-01
4.858699896190638579e-01 6.290685930158680383e-01
4.499648959770585765e-01 5.171716376126570536e-01
5.234558142199389197e-01 6.430008435891038099e-01
5.736892189988332946e-01 3.252282544316837942e-01
6.459529208421215252e-01 3.305148040374113472e-01
6.067939878877957049e-01 4.853927169883433534e-01
3.843818569976389377e-01 6.964905244304566700e-01
5.975123006352058841e-01 5.818821154838393905e-01
3.676065847830084499e-01 4.523388007192818971e-01
5.889806768549131766e-01 5.816783843646089469e-01
5.184906127550479304e-01 2.633655692953019156e-01
5.749341949879518410e-01 4.913353131242114147e-01
4.749395382841931079e-01 6.851388042138192302e-01
5.655237880511507775e-01 2.192729255690947232e-01
6.042276123017769063e-01 2.360838019202960991e-01
4.858803932539926818e-01 5.385084673037323633e-01
5.587534358022112624e-01 3.617314988984088320e-01
4.818566249040431848e-01 3.996483194847106901e-01
4.469388268706603884e-01 3.250385936915137775e-01
5.671344738063485158e-01 5.781740987880725768e-01
5.855268049402513331e-01 1.793058035741798562e-01
4.240619923303946548e-01 5.797256233278007542e-01
5.987353522833800401e-01 2.852532177523839918e-01
5.909194858594930544e-01 3.553388149502273996e-01
4.211856355223445592e-01 8.541802979519586003e-01
5.727992199462724754e-01 4.956128148482440432e-01
4.873653374074842226e-01 4.529081382796603661e-01
4.693595036506860163e-01 3.356638340797807318e-01
5.269569109947443986e-01 5.313065198990583049e-01
4.552854498646546899e-01 3.506979986151080864e-01
5.155785975654207931e-01 3.689488321221330858e-01
5.508549348752892483e-01 3.517998027964487906e-01
4.156512570376540983e-01 8.884542211305267445e-01
5.057795365148938238e-01 5.205821926544642597e-01
4.439638543364097245e-01 6.819599299706615714e-01
4.147609564304137741e-01 9.744373797139447291e-01
4.721231029806915447e-01 6.341626554870880561e-01
5.597311387302998931e-01 1.885708924029760314e-01
6.481010850868536011e-01 2.944266736734898471e-01
5.355464874234857620e-01 7.178597922658956909e-01
4.816250164340108997e-01 3.741075287778207747e-01
4.115879210301239821e-01 7.188481986084331865e-01
4.182976440859228484e-01 8.246091176531702427e-01
6.159385222641363677e-01 4.709197174841770472e-01
5.386190451615615604e-01 1.836774046708533614e-01
5.033809069737571473e-01 7.168027054211875138e-01
5.542674962270288663e-01 6.026771587714114808e-01
3.978594804645224081e-01 7.083053125789963156e-01
5.546532240310898532e-01 1.633627791746278535e-01
4.358995255407482339e-01 5.665823496874942133e-01
6.353620321399302551e-01 3.415954850402214138e-01
4.918490472268208791e-01 3.180855929331267706e-01
4.792902439139009596e-01 6.933909769221050512e-01
5.701289480340328009e-01 4.255969035868042427e-01
3.844497415751469971e-01 4.907902499872286994e-01
4.714710715459651813e-01 7.365171683820530557e-01
5.767054500084178859e-01 5.790491153356935872e-01
6.299546978645743645e-01 7.162795929345361357e-02
5.155543196384300142e-01 3.081887555258909783e-01
3.966379822707185587e-01 7.474239921949653587e-01
4.797770990999402629e-01 2.599699452984316483e-01
3.677395154427625656e-01 4.280888406424376291e-01
5.033965834237240644e-01 6.539704637204486470e-01
4.820824362804957408e-01 3.908673724766086321e-01
4.446666929156155024e-01 8.431485131542202360e-01
4.926119097528573465e-01 7.095285907947050941e-01
4.668188928516925351e-01 5.905644014856278323e-01
5.769776754991611245e-01 6.510185666951269212e-01
4.090749236264971112e-01 3.770519183939444186e-01
4.637344572980560686e-01 5.108266080485994731e-01
5.059168224204347863e-01 3.885737056736299211e-01
5.640910979631258426e-01 5.799559980940135473e-01
3.577176430954659425e-01 4.842934052713253612e-01
4.261973748308892640e-01 8.281558689123558192e-01
4.787526491780379478e-01 2.973473784453074531e-01
4.661623697109892328e-01 4.559613422653617243e-01
4.058908371919293101e-01 5.357735147398458020e-01
6.383812560034266559e-01 2.853717385310971522e-01
5.559239309044983202e-01 3.559537802778126592e-01
4.336368608398163405e-01 7.725974859575793774e-01
5.954843578398026915e-01 4.830687655618007836e-01
5.324558905433490752e-01 5.952173094381593144e-01
4.378923489888361664e-01 8.209267847624661663e-01
4.893811278665172182e-01 5.439723606440982628e-01
4.619787787971157411e-01 7.011664695456609753e-01
4.139324323559870344e-01 7.726281114197535160e-01
5.600030983677700691e-01 6.011892978731424586e-01
4.505620220417779764e-01 4.104025946398702773e-01
6.054797533711934188e-01 1.712549592175125479e-01
5.671764323756651738e-01 6.363125000829383815e-01
4.152834298049037365e-01 8.186246759798302408e-01
5.771216701491220791e-01 4.282281906169257413e-01
4.962237276101764127e-01 5.165775430604577778e-01
5.749806226394328368e-01 4.681296413472289530e-01
4.341279360960952349e-01 6.439126326774294862e-01
6.130340466878181349e-01 2.205426937240346219e-01
5.893694827095246058e-01 3.184442187047934469e-01
4.366151039569624026e-01 9.149542547645419521e-01
5.390021573597802984e-01 2.466849062491221767e-01
5.625101736300243127e-01 4.885150627009657853e-01
4.355524585068983323e-01 8.967434800049587373e-01
3.840698993044963094e-01 5.435495394059729479e-01
4.645457686951681708e-01 3.096262875101838952e-01
5.027015965396918196e-01 5.224005442315999836e-01
6.522765763904745384e-01 2.324996924278202037e-01
6.488403644142632931e-01 2.356554404197098718e-01
5.948905672100086583e-01 5.148653253469307467e-01
5.720985052879948851e-01 4.255240837880660543e-01
4.671674220261629040e-01 4.373782800667834203e-01
4.266442626987235753e-01 8.766486487755797974e-01
6.229464370133539486e-01 3.418125575916720060e-01
3.691836722394533643e-01 5.641771310988614729e-01
5.909068683361498042e-01 1.583586728578643410e-01
5.225191793653685135e-01 3.006802030016913485e-01
4.937067155450853839e-01 6.077975853359425251e-01
4.130776973484929782e-01 5.857212851158991596e-01
5.106781169471659165e-01 4.152767430337825916e-01
4.182452239816124573e-01 4.162293664535289817e-01
6.463439257709665542e-01 1.777106712067090810e-01
5.494514509144707848e-01 6.283976833853931465e-01
4.398559859075395484e-01 6.868697153580856085e-01
4.118490000283318575e-01 5.340003770735683997e-01
3.915348067681568289e-01 5.427739704343395033e-01
5.348121237023049090e-01 5.935140568242680548e-01
5.619744984628785023e-01 2.106371238275412949e-01
5.463257865964792348e-01 6.060866058442497817e-01
3.765646170023677075e-01 4.853764456847428632e-01
4.597638481893370765e-01 6.588685263797477987e-01
5.082192943884211722e-01 2.723260447236379722e-01
4.457296420982594931e-01 6.770707952803285412e-01
6.454585651439725957e-01 3.702817177512929270e-01
5.580604195221091635e-01 5.646123346768987528e-01
4.351055849425458089e-01 4.855787663642378016e-01
3.908548415721172509e-01 5.460258250307630234e-01
5.305977842767735098e-01 2.737314081477399408e-01
4.639364611068653721e-01 5.425307646511706716e-01
5.729752378770917032e-01 3.244178106424311925e-01
4.749214008509337059e-01 4.299813991957191495e-01
5.095449674008589724e-01 5.202626740741632672e-01
6.073014284597731960e-01 3.895216554659685637e-01
4.138295982350930213e-01 4.891114355233644462e-01
3.744128461129249130e-01 4.404547388932954499e-01
4.779597961566960374e-01 6.088092149369650485e-01
5.233130477728028529e-01 3.438563860701585595e-01
4.334075153144237857e-01 3.678843086213421376e-01
5.905413984530745175e-01 1.906252063012564002e-01
4.126390306821255960e-01 5.658328327271764380e-01
5.247506456587055501e-01 3.076168298371527721e-01
5.504710128469587627e-01 5.224091478585412007e-01
6.224706850730766794e-01 7.400945367121343488e-02
5.298777835629826516e-01 3.387321809074872458e-01
5.670497411842202462e-01 3.611286293438796813e-01
4.846259472652743039e-01 2.538763662383016761e-01
5.322851977750583385e-01 5.573784943963364658e-01
4.176716083882439090e-01 5.258817372669485346e-01
5.504661643482019473e-01 6.785259969852115436e-01
5.913446364032268754e-01 4.511339562485883747e-01
5.464605117585921157e-01 3.763582703513014827e-01
5.552800677555465025e-01 4.293367145586660660e-01
6.157856942664385880e-01 2.649854520477403774e-01
6.488501651009529470e-01 2.602485271086891205e-01
6.154965958171739748e-01 1.887967711465782794e-01
4.161657558694410453e-01 6.102809994729936349e-01
5.147485312219312048e-01 6.477280529393715236e-01
4.436891880681324563e-01 9.051910262042265343e-01
5.876059037042928868e-01 1.686648278755944752e-01
5.065954307216858910e-01 5.325178042268556844e-01
6.174058421087766924e-01 3.609380546316640626e-01
3.866383856815758246e-01 5.784292937599889717e-01
5.985258320816517763e-01 1.100880453286515320e-01
4.133245758376684620e-01 3.795932030282863079e-01
4.697157763426622057e-01 5.120343523135135744e-01
4.025873331319044235e-01 4.816292464443761023e-01
6.058999806858693660e-01 1.448636403660591709e-01
4.455743268980589811e-01 3.392090943854720320e-01
4.665861487491824722e-01 3.214199895838186216e-01
5.884917024384411777e-01 6.201075327369113266e-01
4.491227882197745824e-01 5.575043132045705008e-01
4.726843714861339585e-01 5.963084899873458689e-01
4.112808791560884636e-01 3.833891746376654752e-01
5.253527209426022138e-01 2.699602215626296098e-01
5.000984354813575727e-01 5.257905362644146319e-01
6.094766939815150497e-01 7.426748690038030565e-02
3.852378953426779384e-01 7.613792576206304119e-01
5.333357124511133307e-01 4.390679657296632787e-01
3.993242378578110152e-01 5.048389692100883064e-01
3.769938049679974479e-01 4.491058636362604273e-01
4.447492099749489336e-01 4.655109140847143445e-01
5.930628754705634664e-01 4.827689329258154083e-01
6.417852451868607533e-01 2.662703028007297745e-01
5.657240046255920252e-01 2.508245850638033958e-01
4.180472299991264129e-01 8.815033252870786429e-01
4.582883279413376698e-01 7.241827966413881823e-01
5.171132862293282839e-01 2.805965074720416230e-01
5.068610529296554423e-01 2.560045650292543939e-01
5.680081868000720347e-01 2.681354899481205867e-01
6.382713517638082257e-01 3.566607520424342481e-01
4.569497649959238794e-01 8.111368323226779697e-01
4.171680861752730674e-01 5.148561855062684378e-01
6.271927557838619105e-01 3.332865224323994235e-01
5.739268673490723893e-01 2.378976262559373556e-01
6.316158954874586673e-01 4.316345944446712268e-01
3.989007434854107692e-01 5.623112660757960679e-01
4.747394370550013232e-01 7.235314611392814621e-01
5.319560107272325311e-01 5.777808904148850067e-01
4.034995744424778596e-01 8.243394830153741859e-01
5.017973179935252270e-01 6.727614207901190246e-01
5.307083233768268293e-01 3.119604397333097801e-01
4.737067089711377021e-01 7.201057994568509368e-01
5.367322769938791538e-01 6.564198952984954261e-01
5.863962030113276658e-01 6.320069135414543293e-01
6.078595810787470466e-01 1.868317138799786559e-01
6.348813435948706951e-01 2.417808058352547140e-01
5.194122501861402341e-01 5.172520068924508774e-01
3.584453403516625336e-01 4.475190267576671932e-01
6.052577465353459196e-01 3.803952279539551951e-01
5.258339632393511653e-01 6.586364376729730852e-01
4.140940638279673180e-01 3.699394757863482819e-01
4.700220703713625658e-01 2.892805603555471672e-01
4.415071984388483917e-01 8.936532751724596269e-01
5.717689629727322753e-01 4.286122537146289102e-01
5.617710823666959286e-01 4.645804248268804448e-01
4.515925889608605193e-01 7.507378239440740675e-01
3.990368340841463635e-01 8.148330314622185266e-01
4.268798772000140795e-01 4.665315393862623505e-01
4.307105512678368608e-01 9.019726759538683192e-01
3.747045338761991751e-01 4.519839181443234821e-01
5.357110502741342373e-01 5.095101728470736724e-01
4.010766021417105920e-01 6.172765319296205089e-01
5.356059892593297844e-01 6.721097936467486100e-01
6.141879939255152632e-01 8.806401424785728627e-02
5.034531418606835729e-01 3.866304580063429919e-01
3.953833752718033390e-01 7.523648645913090238e-01
5.036074469709213020e-01 2.362942147794930559e-01
5.873821233948880449e-01 4.432982047268808623e-01
3.928819570143440298e-01 4.165366723146235461e-01
4.694372306340482415e-01 7.620632586741635794e-01
5.693913937737954400e-01 2.397601905077419993e-01
3.386804638350069396e-01 4.520826771318210424e-01
5.466423432908565916e-01 2.216931393038382714e-01
5.587822292765325383e-01 3.529820150917862831e-01
5.660231987032711132e-01 1.860708653950220448e-01
4.152163701020752384e-01 6.339081860410820113e-01
6.129034905781922671e-01 5.169707448898739344e-01
3.755174509280231332e-01 5.163474701380388332e-01
4.898664406824320139e-01 3.329781844702580651e-01
4.709951706234494218e-01 5.252052000291098643e-01
6.426508233253398483e-01 8.355611117050419645e-02
3.850514163032819903e-01 7.006111565159773846e-01
4.313208213172484706e-01 3.908405947566095939e-01
5.315902164340526870e-01 2.008777037089453932e-01
4.233664722916040679e-01 6.521144212223342063e-01
6.134335230995481281e-01 4.907539496851664462e-01
4.233459146686203711e-01 5.454838991669118675e-01
3.916640132748677727e-01 4.718799377251193805e-01
4.131617034722722126e-01 3.648672646344491843e-01
4.688583713519672846e-01 6.728653042855829991e-01
5.778895400242429758e-01 5.718784512420912458e-01
6.184455553075818290e-01 3.133607696183153268e-01
3.939849816483980693e-01 6.060873685331878979e-01
3.719933356464818486e-01 5.842638068219679903e-01
4.961943106438941875e-01 4.869496206583429632e-01
5.354714714204737991e-01 3.975597305548102534e-01
4.883724043008831339e-01 2.804099999956299327e-01
5.846867361273491159e-01 3.002734685522593372e-01
6.538665768371835219e-01 2.004154021732937885e-01
4.580172815339708103e-01 3.915901986589699901e-01
4.674283670442813121e-01 4.253170438846824442e-01
4.839351825360355686e-01 8.095460069291866567e-01
4.889195150018864622e-01 7.766253513465161129e-01
6.109152416391910867e-01 3.642504624147212544e-01
5.755508386854243374e-01 1.918579799839160160e-01
4.795636730082517563e-01 4.221735480875545843e-01
5.860429954071511016e-01 6.347561512236211678e-01
4.776776029299614756e-01 4.564571441513844974e-01
5.928514019062760543e-01 3.871504557371142630e-01
4.766656507905302487e-01 5.029469791387182198e-01
5.210142156134425218e-01 5.599858324250062136e-01
5.391300387338026079e-01 1.856657359773606353e-01
4.998438967883910289e-01 7.658957530157626259e-01
5.469714648614765196e-01 4.645593314800530726e-01
4.799607718536017531e-01 2.796332871356298488e-01
5.142400937429196794e-01 6.987569495396720454e-01
3.750319885737343206e-01 6.613984852705028228e-01
4.421807351048910872e-01 5.998241250381651790e-01
3.646820680208586740e-01 5.387501928001380280e-01
5.279988948159641815e-01 5.216756802659585635e-01
3.766528567707344011e-01 6.270661493477767134e-01
3.667216813958295019e-01 5.491072060242041530e-01
5.957738805177926755e-01 3.883037789420722419e-01
4.626289120614557326e-01 5.643910601276092009e-01
