9.543855477154767897e-01 3.380949980671813515e-01
9.792568794152826106e-01 6.392968899320904397e-01
9.781665283759874985e-01 7.243854455835723183e-01
9.655183027847765720e-01 8.033589376375332991e-01
9.094861764931210235e-01 9.435654793070781254e-01
5.535064822601927226e-01 9.552864208514503241e-01
4.996105277790995336e-01 9.522895869776398792e-01
3.109916668763555991e-01 8.834837958951883286e-01
2.229109399723202545e-01 8.229352436154213635e-01
1.046133121074582784e-01 7.326659925025165165e-01
2.089453476685387834e-02 6.522094372366362691e-01
2.074312058471727838e-02 5.262454677316258378e-01
4.849453754429400298e-02 2.759753490161296341e-01
1.650463702415433387e-01 1.062673760277161872e-01
2.288350111321306724e-01 8.696368437426038600e-02
2.383403777323370720e-01 8.444406265789361488e-02
4.290786750660917637e-01 4.471357914854967586e-02
6.012848815743113695e-01 1.062302677981888932e-01
6.880735688599910471e-01 1.579640148693758350e-01
8.117278510972116834e-01 2.403943994337263135e-01
