1.371083370133477919e-01 6.634230294124340288e-01
9.670161667577581444e-02 5.235272545501050701e-01
1.322431349044672633e-01 4.092207810550465563e-01
1.739403161478491056e-01 3.202637448840777168e-01
1.976671860882803777e-01 2.901045536951795123e-01
2.908114964618128129e-01 2.112710315854291476e-01
3.732594435602518690e-01 1.917763098568843194e-01
6.029687428373158298e-01 1.662646564774589164e-01
6.469821264713745412e-01 1.794931104159575019e-01
6.564455945530669467e-01 1.840743906324850965e-01
8.374366297660789105e-01 3.003726568817339793e-01
8.785042818114646712e-01 3.269625706913091845e-01
8.933299396061612496e-01 4.337532509359562916e-01
9.032983833242241856e-01 5.253246837533985802e-01
8.349496251052863638e-01 6.850372874078267671e-01
8.141419894837044202e-01 7.224677249274118473e-01
7.635106704039980041e-01 7.732007040011632526e-01
5.328319933545168086e-01 8.337353435225410836e-01
3.269113980488368432e-01 7.573479228905236615e-01
1.755019478496943064e-01 6.901255479475678634e-01
