5.626651874479859927e-02 2.420515791629511693e-01
9.501946645215775256e-02 1.021364908942991034e-01
6.712598718911244600e-01 1.001920444971172719e-01
8.464071272966807724e-01 2.013026891156433074e-01
8.846976437023381656e-01 2.323315561824865760e-01
8.901992084326242338e-01 2.612434511949565108e-01
9.260794751653057544e-01 5.284650006276637724e-01
9.437334812552012897e-01 7.227789584620141206e-01
8.554799127079220078e-01 8.974586740842505073e-01
8.527824778468380273e-01 8.984465304327363677e-01
7.985399160002895069e-01 8.998079555028827281e-01
6.384204221526444956e-01 8.858008523683742474e-01
5.251140000443429434e-01 8.707173740488481917e-01
5.083325755506148402e-01 8.634502038528422130e-01
4.019155026660238272e-01 7.969393882323112521e-01
2.262096381283326130e-01 6.384444282043290064e-01
1.855364521772092656e-01 5.940337866631171249e-01
8.477154835130351618e-02 4.395161952978817732e-01
8.050569127185369656e-02 4.274486598978288754e-01
7.053068862435807329e-02 3.848066781176835427e-01
