9.657491182034696475e-01 4.811897365645362301e-01
9.735070370933422979e-01 5.497903596140020221e-01
9.721614624348169365e-01 6.215875170260795057e-01
9.603749019913618845e-01 7.000533064856681031e-01
7.629141610630698622e-01 8.836690128938686772e-01
7.130728091396114632e-01 9.201724197869576294e-01
7.027949265067556794e-01 9.214785444266344605e-01
3.581470031726467496e-01 9.398595752491468724e-01
3.570421667671478949e-01 9.396142625719098307e-01
2.478045136268550164e-01 8.403292993293681734e-01
1.861849682461115818e-01 7.806800995835249113e-01
1.539619427149831465e-01 7.343863522684873635e-01
4.935138005162248431e-02 5.159447109802883791e-01
2.683049875664983430e-02 4.031563610619137705e-01
2.649296290665764664e-02 3.803270947965784465e-01
3.649078622602702771e-02 2.540869311678743969e-01
5.562031688535945539e-02 1.672729899111584650e-01
1.784793174571807639e-01 9.420602569764258138e-02
4.353689932793071704e-01 6.014042475085312756e-02
7.847555439472513328e-01 3.357320712719483735e-01
