9.565188185843456203e-01 5.643181869772623260e-01
3.558724338681188426e-01 8.608979582162376021e-01
6.131322189207440987e-01 9.002201933195940198e-01
9.302788316381038758e-02 8.065917538783584639e-02
3.052507777561757063e-01 6.095324645209521108e-02
1.742876280187274363e-01 6.928323988206819273e-02
5.424831204913105331e-02 5.833564679639250405e-01
8.349311652808110162e-01 3.281470372432615523e-01
1.158975317555268614e-01 6.620907227670921325e-01
9.322617989326111854e-01 6.510699078150994357e-01
8.499402845555777963e-01 7.193808817841149672e-01
5.495952474341470051e-01 7.359203289571769613e-02
7.059367753236277521e-01 8.374300518816801819e-01
5.407987713630739712e-01 9.397964336914447214e-01
8.890320407002618719e-01 4.162385701611586164e-01
4.348118141565426864e-02 4.050286762241831484e-01
4.462857183697632735e-02 1.466457899673105914e-01
4.908772366119275032e-01 6.020356630855527857e-02
2.674391550341391754e-01 8.165035453844883273e-01
6.718244351126400060e-01 1.781001737621297210e-01
