2.829930151671011807e-01 9.554147497446191517e-01
1.016698142515322090e-01 8.885408545348896237e-01
5.890280861193086803e-02 7.989344789117447387e-01
3.842657993588338705e-02 7.441796629193069279e-01
2.841867616139992503e-02 4.950120135256924625e-01
6.654757561451363213e-02 4.098156680439287713e-01
1.172438065224415960e-01 3.012230188502782458e-01
2.466078380514167279e-01 1.583685482601666639e-01
3.775166108456173841e-01 4.562292144721180609e-02
6.908454115829251174e-01 4.458525025538084829e-02
7.643090306028080816e-01 5.168914234343646719e-02
8.592311489562526328e-01 1.147772927487020755e-01
9.437693306671717242e-01 2.646738252423767035e-01
9.554285422939147177e-01 3.066582389525138730e-01
9.715813238386000750e-01 3.702287207944874314e-01
9.589004273643192411e-01 5.602926311879121712e-01
8.858080437719179079e-01 6.547336131417923477e-01
7.614559586614924047e-01 8.002484838582847315e-01
6.582710497975978736e-01 8.727416553798577059e-01
6.382574942440961685e-01 8.774724544999503717e-01
