8.300992866794014713e-01 9.117387031191357405e-01
4.901879667930167384e-01 9.623873254971110347e-01
2.559174024020602345e-01 9.375735440089595363e-01
4.622574069361523597e-02 7.651675008157147184e-01
3.849837885055779063e-02 6.882613653421230104e-01
3.836433483451312521e-02 4.521692599556711434e-01
3.999252259365332351e-02 4.291399478782019772e-01
6.860129514729967903e-02 3.510671082950335142e-01
1.443931486551363608e-01 1.549678251213871816e-01
2.580996923983485680e-01 3.761267450288896530e-02
4.097946366293787057e-01 4.256167444040726000e-02
5.910659490792273818e-01 5.946678184434794900e-02
6.417432693594062876e-01 8.618408751962836067e-02
8.215506766834119734e-01 1.914156467531081818e-01
9.374327648945575131e-01 3.268906253374916915e-01
9.607588894461716045e-01 3.677658368297406222e-01
9.616356651654869303e-01 3.763525862568589675e-01
9.309915861755464483e-01 5.744991134385989406e-01
9.208353373734834424e-01 6.353739000343860965e-01
8.665068252657919246e-01 8.232988692505819328e-01
