8.634941280381240869e-01 7.317580327517527738e-01
7.164916061415768089e-01 9.547590044138328791e-01
5.923177551679150721e-01 9.777121717778700649e-01
4.795596595909996651e-01 9.744288777502341237e-01
4.176359838187022611e-01 9.613723607885353850e-01
1.322180403978633345e-01 8.243363526163629551e-01
1.236715732430538894e-01 8.108007254280428233e-01
7.433467810359994932e-02 6.429668679968734146e-01
1.146584383057576151e-01 5.125768014675397000e-01
1.591693880868759736e-01 3.882595145428575645e-01
1.794586068794103983e-01 3.451088685633836306e-01
3.017489465684740635e-01 8.634732609390927127e-02
3.135577724348216355e-01 6.939597921592288721e-02
3.626631724285969138e-01 5.706646210049193257e-02
5.506885337692870586e-01 2.228782822212993509e-02
6.225047971519646062e-01 3.425912946041920204e-02
8.147603234473989042e-01 1.608410658223771161e-01
8.254811790154658047e-01 1.869383987574670947e-01
9.256653218964000507e-01 4.364339999911468482e-01
8.790620334071924669e-01 6.584187925931499485e-01
