2.386007254034372416e-02 1.449204666284314991e-01
7.841667704800259209e-02 3.734253967247469497e-03
3.671596769978501262e-01 8.755410569059818293e-02
4.124017882754745790e-01 1.022100220467649923e-01
6.046476883801951141e-01 1.840161305241109213e-01
9.295463008792940185e-01 3.341264329747980488e-01
9.761399274596562758e-01 3.945320143478858732e-01
9.542355988120485577e-01 5.753471478016497498e-01
8.910521880429121966e-01 7.039087037981329731e-01
8.426232043633326008e-01 7.976863841855715842e-01
8.128038687425859221e-01 8.498431264549177744e-01
7.090089359486839715e-01 9.397753276085738516e-01
6.178420063029350651e-01 9.740261472300922874e-01
6.017804626955584046e-01 9.777930652120289112e-01
5.316832107226326931e-01 9.871487999636101573e-01
3.016762929259504400e-01 9.962657460327525305e-01
2.730079207536528774e-01 9.890322594172246129e-01
1.854729402433096253e-01 9.525276973778510348e-01
8.594148417905433934e-02 6.900844514865803747e-01
5.083332226986736480e-02 4.803826309598638877e-01
