7.846018010657842545e-01 1.616708494351083436e-01
9.822300555863144877e-01 6.311550892204660368e-01
9.569443005193832841e-01 8.636820130074736035e-01
9.298622520518065038e-01 8.860115618632417034e-01
8.105934202291047441e-01 9.341723232197456372e-01
7.065327511319967613e-01 9.426218756851145741e-01
5.943464554646059606e-01 9.461352568864498380e-01
3.709220240627748577e-01 8.808576766624816035e-01
1.649338103240413078e-01 7.613049918253997905e-01
6.156161948050042909e-02 6.852115070378299588e-01
4.302869969348099843e-02 6.493716160666751502e-01
1.985224922302497585e-02 5.956698154199491224e-01
1.776994441368551225e-02 3.303901789441111569e-01
8.093701680515963393e-02 1.826904172701582230e-01
8.871660684026094756e-02 1.645071271624305442e-01
2.299350698892095313e-01 9.722353805565098206e-02
2.633642767570634202e-01 8.568299195252249145e-02
3.869797305662457942e-01 5.521696189144853495e-02
4.666498506881781028e-01 5.386474311355005096e-02
7.543142277516258210e-01 1.061512117973469893e-01
