7.284322207402627036e-02 8.896364714934912321e-01
5.748768196259212981e-02 6.859400518400788904e-01
7.781210103993541072e-02 5.515576366201104808e-01
2.125212044288959934e-01 2.339650998095128553e-01
3.959133520544453333e-01 8.232955999520152890e-02
4.984508081871851237e-01 6.101634749834661253e-02
5.268957674966791016e-01 6.311193069753517904e-02
5.926336521800328327e-01 8.251754123582055733e-02
6.896406522389104676e-01 1.439939553925678739e-01
8.365171736707673888e-01 2.418848968069058358e-01
8.641498784915109255e-01 2.622130391325243615e-01
9.165373873492161927e-01 4.430673321554257083e-01
9.425123180374078702e-01 5.522892150719539428e-01
8.760127282723273456e-01 6.938047756618219708e-01
8.627684052088490096e-01 7.110052170248524206e-01
7.698682477666967117e-01 7.520163831427316703e-01
6.442750625405065934e-01 7.918394430151554086e-01
4.035576726260046154e-01 8.628471070343961546e-01
1.258192889652308688e-01 9.389836525016534985e-01
1.032460262419223618e-01 9.284148785448442798e-01
