1.614363919551012883e-01 2.613871275558047880e-01
3.938522374214804000e-01 8.923399572529532309e-01
5.074626458319968503e-01 1.351168314970831730e-01
1.971363920657224489e-01 2.624377056958223653e-01
7.926760306339750706e-01 7.531327403732428483e-01
9.273777839683141622e-01 8.059733426524160471e-01
5.301851586900033775e-01 1.338280755980932046e-01
3.488705682648862161e-01 2.941417710141323028e-01
9.065641178682468659e-01 6.614277812054774053e-01
3.399817919378654851e-01 2.203884685511762753e-01
8.441454212307561433e-02 4.636101070403890745e-01
4.690190739520933016e-02 4.018713344452503056e-01
5.988169036895971686e-01 3.166090506138815597e-01
6.044086832873408754e-01 3.255641989368787126e-01
6.863516934832872840e-01 4.314806896139008474e-01
2.538166505515369042e-01 6.385092810439245703e-01
4.803033834518662948e-01 3.538062693288098193e-01
4.382193465786408115e-01 4.974881711278361651e-01
2.574406459631099486e-01 3.848823306806705702e-01
6.746869704027113057e-01 6.078595580067203130e-01
7.351898464387703058e-02 2.722670272224532173e-01
6.797827258424290475e-01 5.003237555993411689e-01
6.880598620935789445e-01 7.780362005582299734e-01
6.785769632828314579e-01 3.563555469537216247e-01
4.145929572883247927e-01 6.291539958895078222e-01
1.476486569062054888e-01 3.926994826931302640e-01
8.911645721876706450e-01 9.711998167222867240e-01
8.903000201774714517e-01 7.446910346030102268e-01
7.769523553701449536e-01 8.055265535424214196e-01
6.370598205444757411e-01 4.536937558523834180e-01
9.205799124316261794e-01 7.893008317404839325e-01
8.206435251755286320e-01 4.100591336427250599e-01
3.039041133359130509e-01 2.462142876615980303e-02
3.812680275524463203e-02 3.931453334761981777e-01
6.069519644078065213e-01 4.350923331698995922e-01
2.425933169617829621e-01 4.422966335664084703e-01
4.942436576951838578e-01 5.616502437248134250e-01
3.637898192046988277e-01 8.892672757418484952e-02
6.983320606996860080e-01 9.879123529122382230e-01
6.418905715458493866e-01 7.920924415214642966e-01
1.700673570750850794e-01 1.446895336996931181e-01
7.196138639797095005e-01 5.614275250631021175e-01
4.643881812707680856e-01 3.136717757417789576e-01
6.929496530745382632e-01 6.860809906171152495e-01
1.162545383271487986e-01 4.299434297341346300e-01
4.694618698160790693e-01 7.901683319006091999e-01
1.429144222819500598e-02 2.765940218851422605e-01
7.866871112192629356e-01 6.269947329208674924e-01
2.687542836938866531e-01 9.247852056903064222e-01
6.979762977714857319e-01 5.015182240307090034e-01
8.759257815498071587e-01 6.231929916820813098e-01
7.898263328346154521e-01 3.926796833814523713e-01
4.248173889522309787e-01 8.365986356697057147e-01
7.394106467128089832e-01 4.768732204308505640e-01
2.074080421738459801e-01 2.887137985941840568e-01
2.468149223052084618e-01 3.234615641665491981e-01
1.287591968865501868e-01 3.825306251958794923e-01
1.921179851658373350e-01 7.001864872500640491e-01
6.584880452871133549e-02 1.885402396659087154e-01
7.822995091903065523e-01 7.467922831663870165e-01
5.404816055796809460e-01 6.582672116001413443e-01
1.786190971202658018e-01 6.061108963629006086e-01
6.269029600213753550e-01 4.686360130823892245e-01
7.911423435286519812e-01 6.853825104595545614e-01
2.967642818404032656e-01 6.158032718919141946e-01
1.246343703953200904e-01 1.603627732474741385e-01
8.376088803039822839e-01 4.574926488540925762e-01
6.541723864611981298e-01 7.551318832156406202e-01
3.604424736580392752e-01 7.530397927620633425e-01
5.889365541318971609e-01 8.380906754394447100e-01
5.117540424471738181e-01 6.540195426957392533e-01
3.078114581860889043e-01 8.441012318193540365e-01
2.632056822257174411e-01 8.550616140525717501e-01
4.580300354536415153e-01 9.016334337323743675e-01
5.622775961346835327e-01 9.494092525948696348e-01
8.061487562405393881e-01 8.389430896253743386e-01
7.032737844307744846e-01 6.483210448919024538e-01
8.725719512511356246e-01 7.174973515359230891e-01
7.952776630139877234e-01 5.758968974868728941e-01
3.094865899756492622e-01 1.231292202777206635e-01
2.485811786494771525e-01 6.559552249998965578e-01
9.104388054678785869e-01 9.663212622757445525e-01
5.078236888022963358e-01 3.460137613380740440e-01
5.141076115783678180e-01 4.613009255338763603e-01
8.219628326658359185e-01 5.338622479686606637e-01
2.982028027275701598e-01 5.973725961503570936e-01
6.884977726951370114e-01 6.772950096049455970e-01
3.755268470659595126e-01 7.565055626732698490e-01
2.921815155234760431e-01 6.989788565821873911e-01
2.899641825854895605e-02 5.043486335653187824e-01
3.576265682520587963e-01 6.337004596531792266e-01
7.348020426169379338e-01 6.498095949802648041e-01
7.302710548735835694e-01 7.118442542633054426e-01
3.226300298265679656e-01 6.243845905382692241e-01
2.631090964791419906e-01 6.886589406351621978e-01
4.090237875162394676e-01 7.631349859652709622e-01
5.064926617459738489e-01 2.545289392144306495e-01
3.682330068554451885e-01 5.725559892308520471e-01
3.846255714472044396e-01 1.208764708776166596e-02
3.959481537171624099e-01 2.037424766303407020e-01
8.046998870246696578e-01 6.616878099831516868e-01
7.627796247561403620e-01 3.760683503308498432e-01
2.625966377971150068e-01 1.860745218109048360e-01
9.597893094711647255e-02 5.181211135249478295e-01
4.156129689471688149e-01 3.020405406192996356e-01
3.159091634702184681e-01 6.097736708677136130e-01
3.788076959476761041e-01 5.436043834183601486e-01
5.141144380177773421e-01 9.658085382362291416e-02
4.419303206491347891e-01 3.552993152941170685e-01
3.833721072285133924e-01 6.526817721405896444e-01
4.408454004928781256e-01 3.417742185194396209e-01
3.453726614355597246e-01 2.654254709300807313e-01
3.391405761758209403e-01 3.857857256065437834e-01
5.510733733786687960e-02 6.439424235912662997e-01
6.450382790060268379e-01 6.614214521495671573e-01
7.026913220877961663e-01 9.751574424014701759e-01
4.403021718997017775e-01 2.497393018019411493e-02
6.983288852153267667e-01 5.816815770674241826e-01
6.132491758261087167e-01 3.684049171233955700e-01
5.538050529493340063e-02 5.662622862914051813e-01
3.683242713250566291e-01 8.906868823502477328e-01
5.105923604579226671e-01 9.576512072928722308e-01
1.984878152355277203e-01 9.036347999889863258e-01
4.548375585292918077e-01 8.498860729323151064e-01
3.819579134356997918e-01 8.860322641480985473e-01
6.286735270895420502e-01 7.071677667288231994e-01
1.748227599356514395e-01 7.042519771504819337e-01
5.129515235069724843e-01 5.113082328644804608e-01
7.840053747692345976e-01 6.144380332740135842e-01
1.634166266159224057e-01 3.379577075521829066e-01
5.792976314716566932e-01 2.328468177941716566e-01
3.835797066999245275e-01 1.297151994638596484e-01
3.794288173124207852e-01 2.753278753791517097e-01
2.396316878409977258e-01 2.799113795319180253e-01
2.382060578079069763e-02 3.925743359851462388e-01
5.306467131915190150e-01 4.500082086667289705e-01
2.106925366086451756e-01 4.842992126378648510e-01
2.761340356309266997e-01 7.061462169068203343e-01
3.430750849985890749e-01 6.297181340189152987e-01
1.567647076781865101e-01 1.394180182057872808e-01
9.556577506317733006e-02 2.407285349945354758e-01
9.938657077968140463e-01 8.497066631634644374e-01
6.197830767424876430e-02 4.382972833544231395e-01
1.340335387390645117e-01 2.887678584275931160e-01
7.948860500344159252e-01 3.778657699148615379e-01
4.502199563038313257e-01 4.957179476084531689e-01
6.075268948817501569e-01 5.687964950439521328e-01
7.703303407004969960e-01 3.782595740085441527e-01
3.401467300807210492e-01 9.128967043178350949e-01
4.084970253877712176e-01 9.461989754411246345e-01
1.031120559618479149e-01 7.400743494253710919e-01
2.096001979002374560e-01 5.177783862953918570e-01
4.122807911582933582e-01 3.577862487544484216e-01
4.483479072922987863e-01 4.616033320974349818e-01
8.600327873905961873e-01 8.213967629340848120e-01
5.865059689205414095e-01 4.137954671282991215e-01
2.456574308976605392e-01 3.175210317588383346e-01
6.193446627191088183e-01 6.128129171364296024e-01
6.134292203185953696e-03 5.344012290489965622e-01
2.493948654699310735e-02 3.663010596219335446e-01
2.014089840114498264e-01 2.600535453339552494e-01
4.724225069394906162e-01 7.490721908382552696e-01
2.806115793194547958e-01 4.030094033306527157e-01
8.030536904167719925e-01 5.251998087156313222e-01
2.399937647225528214e-01 1.463573779499498517e-01
1.635638208903517077e-01 1.066983575373600113e-01
1.444838235588208897e-01 4.408578157296421107e-01
6.318713855630159193e-02 3.317472681504711751e-01
6.623237359649103428e-01 3.488109226079563752e-01
9.045004002400973686e-01 7.951006484162829180e-01
6.645197217233066445e-01 5.361907588211110021e-01
2.671948326157746467e-01 7.074836790065954784e-01
7.434767336097537482e-01 8.616614172646671621e-01
4.788174274294692001e-01 3.718308333610679806e-01
3.742043536508322110e-01 8.350199069012174125e-01
3.405453005361108731e-01 4.312362587402795433e-01
6.064041406175877391e-01 8.518317959946292151e-01
8.909000402090669901e-01 5.624008228385004582e-01
2.776104179469287558e-01 5.915694982491147558e-01
5.860929634451341741e-01 5.464612133824360285e-01
7.931795505206293284e-02 1.967868216457881458e-01
9.284683314142316846e-02 4.237868296529909151e-01
8.794208397945970646e-01 5.398120098553785828e-01
1.500713028697280571e-01 2.797644435907717941e-01
1.197425773046296854e-01 2.317137286887122061e-01
2.567497633908334409e-01 6.001314072847965253e-01
8.240316082174400369e-01 5.437043042010570870e-01
2.273423657909915893e-02 4.762800550888193207e-01
6.130224036319238401e-01 5.386495167888679658e-01
8.091140540746822873e-01 6.562004504387598525e-01
8.035575843183893063e-01 7.642009617062419657e-01
2.024963797469256366e-01 5.179735032490107027e-01
6.191780207694292937e-01 3.597077412247512984e-01
5.171342817212315479e-01 4.962868382768667042e-01
4.219156077317794962e-01 1.422889423386890784e-01
2.140109769764562686e-01 2.776176868338503523e-01
6.996271829146650800e-01 8.475783852822927900e-01
4.008793514585298201e-01 3.431399713559700748e-01
8.905713048833586720e-01 9.722270812884477031e-01
3.850130639901487850e-01 3.002802011416532690e-01
