8.749702315858063351e-01 6.458779436852322142e-01
6.970252458497548931e-01 4.999042255581663263e-01
6.371688296246267313e-01 2.136930614443071641e-01
5.054600695979651892e-01 1.036973813365874020e-01
4.006920202271432863e-01 8.258476618385229839e-01
5.053251032764468631e-01 1.588611443788820188e-01
3.889380423184065627e-01 5.402650761656508926e-01
5.321209534268950270e-01 4.290843868760644275e-01
2.906500094107473120e-01 4.358786133219900716e-01
8.039911071291365730e-01 4.445547609531559363e-01
1.501550239881181137e-01 5.804206460825031000e-01
6.703696595871397879e-01 4.595621256912700847e-01
5.482516347880151963e-01 6.319023033161258462e-01
5.977594660997416209e-01 1.707719405661519974e-01
1.633347423993834202e-01 5.629868100208559323e-01
3.258784954242500698e-01 3.542096091018766546e-01
2.921304190572547865e-01 4.019368874039131456e-01
2.877384711406202333e-01 2.139881376110369660e-01
7.970985831615376993e-01 9.181455118858133924e-01
8.753130300524505358e-01 5.173752701855368619e-01
7.538720219358155950e-01 5.694474204176364074e-01
7.768673313514273815e-01 2.675184248617157312e-01
6.262646677173403509e-01 2.782466441297227200e-01
7.555641559294778986e-01 6.041678669296822735e-01
4.890750439643263281e-01 4.804037088056868354e-01
9.263260304881282270e-02 3.081473081498353750e-01
7.054546756041750744e-01 6.919206027145166082e-01
5.005125571484512204e-01 2.894878827632246798e-01
6.816722441653398912e-01 8.096569359577154845e-01
7.272571019862120734e-01 1.054409751764426445e-01
5.168143901160284770e-01 6.317292820063715730e-01
8.028795540892796900e-01 9.203400435067166097e-01
6.873044361892781673e-01 7.327028114091524991e-01
7.522908152498046785e-01 5.937610475447347991e-01
7.466440569976081632e-01 8.364097535099840330e-01
3.142540414112147684e-01 5.055086784440869785e-01
6.047315456011079782e-01 1.107106398023360444e-01
7.544021586842145632e-01 6.882245395724824188e-01
7.911913969705227645e-01 8.485248877155515679e-01
9.822300555863144877e-01 6.311550892204660368e-01
5.650760942881609683e-01 1.605862657801240545e-01
8.103250847357406084e-01 8.974440281720127421e-01
1.415700193518823480e-01 3.723735397573503247e-01
5.718576207658271349e-01 4.405660090030965592e-01
2.233944478237340214e-01 4.001054835341429361e-01
7.767529966554014287e-01 4.752734143371409314e-01
3.082443644222432888e-01 8.168986631322452396e-01
4.632769476205261250e-01 8.556779368318722101e-01
7.214731809874643798e-01 6.789494558018948078e-01
5.082624901637938786e-01 7.819576711705329419e-01
4.081970686392915049e-01 1.429563825767550256e-01
3.762648887323712388e-01 2.528503830879477721e-01
2.226216177308508459e-01 6.575697005784403304e-01
2.996648232761363051e-01 7.187716541162567641e-01
4.115850231613241705e-01 5.837573220930771800e-01
1.091989169572730317e-01 7.132443140898901968e-01
5.894724948934444708e-02 6.586099736805735017e-01
6.999801504852073419e-01 8.933977666387133976e-01
7.543142277516258210e-01 1.061512117973469893e-01
8.961487301050297116e-01 7.049417722667568054e-01
4.941309907171272942e-01 2.439417754502385405e-01
8.216059602127749883e-01 7.929188406275455847e-01
2.649079939856221477e-01 5.676800770332610657e-01
8.457779003070478030e-01 8.292110447960864272e-01
3.070095226001837152e-01 2.030182634978326961e-01
8.093701680515963393e-02 1.826904172701582230e-01
7.640547503882494373e-01 6.047397608506335231e-01
3.399691585231484625e-01 4.580383892845660831e-01
6.885251400626246632e-01 8.724008826752311929e-01
4.302869969348099843e-02 6.493716160666751502e-01
4.522612946581008875e-01 4.209257223041655283e-01
3.869797305662457942e-01 5.521696189144853495e-02
8.871660684026094756e-02 1.645071271624305442e-01
6.476096037338341382e-01 6.024161852742391243e-01
3.077064540188018116e-01 6.200523303654652540e-01
5.169289945911832440e-01 9.183183470218201361e-01
1.502064071153692559e-01 5.003238118094746056e-01
4.102675423128350485e-02 4.959294310900795866e-01
8.534776470853909780e-01 3.742006443799296145e-01
9.545096300563225000e-01 7.603011306918333601e-01
5.280312647229967737e-01 1.584027357716900064e-01
8.394465677209439480e-01 8.113322473702261339e-01
5.693654920616000314e-01 2.009141815629216232e-01
7.624404601947083471e-01 4.159103968730699652e-01
6.777342604042772001e-01 6.464344525162117883e-01
9.665549852713832824e-01 7.075395949381630967e-01
7.345498360139329774e-01 1.244139626315667740e-01
7.154597390847350358e-01 7.072047285236339187e-01
8.733670526281696045e-01 5.058121878285685158e-01
5.557413122233212377e-01 7.245373768668534886e-01
8.040656923437825565e-01 8.869130348296677679e-01
3.305599414200093289e-01 2.083381443610160533e-01
5.009442721285725098e-01 2.981521445533277248e-01
6.278780108222450362e-01 4.575648992088609535e-01
8.804544009415640193e-01 4.314053073009271877e-01
7.394102490670615424e-01 3.001972259940299259e-01
2.633217067452957583e-01 6.779595225943770842e-01
7.518044277710795864e-01 2.343216167009923578e-01
3.360806686622105355e-01 5.432139833979982013e-01
3.709220240627748577e-01 8.808576766624816035e-01
5.901311584806198107e-01 5.531007570392083572e-01
2.109148772070804922e-01 3.589838816137752575e-01
3.617916455981721180e-01 6.168317002075236755e-02
7.846018010657842545e-01 1.616708494351083436e-01
7.065327511319967613e-01 9.426218756851145741e-01
1.971130342813292025e-01 2.237586213633240562e-01
5.678395141164827020e-01 5.392081173284978268e-01
5.190476568327178075e-01 8.518964203368056820e-02
9.004903965530490773e-01 7.974858660470462990e-01
9.298622520518065038e-01 8.860115618632417034e-01
6.171308981946953542e-01 1.159205008036879869e-01
5.381326150986103229e-01 1.974860649204290830e-01
6.609553873690033887e-01 8.872344666350453490e-01
3.027533455721945210e-01 1.279897610041315359e-01
5.943464554646059606e-01 9.461352568864498380e-01
9.569443005193832841e-01 8.636820130074736035e-01
3.948885110028788614e-01 1.534660139605617812e-01
4.225275986984221022e-01 1.535039163145150987e-01
1.724093255528772739e-01 1.994461301114600627e-01
7.806023238286868837e-01 4.341195955047643107e-01
4.226735550336780944e-01 4.806139541382575819e-01
3.184611433187549689e-01 8.173224277910056124e-01
7.987432802584515379e-01 7.177460442788334838e-01
5.456962953559931773e-01 6.767000528635991330e-01
4.666498506881781028e-01 5.386474311355005096e-02
1.670523917019098581e-01 6.987241879730810012e-01
4.328835821063276024e-01 2.363813219947264455e-01
8.970035888308166561e-01 5.107604335501110260e-01
6.592482584021108760e-01 3.722498824360611636e-01
7.084653331909795959e-01 1.668669870576911518e-01
1.756063803030447068e-01 4.876173775225424167e-01
8.221618520707736355e-01 5.010750569605076921e-01
7.543684100049727892e-01 4.074345127277278489e-01
5.880882558746779454e-01 6.668861293181480576e-01
4.828324391666924953e-01 7.090870654292354136e-02
1.776994441368551225e-02 3.303901789441111569e-01
7.191188734271646288e-01 9.346073575040223513e-01
5.958498580428431834e-01 6.797758435081027173e-01
4.574048429376738611e-01 6.672828606549554564e-01
9.579874576918050444e-01 7.260932615612714081e-01
5.739781437369352313e-01 2.481315706735751914e-01
1.011711484970883868e-01 2.651651799855214708e-01
7.209308899931958781e-01 5.853748778485853288e-01
9.124639728645688175e-01 6.385187930012345969e-01
7.005634878100779339e-01 1.427938414613051932e-01
3.749665515314282160e-01 7.057638794530256554e-01
7.104886048789822439e-01 6.150449628719361073e-01
6.161861014916122370e-01 3.556353766366185942e-01
2.633642767570634202e-01 8.568299195252249145e-02
4.014143658778899781e-01 5.743751091294012623e-01
5.888442424076816284e-01 8.496716220549971332e-01
3.861981175989889215e-01 1.043333555001632329e-01
4.407032279315382661e-01 8.022456737804883886e-01
3.218971473961520502e-01 3.332493019947745938e-01
7.004220076058169653e-01 4.398817404661767849e-01
1.358132966727515212e-01 4.039729351510633615e-01
4.977043562999069470e-01 3.835238950090563703e-01
6.079056146905089664e-01 2.082439825336742378e-01
6.744558087641091548e-01 4.507086208491503099e-01
1.081958998224309965e-01 4.948380123294207067e-01
5.503647352376627166e-01 3.340055399482098619e-01
9.570353625375326301e-01 7.146020490520299528e-01
8.942737883993838732e-01 8.023980881135719390e-01
6.263598356072075379e-01 2.873759321887503493e-01
1.362504697054612024e-01 1.936408641557713084e-01
6.586332724875821887e-01 1.654789939423270961e-01
3.266033094127665515e-02 4.384507951113260082e-01
4.550428774540932197e-01 8.129141455031127506e-02
2.755056152503068678e-01 5.116817154732221651e-01
4.775633262282008573e-01 5.316744518485606585e-01
6.540873486889725585e-01 5.299355069248294914e-01
5.178883293282783296e-01 4.979206038569938264e-01
1.585511446073205599e-01 4.252434004654018773e-01
6.750143839498574660e-01 7.266306815795970930e-01
8.558805620895875155e-01 4.290240860323610850e-01
7.466498044446696625e-01 9.099922403760093426e-01
3.967286430456418711e-01 7.449516057924723267e-01
3.828588866250861589e-01 4.753235995429368477e-01
2.299350698892095313e-01 9.722353805565098206e-02
2.132659580899687046e-01 4.913251506894778520e-01
3.429742851562799233e-01 7.322923842428092911e-01
4.883626346834905041e-01 4.561368199676571478e-01
6.581311483297054288e-01 6.085077045855286082e-01
5.715708895353615038e-01 4.330881092053437964e-01
1.985224922302497585e-02 5.956698154199491224e-01
3.491848345461483483e-01 3.464331946304394783e-01
3.743771898615576577e-01 6.506076772663647034e-01
1.915688431155691540e-01 1.264107551664779561e-01
8.105934202291047441e-01 9.341723232197456372e-01
7.766195424397106528e-01 8.174369565857335651e-01
4.642686440638751355e-01 3.850349633380611425e-01
1.649338103240413078e-01 7.613049918253997905e-01
5.519208895351646049e-01 7.354464932816149325e-01
6.022580372264187965e-01 8.339704144638393490e-01
2.361367097394756198e-01 7.118884258977212776e-01
2.747284062578470021e-01 1.980378767673682261e-01
2.035434314791943478e-01 2.124379115399033791e-01
5.797448517280822111e-01 4.768761971893931695e-01
6.156161948050042909e-02 6.852115070378299588e-01
6.594746012188434925e-01 3.155923228055189655e-01
