4.843433851123542522e-01 2.974595502245463985e-01
2.038067292615358683e-01 3.334639845360925503e-01
9.230267889415326721e-01 3.134356191365022526e-01
3.224759787124591437e-01 6.578759066903749897e-02
9.607588894461716045e-01 3.677658368297406222e-01
2.933317325408934528e-01 6.166014149246044074e-01
2.668975501879846113e-01 8.848536348738577084e-01
8.856421443416708783e-01 6.566140282902244163e-01
2.023564287109098359e-01 4.029041167603924500e-01
1.997423574616081499e-01 8.732775442000345612e-01
5.014230869206833807e-01 5.886401979951053631e-01
2.796263680612974811e-01 6.865381131720734720e-01
5.630368301173123147e-01 7.324766627005744324e-01
1.275642396230019515e-01 7.384583936840170004e-01
6.288787291837690807e-01 7.163041866939898750e-01
1.866285506393998150e-01 4.688165801993600112e-01
3.999252259365332351e-02 4.291399478782019772e-01
5.256401889673512073e-01 5.422539207709278219e-01
3.465569630883964525e-01 2.268339069965729926e-01
2.493966755144165770e-01 8.723463551009661421e-01
5.509375180604528799e-01 4.754682835357545989e-01
2.956263402313700772e-01 6.524058624601074552e-01
2.170309791247245212e-01 3.437106780599739064e-01
4.385020316556065278e-01 7.378673228137563322e-01
1.692141935789910623e-01 7.039300103880337112e-01
1.443931486551363608e-01 1.549678251213871816e-01
4.864705407485409583e-01 8.253522182728413314e-01
8.760926049734291121e-01 5.225644432926750405e-01
2.397936338009666601e-01 6.857589285552716518e-01
7.785208048733386343e-01 4.287558796522842330e-01
6.663168717094123394e-01 3.318334694388938577e-01
2.348578911888479226e-01 8.723362110769740108e-01
6.088460898720050585e-01 4.467596358665368306e-01
4.816286901914084151e-01 9.027081236930397656e-01
2.100676951948716453e-01 8.559080590141345812e-01
2.259644211727080965e-01 4.724769284758567611e-01
1.610642248461813808e-01 7.605490721218057804e-01
7.868866540654835262e-01 3.863881624236187862e-01
6.090326117648144910e-01 7.649801876811147539e-01
3.436803988100753382e-01 1.159476887900662972e-01
1.533234828068367750e-01 6.386990531076991440e-01
3.424251773725040526e-01 1.681168266102766873e-01
7.304602527012766799e-01 2.905789796524250734e-01
1.907170066001941389e-01 5.411007687908256925e-01
5.400357238829560647e-01 2.838940612237918493e-01
5.759645756064037947e-01 7.935477611640433526e-01
9.616356651654869303e-01 3.763525862568589675e-01
7.271826378737229479e-01 7.747281814913435927e-01
8.669317697685279267e-01 7.333688184231345053e-01
3.475840857315850019e-01 6.083143073811025925e-01
4.097946366293787057e-01 4.256167444040726000e-02
1.890802422031753749e-01 1.658380108504227124e-01
2.402544974931647148e-01 2.656888965366280830e-01
7.030979209715070288e-01 7.722604629689002742e-01
8.474873131186503317e-01 3.005535522371483581e-01
5.993907646560550084e-01 2.762791707454068657e-01
4.632339868032070984e-01 8.497909361754384383e-01
4.135426879180399418e-01 4.922759369959825437e-01
5.787363563496414898e-01 4.983277772134333539e-01
6.559434093538994981e-01 1.475288623306533209e-01
4.201255552171437868e-01 4.679065272046671331e-01
7.722075231431397846e-01 7.444927931601588167e-01
5.399250395043346806e-01 1.484081906125983008e-01
9.090759109691840534e-01 6.573075189204286017e-01
1.915000648424593221e-01 8.819636381991168284e-01
8.747451513959808578e-01 5.530242896116789320e-01
9.208353373734834424e-01 6.353739000343860965e-01
4.425870959461906118e-01 4.594778774229731355e-01
8.248346324751715253e-01 4.209120318451847753e-01
3.728130875048727977e-01 4.307302046576891863e-01
3.597114741124681769e-01 3.656759759133722532e-01
5.238205056169509266e-01 8.408677931082603196e-01
6.511422832251645421e-01 6.050013392529972611e-01
5.595641237031558912e-01 4.773387713469285920e-01
6.124081228841546931e-01 8.519530615462497236e-01
2.559174024020602345e-01 9.375735440089595363e-01
5.724972945556958681e-01 8.423310219252355679e-01
7.785458996831802203e-01 9.182669365335975886e-01
1.330371654581850582e-01 6.061069131771918972e-01
5.609911051533618132e-01 3.781968902990590076e-01
5.937882514044967586e-01 2.434074669858918849e-01
7.314945465307853834e-01 6.252961542621577884e-01
7.823865815152375447e-01 6.638373981665554036e-01
4.901879667930167384e-01 9.623873254971110347e-01
9.031228977146412706e-01 4.844014631921755853e-01
7.529392871495426132e-01 9.160540375843114758e-01
4.835563609929510731e-01 7.234422219793834596e-01
7.096435401225928974e-01 3.440520091118169921e-01
2.559155435097167919e-01 6.492915716982046170e-01
2.096838404261849864e-01 8.764555565442619378e-02
6.318432862715458453e-01 4.226721288641590579e-01
3.390984964521749911e-01 5.455279541324409287e-01
5.688634866219928199e-01 9.016917008250288079e-01
3.222108665914732994e-01 7.413376145586957344e-01
6.860129514729967903e-02 3.510671082950335142e-01
5.979632965233288022e-01 3.480266547052484061e-01
5.861580026445778469e-01 1.515267234622315884e-01
5.119695782976518839e-01 7.267818672155447191e-01
5.471554670246768781e-01 5.734291970686982154e-01
6.935862992307957331e-01 4.530593425282596343e-01
9.374327648945575131e-01 3.268906253374916915e-01
2.517777895015274603e-01 6.276530809253868526e-01
6.880441070664461423e-01 4.160743809997006215e-01
1.827792799425092263e-01 7.185998827070063655e-01
1.560520644150999447e-01 2.321709086910480058e-01
1.268518564068925325e-01 3.364641832823074830e-01
3.836433483451312521e-02 4.521692599556711434e-01
5.887350312311081524e-01 1.124508083036090955e-01
1.603697322423492666e-01 4.164616217472464355e-01
4.279841730256500054e-01 8.482975522109943434e-01
3.974296805964731005e-01 5.100513270662454524e-01
4.817474394399864357e-01 3.699883066123781372e-01
1.717870292009673339e-01 2.132032061047853810e-01
7.999257838782719565e-01 4.496477472943075648e-01
9.142790210950637597e-01 4.762113490001796956e-01
4.548031932674357902e-01 9.278714947608230901e-01
8.665068252657919246e-01 8.232988692505819328e-01
5.071681395863532060e-01 7.418577663208276718e-01
3.675621359343315686e-01 4.323572350828919775e-01
1.145549218704080552e-01 8.061045632059542498e-01
9.143177167268459193e-01 3.866355612383652884e-01
8.483227310807979482e-02 3.624789808444106032e-01
2.307276241123353833e-01 6.384417352264264434e-01
2.625439912537931852e-01 6.577839780519031398e-01
1.615271159207431750e-01 6.942638041746677091e-01
6.417432693594062876e-01 8.618408751962836067e-02
9.309915861755464483e-01 5.744991134385989406e-01
6.846310562442814440e-01 5.454383337869870285e-01
6.765980339793135068e-01 4.078349364012970879e-01
5.516256950851572416e-01 1.714921589307587257e-01
2.757267534110356966e-01 1.766127964667856820e-01
7.116446281847859101e-01 6.854611661665666045e-01
9.207321911559986916e-01 4.698578057572462829e-01
5.481091196944615218e-02 6.222870833623643794e-01
3.208807539024773892e-01 6.766630802321726978e-01
3.702286899184288327e-01 2.837355760350259715e-01
8.215506766834119734e-01 1.914156467531081818e-01
7.757134382880656043e-01 3.411303948139124964e-01
1.028916175965260138e-01 6.073048568945853543e-01
1.846187965000084530e-01 3.445313568726109388e-01
5.325133814789242415e-01 7.954908985577674452e-01
3.776136823518354002e-01 8.557310338511763259e-01
5.910659490792273818e-01 5.946678184434794900e-02
2.571242346312874183e-01 6.643849942555014598e-01
3.512979892812019833e-01 7.805188187306122405e-01
6.343615081401419165e-01 6.937772537109321291e-01
8.103989340020618659e-01 4.540578597180696674e-01
8.300992866794014713e-01 9.117387031191357405e-01
5.323384374034245692e-01 2.743621869877863606e-01
7.498802329703900815e-01 3.905012948424242403e-01
8.697599094229903072e-01 5.504933980623317735e-01
4.420344802707579235e-01 6.163673179747676256e-01
2.270369419523280974e-01 5.088900092207195858e-01
6.465116539942905582e-01 1.464495382035642113e-01
5.418568864152961684e-01 7.926926150661978143e-01
7.377308214083438953e-01 3.718704420642591213e-01
8.798239264900586942e-01 3.424805117454460257e-01
5.749889928648672655e-01 4.911191592624257751e-01
4.981987498954892901e-01 9.917232742204204476e-02
7.100512316810171365e-01 2.435895065831359951e-01
1.202200701145333672e-01 7.882138790048234256e-01
3.059295999337645622e-01 1.287238715503236930e-01
3.915242477949263389e-01 6.916848230593036773e-01
8.404216987310993980e-01 2.708092617332680252e-01
5.839875992071562605e-01 4.573441265752523077e-01
8.194659135807136341e-02 5.771209204560943107e-01
2.248519174850317215e-01 6.027367561161981468e-01
1.805042706620073323e-01 6.408376949183187676e-01
4.606530446122345523e-01 7.552434689316402938e-01
4.066656672533078276e-01 4.728146769799849158e-01
8.542106941280922516e-01 7.368333099820980614e-01
3.998249852761545653e-01 7.054492347261318574e-01
1.015309943963565997e-01 2.933704852042063882e-01
2.163954119136458631e-01 3.465849903510642149e-01
5.701625853964474855e-01 7.071670383562700390e-01
4.170570016062812857e-01 2.555234263978878317e-01
7.472926693821237976e-01 5.891121134226913192e-01
7.507552799575494262e-01 7.475765628161805676e-01
2.580996923983485680e-01 3.761267450288896530e-02
7.342019747829844345e-01 2.125846230145610194e-01
1.863410365336164443e-01 1.181004966747249557e-01
2.519068174472458566e-01 2.255065460531072430e-01
8.616734085314429192e-01 8.197665143478121141e-01
4.384521592784005328e-01 2.594285827319109949e-01
1.101887611210589507e-01 7.741012654974456231e-01
6.768993467540542763e-01 2.580924177472079251e-01
1.249452242993150386e-01 2.321355019292958288e-01
1.071137590139611406e-01 5.866912957104357673e-01
1.746063864248345032e-01 6.504631078583482662e-01
7.661493649420623164e-01 7.752987208241093331e-01
6.813313769147125720e-01 5.995706601967900617e-01
9.140369513580954841e-01 4.186587131344768897e-01
1.383874098531345520e-01 3.584382864924461343e-01
1.712163600380535722e-01 7.797989258454240957e-01
3.278298030113685479e-01 3.740361275631240989e-01
2.437340556517587076e-01 1.062217122217604393e-01
1.323922974502445282e-01 7.050964866495583738e-01
2.895689877008776891e-01 5.540306176451230691e-01
4.622574069361523597e-02 7.651675008157147184e-01
3.849837885055779063e-02 6.882613653421230104e-01
