4.256472754189229990e-01 2.837649656321695191e-01
6.085604520889953406e-01 1.236682164841056836e-01
7.835210356639551454e-01 2.155252328798195061e-01
6.961239477862359859e-01 5.253690315347070428e-01
5.923177551679150721e-01 9.777121717778700649e-01
7.266988996223049391e-01 1.601804857584353536e-01
6.875294651765286869e-01 9.462869645581073463e-01
5.031088829426259013e-01 6.979873137030974117e-01
6.959772673813979793e-01 9.239232073828389513e-01
2.061430984587120929e-01 4.721296447579286792e-01
1.484504296656370959e-01 7.248361074900664391e-01
7.402817825610421565e-01 3.211443966404043393e-01
4.025111135192190881e-01 7.715748126428893794e-02
7.522651070896775316e-01 2.131833178061774414e-01
2.185039154487375956e-01 7.071237779154425640e-01
7.560408295699736492e-01 6.951838977753002080e-01
8.254811790154658047e-01 1.869383987574670947e-01
2.861911943359178312e-01 2.315322431850292684e-01
4.168126150978334055e-01 2.840474132618788783e-01
3.232842753196228380e-01 2.472432840539987853e-01
8.575173056032561192e-01 3.031296087127484107e-01
4.293898988322147892e-01 3.791216724965249529e-01
4.317733562114163259e-01 6.499712764556488942e-01
3.870967405038531206e-01 6.599482072039000169e-01
3.017489465684740635e-01 8.634732609390927127e-02
3.839225341530755342e-01 3.942937121472974704e-01
4.825474175039535241e-01 9.418098554215432738e-01
4.508914129524156378e-01 1.489094706113355815e-01
2.009902408948995578e-01 7.120724327460301595e-01
4.130255934191255363e-01 7.721638638115788655e-01
6.482022821711920235e-01 9.529839829858834932e-01
5.391101911219283727e-01 3.700337735541912032e-01
5.844761010666127410e-01 1.543836339413591496e-01
6.332703923049102235e-01 7.939903017594670542e-01
1.322180403978633345e-01 8.243363526163629551e-01
4.929561650859214939e-01 6.020250033533622869e-01
4.555366573488918713e-01 2.329485759005094081e-01
6.060780882744473130e-01 2.059198863851361694e-01
1.180630827044684555e-01 5.211951986470239051e-01
5.616308224721886511e-01 9.261544011505791207e-01
5.112079299714961111e-01 7.327869633484865863e-01
6.371406377088156825e-01 7.210602571832432917e-01
7.061930303655347130e-01 4.438663168013470828e-01
7.436463209754697878e-01 5.849416974211283371e-01
2.671603020502069104e-01 6.451307584232905956e-01
4.943681388522924158e-01 4.731161681885186487e-01
1.617257685204360751e-01 6.912757322082295763e-01
1.591693880868759736e-01 3.882595145428575645e-01
7.911352342494095691e-01 5.019533538480247525e-01
1.321386654230275459e-01 8.131880335877913479e-01
7.504986905137333020e-01 5.112578042031119541e-01
4.105892040629049444e-01 8.520697299806065939e-01
8.343725388940418375e-01 3.988274610761285421e-01
1.829327878707212585e-01 7.248545363965741561e-01
5.324617618355428350e-01 7.228513236260953878e-01
5.598530561486854129e-01 7.735811220281403333e-01
1.980752241384796664e-01 4.463927425564596652e-01
2.215458127480268713e-01 5.744017089746182858e-01
7.136278840712975136e-01 7.511651367040652616e-01
5.051585110208330898e-01 3.858446211271251980e-01
2.687954220139589512e-01 7.274222751619368044e-01
8.087537774169096805e-01 7.132777177117108902e-01
6.900097964650534488e-01 3.309183206501707386e-01
3.704451899765231482e-01 5.606753553662485734e-01
9.256653218964000507e-01 4.364339999911468482e-01
2.924767907031880498e-01 6.832324110246978943e-01
1.245559041414145696e-01 5.440254708250298332e-01
8.790620334071924669e-01 6.584187925931499485e-01
8.452526485582536608e-01 5.544503711738375529e-01
7.227226431058089151e-01 9.420763065349803123e-01
1.690784550092500338e-01 4.730688638039708405e-01
4.889377225855218723e-01 2.697925419304194605e-01
3.152955396373237074e-01 8.322322093513656593e-01
3.290241671090039510e-01 7.069204974305484113e-01
1.146584383057576151e-01 5.125768014675397000e-01
4.898583095185194969e-01 5.309227693008307103e-01
8.561892469951917217e-01 4.155192257981171200e-01
6.330035708540633355e-01 8.618231302265090266e-01
4.616621480660556553e-01 6.177059371855492254e-01
3.483629303674504740e-01 3.055965000262759190e-01
6.432659267721794194e-01 3.160766200406963655e-01
3.484223795723750960e-01 5.550961087739834099e-01
6.924495788639321026e-01 5.551667422874267954e-01
4.795596595909996651e-01 9.744288777502341237e-01
1.356330605349667096e-01 6.121734285266070552e-01
7.619678873624081694e-01 8.795492677992989838e-01
8.147603234473989042e-01 1.608410658223771161e-01
6.657302729146183928e-01 1.822793293911106893e-01
5.687029373907648289e-01 5.974555627044306760e-01
7.347793071557342515e-01 2.805180955439461332e-01
5.009051429036770475e-01 8.243661772420309841e-01
2.101224749225935606e-01 5.692462842095886710e-01
4.435522086083121263e-01 3.170065082055022465e-01
7.885676074171603656e-01 4.219442495215185440e-01
7.063134350463379230e-01 5.715245511758820784e-01
8.547109180430449982e-01 3.186340342691340588e-01
4.223831946513650903e-01 4.123954301723722349e-01
8.202465357431961701e-01 1.928053860840263922e-01
4.806486764681054957e-01 8.251043653165831548e-01
2.956902772288387826e-01 7.846857453651112646e-01
8.063013074419635995e-01 4.459342807252886232e-01
6.303819625939020010e-01 4.778797979986373345e-01
4.132383852435109195e-01 9.347009403750099477e-01
3.544048252470677340e-01 8.369864517840472917e-01
7.164916061415768089e-01 9.547590044138328791e-01
8.548286669253608583e-01 3.504264767972873895e-01
3.421465370324685007e-01 1.923774655110272458e-01
3.951864003546378123e-01 4.259434250675673828e-01
3.559969088184512520e-01 7.958903626861302261e-01
7.059251339003701498e-01 2.411755472149640367e-01
6.884803848672725879e-01 3.888501351550499030e-01
3.810890137856224880e-01 8.642689747814920054e-01
5.506885337692870586e-01 2.228782822212993509e-02
3.395430538273880305e-01 3.304133576918113491e-01
5.698983318899387696e-01 3.901125940386139801e-01
6.724809687327749641e-01 3.303878955592354227e-01
3.677728368583411123e-01 6.297985510436219236e-01
8.518772268255829783e-01 6.159148138044311382e-01
6.698798512570637298e-01 2.152822973454117661e-01
4.162142635906042609e-01 6.293082368094932155e-01
8.256033381376505220e-01 7.647338607519048592e-01
7.852666489403696826e-01 2.213311511273778898e-01
2.434007757578970921e-01 3.621817383005010438e-01
5.084265364446580726e-01 1.014051286304325783e-01
4.582524660437585773e-01 4.021882773420001334e-01
3.397322938922232582e-01 8.783376472676268643e-01
6.669929782984940214e-01 9.438533853475215007e-01
4.297294876501580596e-01 3.048969379079426445e-01
3.886041327950551794e-01 5.507479510849243587e-01
2.911606428820493475e-01 8.428469709276511512e-01
6.764544720737866168e-01 5.080682190435653611e-01
1.285485743358540933e-01 6.061138514197976779e-01
3.135577724348216355e-01 6.939597921592288721e-02
1.236715732430538894e-01 8.108007254280428233e-01
7.979921273317599484e-01 5.296364755160244409e-01
6.400526510763566712e-01 9.033110769483180258e-01
7.419333796892794153e-01 6.050998194198128344e-01
5.735037887962417535e-01 7.140364867160199358e-01
3.250212134499093075e-01 1.381104904579645853e-01
4.192817786014013670e-01 6.962060471118763916e-01
1.546142406838564853e-01 7.601007735168807677e-01
6.738433300281116978e-01 6.513554537609808071e-01
2.273305207708389564e-01 5.985274164075310432e-01
7.947181217915911811e-01 1.582030345806745286e-01
6.686092495206951147e-01 8.558957788067147465e-01
5.919775899384602802e-01 3.307205795440201213e-01
7.021803613824342261e-01 1.081622710589633662e-01
2.546843907182674283e-01 5.583721174249852703e-01
6.024881453189483427e-01 3.614627002757409002e-01
3.626631724285969138e-01 5.706646210049193257e-02
3.243779522619789635e-01 5.870999418044017260e-01
4.946827054109194099e-01 2.452674180857035979e-01
3.006855584545291560e-01 4.350111802550956086e-01
4.929189573678528502e-01 6.836292672656814062e-01
4.816453777642945577e-01 9.720291858405090135e-01
6.715631236775914115e-01 3.410917079668803198e-01
8.423806926542135587e-01 5.223958090155744749e-01
7.433467810359994932e-02 6.429668679968734146e-01
3.226909069314382039e-01 1.645633065418839747e-01
3.242273165467438600e-01 5.087315440511475106e-01
4.665917595050536049e-01 8.187820157274496857e-01
7.942786476398531192e-01 7.556863707203569369e-01
6.413702615781284866e-01 5.996317127673518321e-01
6.101293563814468301e-01 2.469580243167973088e-01
3.529917633073552108e-01 4.029708804572098568e-01
5.802165625172698293e-01 6.386921187368451713e-01
9.072130065565908730e-01 5.210926210353032939e-01
6.160583956534306793e-01 8.547932157979808432e-01
4.841154709220468755e-01 8.786142569649457723e-01
6.253138059577647567e-01 2.421287249353078208e-01
6.913687604966608502e-01 4.099892163812280943e-01
5.063193366147212826e-01 2.877582719429405689e-01
3.781665567728291766e-01 4.465551780796891412e-01
5.971681804600776911e-01 5.522215901828043672e-01
6.925683908092141738e-01 8.414436797637536714e-01
1.794586068794103983e-01 3.451088685633836306e-01
6.225047971519646062e-01 3.425912946041920204e-02
7.876447215941807523e-01 4.358053389715486059e-01
3.445965708998122712e-01 4.649545919532920291e-01
8.634941280381240869e-01 7.317580327517527738e-01
4.176359838187022611e-01 9.613723607885353850e-01
8.196165600172344856e-01 4.143515360422145855e-01
1.817965008083919920e-01 4.309492165524280161e-01
4.675627742714201784e-01 6.489521132167224149e-01
6.872615238509937052e-01 8.112585357074294512e-01
5.948351819761013015e-01 4.966888913060881205e-01
6.668505179762058699e-01 1.267845689022815137e-01
2.916801476272026239e-01 1.793513731477202333e-01
5.889824727077721533e-01 3.348699455969455507e-01
6.260520828246288749e-01 9.586521858884027303e-01
1.493318392703137931e-01 7.526619715662050680e-01
3.370386189932361720e-01 4.306615924886300073e-01
4.386141324641857908e-01 4.394803664273685406e-01
6.739892956293521697e-01 6.442418818419799464e-01
3.272576882315091362e-01 6.626521826887524780e-01
5.727367993694351123e-01 5.608437698930370807e-01
2.526498410333140598e-01 2.120336589633975977e-01
5.319469420761637757e-01 8.768097888305248500e-01
4.959407186249989996e-01 5.254563322712131335e-01
5.603597370002877387e-01 4.166568903055881123e-02
