4.912866875737698091e-01 1.761853263660701774e-01
8.760127282723273456e-01 6.938047756618219708e-01
9.543861963818800476e-02 5.708413313608827755e-01
5.942836669117441684e-01 4.604960415655909856e-01
7.284322207402627036e-02 8.896364714934912321e-01
8.472274488835882522e-01 3.004789868594376356e-01
8.651454815514206809e-01 5.397847304816338898e-01
5.562351804336473915e-01 7.151554750333576349e-01
5.078496496564219864e-01 5.295486721442459466e-01
1.438272760694935815e-01 6.299407523555650146e-01
7.698682477666967117e-01 7.520163831427316703e-01
8.626731040930273320e-01 5.996155399397080643e-01
2.276632240859702005e-01 2.673709548271774872e-01
4.897356357076623756e-01 3.596967441243207331e-01
8.789124738875582210e-01 6.167692025395539179e-01
6.017207904832879706e-01 7.068622070987148343e-01
6.587108565783779124e-01 2.986870625793037748e-01
2.492231530934648775e-01 2.108925746704083393e-01
4.048473999240506105e-01 3.739924011281925420e-01
1.518154016075042023e-01 5.899465526538441029e-01
2.463037052401255422e-01 4.931181520362323267e-01
5.757913461740317151e-01 7.472558158261295436e-01
3.920992421106869186e-01 4.123063239276507086e-01
5.744307697624916331e-01 6.768851737039979222e-01
8.481389289272138754e-01 5.813659996242056538e-01
1.322997954652152808e-01 6.867966241322843723e-01
4.815091163464524371e-01 7.115019136365707819e-02
6.442750625405065934e-01 7.918394430151554086e-01
7.511581003932140677e-01 5.430475384456221466e-01
6.712187599481977962e-01 3.179272154699999686e-01
2.407046552293625463e-01 2.944840588471057674e-01
5.926336521800328327e-01 8.251754123582055733e-02
2.502317471118254977e-01 8.646747442158474461e-01
2.460260540661825535e-01 3.725829401127548901e-01
1.508941184731505680e-01 7.741454762125721256e-01
7.612208182042513593e-01 5.871052958632232421e-01
1.648705906922236786e-01 4.512304108611884246e-01
8.104018210795053134e-01 4.661617158134441774e-01
3.473245015765534793e-01 8.249232038613744100e-01
8.365013802977188107e-01 6.815733191865881446e-01
3.710546785477650822e-01 5.596042684500589504e-01
2.384065374438620044e-01 7.009067993802015062e-01
4.035576726260046154e-01 8.628471070343961546e-01
3.162552057243723791e-01 6.641443222048032391e-01
4.433276292457593581e-01 1.256815198127405331e-01
1.818472492739182933e-01 8.078400999502701740e-01
8.979393570857795159e-02 8.049726855805483527e-01
2.007363708505403022e-01 7.529193173807948725e-01
2.062268478730210353e-01 5.222543930340726170e-01
6.747538700097432951e-01 4.627799166425190514e-01
8.845866948228898741e-01 4.448494524272461059e-01
2.391196448783258488e-01 2.814752213790189805e-01
4.951744483647281259e-01 5.603160210735265157e-01
8.662797466628227028e-01 6.968387981082408977e-01
7.371051373679395891e-01 5.421426237631483680e-01
8.602985751989453700e-01 6.902679958545693273e-01
9.580793651974661707e-02 7.049320089947582746e-01
3.959133520544453333e-01 8.232955999520152890e-02
1.401864434208822674e-01 5.018727467970062195e-01
2.467712478137293886e-01 3.373721420148622085e-01
2.292655183364539218e-01 3.448861785532209012e-01
7.065557936281121609e-01 4.190876145444083489e-01
2.432473428331601850e-01 8.981247190281110848e-01
5.312511404677592308e-01 3.196616095510541045e-01
5.759752898832147805e-01 5.465294458872452799e-01
6.351059718093621242e-01 5.146978877571949385e-01
5.268957674966791016e-01 6.311193069753517904e-02
6.845622513658531361e-01 3.787253372523815553e-01
5.241562003330435537e-01 2.629648063126358570e-01
7.396557855408846249e-01 1.844228298324194770e-01
5.454468008663260203e-01 6.683285958465824406e-01
2.505041731630989199e-01 6.585474724004498626e-01
6.525016440313816668e-01 1.845297930593171598e-01
1.441521171990802763e-01 5.536363370926979943e-01
6.639466272337573027e-01 6.753683796382486948e-01
4.219973291523942960e-01 3.076413104189564818e-01
2.174692083542756060e-01 2.462438386445347516e-01
6.104732243000579039e-01 6.410134015161484955e-01
1.560705997770935327e-01 4.571919136318091104e-01
2.467849647609433039e-01 8.319716849602729614e-01
4.984508081871851237e-01 6.101634749834661253e-02
8.365171736707673888e-01 2.418848968069058358e-01
8.625628318872452516e-01 6.943060258969891985e-01
7.704131520251946696e-01 3.220746655897275268e-01
4.786701245078706646e-01 3.951580253165104528e-01
5.695604726002660989e-01 7.740993005053689591e-02
2.553540975648196931e-01 8.913031966739406453e-01
2.943443086415516441e-01 2.655644693865704675e-01
6.375535819391316972e-01 5.252025975599645680e-01
1.425388313888772684e-01 9.230713194681335887e-01
4.320627214210492895e-01 4.792164082279484760e-01
3.856048242234729750e-01 5.392320440743476606e-01
1.925795273197573598e-01 4.021452609748752405e-01
9.165373873492161927e-01 4.430673321554257083e-01
6.398101977792687300e-01 3.807375521693303622e-01
7.068530076744277135e-01 7.104862420607616080e-01
5.138347548696777789e-01 2.061026930527883883e-01
3.977377434429081315e-01 6.891765598296868411e-01
2.541338077040040666e-01 7.576826080087278870e-01
2.846334142337200723e-01 3.124750345913804850e-01
3.418793925565098424e-01 4.395528194029516000e-01
1.594740116457132872e-01 5.368571844414317118e-01
1.032460262419223618e-01 9.284148785448442798e-01
6.381444825201063042e-02 6.602282338095597503e-01
1.905435209703507382e-01 5.611588998259914307e-01
7.859576169313307881e-02 5.750323684919661504e-01
3.936652954002890503e-01 6.887784844223923120e-01
7.673402211172026810e-01 3.926008672957057577e-01
4.733677704011804432e-01 6.787149931791464086e-01
1.258192889652308688e-01 9.389836525016534985e-01
2.565728016235528930e-01 6.552525255572207996e-01
7.638078196703281808e-01 3.854106309026645860e-01
2.586380109638640734e-01 6.313748374353431725e-01
3.848159024081692636e-01 6.100391063353716170e-01
2.979794178332771937e-01 7.020387613781532421e-01
6.784743071908497791e-01 5.945485600998786646e-01
4.093702398584408431e-01 1.830093118221518544e-01
3.851337174735124935e-01 8.424943634105712675e-01
7.252185969291958800e-01 4.999196475910699933e-01
3.677895827365146308e-01 4.304730749296212799e-01
1.455199524137710532e-01 3.941956699904148320e-01
3.985651015499393490e-01 5.307417334093368355e-01
5.136122058448633343e-01 6.540937564579030195e-01
3.168813136113077800e-01 4.434396537016418449e-01
5.566901611690420193e-01 4.054885710799542853e-01
4.172876733601054156e-01 3.411486744169212049e-01
3.205772438903797816e-01 3.390736349689894569e-01
3.084862692432875919e-01 8.882303137847645802e-01
7.323346721958505778e-01 6.797682180222619497e-01
7.781210103993541072e-02 5.515576366201104808e-01
2.780220200860112900e-01 3.164609968899936843e-01
9.583845382004009539e-02 5.888544553421037886e-01
7.270644358410208730e-01 5.980668814333489625e-01
3.255827868910020628e-01 7.177519393115030510e-01
7.278119549314412406e-01 7.348215238554561823e-01
4.730033177897843832e-01 5.587896071355619165e-01
6.896406522389104676e-01 1.439939553925678739e-01
6.870890200922861180e-01 4.338536312564894026e-01
3.264172612784759231e-01 7.353634813705541839e-01
3.403069287386236708e-01 3.437169998131259785e-01
3.128404043328092410e-01 3.006738615451501340e-01
3.320883177881069348e-01 7.853813913420445436e-01
3.698112242783271331e-01 8.028595224981134315e-01
9.523456561187101932e-02 6.644670705364940089e-01
8.641498784915109255e-01 2.622130391325243615e-01
6.130565941570831345e-01 2.100932318035557689e-01
5.812606740906967051e-01 7.449294255986796953e-01
3.139496659435390691e-01 7.119960780968613845e-01
1.577113666589485819e-01 6.042345401259323623e-01
3.562685895097824629e-01 5.981981865939414167e-01
2.977762174076254431e-01 6.870420206418905718e-01
9.139504051561139208e-01 4.805825285438529715e-01
3.603911277001990987e-01 4.066508292128162561e-01
5.531672032018060126e-01 6.958708637859553070e-01
3.430770553110880083e-01 3.687363559719081807e-01
3.610611695119533282e-01 8.368687050866400190e-01
8.003593897342462515e-01 6.693115729887393339e-01
6.300860287061027520e-01 2.198042179722767275e-01
4.789491840170319037e-01 2.627255952313881093e-01
1.624159223676286123e-01 7.187583330314013530e-01
2.651416609151796555e-01 4.873707667562122703e-01
3.953848951594066685e-01 6.202849335934587094e-01
7.709503999264029073e-01 2.552622400317155482e-01
2.125212044288959934e-01 2.339650998095128553e-01
4.144396834885161196e-01 4.231416377204239021e-01
7.183479303530017068e-01 6.197063708569079399e-01
3.950120008745093836e-01 8.648657261079102376e-01
6.117190027136745201e-01 5.397976346022109739e-01
8.768902800747522264e-01 6.516743146805680231e-01
7.073735867235699804e-01 4.206734782234587966e-01
3.182510054225171636e-01 2.899380776429322237e-01
1.981076570885959010e-01 8.042732609599241300e-01
3.511130747538075969e-01 1.684507674929391907e-01
8.627684052088490096e-01 7.110052170248524206e-01
6.642862116004701889e-01 4.768239555766962123e-01
5.748768196259212981e-02 6.859400518400788904e-01
8.542010630307635966e-01 4.565455763600542172e-01
4.807073578160836469e-01 7.540250497683114173e-01
3.737053986616895029e-01 5.380478645664006354e-01
6.346136722089665838e-01 4.809627657618404384e-01
7.116157547151543694e-01 7.612826232777862856e-01
4.361575390190794987e-01 4.161234905972293063e-01
2.243262506022190295e-01 2.274204834856843327e-01
9.763648314838881126e-02 6.091960238842800690e-01
2.864213429552873724e-01 8.264001811279152454e-01
8.070675227306630672e-01 3.116472376888083651e-01
7.769715160115363561e-01 6.182687242879780776e-01
4.028098360481565665e-01 7.694348975333320517e-01
4.879190654492204793e-01 7.399788071502109155e-01
2.197333857469520868e-01 7.330476314774322377e-01
5.892484418615622221e-01 5.307227193749459726e-01
4.075255644561253665e-01 3.496882514383458651e-01
7.291107197307098442e-01 7.173074766601676977e-01
9.425123180374078702e-01 5.522892150719539428e-01
2.814536810498692310e-01 7.301025574657756811e-01
1.065630836988609997e-01 5.893734284115734745e-01
7.718183548573562813e-01 2.362469115268402420e-01
6.835695844674345434e-01 4.134251425158308457e-01
2.994451608950049470e-01 1.915274813275653076e-01
2.786759271228623769e-01 5.574317205879690817e-01
