2.977334586704167840e-01 9.906617391387149141e-01
2.887340063875869500e-01 9.880018275856803367e-01
2.869113024370344434e-01 9.874033419706285120e-01
2.712762361101349606e-01 9.821465292835895866e-01
2.601530437805843476e-01 9.783983801990390194e-01
2.590606773909217564e-01 9.779989660943190222e-01
2.568282719669032765e-01 9.771691124114294524e-01
2.556423170288100177e-01 9.766898158997958657e-01
2.523347841309202533e-01 9.753172250823958223e-01
2.412396081986732943e-01 9.705848810457092801e-01
2.361349828719351285e-01 9.684033400285786408e-01
2.317005214244683975e-01 9.664025202199293396e-01
2.305044681268690887e-01 9.658513280552286639e-01
2.185222393086234671e-01 9.600540451631240924e-01
2.074315272450278913e-01 9.545045374284565343e-01
2.045013708663433460e-01 9.529505516984781988e-01
2.014488104320371065e-01 9.513028672701171473e-01
1.945811059323857561e-01 9.473622660052547495e-01
1.908859503795010681e-01 9.450354616527644191e-01
1.874068663473679175e-01 9.425224770473505931e-01
1.708058733547173080e-01 9.295750545127962061e-01
1.678275720728017451e-01 9.271553694364609299e-01
1.639806408098725132e-01 9.239835256492814342e-01
1.597050652244633717e-01 9.201065781009581945e-01
1.575559704330304900e-01 9.181169580531712837e-01
1.526936499460325170e-01 9.134968379579168074e-01
1.448603975666554744e-01 9.058128042591035989e-01
1.424810726295594465e-01 9.033642324490964715e-01
1.406030381534739693e-01 9.013786881671095319e-01
1.287454241800320975e-01 8.883715882543143927e-01
1.245302439833506636e-01 8.836058105478934444e-01
1.206444772176802349e-01 8.788893908471553384e-01
1.178582948492734594e-01 8.753298429778270107e-01
1.177505100196596377e-01 8.751883589228125482e-01
1.132982772706269126e-01 8.688153900024166987e-01
1.083175476153800387e-01 8.615563792512617169e-01
1.035770027093141366e-01 8.539000338295723580e-01
9.796456576137357875e-02 8.446657373075077135e-01
9.627181876342527644e-02 8.418741884189026026e-01
9.333588176471718789e-02 8.369494049805016322e-01
8.962928476936082856e-02 8.305999249646014437e-01
8.793142813996712714e-02 8.276651770453745671e-01
8.367016272716321090e-02 8.200863651661698395e-01
8.089617932619364016e-02 8.149484803893090046e-01
7.833837541881782940e-02 8.101950384147635909e-01
7.716468521980235362e-02 8.079288158668554987e-01
7.545942503630065357e-02 8.044818011052315976e-01
7.288086581208097492e-02 7.990973078600783763e-01
6.997472253118242058e-02 7.929353344917345892e-01
6.535571371059456514e-02 7.822416562391489858e-01
6.335387639743517152e-02 7.776044996705346879e-01
6.132147383974095867e-02 7.727404655593748117e-01
5.912183296104145391e-02 7.673666683839999170e-01
5.678529282749378293e-02 7.616336605110950453e-01
5.610399915996211462e-02 7.599609378704623719e-01
5.374446884625883047e-02 7.541010603602880114e-01
4.892140314368653708e-02 7.411983116688856121e-01
4.745460738480011820e-02 7.372148768877990754e-01
4.557470486722436931e-02 7.320017074832217974e-01
3.822647218469987784e-02 7.106662284443707733e-01
3.787106746978474714e-02 7.096335284345872685e-01
3.335266887443877337e-02 6.963796864724817182e-01
3.123331543747598360e-02 6.900904435060852826e-01
2.725046608212688959e-02 6.781690487991637317e-01
2.536391727239861726e-02 6.716282073999407798e-01
2.125240714816101217e-02 6.571702397569363363e-01
2.017572595789762779e-02 6.533694117610375773e-01
1.859768212285506372e-02 6.474800476025170948e-01
1.680172866328588643e-02 6.400917740443387016e-01
1.649860729863139586e-02 6.387995021921657468e-01
1.477847672759902142e-02 6.311328416275641118e-01
1.426743491171877931e-02 6.285095235041319173e-01
1.381796223924947054e-02 6.260305557926585385e-01
1.188803922319947581e-02 6.136761582048525510e-01
1.081961866082203905e-02 6.066834458313461464e-01
9.432103844525974168e-03 5.968832926567401165e-01
8.579012117885809197e-03 5.908115224062712167e-01
7.745056762329283195e-03 5.845351979153633470e-01
6.550010705898445806e-03 5.755259336321059127e-01
5.462747226465447525e-03 5.668547246763883107e-01
4.567875328381765243e-03 5.590990282871567407e-01
3.482626323707216365e-03 5.487578278111797658e-01
2.268781569300437617e-03 5.355760110942835439e-01
2.130180760090194525e-03 5.338002207541751032e-01
1.631436233340277653e-03 5.269503265243479229e-01
1.544890408167742812e-03 5.256650208059571172e-01
7.842660613049945439e-04 5.126478069078681532e-01
5.475644109611543797e-04 5.073247660648859680e-01
1.775796699812204338e-04 4.800096491740392102e-01
1.246995631326575094e-04 4.753703666203814571e-01
1.296674013533394287e-04 4.668826789487267037e-01
2.345789686871713187e-04 4.612876458736857588e-01
5.743260140018691118e-04 4.487161042530538602e-01
7.968925547064964476e-04 4.417609698315205780e-01
1.177803036753188870e-03 4.340065507550640023e-01
1.477867590136239251e-03 4.286711451484764845e-01
1.914737039689251574e-03 4.209340324323423976e-01
2.310012076792600233e-03 4.140926729236897863e-01
2.887911970812062634e-03 4.044541539455092094e-01
2.989855328581758620e-03 4.027877077053114707e-01
3.398602853283638758e-03 3.963585851743829380e-01
3.529613996542058096e-03 3.945593244813735412e-01
4.018011133876120411e-03 3.887233304684790669e-01
4.360121815722761696e-03 3.851080479053551331e-01
5.519835026614350326e-03 3.733103447492210902e-01
6.791885156046229000e-03 3.636678004421004529e-01
7.342949004321752682e-03 3.597459556589984730e-01
7.824927370398748749e-03 3.563334524164939454e-01
8.016614132417942962e-03 3.550877667918777014e-01
9.655922332475253000e-03 3.447257842293673935e-01
1.009384517108236068e-02 3.421207092928807425e-01
1.221834546945832489e-02 3.294921482783561562e-01
1.270107464530179087e-02 3.266778778273904393e-01
1.326027894694969955e-02 3.234990187049887611e-01
1.523343634262519508e-02 3.138723998905647017e-01
1.610632778489629047e-02 3.096692447011791804e-01
1.686875679112109783e-02 3.065696431839500802e-01
1.884376530370546199e-02 2.998651480358228705e-01
1.941361610413117056e-02 2.980490621771564319e-01
2.193196873139979797e-02 2.903186228549259340e-01
2.327340853176174118e-02 2.863084589416695636e-01
2.550036076049200240e-02 2.796610602316994543e-01
2.625854484020828661e-02 2.775018654496002046e-01
2.719022221486988578e-02 2.749348697251072782e-01
2.832582898372548730e-02 2.718516315782636417e-01
3.281948492932684758e-02 2.597213310835703171e-01
3.551052808946797423e-02 2.525497274326407027e-01
3.763684143067624888e-02 2.471893040398766006e-01
3.905289917325382998e-02 2.436466611705171426e-01
4.100017265593380866e-02 2.388803606588739692e-01
4.158602207761052938e-02 2.374977547763457153e-01
4.314238920396018528e-02 2.338356952748533724e-01
4.448381433947623531e-02 2.307079840099187651e-01
4.577424623169223938e-02 2.277839275343297443e-01
4.907005674843467613e-02 2.205072492327440070e-01
5.173388982430682237e-02 2.147024025312124218e-01
5.546899295884100134e-02 2.068597078385033816e-01
5.722270918797123240e-02 2.033074379521030428e-01
5.964812944541908468e-02 1.984616169845681011e-01
6.227524084015689798e-02 1.932594073885562924e-01
6.485211901049969807e-02 1.881969429822518691e-01
7.009817532737594448e-02 1.779276914627638817e-01
7.285997031886770614e-02 1.731129361184700066e-01
7.514425698572035905e-02 1.695355097490698348e-01
7.669967308178859966e-02 1.671443488964634572e-01
7.963391378643169816e-02 1.630124531393921661e-01
8.308911977328958809e-02 1.584468995096683930e-01
8.432993810802358325e-02 1.568102648700643309e-01
8.791494717414893856e-02 1.521103085102684105e-01
9.127546647743800534e-02 1.477233946156752964e-01
9.571819570917561304e-02 1.424029949951565177e-01
1.048644821230735324e-01 1.316301817952297837e-01
1.095259000780872682e-01 1.264782655672348488e-01
1.118329716386338157e-01 1.241764556223696747e-01
1.174815321718607475e-01 1.192627462638632396e-01
1.194636672409142841e-01 1.175854898994844744e-01
1.224281909332839424e-01 1.150857852955139426e-01
1.297037216247060032e-01 1.089510507357421831e-01
1.353453072591476181e-01 1.042641901804519655e-01
1.421894663580663964e-01 9.865089839801310934e-02
1.541003004562517820e-01 8.908521815117298459e-02
1.630663054217087460e-01 8.195906162078148149e-02
1.633679539555776827e-01 8.172517923462185863e-02
1.679182329402296725e-01 7.825196357600516794e-02
1.761050213290357158e-01 7.207754666195842486e-02
1.824673734081890819e-01 6.740951166853625942e-02
1.863117400721958639e-01 6.479488915346409694e-02
1.870196563560357905e-01 6.431343805997546959e-02
1.934657933621978243e-01 5.996070875806169820e-02
2.018929740392509942e-01 5.450984118754254037e-02
2.053792062393956508e-01 5.230395749512850578e-02
2.079510214949995550e-01 5.069245525363852423e-02
2.170908763275100073e-01 4.549476102723393200e-02
2.201462872262538450e-01 4.382646732025308189e-02
2.262302359008037111e-01 4.052536425688035848e-02
2.325594138253074261e-01 3.725784587243918811e-02
2.368438647712897138e-01 3.520852525040252257e-02
2.422439261453268600e-01 3.266537103671018905e-02
2.464144574233816387e-01 3.110330633640756570e-02
2.537560594557765059e-01 2.849178247060313307e-02
2.561382689758378017e-01 2.768416595622746890e-02
2.642895792868266147e-01 2.502376173401943404e-02
2.710781727094578875e-01 2.286485507977764620e-02
2.749993686219747158e-01 2.164870034563770584e-02
2.815320040593851658e-01 1.965780608775635763e-02
2.829476497405793989e-01 1.923114467540165684e-02
2.927305860412636740e-01 1.641086731482133132e-02
2.946036473785097476e-01 1.589672835277489149e-02
2.967427441190291226e-01 1.532127469641353379e-02
2.980084307895563001e-01 1.498379713478914521e-02
2.998979923488678256e-01 1.452191691063786649e-02
3.120240214300454840e-01 1.194675073130135878e-02
3.212765432097752782e-01 1.019567171226265501e-02
3.255777458686640591e-01 9.382023506292469506e-03
3.308474121835145443e-01 8.441464599937220648e-03
3.420176853424157226e-01 6.546267029744257115e-03
3.461369551632905717e-01 5.895482982004596195e-03
3.524515258472040724e-01 4.977565514789561441e-03
3.626533806997767062e-01 3.628546007874211554e-03
3.669185993855403893e-01 3.086391475175420673e-03
3.729729862676974816e-01 2.348434128087384387e-03
3.744226782297357392e-01 2.216518779591392097e-03
3.805634883621705766e-01 1.717873191802499200e-03
3.994023022839315873e-01 5.589573109621159830e-04
4.035657407543823405e-01 4.617275094688233494e-04
4.119929145282102967e-01 4.511579093607887003e-04
4.221661904305480384e-01 4.436299750444350209e-04
4.275893832230326375e-01 4.547832657592065786e-04
4.300919236925719868e-01 4.683928670013992601e-04
4.355844137247236736e-01 5.135102388854617672e-04
4.379217165744745399e-01 5.552853449114492079e-04
4.418313778422363614e-01 6.527933535507290941e-04
4.439644249982208635e-01 7.129813225484893380e-04
4.527831105749292595e-01 9.692243235516206923e-04
4.726747456944008219e-01 1.605254240385045605e-03
4.848294366367511543e-01 2.097307049082841601e-03
4.900043005575166477e-01 2.408119333537683815e-03
4.986700929575089702e-01 3.232666073373358095e-03
5.058675385405453362e-01 3.938971427179138729e-03
5.183011400492248955e-01 5.201071449975280814e-03
5.289562151582115623e-01 6.329379020105774245e-03
5.314771949209490254e-01 6.605725796698824759e-03
5.359105634169667454e-01 7.118233921566186062e-03
5.379793575956561824e-01 7.361759513209054084e-03
5.481914037974982001e-01 8.622997552184652470e-03
5.491201487744123977e-01 8.739346546718929076e-03
5.597287127846493071e-01 1.014726079099192990e-02
5.610992287907471399e-01 1.034264021966146974e-02
5.716792274190726220e-01 1.190455914160548634e-02
5.748363189768173065e-01 1.243145015076785320e-02
5.762004885601804682e-01 1.266848402756071135e-02
5.827514747744825252e-01 1.380753255677480418e-02
5.952410026013941202e-01 1.603818762278408361e-02
5.961395888555880429e-01 1.619898159697419349e-02
5.978956680161902071e-01 1.656415606446659528e-02
6.061766491713509453e-01 1.862206559156653896e-02
6.086758520669641737e-01 1.932387573267213554e-02
6.141912621644743941e-01 2.087596254373802473e-02
6.255911909730714759e-01 2.416705451102341140e-02
6.290127241384039225e-01 2.518393901366511312e-02
6.364524396819465357e-01 2.742773397237374677e-02
6.377029411645189771e-01 2.781377847095989342e-02
6.396559603121942938e-01 2.845106563534194333e-02
6.444080833519295615e-01 3.016374805058918973e-02
6.503350067673313584e-01 3.237281464057040203e-02
6.586451193050321118e-01 3.562437854447142449e-02
6.677572331594582300e-01 3.919209034447179718e-02
6.692945877482590067e-01 3.980053922239068509e-02
6.726364693897112224e-01 4.125247676256627027e-02
6.849436548898534260e-01 4.665595605762251630e-02
6.911323852782932375e-01 4.944925499759467158e-02
6.947313492676507884e-01 5.107940062303606421e-02
6.979647142924877423e-01 5.254580322831670092e-02
7.008314118227084721e-01 5.384673145454810239e-02
7.077799289687514150e-01 5.706286207863575655e-02
7.128476635408198536e-01 5.949734005831475159e-02
7.149934768810312091e-01 6.052866225255515431e-02
7.222629706190131227e-01 6.414105575639816870e-02
7.231832673648469489e-01 6.460121249139572086e-02
7.256527974819793059e-01 6.585743680398425948e-02
7.294244500718346513e-01 6.777859086173265712e-02
7.333618658585273620e-01 6.982528976744639682e-02
7.399952178082015442e-01 7.339623034949704916e-02
7.414522177412377069e-01 7.418988773771906242e-02
7.505777340341071024e-01 7.925373161652793375e-02
7.625897406133993472e-01 8.600734151097544355e-02
7.634816780180034845e-01 8.654627455364749533e-02
7.743704783451147433e-01 9.345146594469277979e-02
7.783690811330961079e-01 9.608647503510936438e-02
7.801192592156602768e-01 9.728073531259839868e-02
7.813087191174343804e-01 9.809253340447787739e-02
7.826952180654401792e-01 9.906789153622808097e-02
7.846988959574535683e-01 1.005315538536344366e-01
8.002758552750982579e-01 1.120948050727864631e-01
8.140419264407063871e-01 1.224435575231102025e-01
8.197722175006341150e-01 1.269646382932652084e-01
8.243548542763358133e-01 1.306168977006076926e-01
8.359090861574284270e-01 1.400431400288140171e-01
8.381747914684231082e-01 1.419208247994963035e-01
8.408435681906972770e-01 1.442068491981931544e-01
8.464974196514315485e-01 1.490583027403933336e-01
8.509330968504350556e-01 1.530981402328217555e-01
8.573851740563095403e-01 1.590567498838456606e-01
8.586064553292402923e-01 1.601897300327675966e-01
8.618560013958739274e-01 1.632230892515924570e-01
8.638229632842355787e-01 1.652601962336406327e-01
8.652748913926869845e-01 1.667828318293927969e-01
8.667101565285316722e-01 1.682975738681771194e-01
8.689307164768801384e-01 1.706733340545073530e-01
8.740320198113820105e-01 1.765053945177884609e-01
8.769958894416045592e-01 1.800092341533093832e-01
8.796937481660658253e-01 1.832067206916869750e-01
8.814305201767428377e-01 1.852674055952212573e-01
8.819242646510386807e-01 1.858582193574880304e-01
8.841218067513221257e-01 1.885057870641196898e-01
8.882196302684305378e-01 1.935160971445618605e-01
8.893113466511283205e-01 1.949159898372736510e-01
8.937312554020949706e-01 2.007380411496678674e-01
8.974279484735334655e-01 2.057780443428777195e-01
9.002177071794397190e-01 2.097288904984879743e-01
9.039250258803858129e-01 2.149832920287534366e-01
9.058691179729543297e-01 2.178128582641831734e-01
9.061924543502815066e-01 2.182911504622305765e-01
9.109232683834276312e-01 2.254391552653540742e-01
9.127004930860135312e-01 2.281697526154524702e-01
9.129365896920583756e-01 2.285370461414700793e-01
9.149502751771527720e-01 2.317270612944386521e-01
9.167475536432331262e-01 2.346446497042131707e-01
9.202819530404902082e-01 2.404609852784833635e-01
9.268447592989705885e-01 2.513722853558015835e-01
9.296226594539189758e-01 2.560329291335038393e-01
9.339386986697231219e-01 2.632939515619244775e-01
9.350863929834020150e-01 2.652700851259356396e-01
9.361709280294538971e-01 2.672224989479825563e-01
9.379391629133606578e-01 2.704685339564788515e-01
9.443380722338881039e-01 2.829285332711185541e-01
9.469945599683493587e-01 2.883675915165888615e-01
9.488809398154535169e-01 2.922993594422547137e-01
9.500498909663649405e-01 2.947611811775998625e-01
9.548933431839700114e-01 3.051788561808476130e-01
9.585093482822473199e-01 3.130934828935344472e-01
9.645139715489765564e-01 3.262826633555842015e-01
9.663476441357791158e-01 3.303523923297128073e-01
9.699020275532278523e-01 3.385071322303507824e-01
9.722284069624990144e-01 3.439064714320287930e-01
9.768910316806365124e-01 3.554433933844679538e-01
9.778875066767245272e-01 3.580511388295567476e-01
9.786641886717036831e-01 3.602616069072885896e-01
9.797830531745712612e-01 3.634490512168147003e-01
9.830259325606622856e-01 3.744066257749084636e-01
9.851640362386665517e-01 3.816479354495398990e-01
9.867169037713708901e-01 3.870073515259024877e-01
9.876536903130005429e-01 3.905931884862692272e-01
9.894424073896783689e-01 3.979176760178153582e-01
9.899921028026159586e-01 4.001828300148591033e-01
9.915816537236870065e-01 4.081711818365535427e-01
9.922317396625551789e-01 4.117451387478238134e-01
9.927510656006096612e-01 4.149550893847729904e-01
9.933264146303388831e-01 4.192141883061193397e-01
9.936023568050607047e-01 4.214031193941372155e-01
9.941830831376913258e-01 4.260115536194131192e-01
9.948438997192410316e-01 4.313659557943487766e-01
9.958078422195298929e-01 4.404898791976650241e-01
9.970201671440609426e-01 4.534872562472991309e-01
9.973282196513623132e-01 4.572700220631432666e-01
9.974152837201419874e-01 4.583425807647604211e-01
9.980123371369347129e-01 4.662626467360961868e-01
9.982918413882918562e-01 4.704065378060218183e-01
9.987000419310330113e-01 4.774013933438009394e-01
9.987678759874333290e-01 4.790948557201142322e-01
9.990651549496059047e-01 4.867113551658652781e-01
9.992550835830864564e-01 4.928561785789120631e-01
9.994627421494296504e-01 4.998508563950910810e-01
9.996201909500493921e-01 5.059804696543498403e-01
9.997717329065614056e-01 5.129690382827666317e-01
9.997995405702424510e-01 5.168265272617621475e-01
9.998445648264226993e-01 5.235735456784045283e-01
9.998753004368673425e-01 5.312417657937780202e-01
9.998617386856273326e-01 5.358093431203374557e-01
9.997443265944263580e-01 5.523246488232684825e-01
9.996298524856677137e-01 5.623849233181866802e-01
9.995224980210680732e-01 5.666595761553265831e-01
9.991449109157189978e-01 5.758691577167791564e-01
9.983602566638475340e-01 5.904187638666491544e-01
9.981702783194537076e-01 5.938054433659594178e-01
9.979003965396227027e-01 5.983427541853676424e-01
9.977933029475736237e-01 5.997489289348939545e-01
9.975980946552512885e-01 6.020683003675576517e-01
9.974682926792121096e-01 6.034352066656825109e-01
9.968757453286081205e-01 6.094305890789768476e-01
9.963608006904023373e-01 6.141882636856674793e-01
9.958581146390572680e-01 6.185685154338220748e-01
9.955270484301687040e-01 6.212403897529543695e-01
9.947178662107097891e-01 6.274978047080946864e-01
9.940093197663446567e-01 6.326425713095226167e-01
9.921431674347481744e-01 6.456891518622883686e-01
9.917730023324401456e-01 6.477205576422045974e-01
9.907148444812328147e-01 6.534599616748073547e-01
9.899157952465340582e-01 6.575467804032151253e-01
9.873582224967505372e-01 6.695894050047920265e-01
9.858433094285999898e-01 6.762664170809024045e-01
9.849346912809716637e-01 6.802174668730609497e-01
9.840411529434388571e-01 6.840183777739186066e-01
9.831841608830627077e-01 6.876633480061907777e-01
9.794161773438453400e-01 7.021709266117108772e-01
9.782335327178404150e-01 7.059195586752071705e-01
9.775779218007679683e-01 7.079950912567782861e-01
9.774389874331634864e-01 7.084201390867717052e-01
9.745666944591661052e-01 7.170793335387233292e-01
9.740034517963346294e-01 7.187405229663659245e-01
9.725742679079182329e-01 7.226730095649476215e-01
9.717296375127465469e-01 7.246932554455590703e-01
9.710263206829397031e-01 7.263429135652810231e-01
9.668057440015812576e-01 7.361438623802211145e-01
9.658686690942199782e-01 7.383075793994320346e-01
9.612729054544987273e-01 7.488559464793399512e-01
9.572469297903515306e-01 7.579604664260213287e-01
9.520516741142939221e-01 7.692478253223093976e-01
9.465667830872704913e-01 7.810646156298465259e-01
9.449061045329852915e-01 7.843373402815854156e-01
9.410519100080222410e-01 7.911866170634822559e-01
9.402173273504573769e-01 7.926426966104379579e-01
9.376666759812360974e-01 7.968903012928434393e-01
9.317798635580948341e-01 8.066613022902714425e-01
9.307389505888697956e-01 8.082726707341199024e-01
9.290831493153886012e-01 8.107356685338612534e-01
9.261196041986686778e-01 8.149460823887827443e-01
9.203962563199314939e-01 8.226104552543215265e-01
9.184201908090171562e-01 8.252546086623798738e-01
9.154778616877193853e-01 8.288132654341414662e-01
9.141808011940723011e-01 8.303781682061344149e-01
9.049414642829441968e-01 8.406924524405604560e-01
9.034610958290949512e-01 8.423300206616994856e-01
8.987165759075972371e-01 8.475510523802449736e-01
8.979644761631470073e-01 8.483756485536061431e-01
8.955970599620666217e-01 8.508706424028572579e-01
8.919686409555831474e-01 8.546894085015610543e-01
8.898780379759978487e-01 8.568456045889649708e-01
8.862525604058388851e-01 8.605624298767484692e-01
8.769643364309770428e-01 8.700492264740955495e-01
8.756585628487879580e-01 8.713269367311585745e-01
8.610250123055295246e-01 8.852907772322987645e-01
8.581270376663435728e-01 8.879821792023565585e-01
8.563310218114734695e-01 8.894787602337526078e-01
8.531583405366806039e-01 8.921035568732580412e-01
8.488841887065933234e-01 8.956018659195816856e-01
8.438000663537271739e-01 8.996953780664544986e-01
8.413030201807670805e-01 9.016714609668007308e-01
8.328066753323877247e-01 9.083465988186832929e-01
8.276521867991424308e-01 9.119551297482827446e-01
8.261587414763845727e-01 9.129535960775255754e-01
8.194392452888193956e-01 9.173652322663431447e-01
8.166537698429453540e-01 9.191079701194891927e-01
8.147409310355607781e-01 9.202613937869117411e-01
8.104663816670556464e-01 9.226684968084885030e-01
8.029339665470127674e-01 9.267968746729123852e-01
7.947316679584914834e-01 9.312334053080815188e-01
7.916804584019694335e-01 9.328784090196010625e-01
7.897227167128015868e-01 9.338700822545239477e-01
7.864275049871737311e-01 9.355197491698163947e-01
7.828912373399663505e-01 9.372427910771751192e-01
7.820280315999599274e-01 9.376304243099011781e-01
7.791344057716037552e-01 9.388146911536563444e-01
7.701896545530139138e-01 9.423097771693856872e-01
7.501591835249864504e-01 9.500367057488934286e-01
7.464392166485899205e-01 9.512860361711064083e-01
7.458070599095232289e-01 9.514953227567817251e-01
7.428907977764481751e-01 9.524593544302261128e-01
7.298430530247208559e-01 9.566499858973530612e-01
7.196072719262666118e-01 9.598345960102590002e-01
7.147997698961975344e-01 9.612825471613544170e-01
7.055985920681203671e-01 9.638705828532455611e-01
7.014330113080903262e-01 9.650006538385770272e-01
6.966007916778557130e-01 9.662678710747489852e-01
6.883111837500542896e-01 9.682676866898872747e-01
6.745206212336307683e-01 9.715101612158669742e-01
6.669367592151377311e-01 9.732761951075586948e-01
6.653617937164437723e-01 9.736353154209430594e-01
6.474714295767028949e-01 9.774817751598631199e-01
6.408589968889657484e-01 9.788831996860263285e-01
6.240254314661574098e-01 9.822300540559000259e-01
6.231305889838092416e-01 9.823739378224985996e-01
6.092260979881553018e-01 9.845723565849137104e-01
6.047544960914345014e-01 9.852739248606396938e-01
6.019274546920073687e-01 9.857088965317197804e-01
5.908405502836228118e-01 9.873686179196453638e-01
5.799757307525686967e-01 9.889304977834612043e-01
5.690592604240007901e-01 9.903608050623220471e-01
5.623726211458744961e-01 9.911280191991489463e-01
5.483901731394067447e-01 9.925879704659896774e-01
5.437916633534792821e-01 9.930439554075519704e-01
5.384211320865310846e-01 9.935730116971488446e-01
5.232362574256301802e-01 9.950561704093403570e-01
5.029949948571316165e-01 9.969773705000657404e-01
5.023489959720441878e-01 9.970367788295850797e-01
4.914540018566494473e-01 9.974887311398811240e-01
4.869079497895579811e-01 9.976726150680482741e-01
4.733972852491410421e-01 9.981855206007068659e-01
4.654425116061858825e-01 9.984535966888821168e-01
4.528541327583812670e-01 9.988728298829011587e-01
4.354152105656550198e-01 9.993402067855796655e-01
4.300449963128039066e-01 9.994687030067115341e-01
4.282053543560732090e-01 9.995094180014206797e-01
4.267161226908782190e-01 9.995240876812594433e-01
4.191193121368325114e-01 9.995514789193703509e-01
4.100291700267937323e-01 9.995563700249555650e-01
3.942639001628798212e-01 9.994538670750507947e-01
3.828015610767242505e-01 9.992938295303708252e-01
3.675571631150666985e-01 9.987893960555030981e-01
3.674076189377876167e-01 9.987839239635981636e-01
3.633118982519498719e-01 9.986224792712559140e-01
3.566061672070296451e-01 9.983256748990203544e-01
3.473074635467681137e-01 9.977070298835841733e-01
3.362883124611811825e-01 9.968352945138003740e-01
3.349606157942691675e-01 9.967144174152486880e-01
3.255585695660471179e-01 9.955986115618088439e-01
3.166456801530186382e-01 9.944409240010787521e-01
3.138947623888962424e-01 9.939009318646142566e-01
3.076581924105915578e-01 9.926674213734785202e-01
3.006229011558039232e-01 9.912543827103320604e-01
