5.839374753276841412e-01 7.276542587723608957e-01
5.731231983827431709e-01 8.562739920937577631e-01
3.026450073654305961e-01 7.724738413571892170e-01
6.270861167061672070e-01 5.549522273252347482e-01
5.062913926990448843e-01 4.636062937674448325e-01
4.025458694681346428e-01 5.238694190419832530e-01
3.676719805303736988e-01 7.759320773051543441e-01
4.744119062290819699e-01 4.957374252060348097e-01
4.447401377483945484e-01 7.415852104466008621e-01
4.023954094334379339e-01 6.856109658796865070e-01
2.627612948976776330e-01 7.619482178462786415e-01
8.901237211004698890e-01 1.437260079062422369e-01
7.322903890592280529e-01 3.658640098961102316e-01
1.098762788995301110e-01 7.820029458766230013e-01
5.112499227950197955e-01 5.018287553831024539e-01
8.373974592531965300e-01 2.670372393427848934e-01
7.715670246789316788e-01 3.504370423254620226e-01
6.270157491020463825e-01 6.958044307175853538e-01
6.911151065086482692e-01 4.577870769942258278e-01
7.283244738271075214e-01 3.570495577225140660e-01
