4.930203142054574439e-01 3.020867458783168535e-01
5.873325120708349223e-01 2.688430996433051612e-01
7.890243408524026947e-01 7.843937994961288629e-01
7.211945584578950408e-01 5.240986687536999256e-01
7.167425974243568643e-01 2.651631640833099213e-01
3.668185604156047885e-01 3.043030568186796958e-01
7.174911095795473148e-01 2.588704753489989296e-01
3.317001715423920638e-01 7.515823060642277120e-01
5.149576349450180057e-02 6.665172053204969638e-01
4.819388302111933253e-01 6.595402402076266934e-02
7.960893619089631779e-01 5.894696903560050494e-01
7.805449211400308229e-01 9.340459759792373307e-01
7.710105607639257119e-01 7.104583781724110869e-01
9.485042365054983104e-01 1.116048615383650189e-01
3.911768802309947834e-01 3.017625558652177187e-01
6.489678204563930075e-01 8.350215531058821083e-01
2.519525785874975332e-01 6.668017547146887214e-01
3.215291599380402099e-01 1.116699939773805328e-01
8.211912242801744366e-01 1.661943818056491606e-01
1.692581440133547888e-01 5.667006205704608890e-01
