3.234276490059040388e-01 1.688897566274261131e-02
3.753620882925525759e-01 1.603659538712776111e-02
3.828960878194830331e-01 1.612022976144145137e-02
4.121104344295284383e-01 1.730684054447384490e-02
4.493278344527916746e-01 2.098711057242763633e-02
4.852939479610904883e-01 2.604579356751268726e-02
5.233980779270906991e-01 3.227833680045788523e-02
5.687225774892761265e-01 4.290753562023841283e-02
6.277465685664657125e-01 5.696121685767630005e-02
6.490964332203594811e-01 6.215421782855579114e-02
6.667771245785512058e-01 6.740590416152436593e-02
7.234349888380101623e-01 9.129191088481536376e-02
7.727551880430020281e-01 1.143883231293291169e-01
8.036542577507904683e-01 1.312654787288862757e-01
8.168269081103816109e-01 1.388574535301798640e-01
8.441648583478549295e-01 1.558807188021571477e-01
8.608548535839170013e-01 1.673292107028025999e-01
9.159466346091665878e-01 2.165025875029166214e-01
9.252745441378177338e-01 2.258728006826625778e-01
9.427178419166880596e-01 2.464607058365302361e-01
9.505752723492821854e-01 2.582803867036552736e-01
9.649058303631398159e-01 2.847055596563599078e-01
9.721893408305244400e-01 3.033513013968848204e-01
9.750388521108057649e-01 3.119774482694495088e-01
9.807973590748185755e-01 3.346554743839181834e-01
9.828454849454916209e-01 3.433675888146313637e-01
9.890346377607796002e-01 3.750140926522853579e-01
9.889347186104550103e-01 3.882539399210614972e-01
9.887249107961684214e-01 4.024984492455193630e-01
9.872783974052972145e-01 4.306078227348839604e-01
9.829274030843807575e-01 4.905934886404765827e-01
9.815542306450192322e-01 4.968369064691688930e-01
9.748263513384112233e-01 5.221444788445777085e-01
9.698611352858607093e-01 5.390030789196630367e-01
9.628433956996089726e-01 5.623311500938869001e-01
9.480538427236114840e-01 6.072502637488563781e-01
9.210449132490394764e-01 6.891491270639626965e-01
9.100196589404714320e-01 7.151383555180793605e-01
9.012454225659037865e-01 7.308117344621808398e-01
8.689339522961563311e-01 7.862835037235739177e-01
8.413223162598322258e-01 8.248672462784784054e-01
8.115032545244751372e-01 8.591410288947186613e-01
7.835511418995843025e-01 8.869650724824049703e-01
7.597352590243939829e-01 9.094855776726261665e-01
7.219965315019493124e-01 9.349161289653535878e-01
6.693195190207547052e-01 9.685661669398625273e-01
6.608051667469130308e-01 9.714666200040058541e-01
6.304574962898181756e-01 9.753190065324460756e-01
5.796971693396107961e-01 9.807387868789386731e-01
5.290218593228823707e-01 9.839634046128722389e-01
4.989468650152116824e-01 9.830313284903039461e-01
4.869059912656044098e-01 9.824800853375608156e-01
4.812839620887809922e-01 9.820204287757632322e-01
4.166090391213532751e-01 9.748373117672191057e-01
3.701771350943995342e-01 9.654990752772801832e-01
3.281667519255053733e-01 9.528318054267248538e-01
2.922434296068465720e-01 9.405000334600500667e-01
2.824909014257637185e-01 9.371328812328548752e-01
2.648341230184984019e-01 9.297748303030523020e-01
2.632211093192831086e-01 9.289922642612680193e-01
2.556237190893018152e-01 9.252240064503600703e-01
2.327230710572548711e-01 9.128586724580017853e-01
1.989890637198798995e-01 8.912083544267183077e-01
1.580513103010711129e-01 8.538162508232951531e-01
1.508053494450402043e-01 8.471187289738081327e-01
1.342196732126588188e-01 8.295474328493176452e-01
9.557583853745987845e-02 7.727444736488355836e-01
8.556862992732316986e-02 7.577818584934793433e-01
7.659895857455611967e-02 7.334188512015336059e-01
6.470349410243048105e-02 6.997306956300383129e-01
4.421671164567186896e-02 6.323442283297255884e-01
3.002817102513521963e-02 5.784094150327662165e-01
2.570416170810574386e-02 5.541585084622505653e-01
2.226488835128337396e-02 5.318554178987718872e-01
1.878399087177362592e-02 5.075326250734082389e-01
1.682829914725203491e-02 4.937667166010527575e-01
1.337515381607989884e-02 4.581072352102129042e-01
1.252038294526280904e-02 4.474125567665314662e-01
1.243095494047696814e-02 4.457375860155123881e-01
1.096536223922039976e-02 3.842028513326831707e-01
1.246616847323900323e-02 3.645189373700008506e-01
1.674958601412201986e-02 3.086136386996203296e-01
1.880560212755832961e-02 2.943078730894485018e-01
2.047115620859585317e-02 2.852243971115677734e-01
2.263441848660219247e-02 2.778261001117856566e-01
2.822943378791542557e-02 2.592925043405118757e-01
3.424064180547825575e-02 2.414043343819046727e-01
6.070627436127873366e-02 1.633542336985600585e-01
6.198561404993108148e-02 1.601066745477071063e-01
8.775304460493793535e-02 1.095333830855387269e-01
9.243422705695403252e-02 1.014194301646159646e-01
1.021323924439164754e-01 9.101210706636708725e-02
1.104128867526454894e-01 8.234364066042931807e-02
1.148767838770259342e-01 7.878380891530800678e-02
1.262502183760242369e-01 7.149333156229076280e-02
1.270550447492895252e-01 7.102911814342383057e-02
1.727413159904277462e-01 4.650018501392993997e-02
1.764177687436020436e-01 4.469424543109301595e-02
1.956128172552140665e-01 3.664561095586726935e-02
2.267789003108502399e-01 2.976773651548181299e-02
