5.460942393925249938e-02 6.688526228132792850e-01
4.900770709766810729e-02 6.542430184783351033e-01
3.391896251336046220e-02 5.669870506679146605e-01
2.355090158286354818e-02 5.045928174240564834e-01
2.259939938329946774e-02 4.909094226122395765e-01
2.292255334432857783e-02 4.457424204978456261e-01
2.309275104392471967e-02 4.376700336882122233e-01
2.423640474554011881e-02 4.150925403835333816e-01
2.683100824916895277e-02 3.664547564035391947e-01
2.991021748512256995e-02 3.173929328481266410e-01
3.296846005644926692e-02 2.734542500222146844e-01
3.421277434877356693e-02 2.575956214486918583e-01
3.662203269494423985e-02 2.410290857599564074e-01
4.104046900925850672e-02 2.232567401401649443e-01
4.521931029063142038e-02 2.111408220804301683e-01
5.936774400709710076e-02 1.766680080887449433e-01
8.622688176341308797e-02 1.314874810515826997e-01
9.203913558706289244e-02 1.231517444676825113e-01
1.088212684659887186e-01 9.999862232552103603e-02
1.383467125648099039e-01 7.322369954411622750e-02
1.477134736145091498e-01 7.005364028058014281e-02
2.178799890618140500e-01 4.696322494854054952e-02
2.402606851648654285e-01 3.996130946446929677e-02
2.615832456470823519e-01 3.366473084037735486e-02
2.811970617212011803e-01 2.914085605931426848e-02
3.274067218014345970e-01 1.985362681243951766e-02
3.331788886480336886e-01 1.898377159859976349e-02
3.579457837696308209e-01 1.816241158376152853e-02
3.855505897865693088e-01 1.793205865779279318e-02
3.979029161135450021e-01 1.799686629694130513e-02
4.208512424354692305e-01 1.955522854144786660e-02
4.516804542019549062e-01 2.172791141020502526e-02
4.934357114388371324e-01 2.625496314094388772e-02
5.059518821300352798e-01 2.778455200420781868e-02
5.592928085939566918e-01 3.640496022635331119e-02
5.725917667081290574e-01 3.857852721391219486e-02
6.034862453290003037e-01 4.681188720270434978e-02
6.171208503959341174e-01 5.120687908164844870e-02
6.296342649490080934e-01 5.630435148680390522e-02
6.617090423860809700e-01 7.086644246228179789e-02
6.981688256733182829e-01 9.002920285374160780e-02
7.113264014718218009e-01 9.822480149849555087e-02
7.323389463989862236e-01 1.128164499799464426e-01
7.459265314794074619e-01 1.228175630040374555e-01
7.635688400255203900e-01 1.386161663702856206e-01
8.049718946368287220e-01 1.765681520504462920e-01
8.140119716665147331e-01 1.849415426221030501e-01
8.256011826002813692e-01 1.988935412615489007e-01
8.448625643290881282e-01 2.226362524419529532e-01
8.652704305109670813e-01 2.484017407405462174e-01
8.846609368913291860e-01 2.730238649487098934e-01
9.019855658788408226e-01 2.970847929234728957e-01
9.112211178102310738e-01 3.117358796886370298e-01
9.351633437870774390e-01 3.499934068830107270e-01
9.574182061198249771e-01 3.876344765206136689e-01
9.678608165276914033e-01 4.170484881963616441e-01
9.692104755123120974e-01 4.223497859240028518e-01
9.749071398573333491e-01 4.729934060230264192e-01
9.766728961004721432e-01 4.923430894357770926e-01
9.774006006167005323e-01 5.043339373081123789e-01
9.735033981658604008e-01 5.219687055342884241e-01
9.513099411431983343e-01 5.985291047663835462e-01
9.423355443192465986e-01 6.194836193099099164e-01
9.121874427535884289e-01 6.884394109117852878e-01
8.954477507652257584e-01 7.260468681569628435e-01
8.702531112170197591e-01 7.701770012462321180e-01
8.313721637642146334e-01 8.298904273744133198e-01
7.909703837145789507e-01 8.755909041452046848e-01
7.824986532463711342e-01 8.847211375924466381e-01
7.611642824306688038e-01 9.070860653738475055e-01
7.597939194608686053e-01 9.083947473607746348e-01
7.396777238753911021e-01 9.251946871728147226e-01
7.184569183878204424e-01 9.395600924641407392e-01
7.020651906075389137e-01 9.469037885426611068e-01
6.508332849137262732e-01 9.651169390776347390e-01
6.224073242630268066e-01 9.745261231701203286e-01
5.420570167271787643e-01 9.816644370648923701e-01
5.220028494133169827e-01 9.820679413422072068e-01
4.917030867771808866e-01 9.818793214037810912e-01
4.540472285252764584e-01 9.804586812733450119e-01
4.369668003134107304e-01 9.795704291772447947e-01
3.490992898865010741e-01 9.718168186995782554e-01
3.448037540276061019e-01 9.713933886991740208e-01
3.281140070328300018e-01 9.685108061519739353e-01
3.178316965096106284e-01 9.665687495939334628e-01
3.126162668963416991e-01 9.648787016150319751e-01
2.850321080037627741e-01 9.549311494946572942e-01
2.737173295441654997e-01 9.507718442656060143e-01
2.498684858303830136e-01 9.368631741913936439e-01
2.404579079815932774e-01 9.301072178076312813e-01
2.340323942781414868e-01 9.253028970932216657e-01
2.300382144671385687e-01 9.216298140444172393e-01
1.983404259033492156e-01 8.904673380975998143e-01
1.714174348172413653e-01 8.631580141844255039e-01
1.542482912339631085e-01 8.399589817313802831e-01
1.183010469543959164e-01 7.881176710632202820e-01
1.040868047667089513e-01 7.668029158925521171e-01
8.963340706106526223e-02 7.404046672878488167e-01
8.476820781125327109e-02 7.313984232506136607e-01
6.649414575301226815e-02 6.949209865062845326e-01
