9.594543893147947644e-01 8.093004758373416596e-01
9.484283024467065060e-01 8.527040012433406702e-01
9.291044720987329253e-01 8.790547576993735790e-01
8.918592353031254971e-01 9.030164611249433815e-01
8.609466056583257032e-01 9.216053535168818867e-01
8.157681336135761407e-01 9.336901552441354557e-01
7.592941288378897147e-01 9.479828083529631133e-01
7.361683227181078371e-01 9.521148758981665683e-01
5.880149382974332317e-01 9.776100454695940689e-01
4.965720799265358476e-01 9.820527915806915864e-01
2.347280065848490471e-01 9.813886078003253299e-01
2.080223257939272097e-01 9.725695774610332300e-01
1.890490347866109477e-01 9.657088374670430575e-01
1.745877370071254875e-01 9.591106774389900336e-01
1.469798569150889689e-01 9.432844764853290931e-01
6.918220708643418870e-02 8.679907263634676351e-01
4.633492434215469302e-02 8.239030287263231500e-01
2.733854341410524302e-02 7.724824373661917098e-01
2.232127239760695048e-02 7.349194357261540356e-01
1.954583317105762497e-02 6.685105662415935512e-01
4.394136475721088786e-02 4.520272034064979350e-01
4.685519449696295968e-02 4.284426519848841819e-01
5.348799323962771801e-02 4.018223998601033742e-01
1.290677023482220687e-01 1.557368327088566318e-01
1.424193492941497885e-01 1.197399142043820142e-01
2.440299063865303264e-01 5.625785399727112335e-02
2.871386280204214492e-01 3.358948312008591675e-02
3.190558919956494321e-01 2.486624732554265638e-02
3.547870242494806092e-01 2.000603716035709301e-02
3.915329814127528341e-01 1.859725887186014504e-02
4.862439896425494457e-01 1.794720841930852462e-02
5.208539584606681760e-01 1.851750971997767614e-02
6.310752168295961084e-01 2.530194413323572089e-02
6.420392989922193427e-01 2.782488979262254247e-02
6.737434493603678964e-01 3.517684922615527121e-02
7.568847346722997749e-01 5.554654977918760395e-02
8.105721987946644669e-01 7.238294410962320402e-02
8.368257009784749734e-01 8.358413737218672868e-02
9.024127610261156729e-01 1.661852338546061514e-01
9.151369512897304936e-01 1.889527357841845889e-01
9.621133232402641067e-01 2.912217723343427656e-01
9.661468477553444290e-01 3.100301322326938225e-01
9.706468130931055205e-01 3.385376449478082472e-01
9.767387311187553101e-01 3.910245956493868524e-01
9.804541668289423750e-01 4.775553019572502667e-01
9.790176077808157018e-01 5.172280148876113870e-01
9.746090746664723969e-01 5.921516975199371258e-01
9.671282696376471977e-01 7.047497007005829595e-01
9.642687227014525853e-01 7.455194430247995552e-01
9.621926511437066676e-01 7.744093097341402387e-01
