3.889021107575785230e-02 4.226913306297781503e-01
6.329382869825894709e-02 2.575708758188410830e-01
8.556827449760595616e-02 2.209620039820937576e-01
1.445121162421324490e-01 1.346763537310416980e-01
1.971696755591511030e-01 8.621970196463135672e-02
2.023565239519441450e-01 8.247736168345931596e-02
2.132504670864109331e-01 7.885364956342999498e-02
2.779373559012763284e-01 5.786880502862601361e-02
2.963438384108849633e-01 5.300864810998218157e-02
3.903335383411584703e-01 4.863975863777014741e-02
4.002126886241885728e-01 4.885894834464610259e-02
4.310701277771507023e-01 5.205000974782514334e-02
4.798444317419854332e-01 6.215234651389145437e-02
5.350247458312804572e-01 7.804108276641041897e-02
6.530919745095733475e-01 1.192388541115971812e-01
7.411969092606021103e-01 1.522101030396658672e-01
8.178497394785373409e-01 1.976677055871888244e-01
8.282006721486298018e-01 2.105174823588018551e-01
9.162493352465531649e-01 3.211338616136538704e-01
9.202938871694852363e-01 3.311239969582011611e-01
9.577532927278874508e-01 4.601150346152301784e-01
9.717295213443380986e-01 5.224500247184455937e-01
9.725151522943709104e-01 5.260709943978948422e-01
9.686192731577070170e-01 5.790820021599345502e-01
9.668049349470904108e-01 5.929400893091576474e-01
9.528323582805234837e-01 6.927010191606022271e-01
9.262400750987224152e-01 7.422906129055631963e-01
8.858607995939846713e-01 8.125775745752157331e-01
8.677782157515043782e-01 8.364962304120228120e-01
8.501528327638951943e-01 8.514781947972878129e-01
8.326790504855912101e-01 8.629281986018705330e-01
8.066050191506094480e-01 8.790415408881137038e-01
7.817018581572324765e-01 8.922773243230761597e-01
6.729314834026030034e-01 9.350871906020721269e-01
6.352650720377895910e-01 9.486819815941360812e-01
6.190570248687466970e-01 9.504298307503110665e-01
6.114975766274756142e-01 9.507211513255962032e-01
5.640965584715964543e-01 9.513602413622299636e-01
4.897205634392148843e-01 9.336947925564184070e-01
4.297771292877966554e-01 9.194175326860152264e-01
2.933346608750897477e-01 8.680026556279322181e-01
2.878464172294683543e-01 8.658500599596744562e-01
2.628462835927346530e-01 8.534984778654655102e-01
1.758868918838781825e-01 8.023424686235621772e-01
1.054437651803691312e-01 7.330478165829427128e-01
8.014459251025951581e-02 7.054584978119714522e-01
4.305817301815695330e-02 6.329525400311241112e-01
2.961375569775825944e-02 5.881416712218955345e-01
2.748484770562920065e-02 5.490472109182699123e-01
3.151896498937145630e-02 4.961335135102358240e-01
