9.230937408263361066e-01 7.796440028026114799e-01
8.811482375686103818e-01 8.534845454429426104e-01
8.291821927904839962e-01 9.079840587704205435e-01
7.737973955662219572e-01 9.628317611161543166e-01
7.411247808524799030e-01 9.867076774438083842e-01
7.351419690502362103e-01 9.875340307236460946e-01
6.624267481490675458e-01 9.896824702502600157e-01
6.381769961379377687e-01 9.894393568965342833e-01
4.991312525124358412e-01 9.875962382243861359e-01
3.889161913575032159e-01 9.807995895926074903e-01
3.468850538761658608e-01 9.762236774171310083e-01
3.145967676712123628e-01 9.667118527495336400e-01
2.206614200130015968e-01 9.384809535928124724e-01
1.874879936589839424e-01 9.280443986236727172e-01
1.781570513623236263e-01 9.204996363798603198e-01
1.409119901127713348e-01 8.701050778462263713e-01
1.166400499927975343e-01 8.344651615137680389e-01
9.138945167873990805e-02 7.832123728002342578e-01
5.526428148738693480e-02 6.942921052034407570e-01
4.485459085290277592e-02 6.230213496618640656e-01
4.684013617527504891e-02 5.942896303264888491e-01
5.429599906181392655e-02 5.313062189193755724e-01
6.090459335893227966e-02 4.758622535337833082e-01
9.175567514183013973e-02 3.355055362717668244e-01
1.005275001704367677e-01 3.073618857397667492e-01
1.576052532819777197e-01 1.849820196657782079e-01
1.760976283618572724e-01 1.455588433892942568e-01
1.924474098697704916e-01 1.119737972678149784e-01
2.334985088200566272e-01 6.855170362475926371e-02
2.581928066494982854e-01 4.884586417017511284e-02
2.964069820856828352e-01 2.531556907470944306e-02
3.080429764529163394e-01 2.281772413889160411e-02
3.961399949568868983e-01 1.031752974973987325e-02
4.506081537475095100e-01 1.039723540927817158e-02
6.072309960215336311e-01 1.151617619115319346e-02
7.342913265037630532e-01 4.068314347009649445e-02
7.436762564337738857e-01 4.725617234975165726e-02
8.171398929854079007e-01 1.259341623624228301e-01
8.665719428758545950e-01 2.071147569667921573e-01
8.996338254064178974e-01 2.711962510085416111e-01
9.074638291468506424e-01 2.866902095948572482e-01
9.357781718243943780e-01 3.782294103755540204e-01
9.514675310962535937e-01 4.390701147383557768e-01
9.551411085863928951e-01 4.597885404656287811e-01
9.551454091470971131e-01 4.846867125094526108e-01
9.545264025263701102e-01 5.287058405503987091e-01
9.527838442329256141e-01 5.686628001854054926e-01
9.424962704751671527e-01 6.986188569570541684e-01
9.389101540573719928e-01 7.233764264462538840e-01
9.346423682661691990e-01 7.443706124440698790e-01
