7.156731956038142606e-01 9.956678196325874364e-02
7.740238273861848040e-01 1.261976077054219880e-01
8.778322441324811765e-01 1.953277378704183498e-01
9.381123201165828540e-01 3.059558798981261152e-01
9.488969809581940806e-01 3.311351073318454796e-01
9.673687508592814233e-01 3.861080833147778613e-01
9.716799041705082018e-01 4.396391817738506402e-01
9.739819731144968573e-01 5.032446387339482019e-01
9.723347801953029501e-01 6.118105939847197083e-01
9.651585110927077826e-01 6.953703940849735865e-01
9.548343633889567750e-01 7.608445168347195420e-01
9.519599222122356874e-01 7.702735064227863582e-01
9.381109350892001819e-01 8.060899722129746259e-01
9.170638435624092200e-01 8.562500130674275400e-01
8.676771959520203081e-01 9.278418153840348737e-01
8.628257183715808409e-01 9.312586231154197369e-01
7.998120959831978016e-01 9.644699911536692705e-01
7.424355762067970099e-01 9.874513750876358076e-01
6.987034071380811007e-01 9.922690624412422444e-01
6.786090482091359233e-01 9.928440524589560168e-01
5.926611154702604578e-01 9.902401464687932142e-01
4.513958174134026224e-01 9.480053778996077041e-01
4.117624542264933796e-01 9.351712357405462805e-01
3.995293922582756618e-01 9.310449964317136784e-01
3.511685231860557366e-01 9.089664149795571024e-01
3.235554876135385838e-01 8.960166186299836077e-01
2.622725580764481146e-01 8.513864578477658984e-01
2.509198544332794656e-01 8.411764194916970805e-01
2.210813193225240614e-01 8.127150032853845962e-01
2.038157439240075863e-01 7.901480242167766566e-01
1.384276548268194018e-01 7.025409274206469989e-01
1.338037902528926848e-01 6.948634687299591883e-01
9.845769736484188961e-02 6.319341154413580242e-01
6.608040037837914493e-02 5.720658609956063012e-01
4.507516135292410908e-02 4.730235790974405274e-01
3.584731954486641836e-02 3.934881636260496585e-01
3.281040459873119097e-02 3.432282945480312764e-01
2.601802688550314269e-02 2.205015419403251187e-01
2.883187651538898777e-02 1.677825645400389254e-01
4.017890226891407401e-02 1.188714030419070200e-01
5.173092076922669591e-02 7.176548645246538793e-02
5.733388428356567257e-02 5.083067558802334407e-02
6.953460418390811082e-02 4.081614793275589737e-02
8.735649776868648075e-02 3.354629410983112070e-02
1.910219360056454319e-01 2.075541758219379140e-02
2.712612819899251626e-01 1.087663908415958947e-02
3.060775487260711802e-01 7.155947541043983229e-03
5.206418840323108199e-01 4.502689904035961366e-02
6.367722616944538894e-01 7.703695014384681627e-02
6.717650917024434731e-01 8.702755344252244285e-02
