1.424031320352794339e-01 1.463527205293697619e-01
2.602398511662404879e-01 5.015802882902731241e-02
2.871456787488543272e-01 4.487187283816229666e-02
5.109206105530588182e-01 1.163671152769307771e-02
5.389662543631745795e-01 8.720231001859368725e-03
6.068235120743279420e-01 9.466614301110287677e-03
6.227563552172420414e-01 1.339145011075937308e-02
7.231743176518495853e-01 4.448181487002944579e-02
7.348578784183904533e-01 5.074326273366658313e-02
7.637175325265356252e-01 6.653766031191010732e-02
8.319833830253157148e-01 1.290688346649707663e-01
8.694604469981864758e-01 1.658617538613276210e-01
9.001561110595667214e-01 1.989600062130906233e-01
9.189193290087327437e-01 2.226509395407761938e-01
9.250518077886692447e-01 2.342475603660445493e-01
9.342010976551844426e-01 2.631469544711289021e-01
9.464539199696485605e-01 3.066480733092936672e-01
9.585632636376704152e-01 3.786121444762121646e-01
9.624499273979808533e-01 4.527858155753299307e-01
9.613812170793566425e-01 5.801949744131075226e-01
9.594419679349277530e-01 6.053040155686505441e-01
9.530550313998036316e-01 6.761730741943129397e-01
9.479785806186687980e-01 7.173586159493461345e-01
9.369834594908894587e-01 7.906459850720953808e-01
9.183508630276095985e-01 8.299088740374173101e-01
8.982109882314218696e-01 8.668598197134073091e-01
8.670333135305748895e-01 8.892780584964843360e-01
8.509786239648226003e-01 9.000519042267129954e-01
8.078601503008068230e-01 9.263336643064643550e-01
7.483060850821301457e-01 9.539915302115927753e-01
7.196359905702124360e-01 9.652586207136246710e-01
6.270804199522757028e-01 9.798935725229288574e-01
4.170481507648376995e-01 9.912797689981405203e-01
3.516334177298225949e-01 9.909760732230017410e-01
2.574000708327108811e-01 9.805024313648562639e-01
2.266428386269233597e-01 9.732803451640916759e-01
2.087306790333762763e-01 9.689855515154657262e-01
2.023033954392069456e-01 9.671378381581077210e-01
1.692882945962185248e-01 9.575801501754951373e-01
1.235567940767680062e-01 9.325387653944560151e-01
9.976995590945536563e-02 9.084945764784784217e-01
9.436175331308671588e-02 9.023817510786519280e-01
3.783511436910458325e-02 8.208870540617325684e-01
3.755007260201914665e-02 8.117154771579440098e-01
4.816691687485408213e-02 5.160419300748581017e-01
5.575398940635223344e-02 3.893032966644492943e-01
6.023933391154345784e-02 3.590599173016835177e-01
7.134730234612263189e-02 3.226327728522208060e-01
9.345631593081349386e-02 2.527030338394875564e-01
1.254358567251925294e-01 1.783284547162502509e-01
