2.869510147938972855e-01 4.235907555012807801e-02
3.355192063898511101e-01 3.491073079911732879e-02
3.645769332730381951e-01 3.159206419349991357e-02
3.856013251946732723e-01 2.924285238689339206e-02
4.033315227939041625e-01 2.731892356427523261e-02
4.950040957853049095e-01 1.790714689346839528e-02
5.543857295995290313e-01 1.536046636143661992e-02
6.036149760122594410e-01 1.487235302152112304e-02
6.489561271264743247e-01 2.045111723627324185e-02
7.164196130114297567e-01 3.202165404896217815e-02
8.409525632601908551e-01 9.100454592913331808e-02
8.533269666347432780e-01 9.695019200187993125e-02
8.948994210476861610e-01 1.229547348775297255e-01
9.160208287362536783e-01 1.396713142475330960e-01
9.229006660902954184e-01 1.466620380258151224e-01
9.523433024936948099e-01 1.920558232111967412e-01
9.624515752806858115e-01 2.078685513291966824e-01
9.730809676339803316e-01 2.254042281635392220e-01
9.804263553579507517e-01 2.482439633348916264e-01
9.840724676570176133e-01 2.726181232962158196e-01
9.921445981162402283e-01 3.503228415203265556e-01
9.904554728673045094e-01 3.933045870975178104e-01
9.821953697704989272e-01 5.084380876604380761e-01
9.765697647442160845e-01 5.807199190901646269e-01
9.750074266332776629e-01 6.006974060979078933e-01
9.718304338590453284e-01 6.142608601900283460e-01
9.683536143795626883e-01 6.287606249682180515e-01
9.630371966395950833e-01 6.489848490500661482e-01
9.614249883455363577e-01 6.545247380615792920e-01
9.575924111665945482e-01 6.653265551360406649e-01
9.531909997417901126e-01 6.755406928400339295e-01
9.364125648744416885e-01 7.046431994334432236e-01
8.974178342917530360e-01 7.650493982629850143e-01
8.920105559855917576e-01 7.726062049690139988e-01
8.500195632616803776e-01 8.234159009634091086e-01
8.202858951653967390e-01 8.580542387432645857e-01
8.143257868838243985e-01 8.647316498588906164e-01
7.925462034823230750e-01 8.842649426272767288e-01
7.721447314252032346e-01 9.013424851468244681e-01
7.630610962885130411e-01 9.087446236355022355e-01
7.162185777104450590e-01 9.415838167639104528e-01
6.993792373815294061e-01 9.532423132607686922e-01
6.766972262626697043e-01 9.658954234469807609e-01
6.666793272452312680e-01 9.700534193406815664e-01
6.580603141521051969e-01 9.734624239768678855e-01
6.243789688284644424e-01 9.772632869425489366e-01
5.570788787680490683e-01 9.827604591022415237e-01
5.279059343072828314e-01 9.847091856837365542e-01
5.137868932656470822e-01 9.851276469784788770e-01
4.976284429332789028e-01 9.835500813828373934e-01
4.758112941974892429e-01 9.804335575297559169e-01
4.426963963923126189e-01 9.756444707493169277e-01
4.028133058702174640e-01 9.685079477916694879e-01
4.001982645549535533e-01 9.679526102051781988e-01
3.774750848784921287e-01 9.620991706934911569e-01
3.327193402013314261e-01 9.492682688400325697e-01
3.187547713021339213e-01 9.444138481240008653e-01
3.037497607885978335e-01 9.385985009093068543e-01
2.586934588427151072e-01 9.179582706807818404e-01
2.555451046098193846e-01 9.162123306722372851e-01
2.328580017386203682e-01 9.021044816984218340e-01
2.118212526679845720e-01 8.889988596040133695e-01
1.941001992644493246e-01 8.778800830591453330e-01
1.514139193215073842e-01 8.504457472286168773e-01
1.419619014928633627e-01 8.442721008254452375e-01
1.240495220001041066e-01 8.325070618492899088e-01
1.118681538994511504e-01 8.220479834965551680e-01
8.387440571154447522e-02 7.974813279449890491e-01
6.499704048522225719e-02 7.793923168147552927e-01
6.455747682635259999e-02 7.785642851080752935e-01
5.382027428295987903e-02 7.547669895172000043e-01
3.728197173352865157e-02 7.068653216017128926e-01
3.511920428127324190e-02 6.979515879186490857e-01
3.445944930010258478e-02 6.951965245697596663e-01
2.945707126846042190e-02 6.737062317252884291e-01
2.523150038968979825e-02 6.509463930982882784e-01
2.286350487791555253e-02 6.355257091525641222e-01
1.916000248260940619e-02 6.113994284758601516e-01
1.862152399038585759e-02 6.076537762469429449e-01
1.371725638451770646e-02 5.728144001118007367e-01
1.268975339192712770e-02 5.649575176294953094e-01
8.943527432697329083e-03 4.690145906753546701e-01
7.855401883759660642e-03 4.308350864369701050e-01
1.261813128286359831e-02 3.630521629608626233e-01
1.357823157051785135e-02 3.558179672065918675e-01
1.678467003811145997e-02 3.377255602564865899e-01
1.937011755744466601e-02 3.283724549417835759e-01
2.430951908054690414e-02 3.110747304786998235e-01
4.330467062721932159e-02 2.535532138521376933e-01
4.995131619952741797e-02 2.356383609042845828e-01
6.370662156589457226e-02 1.995404767833429682e-01
6.811816649439117466e-02 1.882497318080077475e-01
9.013971071442439253e-02 1.419886072426791435e-01
9.392530108039631731e-02 1.341153221256986550e-01
9.984542045225353046e-02 1.273801253089528185e-01
1.196591890631931721e-01 1.104897310080370509e-01
1.506306420237603083e-01 8.954152128960057855e-02
1.647087432130245332e-01 8.165347479895346261e-02
2.024385918167201925e-01 6.834392872650596473e-02
2.458287776239468370e-01 5.364823640256899395e-02
