1.853195786810578061e-01 9.549972173325851355e-01
1.276052113089772289e-01 9.252915352245298930e-01
1.186456381988512665e-01 9.196018541245309930e-01
9.916422200457114533e-02 9.066553242267542112e-01
9.506270705892089223e-02 9.030960219556245505e-01
8.863265708687578792e-02 8.956891049857346188e-01
8.290523781905917433e-02 8.862822930669330690e-01
7.209879781567646306e-02 8.675052292781452179e-01
6.900203612366778705e-02 8.611451282401715313e-01
5.974403636126318640e-02 8.413110527481153511e-01
4.471447712325710144e-02 8.061230097907373660e-01
3.281493338192037479e-02 7.697125069579595635e-01
3.145390575578993486e-02 7.647017839965051245e-01
2.750024462146277715e-02 7.474281004550489271e-01
1.804715569098885863e-02 6.961439974425842614e-01
1.228856627215652031e-02 6.448295370957043415e-01
9.079049671104566510e-03 6.034886270493303728e-01
6.449705637917857448e-03 5.678726457893696900e-01
4.567080327554984276e-03 5.334238057476338168e-01
9.083066026439046148e-04 4.577244357057934643e-01
6.494108494336514603e-04 4.481447816220098801e-01
3.848321527022802169e-03 3.709513402658747294e-01
4.064367169603622099e-03 3.659159442990047584e-01
6.950837359762152001e-03 3.292220379735590896e-01
9.901811981892161274e-03 2.960570237163313578e-01
1.445373094068519437e-02 2.591334041429290691e-01
1.844731803029436845e-02 2.444868545639515833e-01
3.490550255779584221e-02 2.066782934796795868e-01
5.250281182633403931e-02 1.710192573776739833e-01
5.486416690016499009e-02 1.669085254370200611e-01
7.200214770834917344e-02 1.428513641612961793e-01
1.131029601631026726e-01 9.507893390560684388e-02
1.206049696440487096e-01 8.696170854310347753e-02
1.590138802601052670e-01 4.659413279363866511e-02
1.667271992094164212e-01 4.078139865236163342e-02
1.853853132841327134e-01 3.252478854898965821e-02
2.142413312916645052e-01 2.232366686923958898e-02
2.890023503406216610e-01 1.240084853836098677e-02
3.102188129445405118e-01 1.139552571373592116e-02
3.325588092336208557e-01 1.048523356723563005e-02
3.910342258557056305e-01 8.325771253261060600e-03
4.145539186279033061e-01 7.830133182419429794e-03
4.344201692595108244e-01 7.584551046580512157e-03
4.551854031740891204e-01 7.796235714491950297e-03
4.648207574038404899e-01 7.931507207772470203e-03
5.184520880118519415e-01 9.315533153064214922e-03
5.650085762907937070e-01 1.170628277584284671e-02
5.910604550360081255e-01 1.814442866249510455e-02
6.577414292488650283e-01 3.868301488439729319e-02
6.752159835399758059e-01 4.586881448754565049e-02
6.920370545011660379e-01 5.402512200259668163e-02
7.295944325870629132e-01 7.443577686413460626e-02
7.656621893484862884e-01 9.504605814822297827e-02
7.882208688499265925e-01 1.087654337121224390e-01
7.965010722780274666e-01 1.142210260750951001e-01
8.186874248185083136e-01 1.306424245821122820e-01
8.557361428056893260e-01 1.598437639054633985e-01
8.798472694224863666e-01 1.869701897258301271e-01
9.164254045720292563e-01 2.342163284450712313e-01
9.410018380540792204e-01 2.768349763946854614e-01
9.574627250115361754e-01 3.078692404148517525e-01
9.777675845665003695e-01 3.532785258439332665e-01
9.800948846866852637e-01 3.590840102953383184e-01
9.942149915674904914e-01 3.970076037742099606e-01
9.962132319420720084e-01 4.241458573167172785e-01
9.993505891505662930e-01 4.731510876351553430e-01
9.964035962606045960e-01 5.006213270866375353e-01
9.910254362211321499e-01 5.279459336244703982e-01
9.855824609301020445e-01 5.505984049088755716e-01
9.683184696414242065e-01 6.129546721040138868e-01
9.644962794384706051e-01 6.267275844409992969e-01
9.573833007073322410e-01 6.503008505441995046e-01
9.462571563321486856e-01 6.814005063465945478e-01
9.262448068740789520e-01 7.370822704430864958e-01
9.195338080068504727e-01 7.542010846337027230e-01
8.986969678742771084e-01 7.967836420803945385e-01
8.671370567484000258e-01 8.475544626140749660e-01
8.643966925813100222e-01 8.504703010866698776e-01
8.460615703691773959e-01 8.690703724516122275e-01
8.398764780378940031e-01 8.749535260022623939e-01
8.346307179130738607e-01 8.795353956717827382e-01
8.263216040988499156e-01 8.859146047148249714e-01
8.234189886683560555e-01 8.880503411466396102e-01
8.069817753542243288e-01 8.985197767918408074e-01
7.697551344088668923e-01 9.216418924946523372e-01
7.682148728665900705e-01 9.224067327818067374e-01
7.272104132542454025e-01 9.363514356102000669e-01
6.894784477645421461e-01 9.484834093178865499e-01
6.523351432443211806e-01 9.603801928771176222e-01
6.350206155457995827e-01 9.657590803347791963e-01
5.839448525864388007e-01 9.749915305438242585e-01
5.255841493417909849e-01 9.843810959718332088e-01
5.025482259771922866e-01 9.869281479238610766e-01
4.495695914703396467e-01 9.893847909474311475e-01
3.878840093024001345e-01 9.913389681615619731e-01
3.506233802294434487e-01 9.924154489534195989e-01
3.187013573373679853e-01 9.912239000497818919e-01
2.977304298278398709e-01 9.892236632354950432e-01
2.813088819785113937e-01 9.874604053512331392e-01
2.628226154477599219e-01 9.831279137793138556e-01
