2.856218374240309110e-01 8.724167877789406056e-01
6.640232126414779001e-01 6.070192638492870607e-01
6.440299084176070998e-01 5.934723488759443555e-01
7.372799493678847682e-01 2.077920392570226649e-01
1.886970913054611398e-01 5.520725660265508594e-01
6.143200171628249162e-01 3.233287819601737278e-01
9.385743064409156622e-01 7.576767650276021726e-01
9.492637916178697788e-01 2.170549559657818373e-01
3.316970819141243920e-01 5.143942793296729654e-02
3.846968278795385165e-01 2.915300973215151359e-02
3.392948508870773372e-01 3.641510671020966594e-01
1.656915123614376706e-01 7.341369580564609532e-01
1.310707515960602212e-02 5.445899256334719718e-01
9.340802106715883069e-01 6.490670441162859072e-01
4.352395917671647574e-02 3.116797760222553837e-01
1.759607763917543366e-01 6.949329977071034836e-01
3.624065677842313038e-01 9.862997914830752277e-01
6.047615074792410672e-01 1.152111145021694205e-01
2.793309309992477729e-01 4.095619689257647411e-01
7.691979116237948055e-01 3.570349679398900355e-01
7.533682555216650867e-01 1.296858312230975141e-02
3.528720337077990155e-01 5.639961936227567696e-01
2.213673319543976170e-01 6.853799671232037038e-01
2.853859686542431495e-01 9.626849105291742648e-01
7.830642178937508024e-02 2.520668636427874088e-01
5.619782936312022192e-01 2.648292597659312464e-01
9.237340890288829875e-01 5.108269026617742181e-01
9.023198166992432157e-01 5.026598155146881908e-01
6.977827172548497492e-01 9.026767941601308021e-01
6.302444736917541812e-01 9.426839140472808021e-01
9.823972721778080341e-01 3.548856753335540848e-01
3.211159721236583886e-01 4.165376369168259929e-01
7.868880792419843395e-01 8.834782614587300964e-01
6.472962721505783890e-01 5.411573676101172348e-01
5.910013863314980131e-01 7.322966839995856958e-01
3.779868501820106141e-01 5.783231182777317514e-01
6.629921752274112734e-01 7.851548512379106226e-01
4.825723290744917682e-01 1.284242820928583884e-01
3.085156276273609555e-01 9.720297398141916068e-01
6.583939729599946888e-01 6.891722262048998182e-01
2.840671424655050181e-01 8.376512208552483463e-01
7.445665119853561720e-01 6.352830110308844980e-02
3.807150978177153283e-02 5.231763303949664712e-01
8.360994942209534209e-01 2.884767934107970166e-01
7.588075620992454917e-01 7.656766282121718614e-02
7.342839977766045800e-01 8.182827166727801860e-03
4.186100838558982629e-01 7.499234135608335849e-01
8.526478655017641906e-01 4.025530708961133630e-01
6.932765143124612894e-01 4.833310135878574609e-01
4.151568114806084009e-01 8.454037343767725754e-02
1.023951453740747919e-01 2.229281514960136379e-01
6.843152654731308182e-01 3.460889579770453639e-01
2.818400694480556190e-01 9.610189114462945881e-01
1.492918695094548054e-01 6.474951750212877277e-01
5.868006191041628128e-01 5.123086600802397861e-01
9.481488701242568595e-02 8.145990866195197411e-01
8.619413999721459163e-01 6.851183493441049821e-01
7.002366920203039191e-01 8.485541453669428469e-01
7.946571507143401769e-01 3.063217593577271525e-01
1.974245663512846083e-01 3.255554852060271176e-01
8.165177670774504959e-01 3.862333009713569965e-01
2.099221415843963434e-01 9.061848051873380161e-01
5.923118141253027602e-01 6.661741305468580343e-01
6.910031399087710469e-01 3.521831049604043917e-01
9.841892019955144066e-01 3.667046165229667087e-01
1.003117758720680763e-01 5.253076989503956407e-01
2.978544785062275935e-02 3.495867740358972187e-01
5.557755952272912525e-01 1.208662876773378414e-01
1.037700000641958720e-01 2.901484413741789448e-01
8.795931643116894350e-01 2.264052480122986655e-01
4.997961364414086893e-01 4.600061968050167538e-01
1.752090848375900678e-01 2.667266984590008772e-01
9.247899858430590481e-01 4.500830851413664124e-01
5.665600666799822105e-02 6.387257481972793416e-01
4.163277536789417033e-01 4.663845592139353319e-02
5.633929873788496856e-01 8.197170822572968918e-01
4.991458169403774070e-01 5.430602644200819284e-01
6.235510854511008283e-01 2.582780043039919482e-01
2.774325843832542993e-01 1.147437050249933005e-01
7.127243944933807640e-01 1.387033497224172407e-01
7.868002238224483524e-02 5.007429124751153759e-01
2.755243195839304216e-01 9.023325534217279120e-01
4.746402876747277122e-01 8.472008611567303227e-01
7.764214036595875612e-01 6.734205722483577183e-01
4.186804057543552782e-01 6.299158338744883512e-01
3.688857605734952028e-01 9.871206344092887663e-01
4.320153181719288416e-01 9.660175668626787004e-01
8.899439572015521716e-01 1.350148277481776904e-01
1.388743489637966899e-02 5.541623079316674305e-01
6.887242606592898497e-02 2.778599842971084533e-01
2.775710438178743411e-01 5.910643142909901560e-01
6.339568602358940375e-01 5.733751896663030756e-01
5.327409494737960216e-01 9.245946290235268483e-02
5.409113693253251309e-01 6.962263592667197187e-01
3.217486109142588813e-01 4.409086747248931459e-01
2.847876825295238001e-01 8.740408247987140333e-01
7.847138690416854967e-01 2.356627163811649550e-01
3.193534977847136691e-01 2.401728970129003993e-01
7.255705876076671279e-01 9.380721916692988938e-01
3.144304356575826076e-01 3.432933366581447654e-01
4.575598096036517237e-01 1.527152317740987364e-02
1.660308379388475974e-01 3.831388929320040382e-01
9.499543482380840009e-01 7.325812475066305618e-01
6.105127955442603005e-01 9.817871171581135092e-01
5.105802911078394235e-01 6.468776714503023939e-01
6.963772572649129522e-01 7.082009590389524156e-01
7.306156376362527016e-01 2.760229230345312978e-01
8.221291822479893652e-01 3.790712433241092971e-01
4.145456054942993074e-01 5.996414165304267962e-01
5.227953243608988165e-01 5.395168214960793795e-01
2.802760167640515054e-01 8.393677523643384986e-02
9.673638157079840205e-01 6.754861835500648448e-01
4.958558824377062857e-01 6.960660747120303027e-01
4.521211034514350802e-01 5.655547461649307328e-01
6.600103691478760304e-01 1.151312215426931185e-01
3.706896388090628602e-01 9.547376279965825996e-02
6.616199102055497772e-01 8.456976478426635468e-01
7.340948535994603619e-01 5.315069296780514652e-01
6.406742103254616794e-01 1.838415274835981661e-01
7.683594956722933356e-01 5.161043541255211364e-01
2.408466818321547409e-01 2.150058796503485359e-01
5.224051013844145386e-01 1.637377967354661790e-01
7.475510801653750814e-01 6.097526770120235140e-01
6.200148038810693318e-01 1.533795762360667392e-01
6.031098855190164532e-02 2.741061103632611573e-01
6.187241226075086420e-01 2.516203886990406313e-01
8.644169487039269351e-01 7.511843643125448722e-02
4.068722906700984465e-01 4.090268766916967946e-01
4.455024278208254973e-01 5.267504768692707895e-01
7.699902219247437563e-01 7.635818431187135769e-02
9.446683563134168349e-01 7.463991659406881141e-01
5.742431782736241025e-02 3.933067547234070371e-01
5.312214019871808190e-02 2.877557375274555351e-01
4.229080174582638962e-01 7.578735775031201216e-01
7.978371483695020361e-01 5.087177037106226374e-01
6.183284962474208113e-01 7.587374822956198805e-01
4.914075993858846303e-01 1.036260966495738955e-02
7.476960246654669184e-01 3.729043014857914007e-01
5.839169244071581444e-01 5.250377509888919381e-01
9.488588763644013602e-01 6.287011071917348870e-01
4.131640287006056733e-02 6.012640294163934529e-01
4.234368151385973222e-01 8.843487269641648885e-01
2.484345848015928615e-01 8.947884170592679265e-02
2.218220483613386196e-01 8.056304018539426348e-01
9.775154758674730049e-01 3.445560209559234144e-01
6.587710534903095105e-01 2.913817300455738279e-01
4.470067867169967291e-01 8.320964112188498074e-01
9.855456199980685561e-01 3.795330924578256271e-01
1.367389914192943534e-01 1.817556879759162358e-01
5.872673652610820305e-01 1.111314573891138968e-01
9.766952281410730130e-01 6.270133650511360290e-01
6.017745270764944809e-01 7.876512116004142916e-01
4.271562069393319838e-02 6.889410296041089676e-01
9.424336178912986473e-01 1.940375951803033905e-01
8.292883429354744873e-01 2.495908794521484175e-01
7.997790779141958906e-01 3.605861899261886827e-01
2.130579348918735724e-02 5.027214479803070457e-01
1.610327737426865413e-01 5.584821013971462689e-01
1.721502128750871385e-01 1.463496776029992175e-01
7.079293271735874749e-01 6.377175279140723241e-03
2.405900585843085138e-01 7.373237087881933105e-01
6.089908545448434740e-01 5.638093001156598838e-01
6.639125428929210093e-01 6.240217593630371651e-01
8.990302992925356396e-01 1.043372607238988170e-01
2.699466712435886762e-01 8.202141748152389500e-01
1.581153856844592920e-01 8.011334275017827355e-01
1.849370759561352329e-01 4.611284155748988645e-01
1.891027038180674025e-01 2.941901820622806474e-01
6.932004885828213503e-01 9.539479947013671524e-01
5.292441871951886201e-01 9.937819014139313012e-01
1.177085749981043872e-02 5.360584613416722322e-01
7.205664901899996311e-01 8.576526548431009367e-01
5.480604591596373032e-01 2.945084104373584255e-01
4.454346965107400802e-01 6.648940530034308516e-01
7.078976553462485999e-01 8.544519654550844501e-02
5.603618542143131709e-01 1.759604722816227873e-01
4.274255299662740315e-01 1.397485233793623882e-01
8.349914681152107443e-01 3.040121625197014232e-01
1.852677734027478040e-01 3.438376241075736250e-01
7.843170050416164996e-01 6.030232293738080340e-02
3.697053844469433415e-01 3.230170932922477034e-01
2.207756140487405483e-01 2.307975037854626543e-01
1.184783222570773287e-02 5.180844508371159618e-01
9.217131171884456187e-01 1.420921581435966585e-01
9.744516179602172867e-01 5.583578116946815717e-01
2.136717311668737129e-01 2.817684589245776361e-01
7.717086993934936245e-01 7.214949861805018960e-01
4.976641708205367109e-01 4.085223321797502027e-01
6.094828467269863825e-01 5.118563121715126174e-01
2.136724683058858210e-01 8.176664527552280903e-01
9.689405831335293762e-01 4.232391776618328327e-01
1.175069587889004119e-01 6.714420330836519124e-01
1.273544449139786539e-01 3.932838868379250341e-01
1.976722679382436620e-01 9.123414507629737935e-01
2.276402573949022901e-01 7.362436167405663756e-01
5.492919047858484394e-01 8.010284805643330674e-01
2.379522160795802255e-01 3.469737699653295815e-01
4.266813361363338553e-01 4.649091172111829984e-01
2.386507839697085132e-01 9.374547481586070763e-01
5.588492447803589114e-01 8.619636699793324919e-01
2.826540542218204388e-01 2.500446660097993545e-01
3.829311022534973019e-01 7.801258257214636060e-01
8.565400710072833546e-01 8.619195096232031839e-01
2.371720622883986274e-01 1.543003029750970034e-01
2.903887443115729106e-01 3.958423011710502371e-01
8.310792504822928084e-01 8.797369631607095952e-01
1.562071508657489893e-01 4.827676197578384398e-01
5.206152479580312686e-01 8.786938586408443719e-03
5.580157643303842313e-02 3.539672155987825808e-01
4.737583549230724445e-01 3.309347517216097434e-01
5.573244708155506988e-01 2.273131219417594273e-01
9.798649219822852530e-01 5.913391503794780402e-01
5.706357032464141193e-02 2.892922054770091789e-01
8.544344508303158836e-02 7.996601811417346495e-01
6.086185987221903737e-01 7.155724132620677747e-01
4.675645740464674516e-01 3.969520707490695743e-01
2.481829249770845236e-01 6.862490004546827338e-01
5.041483929176732159e-01 9.642710167489521034e-03
8.123301917699282670e-01 4.925178988515047790e-02
9.067776993227567583e-01 1.169305029331463297e-01
9.153169093340268736e-01 1.832949372437140956e-01
7.363476748171955411e-01 1.089392314645148095e-02
9.858544114371705636e-01 4.965665085834983783e-01
9.121349224850807680e-01 4.745113856492491622e-01
4.003508030419422603e-01 2.468555956976770105e-02
4.191781464519800937e-01 8.119307507606710050e-02
3.449879046862578402e-01 1.339785463784349262e-01
1.133238564749611405e-01 4.633078957656925900e-01
1.818962096782827387e-01 1.669592312493235475e-01
7.721376872496188426e-01 5.938858752386571016e-01
3.616656517632276246e-01 4.908189810738119441e-01
8.521098071580586186e-01 7.092975473580171997e-01
6.379271037005570522e-01 4.502418144675343070e-01
7.395272744546486088e-01 1.757206847539649272e-02
6.865072765867213933e-01 8.548666025745719210e-01
9.166547430642891792e-01 8.030372730281850613e-01
3.664155477669306382e-02 3.297638291585657244e-01
8.600105826483118721e-01 7.165851846606430264e-02
6.996194835309138549e-01 2.616145370708655160e-01
7.533518632785636271e-01 8.368211753314210855e-01
8.871559444271108763e-01 5.448833838229197868e-01
4.437168789914607003e-02 5.278814829306976986e-01
1.441100792078946757e-01 3.793889343360155042e-01
8.816163862936876594e-01 1.125590839145830108e-01
7.380610124927368121e-01 1.206782896451221235e-02
5.806524867370488341e-02 2.768658658974308961e-01
4.241875014988101267e-01 8.971198090021333948e-01
6.216650372370210453e-01 9.789324708138545938e-01
2.931994031988972016e-01 8.841344124471409160e-02
9.227606765438087777e-01 3.001019767923635007e-01
4.821169554078926778e-01 1.613206177228969015e-02
4.180644354108454253e-01 7.861263019773340188e-01
7.523598994255206174e-01 6.347376244037628013e-01
1.428137335895562909e-01 8.676257262005823145e-01
7.305463727935154195e-01 7.159497476540328531e-01
9.638672070800058389e-01 2.728854458387557358e-01
4.857644803515004939e-01 2.160632217136294192e-02
3.355034568663894934e-01 8.593573348660081823e-01
6.213084438750777760e-01 8.033113431572408425e-01
6.098543676875733954e-01 1.528009490499235568e-01
3.493092789373363205e-01 9.301404548720816345e-01
3.210403953976857100e-02 6.282617412579423188e-01
2.214121782323218157e-01 7.032197976479878099e-01
8.306493016428149190e-01 5.734360986298524532e-01
9.809967778984104436e-01 3.474485341360163959e-01
5.011695249928941331e-01 1.060770765292703977e-01
1.326061578122450513e-02 4.878049020051115070e-01
2.803112358083582056e-01 8.351862952431337028e-01
4.129137979257079816e-01 7.076471794881337152e-01
4.297767436526354068e-01 4.116080979764461523e-01
5.152998563178744496e-01 1.028363867690922778e-01
4.367199047332465667e-01 6.969236996332121847e-02
7.565990137830976847e-01 1.423823433022296803e-01
3.312181725404779731e-01 2.684296813531210635e-01
1.060602144947510178e-01 2.850778954944647725e-01
5.958053701335361829e-01 1.437035005499477935e-01
4.252115792073385414e-01 4.201942497265294396e-02
5.534187354919070101e-01 7.644062889588247867e-01
8.709235460451321131e-01 1.603265084815884978e-01
2.643902817667869165e-01 6.734556302951363316e-01
4.595758341060816599e-01 2.164421526685942482e-02
9.292022877747241338e-01 7.268608479427742797e-01
7.312283250960298631e-01 5.047897125410059083e-01
9.948874912959371208e-02 7.137499720596153230e-01
3.067810233039663936e-01 1.874641554880789873e-01
8.399688087480597920e-01 5.171040350280594611e-01
8.904383308152499232e-01 5.072147870441787720e-01
9.405350004763570748e-01 2.197129313636997927e-01
6.312764629307107134e-01 4.336256695343267964e-01
6.891679494237774595e-01 9.331935268370287195e-01
3.459526908516131760e-01 9.832186516617903438e-01
4.146032186369252859e-01 7.224909681116954419e-01
3.836329571491460810e-01 6.659094812114398909e-01
5.480131109143002721e-01 2.532048949123787973e-01
2.522827830471463528e-01 6.614078042771506238e-01
7.399286085265909252e-01 8.933353769799613486e-01
8.255541877674897888e-01 6.098629809077581870e-02
8.856348738940088561e-01 2.107580090421108110e-01
3.199450783147643196e-01 5.663444252459002293e-01
6.862793374808577873e-01 1.233422493675613296e-01
5.340167282590514430e-01 9.933457760420235649e-01
9.033029368357821109e-01 4.018362447921822733e-01
8.816822407831202690e-02 2.617743983272098895e-01
5.550437040293873525e-02 4.261390712941751091e-01
8.855998637019777409e-01 8.375092612626097166e-01
5.372358412986099063e-01 3.092656242537497602e-01
9.646482915685802295e-01 6.862486162933607581e-01
2.396764137256699456e-01 5.645531067125371116e-01
7.464570251555460167e-01 8.454607738512147641e-01
3.048463543909046281e-01 8.864451614465121976e-01
8.126984711198781408e-01 8.903802413654446912e-01
5.544058621234505546e-01 2.435417795246869743e-01
4.473140571282539502e-01 1.567283731397950963e-01
8.215195532199557338e-01 1.338511085395411304e-01
9.875449174250676698e-01 4.566273684842525604e-01
4.379458279949092758e-01 8.828494239641588859e-01
9.182866335596198137e-01 6.081387136347262690e-01
2.562320315835644458e-01 5.987829774451494114e-01
1.676196711729914801e-01 8.891487813534822982e-01
3.663296750628368126e-01 8.268988860220585213e-01
3.972498729265864226e-01 3.396889591854852092e-02
8.080184826439542611e-01 3.801593328477969602e-01
4.335401848798203228e-01 6.158949551315433535e-01
4.148818873254676576e-01 9.860790725802034418e-01
3.831277083302283559e-01 4.178504724880373611e-01
4.727116777006206139e-01 9.614959080423737259e-01
9.258992840372908262e-01 1.501694251740592900e-01
2.397234412149529259e-02 6.047330859854788132e-01
9.763343635865556758e-01 3.233801493070783684e-01
3.954807153424102495e-01 2.566347890474973692e-02
8.654878056694738087e-01 8.550247127177421635e-01
7.853519996889166688e-01 1.282386371844224382e-01
2.017135382191810877e-01 4.390819966297771493e-01
7.353683161094292098e-01 8.299792252953408500e-03
6.870883974770928271e-01 4.989435186786295162e-03
5.291210900366587477e-01 3.478599446963122066e-01
1.879536868069875410e-01 3.280416511584729466e-01
7.366619290121118047e-01 7.024897964849242671e-01
1.451458925918566178e-01 6.214560057576238306e-01
5.449951748251786743e-01 2.779486906016110370e-01
6.283640282211065964e-01 4.365989328165024164e-01
8.157035887537479324e-01 4.229932370705304367e-01
6.159541526210471352e-01 5.342326027233481600e-01
6.698260799862844062e-01 2.796259901472897269e-01
7.666860176606731248e-01 1.710603164687472463e-02
7.056910424501403600e-01 2.736832216514671900e-01
3.654648201070677671e-01 2.741585947847797744e-01
1.613991384726747302e-01 3.590281303235378640e-01
7.833187715582694555e-01 7.163306041932132606e-01
8.483286820709353693e-01 8.680123234989762793e-01
3.609729864741079153e-01 4.588673216587138004e-01
5.149480893682918392e-01 6.002483267023686064e-01
2.748037460710421875e-01 1.128157247795755769e-01
4.139406626048550697e-01 9.288577456232696150e-01
2.834896998025856485e-01 6.094787368441277886e-01
7.781384633490111558e-01 7.553186173252780522e-01
7.519721743837562977e-01 8.252142518187011166e-01
3.547274184755366822e-01 2.752445556353226852e-01
8.444031032865862985e-01 1.831391387031215401e-01
6.227029580152159127e-01 3.479491295368580261e-01
6.742725600372811989e-01 9.613724015966128578e-01
6.052862579142576083e-01 2.981745893616805643e-01
7.009685662864783007e-01 3.485576682264442949e-01
3.666131565916217472e-01 2.608822686128551283e-01
1.272469777811119362e-01 7.943076460892143364e-01
8.855773006833067562e-01 6.595906193164251530e-01
8.782691133141302675e-01 1.255816488612464255e-01
9.199204653183645775e-01 1.946286635757610850e-01
1.251188542914305479e-01 7.233267636853999427e-01
7.839966018323176744e-01 6.304278316779596825e-01
4.297372389864425601e-01 1.979519663157647269e-02
1.795276842385872262e-01 5.475847507352672450e-01
3.191384618481685198e-01 6.817884579948703117e-01
4.295349910381487391e-01 3.687146604874154132e-01
1.731485987350601663e-01 1.988091181760107962e-01
5.617687480970017244e-01 5.934221246535418270e-01
1.702185072238209251e-01 3.368293519707402095e-01
2.613616390174436921e-01 3.247606846682790094e-01
8.070271093130255702e-01 3.816612644224622874e-01
4.742370659855562609e-01 8.025813326323946173e-01
8.002792352264507247e-01 8.867673714211614655e-01
1.790683196844005121e-01 5.725182775705498495e-01
6.178103915424435488e-01 8.828129595610474389e-01
6.974367678588617725e-01 7.010369710856046988e-01
4.814123556885332444e-01 1.173279826869222386e-02
1.062234367846996569e-01 6.712961355620621351e-01
2.214509283397469996e-01 1.072959672136627463e-01
5.669016802552452605e-02 3.815335829019464997e-01
9.038993463181088650e-01 7.673800856325334596e-01
4.022996327191027954e-01 8.226165280335543395e-01
7.710521748600788206e-01 9.138435836308620441e-01
8.805798974028790083e-01 2.746126778707674854e-01
7.832534633241958755e-01 1.347381963131803750e-01
6.179511915620640172e-01 6.331218082906033828e-01
6.318148561434342447e-01 9.173070363123572712e-02
5.822533885006112020e-02 2.766853433199313872e-01
4.546263446332460267e-01 6.150828496165499093e-01
7.645330824036400408e-01 1.586811939881460631e-02
1.247697886539407275e-01 8.517685078791902287e-01
6.154564432873814717e-01 2.983859698141584915e-01
1.982262173757352031e-01 7.870824586197557871e-01
3.258553698558689371e-01 1.712196307813023677e-01
3.202779228073175943e-01 4.093865043811145688e-01
3.904560209554349681e-01 8.918772587987956468e-01
6.759970718763379516e-01 5.226383883583112233e-01
8.885344486705296640e-01 7.144203373744799634e-01
6.136810948113188280e-01 4.977127380936585688e-03
5.329267127515380231e-01 3.558079947534825704e-01
5.119622028409055448e-01 5.174259001262545565e-01
4.912911103789552314e-01 6.587834174232187756e-01
2.850678439101066441e-01 4.653313734317176542e-01
3.924313958798905100e-01 6.171397197326751183e-01
1.268585123035043949e-01 6.920785538868335918e-01
5.031598103722617621e-01 2.145448171233568235e-01
8.963794528178672394e-01 7.352714588384685612e-01
8.534416795287982915e-02 4.833012390666016067e-01
4.144591342792365296e-01 5.450128493822986586e-02
6.792517899225462841e-02 7.039600087718860255e-01
9.043701404599540083e-01 3.592937322492113505e-01
4.450330498957945635e-01 3.943632197384636662e-01
6.504167901239770178e-01 6.269916286279852979e-01
4.940793805516369153e-01 3.509042707732521471e-01
3.009276639815775534e-01 6.163598954898994453e-01
8.250433949805213718e-01 4.779011563724999689e-02
6.838878443723808154e-01 2.959648435673630229e-01
1.493628196601659575e-02 4.637578505439329257e-01
9.882291425001895613e-01 4.128075071401565710e-01
1.762099053385898506e-01 6.421838174924240361e-01
4.585256906725423409e-01 5.748548920241436377e-01
6.366724776493140059e-01 8.753873210710813035e-01
3.652501134243688607e-01 3.883155136183114031e-01
6.905157513812496539e-01 5.178947581726058846e-01
4.606237949068965332e-01 9.950228726190634143e-01
3.957912197295377355e-01 5.127085477910787725e-01
4.338206045233710118e-01 9.944465572279090892e-01
6.681339349016607310e-01 6.082936469782693756e-01
8.021724723548075975e-01 3.273278561547066090e-02
1.838594095697320130e-01 9.021171678531374472e-01
2.651568048166719205e-01 7.046422828191869492e-01
8.008368106984276036e-02 5.189096902934668964e-01
2.750955304611844565e-01 2.700653501597080619e-01
9.295736433442874924e-01 1.585738683070585520e-01
8.338357891271045430e-01 5.249081554724710497e-01
6.259131020085522135e-01 2.489604386536643232e-01
9.233707188449959968e-01 5.300960871494149185e-01
7.278254754845374375e-02 6.855992160537177638e-01
4.702467906735146030e-01 4.188335194355252700e-01
2.647494869629789527e-01 1.827058953343010661e-01
9.674604692652286619e-01 3.130308691171366231e-01
5.376412565536369259e-01 5.321291034879569448e-01
6.602201627572666931e-01 5.452004779660122313e-01
3.497424311386700957e-01 4.539500110963369250e-01
4.933200308419875002e-01 3.466527403823164710e-01
4.301427463631432579e-01 1.992723758531026734e-01
5.983592395906818240e-01 8.125144711440230871e-01
3.396060003000940242e-01 3.996971035825996887e-01
8.073853111605210353e-01 5.690836785904124229e-01
4.299790078557607642e-01 8.734047259696725574e-01
8.851838691482490917e-01 4.022020138956879376e-01
3.030623902060943786e-01 4.028584103775957326e-01
8.797134373714911304e-02 7.216378397010199119e-01
8.351893933656227009e-01 4.391386506389632904e-01
9.742442405338682665e-01 6.466504321678258060e-01
4.819288451426428921e-02 7.134353567494265969e-01
8.130173938036027170e-01 6.770358910236035088e-01
1.194909698267429821e-01 3.637377381741254134e-01
1.770078923292087714e-01 8.967731165876169364e-01
9.014425820838751768e-01 4.615187436323586190e-01
6.095844547837756533e-01 1.712881620371751179e-01
9.352570749849438148e-01 3.527414062181473686e-01
4.261227367625307350e-02 6.116249579871045894e-01
4.475841284063813985e-01 6.101486459450589095e-01
5.053380108040839147e-02 7.234467144780306613e-01
8.445127874816911184e-01 8.521772949690240573e-01
5.206607172970554309e-01 7.914149619025423466e-01
1.893302101709174456e-01 2.736951761787047577e-01
6.517981912576042980e-01 9.463961036303082663e-02
1.621604279365231882e-01 6.846712353441015697e-01
3.147847751262086019e-02 4.198477355909951414e-01
3.366539800567637242e-01 5.993513812455280032e-01
7.008528820084204414e-01 7.901892089435542943e-02
5.656094938157325558e-01 9.899722209456157662e-01
9.667737948790516844e-01 6.439496604317773709e-01
7.842492500671466304e-01 7.689198367219043373e-01
4.809862831594921562e-01 1.480801018332907060e-02
9.538951551686454255e-01 2.808876470699921968e-01
3.561148179732207542e-01 5.510943841501674267e-01
6.321825988266069896e-01 5.261713099599002463e-01
2.289595504498392886e-01 7.687890769983247718e-01
2.596284407137059436e-01 8.366878395953403214e-02
5.475067374054007896e-01 7.096377133409024207e-01
4.559609579587746708e-01 7.015484584252953404e-01
3.671152870072707380e-02 5.123897147367421079e-01
9.044702231583244822e-01 7.682793158794952726e-01
4.300576427715639971e-01 8.156954601940397120e-02
3.811477113720506682e-01 7.425985029174833052e-01
6.858660190534339174e-01 6.921354191315742810e-01
4.572711476904630645e-01 2.653436196979382378e-01
8.693825555071438282e-01 5.376614088468817387e-01
2.143613956162471190e-02 3.920454249656155632e-01
