7.111385425643192981e-01 6.040998960125165684e-01
5.444705674971428433e-01 6.898537988565173196e-01
5.156284597048056417e-01 5.058642931336571058e-02
3.433162186060795817e-01 2.977738539896792047e-01
5.504458875501506698e-01 8.331097832750334886e-01
9.823221607844119241e-01 5.209962286656957264e-01
6.495398849654374640e-01 9.551731404875878351e-01
3.764567009265085140e-02 5.804794918453206609e-01
6.144080860581391246e-01 5.887491027981416325e-01
6.136552071164652622e-01 7.259042837808806770e-01
4.214769823478190514e-01 5.758052043508830042e-01
9.095531694615766050e-01 5.313901916233663147e-01
7.083784412130336161e-01 4.947125893381857931e-01
8.193514167221594979e-01 3.522286507499307051e-01
5.355611228918176758e-01 9.233946735425405672e-01
7.799318749085795144e-01 7.480704768380621594e-01
1.400414676740013853e-03 4.508462528473335951e-01
6.642750128527257214e-01 7.714267022751684078e-01
8.433969565529637613e-01 4.072626702111477037e-01
3.785873297936503956e-02 2.244082655567262163e-01
6.371446332112922217e-01 6.870437310824494270e-01
7.536425927098033828e-02 6.575958747727580489e-01
6.003070796789210517e-01 5.504088739892576410e-01
8.819525261690634999e-01 4.975283623178348158e-01
4.934994746405908517e-01 1.547993051071372417e-02
8.594307206488740469e-01 2.830984924323257657e-01
5.679471504729045606e-01 2.101625144297070147e-02
7.343538346785926096e-01 6.016275800575645594e-01
3.698767738161352903e-02 3.586239652652287724e-01
9.867172705021992618e-01 7.465481906691698866e-01
5.475372754942133824e-01 2.809609035804737642e-01
9.983020017749608677e-01 6.299070860798131610e-01
4.829243889583401672e-01 2.423224368059598011e-01
3.046054091295096189e-01 4.255319113218369864e-01
4.163006454884007335e-01 9.571036983712956081e-01
3.891611220776631797e-01 3.402919021214736994e-01
1.486652426402036431e-01 3.305043616452688071e-01
5.305410097963751681e-02 4.444514259936655498e-01
3.727760730846437776e-01 8.015517499739506224e-01
3.149650105880651974e-01 2.877623599998265225e-01
9.093817665458748811e-01 5.900254375984881339e-01
1.888036631760622308e-01 4.075589550922668614e-01
5.133293410847086236e-01 5.592382538653555279e-01
3.025913799813683691e-01 6.289218207057510890e-01
4.461599245860448648e-01 4.498887747606400422e-01
6.279659462704893780e-02 5.967221419857168252e-01
8.604387715666712566e-01 1.871397478153415950e-01
7.419545885055749412e-01 7.621705634974378363e-01
7.599205699318611895e-01 8.459278497745699177e-01
6.165157942579657657e-01 8.710975812896409876e-01
8.734271621558031828e-02 4.945451773963270847e-01
4.673186574168925467e-01 3.019799199594701555e-01
2.536849618895454794e-01 7.015793852013764154e-01
5.089922330290009844e-01 2.578282414888906637e-01
7.611090677368557156e-01 2.274218293797422019e-01
4.477070479234817046e-01 4.105547552894568963e-01
1.756613278797317101e-01 3.713594821193321738e-01
3.663526293311635262e-01 7.728851575796858997e-01
9.599761568020264146e-01 2.632087105086724499e-01
9.426746006606173678e-01 2.250635195127037580e-01
3.774664545336496868e-01 3.386462974136496551e-01
6.328517745464330435e-01 8.874404342738998475e-01
7.490773737192483184e-01 7.054363176162559146e-02
6.694873962445849758e-01 2.422981088715831510e-01
7.007003373096482024e-01 8.972849525049229058e-01
1.614494837141476624e-01 1.674777137373458236e-01
3.327982222027907611e-01 8.032246143655650261e-01
6.083010042627706726e-01 3.004929478345297333e-02
8.002253601941686778e-01 8.342008861214562643e-01
2.272452952626529687e-01 6.648409675286137688e-01
7.300150448671229864e-01 7.278112263405173143e-01
3.674650797592056706e-01 7.862654562929612956e-01
4.972384421212033834e-01 8.860231610638450439e-01
7.641353177229603943e-01 6.475781240297734387e-01
4.301722100661677095e-02 2.798677455732254682e-01
6.409028114449010216e-01 7.176109687664702919e-02
4.374112612097273423e-01 5.836127808173999787e-01
7.363638403717625014e-01 5.634471027379486241e-01
4.518029383522206843e-01 5.270685963474708302e-01
5.832402577782501707e-01 4.419988750489855511e-01
3.209083726414594384e-01 1.623997327483406306e-02
5.959123367607683797e-01 8.442788475956024274e-02
6.402591020695838075e-01 6.120960799897869897e-01
2.534882043715829258e-01 4.494700318330864808e-01
2.621513434317756519e-01 4.600700410590079503e-01
5.043187738185817004e-01 4.576463569940990572e-01
3.645122276408368500e-01 8.842017720192403285e-01
2.939515307001485112e-01 1.779372800806046928e-01
4.092716971970493112e-01 6.809123703840287423e-01
6.310867207504794463e-01 3.270623776365264579e-01
8.997372499768807597e-01 8.723298398993111213e-01
1.683278029120995056e-01 2.367642729173925487e-01
8.688517572764755670e-01 6.981107764732595866e-01
7.025106439472044162e-01 1.939713358750855265e-01
2.866848513799731824e-01 5.649927987068370516e-01
5.392938842598100635e-01 8.021348305115030275e-01
8.942002259186885293e-01 8.605708435684091828e-01
7.744511208138860070e-01 7.996959081458998586e-02
2.686218160767013807e-01 2.158573164271939404e-01
3.134054991790623523e-01 1.668001411136019463e-01
5.323077364963084701e-01 1.221638309657665789e-01
7.913983139487990037e-01 8.390562631189306675e-01
8.443838321615756426e-01 1.202024338177806184e-01
6.252162780296726119e-01 9.783799547439621103e-01
3.119755180104080150e-01 9.189810274885008567e-01
5.028298864213840424e-01 7.143142322981250736e-01
3.494960394227428768e-01 4.539512163492705477e-01
7.459803425433859658e-01 6.596960665971249860e-01
4.299663859792302034e-03 4.021941628403787883e-01
5.902751880335374013e-01 3.645356433284139275e-01
3.739450975687403922e-01 9.440827607866686400e-01
1.619856310969269575e-01 7.527666482920840618e-01
5.276787552021466876e-01 9.821393428028423189e-01
9.722434820021200186e-02 3.737881412745772680e-01
9.951667921712589182e-01 4.681132656733136832e-01
7.547896775163238647e-01 7.004208974533550069e-01
8.957032912262981039e-01 2.782521744579443124e-01
1.364414448593475604e-01 5.050273282574350153e-01
9.351809812680437206e-01 2.098420371245632854e-01
9.971106691803782729e-01 6.722369423277435585e-01
3.462089121575664397e-01 9.179479466330402460e-01
4.646714606954055471e-01 1.072822887604646114e-01
7.234033715180969715e-01 6.125083234684458589e-02
9.782456744653050817e-01 7.708826589388475536e-01
7.433302056005512970e-01 7.737030733955722051e-01
8.437535099354901424e-01 4.758903469555344490e-01
2.835188028909312319e-01 9.109661109988456684e-02
5.072175686640968684e-02 2.390711699646760335e-01
6.751301618119917025e-01 4.694437996726541495e-02
7.803475864823172792e-01 8.732586894601013228e-01
4.566668624262117948e-01 2.738906760478139191e-01
6.172906286268327325e-02 2.926688445116077952e-01
2.236990422095109232e-01 6.093715146046136955e-01
2.037496354513523844e-02 5.362247468093931380e-01
3.611761376199990048e-01 8.054930137283196068e-01
5.156469832734129621e-01 5.907129251562809324e-01
8.610094007078775147e-02 5.455535614118435239e-01
6.548200953753560150e-01 9.017799089324918249e-01
9.252997803720373060e-01 3.769338942660833136e-01
7.400602881072307904e-01 9.571415510246918945e-01
8.333597061557206365e-01 3.394736532280683283e-01
7.216013125823020902e-01 9.178979266811772009e-01
3.468426787232104513e-01 7.077708568085032681e-01
9.227604092824924775e-01 6.337351719503223624e-01
6.914212309848226656e-01 7.147627112273708949e-01
8.515370854072598084e-01 1.889192944660208762e-01
4.913977172409207395e-01 7.303921835550613029e-01
9.661282348935960052e-01 7.927790773494053367e-01
6.491297156983180106e-01 7.518283728289009149e-01
4.798992998936010834e-02 4.162214715055697623e-01
6.244494137493532548e-01 3.061464901866959853e-01
6.347999736307502472e-01 9.771063598915167292e-01
3.992098249886579242e-01 8.404422615153801512e-01
1.238587507196699938e-01 1.705222456919123775e-01
9.512362118687588408e-01 2.425361074916639881e-01
4.938642319375038947e-01 8.710435107275523725e-01
2.079049474177115941e-01 6.210261782063544178e-01
6.329949053300654160e-01 8.451263773084339848e-01
5.426993505379962279e-01 9.289096152845222054e-01
3.212381007356970297e-01 5.393995690825977851e-01
3.738476677754719035e-01 6.474137936460763187e-01
6.728432408227938977e-01 8.036824541022955515e-01
5.228405322536957556e-01 7.640712728751359872e-01
2.394138493730114670e-01 1.429752509971519980e-01
3.325855860795931540e-01 7.762327359532331661e-01
7.517333191546490267e-01 9.545114924491380215e-01
1.497001794850016942e-03 4.552056791880412234e-01
2.106457758157720961e-01 4.098079539253949299e-01
7.652648168965283659e-01 3.254353614477593637e-01
4.957740456260061879e-01 5.335571761414048542e-02
6.853867312366719311e-01 8.617814827656511412e-01
8.613859262238988679e-01 3.453131051328565126e-01
4.713538510205018128e-01 4.102706368226405331e-01
2.492325901114299525e-01 2.570593529396902888e-02
9.234954429753757799e-01 8.449051034434345020e-01
1.912504814388881202e-01 3.731053531491412834e-02
2.408367729376456046e-01 2.711631160754002234e-02
2.937484195782961161e-01 7.408823910431320270e-01
6.736321287580600004e-01 6.271027701948282962e-01
4.429839136772411035e-01 6.637569045778827226e-01
2.797107609808674109e-02 5.220475845279357596e-01
3.300615717365523172e-01 3.798426523904265689e-02
7.385632080372440678e-01 2.327234856191902901e-01
4.094381825890469617e-01 1.143845485503012377e-01
2.644644378467562174e-01 6.935411840300660380e-01
7.636346888594616189e-01 5.927247280036418431e-01
2.542580091677780207e-01 4.990874746002089690e-01
9.079254499666969958e-01 1.790418445137075265e-01
6.116306260838677566e-01 3.246996279494532289e-01
8.199310527630394585e-01 9.343162887948411877e-01
5.757166990505391269e-01 5.795010745637811933e-01
3.727898324565585009e-01 6.134691388140330881e-01
7.922303718178393128e-02 1.743504146953670786e-01
3.432791122419242003e-01 4.154622232047481267e-01
8.371811554184643844e-01 5.739258421985672376e-01
3.224378609926773498e-01 3.823298654180615763e-01
8.312453135915290892e-01 2.737733038103483119e-01
4.504922076199954772e-01 4.859811786528324129e-01
2.095723285995818308e-01 9.821025424666024461e-02
2.428061548690828020e-01 6.620252739715262180e-01
9.128456187805018551e-01 8.578398281706910433e-01
7.707984244788509409e-01 1.855142067664008743e-01
6.129613809202817398e-01 6.292109878484128949e-01
5.259691984354279704e-02 4.711269537469621738e-01
9.115968810851955706e-02 6.688180451762106848e-01
5.472450562696312693e-01 3.790223764663714912e-01
9.597498982067302897e-01 4.556470349812978826e-01
7.957613758411605787e-01 7.586085705292778814e-01
7.479295659691251319e-02 5.036062116488492224e-01
9.293700940023552626e-01 6.309855332911692427e-01
7.789407321291924591e-01 1.766190181121962688e-01
4.753730116088208391e-01 1.128342903497937394e-01
3.234255882443760610e-01 8.386624401792149019e-02
3.743099615321435758e-01 2.594319255462457785e-01
7.119791429184498810e-01 2.379498452487686100e-01
4.723108814383543685e-01 6.482877639423232363e-01
7.753762910428528832e-01 2.676867101025778295e-01
6.019735973985801403e-01 9.701791658043805722e-01
9.726716302035930406e-01 3.233163640048971610e-01
1.372546566046969549e-02 3.901561520232545988e-01
6.659734020846761471e-01 6.169230694623938360e-01
2.517349460939076744e-01 4.161765736507456320e-02
7.120384085624946735e-01 5.310091593362680218e-01
9.920063804184586775e-01 6.879745049192756978e-01
6.441934676294007733e-01 4.393672070076888314e-01
6.539193633113090653e-01 1.244095679117641767e-01
7.280726466106501871e-01 2.045813061108223141e-01
3.495984404564752568e-01 9.358960366498209060e-01
8.365746751023784844e-01 9.270379652301466988e-01
3.143763490625885448e-01 8.027105187941360187e-01
8.307365179473129579e-01 1.120428634152629277e-01
7.856674879234224473e-01 7.661343119829486792e-01
8.425785103746884497e-01 2.737730729051308098e-01
1.306888982687404166e-01 7.465448068510320834e-01
2.570774143235682874e-01 7.511255649283870017e-01
4.000340912198190879e-01 3.495361642912971356e-01
1.594056527768653378e-02 3.468249851504335290e-01
5.846752880878314240e-01 1.062515550892254579e-01
3.353832269563262192e-01 1.511691029385694163e-01
1.112829019721687518e-01 2.792123636738082504e-01
3.784630157929730343e-02 4.415223396579510684e-01
3.839170727215736045e-01 3.936921367174289754e-01
8.636856982626848200e-01 4.069353713287254815e-01
1.521839402289394128e-01 1.722538170974376170e-01
1.372122238687674411e-01 6.560605934748000578e-01
5.352026525899405973e-01 3.520119435988574019e-01
3.480424645952471252e-01 7.537881265804158293e-01
3.576650724946103810e-01 2.434498412628789410e-01
1.113429810601562764e-02 3.276344219139217806e-01
5.299253290911423164e-01 8.098823767921201622e-01
3.270670634819971001e-01 1.229751709950922395e-01
2.259578033534642150e-01 7.368801204420226680e-01
4.093382259082289920e-03 4.817941770394593703e-01
8.637921985931371616e-01 3.225318073967998744e-01
7.943687116208930643e-01 7.660125801690877978e-01
4.246601883017580015e-01 5.595411732311268427e-01
8.677921942438929781e-01 1.389520069384733159e-01
1.901313672020037981e-01 1.098144253426741740e-01
6.899613004094807822e-01 6.222868561991271585e-01
1.273969679248010134e-01 4.626939241833675220e-01
2.944692235587892393e-01 2.663944858132042404e-01
2.755138365527151079e-01 7.832683489636311780e-01
3.577256073497179778e-01 2.599211517603661203e-01
7.137402699683415008e-01 2.956184923678250032e-01
7.243984328344906798e-01 3.245831125813136708e-01
4.636255825705733469e-01 6.068065608631852959e-01
3.293362609581242939e-01 9.283404324895010440e-01
6.985198895382807027e-01 5.332423368096728122e-02
4.540157261444971448e-01 8.945890689181985600e-01
1.591164008153197473e-01 4.846253134854627831e-02
1.987631427949808627e-01 7.180778695160905389e-01
6.956637777492052921e-02 3.996970531225130241e-01
9.340893309271155465e-01 2.084128129524028816e-01
6.978623250709503623e-01 4.075221956860860528e-01
8.279004304193235964e-01 7.399162747872785051e-01
6.035316905687729827e-01 7.577896706988255238e-01
5.785129427783057832e-01 1.103414610055041961e-01
4.548595048800616603e-01 5.222119090453724438e-02
8.826442888458650993e-01 8.911745064039835462e-01
3.418643828427682663e-01 2.126421082471241855e-02
5.559558686776355785e-02 6.193847424534799639e-01
2.398231759929499995e-01 5.503813052603396816e-01
2.867901718142218392e-01 5.482600063281404257e-01
5.557086341068192409e-02 3.629425823120779881e-01
1.329460425458650619e-01 7.170779428837248393e-02
5.327191863061425670e-02 4.587711209007521163e-01
8.519650483459982881e-01 9.166379167471274680e-01
8.028067459173712228e-01 3.884595598393137950e-01
2.260193631278967219e-01 1.072688069252407256e-01
9.754298673669100639e-01 7.770199748933651618e-01
3.025277606491294513e-03 4.769230903197768656e-01
6.550948865156375200e-01 4.380956622130408595e-01
9.164106853224104343e-01 7.219180687447888101e-01
5.518862346358783810e-01 1.884847724287896931e-02
8.952029220492916384e-01 8.448936871350156697e-01
5.314397427531418749e-01 7.283267317697792453e-01
4.968636980663216907e-01 2.099498954839550957e-01
7.467743928489667393e-01 8.849053876977045485e-01
3.410093456887937358e-02 4.868051443346111395e-01
5.060067991882597482e-01 3.849076414945623026e-01
4.439804598471583930e-01 5.888782734241250483e-02
6.535917782773321694e-01 2.334598907854188998e-01
3.097920590833526111e-01 8.460676465520661216e-01
8.980655614538379794e-01 2.252052661003279277e-01
8.639686227129361740e-02 6.784274411679218630e-01
8.322840961276516403e-01 8.739513758831178869e-01
9.985995853232599861e-01 5.910853325320806206e-01
5.748645141519173052e-01 4.042411889330398411e-01
5.607031739403972592e-01 4.995699294229863363e-01
4.971304931561035811e-01 6.053520466604769279e-01
4.280875747820925836e-01 9.606128709078559647e-01
1.923700604918047175e-01 8.205824796460807757e-01
4.632034160328570849e-01 3.613094311405554704e-01
1.356648001157682026e-01 2.109412300627027115e-01
9.090397339436329105e-02 1.358721041247211714e-01
7.065918465942111482e-01 7.689641605900086052e-01
2.801194617859397162e-01 7.420171830399490132e-01
2.497425716267487328e-01 5.444013809441790031e-01
6.763293532936602848e-01 8.342812702499896593e-02
1.368810961254608993e-01 7.296686288792133546e-01
5.118444837274239712e-01 8.136875138786049677e-02
7.773223126209590772e-01 3.000733716453855005e-01
4.594186899385001022e-01 6.680858344242681657e-01
3.771479635698267163e-01 4.673188236743306967e-01
7.853631095626870673e-01 9.461297109936711580e-01
3.906645369963001602e-01 7.238120592149545063e-01
7.121863102081852359e-01 3.883029701495539499e-01
9.985261842236190510e-01 5.316730335659879403e-01
6.065649717862284795e-01 9.138879986042638404e-01
8.989181669977260869e-01 1.697819215603488807e-01
7.574855485005932421e-01 2.314543805527889409e-01
4.414448410666382827e-02 5.952818540011703963e-01
7.310254694384636931e-01 3.075528861806249847e-01
2.082542422689928063e-01 8.365364450225872828e-01
8.821462542728005785e-01 5.034318683482350565e-01
6.230765053698595901e-01 4.687374105805310887e-01
6.014273541502226372e-01 4.423433829774499060e-01
6.320941088074703007e-01 9.226422038984855023e-01
3.669930370629496119e-01 8.293484744534080910e-01
2.679382366943930394e-01 7.912961002749249184e-01
2.009582643782726885e-01 6.853374458398102664e-01
2.135411007245102688e-01 2.439679909229373889e-01
4.159844553517356713e-01 9.254413460037309580e-01
6.760935085721514470e-01 9.215216937654864271e-01
9.759844816326705974e-01 7.758244298709027209e-01
9.323424590713440541e-01 7.767839521880430809e-01
8.807106621088055531e-01 4.703980950481302381e-01
7.162073227747397519e-01 3.926749269095445860e-01
2.873513851633383576e-01 6.411417169946013184e-01
1.607711904377351342e-01 6.824426819560970303e-01
6.356492412954275473e-01 4.872807083473755796e-01
3.982754266623271810e-01 7.478848674946620978e-01
7.271075398470074891e-01 1.145050872901954980e-01
3.401211893193580860e-01 2.342946731804312205e-02
6.609066068162193774e-01 5.463162873016483845e-01
8.037621186537128315e-01 3.354070559621964986e-01
5.321012356875424176e-01 1.715847188480512653e-02
5.174168121867432912e-01 7.631208034335261736e-01
8.762089598433578930e-01 3.709652118603872784e-01
9.226207765278198192e-01 7.850755139729043153e-01
1.109343169856002453e-01 5.792385888885905887e-01
5.297382124144146553e-01 1.637644787259152079e-01
2.492545201459861470e-02 5.490537158377556404e-01
6.242879877618182638e-01 9.244733227768839878e-01
7.865654257855064779e-01 4.685616401541097265e-01
4.949469833957548803e-01 4.369353436269703961e-01
5.590036765839480060e-01 9.851976099900163764e-01
3.134159980808592372e-01 1.111235342824850036e-01
3.890059922573913531e-01 7.138071199384616872e-01
1.852064817249565454e-01 5.093118091076027643e-01
4.171032825141718359e-01 8.822808686942196221e-01
2.505342613271295815e-01 6.499604950985333751e-01
2.870793846717459297e-01 4.391206817851643351e-01
9.564736213863497261e-01 3.521957140221652627e-01
7.145779797458298721e-02 2.638927052977791954e-01
4.332508743318307376e-01 6.118916563837190070e-01
8.184269256660589020e-01 1.048323793954076821e-01
7.410047422047704169e-01 1.956704725693526048e-01
4.782030939934566183e-01 6.270316825704155272e-01
7.857902739742032017e-01 3.608665540337776534e-01
8.785443506332453190e-01 1.982011938591242695e-01
7.965508093036867132e-01 3.391673541418055993e-01
7.850424405899633085e-01 1.901361347907426502e-01
9.941103899537092614e-01 4.533035420407862670e-01
4.766342048902197925e-01 3.758335030245300024e-01
9.293395339617830375e-01 2.125593461063721157e-01
4.476219632886057620e-01 3.601112135845484508e-01
8.334992669329924775e-01 9.287591176093061840e-01
2.119623585138470934e-01 7.933986400291077601e-01
8.737247770689147153e-01 2.963645864509422134e-01
2.459453919378843390e-01 8.588098284262480897e-01
7.707656396905505636e-01 1.529757196830689447e-01
9.903647407976643446e-01 7.286146364288386135e-01
1.903093920805299377e-01 3.107104965426575882e-01
9.968968880162200064e-01 4.978474321196105778e-01
5.744034633875114704e-01 7.075101070020879401e-01
7.297789935535244910e-01 2.740331903231316701e-01
6.347783631361301193e-01 7.453038775741670507e-01
5.164909112309439276e-01 2.685500968145475564e-01
4.955558179483872117e-01 1.679473319592529601e-01
6.081026766303455622e-01 4.908572244578131016e-01
4.792031940809764468e-01 6.161715471305240222e-01
3.290715452047479062e-01 8.290496188232741037e-01
5.038484995574035175e-01 6.655403036040172804e-01
4.469394291098692795e-01 2.450425496926719737e-01
4.510738371806615188e-01 1.480239000998351262e-02
7.459686707594388455e-01 5.936731206125699378e-01
5.527348795023591388e-02 4.760741358043806271e-01
6.013298271620608482e-01 7.325396910529120564e-01
1.356499467667113823e-01 7.534278090812780437e-01
1.856090693513745837e-01 3.219059115225184065e-01
3.986284058265262553e-01 7.589989935429761192e-02
9.881825123358778384e-01 4.117290576944986347e-01
6.563779890977721188e-01 3.403980169058488658e-01
4.857102461601508492e-01 2.772398694118768936e-01
3.953595416123334427e-01 4.832976086109276315e-01
1.225132444348946414e-01 8.583770786515843021e-02
6.244020333219647556e-01 2.219916652172840288e-01
9.935416075839347272e-01 4.479605175049443666e-01
1.200693800175057502e-01 6.517308688616125778e-01
5.461671871732407535e-01 4.087407705170465477e-01
6.706001382992797799e-01 8.046523129390930062e-01
2.207712640142078797e-03 4.261711462773323245e-01
9.802441646732978908e-01 6.383192933393602164e-01
1.548093808320002707e-01 5.386497382790528254e-01
7.437245208612077718e-01 8.326526025816048948e-01
2.119400501910433943e-01 6.589483415232916252e-02
1.779941052094475840e-01 2.593391303024616956e-01
2.565665315249983092e-01 6.875651728363155746e-01
9.337586644535000868e-01 6.710377117363428567e-01
5.695523097044670191e-01 3.456130662213268145e-01
2.015167291847786979e-01 7.678289048953668150e-01
3.364860715675809244e-01 1.848070363261022919e-01
5.717629919254896276e-02 5.233219333612801893e-01
3.132346626249537525e-01 2.876977554568867501e-01
4.869929827170259573e-01 9.753377374559250024e-01
6.497862885836689362e-01 1.599607140870947797e-01
4.505452317910476623e-01 9.763490432009840070e-02
5.659756857408305697e-01 9.473110011528981800e-02
7.203028214189139966e-01 2.322953032928244399e-01
6.666956874596339233e-01 4.472167053813402848e-02
8.398744449142341306e-01 7.671572049031369911e-01
3.950673720695895286e-01 3.221576860918672902e-01
7.716168280800683732e-01 7.662362258259851622e-01
7.288885070823319934e-01 1.528204544498705242e-01
6.456855511523288405e-01 1.932798944923049267e-01
6.929322679921899875e-01 9.665628945521657078e-01
6.603056648074452362e-01 7.804666520018033182e-01
5.306829231563412463e-01 3.065884747346813155e-01
5.661168324353117454e-01 4.817628303725708383e-01
4.838173326732501667e-01 5.593325410480045612e-01
3.836461291841020138e-01 9.239278208979645468e-01
7.605355204656517598e-01 6.355462047119579960e-01
3.222420177496342353e-01 8.471577118924688010e-01
5.535054710200433270e-01 6.996619737526921234e-01
4.578231175463505220e-01 8.099291916150972437e-01
7.128640802257913966e-01 7.412182442622351486e-01
4.453321644859141726e-01 2.684428609758588435e-01
6.476445095674023822e-01 4.270322811291796805e-01
4.386274503279556924e-01 2.191712916667707955e-01
5.156031740662814222e-01 2.655668426569137153e-01
7.431107677676045409e-01 6.257739908861978950e-01
8.417476866790651879e-01 4.628458906962489849e-01
1.001349562841346019e-01 7.026010038031014204e-01
3.274589617886354276e-01 5.594136098210077401e-01
3.941775091999326630e-01 9.503506761243724066e-01
7.701347978373073166e-01 9.499674677775115095e-01
9.312931797925411148e-01 5.069421129598308262e-01
6.089487522036739486e-01 6.859231742353677497e-01
2.553771334623459177e-01 8.295158623119878172e-01
5.758193373151812011e-01 2.249045712919028883e-02
6.443333198176025289e-02 4.564988409644563649e-01
9.304802311809670101e-01 6.799263220778433148e-01
4.760028877543684978e-01 6.175366651786494687e-01
2.381133899332177339e-01 8.620122992794689853e-01
6.779121679991183536e-01 7.777415272669266355e-02
4.705531510641473569e-01 6.267764719764632453e-01
2.945741130424563980e-01 6.504208714869623709e-01
7.251742613804984527e-01 2.250869825510720679e-01
9.636150957185537491e-01 2.723254208231123963e-01
7.015746383656801255e-01 6.394961643243033400e-01
5.472521590921421986e-01 9.850009668627253134e-01
1.559015043060373307e-01 7.775456565713796397e-01
2.453706929935567382e-01 2.216312719748371185e-01
7.048232332144049872e-01 9.641913950748646212e-01
5.923540574839830652e-01 5.636664315834477579e-01
2.670909326099246694e-02 2.569255417345391868e-01
6.072687967845713519e-01 1.065719096451362841e-01
5.086799363824607845e-01 3.876724018619618350e-01
3.032034430012828796e-01 4.715478137642027390e-01
4.660704662309354124e-02 2.269452573118294625e-01
4.900844449123689661e-01 5.211535504686866105e-01
1.981048697828980409e-01 5.770234423799333046e-01
5.031793546985119381e-02 2.030159892831037149e-01
4.578512121341186125e-01 8.370208381479020687e-01
1.345938687998824157e-01 1.795875809418374103e-01
4.158993916085668707e-01 6.285183187580796194e-01
6.450747023183875939e-01 1.142509698345848534e-01
7.464153596488780629e-01 7.292819749057198597e-02
1.957110435390669312e-01 5.413003643510962970e-01
