1.635661621482098482e-02 7.225838331190198582e-01
9.127569348344577449e-03 6.274877120129770391e-01
5.561163375317090818e-03 5.583945966615114775e-01
5.118774078143539796e-03 5.163826137668838800e-01
5.128421250721104663e-03 4.827141026431870374e-01
5.652311897051509604e-03 4.577884078878725616e-01
7.332068840958494427e-03 3.975996846464175949e-01
8.646603079539905146e-03 3.729347668103021318e-01
1.692202260196307151e-02 3.020879682832252611e-01
2.331016630664872746e-02 2.658348027360571963e-01
3.010463880896752098e-02 2.494752830336276483e-01
3.642129755618939146e-02 2.345022431527027384e-01
4.513318309099390024e-02 2.144567871068521203e-01
5.518175817305237540e-02 1.930121998537360772e-01
6.590594718438969046e-02 1.741161021012199717e-01
7.832757017755953566e-02 1.538837588194513772e-01
8.114485590769171530e-02 1.496924210401292532e-01
9.119952087484450853e-02 1.358660695283493425e-01
1.065423756841666902e-01 1.174995482600376118e-01
1.256665404173229472e-01 9.700393885117308823e-02
1.573618123005553482e-01 6.606769533877765443e-02
1.709750093641290158e-01 5.879778186022044384e-02
1.841200029520334569e-01 5.287577566472956292e-02
2.122998106466028601e-01 4.058706622759944427e-02
2.288982545170036298e-01 3.525688046802544218e-02
2.437350014688718369e-01 3.156312840172292855e-02
2.849148908405909619e-01 2.370509176047996824e-02
3.005355093622953389e-01 2.072937838008681588e-02
3.079559225475472228e-01 2.015769825211888300e-02
3.719971044088455914e-01 1.657850034950303364e-02
3.779391959551857694e-01 1.678763592751142397e-02
4.025225080942957945e-01 1.815940931913628820e-02
4.152722229526674136e-01 1.936256963499538575e-02
4.248486248291035716e-01 2.053607941774182599e-02
4.400929231398919006e-01 2.245866365573645496e-02
5.451487661515300731e-01 4.006864887395811259e-02
5.769308549788261242e-01 4.549505085674010463e-02
6.257120844288879269e-01 6.374393081493723301e-02
6.339249634912687004e-01 6.706601345313245588e-02
6.625929090868365456e-01 8.227551388636933360e-02
6.939369264602602838e-01 1.015858521480602628e-01
7.082083474189228012e-01 1.109582592419721125e-01
7.485260839628589125e-01 1.386324776620145860e-01
7.762359378147147826e-01 1.595804156579504474e-01
7.961845828769383848e-01 1.755498451392059067e-01
8.086475737802940600e-01 1.879382036341474826e-01
8.179747681889397715e-01 1.981845362285494794e-01
8.648385938126658123e-01 2.514170227911699529e-01
9.034161489722973837e-01 3.012465183276217262e-01
9.065527360487898312e-01 3.061044208867584882e-01
9.215420712349281507e-01 3.330382385738952511e-01
9.241257854666083960e-01 3.380006499780571216e-01
9.368821098813604475e-01 3.639072325444496769e-01
9.433662301150106400e-01 3.793108937164767491e-01
9.585560415218460362e-01 4.195138498469497268e-01
9.648733365773826121e-01 4.403252765774576805e-01
9.686010254585324386e-01 4.551949372143494488e-01
9.768973109527177012e-01 4.896174006907925147e-01
9.838233599428096721e-01 5.253653569538477841e-01
9.904707230147521413e-01 5.967351947946679669e-01
9.924852930115078964e-01 6.216551301041823852e-01
9.948401309761373268e-01 6.518950351476219263e-01
9.948812259218564602e-01 7.132652690108400861e-01
9.936778931711440777e-01 7.641296522730983698e-01
9.912927454625105606e-01 7.929191892703038036e-01
9.876169323492189900e-01 8.068158575960719947e-01
9.802191057858399281e-01 8.318694929905159352e-01
9.778705885239633577e-01 8.374589294088952141e-01
9.537745265496998526e-01 8.771624158322633980e-01
9.461356762314331315e-01 8.836999060343891932e-01
9.247363510265420583e-01 8.967130720450345871e-01
8.992143562962445769e-01 9.110509768680868925e-01
8.959878630274112910e-01 9.128502717840376590e-01
8.781671627454030737e-01 9.225993099077268722e-01
8.573155114667947441e-01 9.311269882385276864e-01
8.407844895162055465e-01 9.378036970434172614e-01
7.817174179644837961e-01 9.516512782212750432e-01
7.182785709990391343e-01 9.662912586939190751e-01
7.063958943931655243e-01 9.688734800892536692e-01
6.870590988156182188e-01 9.726116723595534808e-01
6.533485171726448604e-01 9.778929467234801498e-01
6.427384611378431645e-01 9.789600864295907590e-01
6.233665619661938884e-01 9.805071283413874239e-01
5.890664052559225761e-01 9.812792509450709577e-01
4.915587624036658054e-01 9.831141452011260551e-01
4.640052119240934969e-01 9.834214996504969664e-01
4.078261828473741524e-01 9.769376012518157237e-01
3.423847221494754622e-01 9.660498760677805885e-01
3.159070962976782138e-01 9.607988114188443785e-01
2.524681613011517944e-01 9.474659159692849775e-01
2.460689917468786847e-01 9.459734450071174416e-01
2.189081964308827732e-01 9.348421673234355023e-01
1.722545074889152428e-01 9.050654435935723274e-01
1.418030412813381380e-01 8.820489632240722244e-01
1.151857108437668309e-01 8.605462471727001184e-01
5.015898713326738534e-02 7.962837088695607912e-01
3.500592434628457816e-02 7.712897850321565052e-01
2.641141767407739760e-02 7.547729554175757194e-01
2.470416163911470786e-02 7.511819449550788397e-01
2.258196342505824905e-02 7.445414067829893012e-01
