9.775715159123270492e-01 2.801165605755906451e-01
9.896327035332896926e-01 3.586018747885142410e-01
9.911304794061126522e-01 3.721058422411751554e-01
9.925465964086959136e-01 3.874733631786104748e-01
9.948194015220588327e-01 4.157498495882080425e-01
9.962676714920317700e-01 4.469816574052664082e-01
9.942526278925487571e-01 4.912343845039371937e-01
9.927393050866835100e-01 5.073670771484826147e-01
9.884768466423334843e-01 5.321670318770548302e-01
9.831539646502811536e-01 5.605427599393000282e-01
9.798458897889952279e-01 5.774043323030206842e-01
9.699766398740166107e-01 6.221050940439618593e-01
9.680159322782813103e-01 6.280408901821165069e-01
9.419166343492868521e-01 6.981726911236714184e-01
9.112217534797046881e-01 7.572133982827844445e-01
8.980349841555392842e-01 7.765578485273774145e-01
8.919731134340926904e-01 7.835012775521517092e-01
8.906759858874353508e-01 7.848647881232664325e-01
8.767721587892589596e-01 7.978044779037049006e-01
8.376990755480600015e-01 8.297671102910616492e-01
8.126162864545831699e-01 8.496054117234043135e-01
7.873001240521713129e-01 8.682914597096011988e-01
7.272414692495619004e-01 9.057563693072194777e-01
6.861553217795268722e-01 9.270558699590993879e-01
6.521133616323446791e-01 9.442887509423242287e-01
6.467717293891634966e-01 9.467593595155361363e-01
6.204282426732130595e-01 9.579959377944147203e-01
5.508798426619214705e-01 9.781803920903794358e-01
5.246236376760859965e-01 9.852143529217562978e-01
5.199966885448314979e-01 9.863953591633263240e-01
5.017783588756883351e-01 9.888902135153997408e-01
4.288957574189766198e-01 9.953204302033584749e-01
3.299317179710272163e-01 9.931636969523349734e-01
2.727444595374513558e-01 9.919110096522881781e-01
2.071278454040754169e-01 9.903822020122554637e-01
1.898103076369401232e-01 9.896132802459521871e-01
1.326503774246048928e-01 9.846979360041382412e-01
1.176112477192544081e-01 9.696914825331588439e-01
1.060509920004625850e-01 9.571682877335049300e-01
7.727733132380859571e-02 9.256443040948886258e-01
6.198851426386292607e-02 9.081369746567414802e-01
4.658100897630929049e-02 8.820076888689981631e-01
3.770475515098253849e-02 8.629435598573582666e-01
3.523940750949011713e-02 8.536256448319183843e-01
3.131863170813992125e-02 8.383001257904032499e-01
2.167508286222080693e-02 7.977274641191567373e-01
1.613405478851454022e-02 7.736728153335142855e-01
1.334498465150751878e-02 7.608517683080989746e-01
9.171761615964835190e-03 7.341251458811001163e-01
4.940705675539003305e-03 7.064116812982947913e-01
4.730603812329869928e-03 7.050137415928352524e-01
3.996898846665819516e-03 6.484508653371447995e-01
3.732328507968174502e-03 5.931820345966902774e-01
3.736059493340604387e-03 5.743105467492702898e-01
5.331802999197610138e-03 5.420329408597650556e-01
8.798645405986349477e-03 4.812417979292754611e-01
1.111943987586466731e-02 4.526973715372416551e-01
1.301447490168455845e-02 4.387735848204604716e-01
1.725324241722098195e-02 4.159576182015054524e-01
2.031893139912638313e-02 4.041772242988498354e-01
2.747416875403058123e-02 3.827523717614508270e-01
4.462320602961405980e-02 3.413062027017826905e-01
5.053641889115928487e-02 3.271801429822016605e-01
7.308041610189092152e-02 2.899079016945935727e-01
9.155699247934429019e-02 2.597266778256038799e-01
9.480406675549751805e-02 2.545964484144522810e-01
1.027744335628809069e-01 2.436432259629150998e-01
1.047146821615340673e-01 2.413187398808640527e-01
1.237151562943099026e-01 2.198854627093466130e-01
1.544755881907464157e-01 1.866142976763476291e-01
1.650972163002936699e-01 1.757988981964861974e-01
1.756366135876643031e-01 1.665338539611413982e-01
1.781274466251931421e-01 1.643904992678866250e-01
2.162606133811034170e-01 1.326358224751318371e-01
2.517473883745837138e-01 1.090899274723025059e-01
2.715294573260063626e-01 9.639381886733067173e-02
2.958408605870978536e-01 8.202442757113093119e-02
3.147812301473174590e-01 7.222852021171388692e-02
3.471490286216166177e-01 5.890921220044098572e-02
3.673665212096782207e-01 5.269535201541597491e-02
3.769792734519989419e-01 4.998239043676289128e-02
4.547409574954362488e-01 2.859740593147741539e-02
5.034947271066574359e-01 1.543191066328430949e-02
5.189745504494704953e-01 1.194507545253908898e-02
5.562200731173267965e-01 4.679569796641414037e-03
5.960435178317129434e-01 6.936723794008892163e-03
6.207396799113427122e-01 1.174125927963154403e-02
6.254473292321500733e-01 1.271492344466296220e-02
6.818444648607095981e-01 2.620523567531896081e-02
7.493366885472516614e-01 4.340035086159910183e-02
7.663996423070698061e-01 4.936032258637967907e-02
7.900014878624850301e-01 6.083463699760260912e-02
8.084703709824045958e-01 6.991115086528365552e-02
8.360336090393372110e-01 8.793214342870059319e-02
8.866145690608751018e-01 1.221919671617192060e-01
8.964214430933701294e-01 1.322950736733429222e-01
9.365328536274108995e-01 1.920452928057848618e-01
9.535877919582389506e-01 2.202293245469379990e-01
9.705189510947445086e-01 2.606349233362129647e-01
9.730118679931383241e-01 2.666735275371944214e-01
