3.685817735624030700e-01 1.649662639033444567e-02
3.794524343840195435e-01 1.399101850015460613e-02
5.146051947608425436e-01 1.058369939303027696e-02
5.869082674659098497e-01 9.289764665836197644e-03
6.033848289195191672e-01 1.035273221681032307e-02
6.372590431681535161e-01 1.482714967420462049e-02
6.664143912087756583e-01 1.976544756071685338e-02
7.195408979540006689e-01 2.987110143798177297e-02
7.405314459635990998e-01 3.438803072414209350e-02
7.473395121481359871e-01 3.605841894670402947e-02
8.146651117149013022e-01 5.354349697757121440e-02
8.380923258507809726e-01 7.121978458789468558e-02
8.593110508074193188e-01 8.923752584766486695e-02
8.816691244881573741e-01 1.095869417656876177e-01
8.883473702736789379e-01 1.172376205377269054e-01
9.136601872776062283e-01 1.484282762539653744e-01
9.319104391677470733e-01 1.808478496145422554e-01
9.421694116953485132e-01 1.993351409140804442e-01
9.457576748453851989e-01 2.172171346204018194e-01
9.508469553448409828e-01 2.502727472310039003e-01
9.517885279225091200e-01 2.571437431977033894e-01
9.552290939400817082e-01 2.824991897577496802e-01
9.565542782294422786e-01 2.935309482232384415e-01
9.646417387276114974e-01 3.686003776288713230e-01
9.666263427770366290e-01 3.905818818369826140e-01
9.711261190164469648e-01 4.446303306968764080e-01
9.727505884479635823e-01 4.745629120751049257e-01
9.772280097438055257e-01 5.782087778165564407e-01
9.782321327116507703e-01 6.173593586384389376e-01
9.767091882922833701e-01 6.511224104163195747e-01
9.735551302356340031e-01 6.744696995073273804e-01
9.587531227541276069e-01 7.547643966625717793e-01
9.545790383655342604e-01 7.723179612375159486e-01
9.425259600492140732e-01 8.172837332591381676e-01
9.380204570750828585e-01 8.332450964250278647e-01
9.318924655895641784e-01 8.522049135256545283e-01
9.157259214381174850e-01 8.816394591548806225e-01
8.932665851769220344e-01 9.189354973343460964e-01
8.846315406049415353e-01 9.284581461112294543e-01
8.774589168825764895e-01 9.360635710643299134e-01
8.614241358590188913e-01 9.473277667949718817e-01
8.340289429433255242e-01 9.656023852558077714e-01
8.186365603575743721e-01 9.726102363315726196e-01
8.145795948274957565e-01 9.736513036689489198e-01
8.117458350103399223e-01 9.741946659464684188e-01
7.752853865689236512e-01 9.811479234966616891e-01
7.538133800514446037e-01 9.845413616099907284e-01
7.268716540678692439e-01 9.866254950939282731e-01
6.647829349538731947e-01 9.907102353341638024e-01
6.501664266476275822e-01 9.907071054840232982e-01
6.217238432000984361e-01 9.905656326353775576e-01
5.410201163324807050e-01 9.889005890804871690e-01
5.000909780534743554e-01 9.869474285811494774e-01
4.655321767096419761e-01 9.849905446748578042e-01
4.376843039084256093e-01 9.800593629598010059e-01
4.035759627583381803e-01 9.732679304298392786e-01
3.914492374116621543e-01 9.702834753720249727e-01
3.741064641729981988e-01 9.647615727296176003e-01
3.521672228122015857e-01 9.575467154699134342e-01
3.462271847206979114e-01 9.552961933483762325e-01
3.346889427764903058e-01 9.484370121493753691e-01
2.914418658042818855e-01 9.196528798551197870e-01
2.603996108230133277e-01 8.960759121841604946e-01
2.087558236639917020e-01 8.559882732125760896e-01
1.876007678123862155e-01 8.357542810681924950e-01
1.540682898333296524e-01 8.036162322824614845e-01
1.296479275783788410e-01 7.792760109983218886e-01
9.513247472078922851e-02 7.446918520528266194e-01
8.659919746762689829e-02 7.346271947137400504e-01
7.205115740926903989e-02 7.125065198883272499e-01
6.708126866966668267e-02 7.025107935656068614e-01
4.936271438808237377e-02 6.558266170122758476e-01
4.389617338882190190e-02 6.378613095064992189e-01
3.686226431550065907e-02 6.147302799491500824e-01
2.606560449137484969e-02 5.694699040968220771e-01
2.504883453282258365e-02 5.635532345810030375e-01
2.365071229226267668e-02 5.512957212220943592e-01
2.275264366221740886e-02 5.431369925249647235e-01
2.177965824668015582e-02 5.134134427793640709e-01
2.176786728834934070e-02 4.951948099236338496e-01
2.384145445244967298e-02 4.614140605018881569e-01
3.049577036608641656e-02 4.254876379418282006e-01
4.019936381540933912e-02 3.922473743235179722e-01
6.160132316830335686e-02 3.195245031452884632e-01
7.832299991831348507e-02 2.700417827085191957e-01
8.529766639989544430e-02 2.547438479762628161e-01
8.930440559235519604e-02 2.462173003493977053e-01
1.074914514539641042e-01 2.110667014233446048e-01
1.155515734868940436e-01 1.964692352243178064e-01
1.344934571838993786e-01 1.653060275398098300e-01
1.389713621448566139e-01 1.587091453672684338e-01
1.481198914959637181e-01 1.462983822541176204e-01
1.575814049229169456e-01 1.363938115172022014e-01
1.687915559061752280e-01 1.250711778360978910e-01
1.873638231650496255e-01 1.066684239101945986e-01
2.024593101829366137e-01 9.515296727109479047e-02
2.537148415459504758e-01 5.943337905085110950e-02
2.700258874508910667e-01 5.150855347873140033e-02
3.208864252151973906e-01 3.020725270425694831e-02
3.470597632719624182e-01 2.190641483649691246e-02
