5.180732450489555774e-03 5.041387228415744604e-01
4.343842911272322027e-03 4.239828603203761315e-01
4.600345803240424303e-03 3.916970030482157528e-01
5.851464028122088656e-03 3.798210616911616988e-01
1.441385955032370436e-02 3.038222941795694076e-01
2.049088344476934775e-02 2.670830944529015705e-01
2.213577546029388277e-02 2.587140356275171582e-01
2.407055140357672318e-02 2.526535725609234673e-01
2.841062604447897044e-02 2.400505369538437073e-01
4.101778851659465541e-02 2.165120899679647826e-01
4.687308495887720916e-02 2.063933149905838871e-01
5.166928157682015854e-02 1.982624751285400055e-01
7.982578837560150298e-02 1.643038003316638074e-01
9.190660104194126045e-02 1.522681479059075915e-01
1.212563209859200963e-01 1.233281909080420347e-01
1.285378243253348929e-01 1.177352666579284390e-01
1.347279895025381702e-01 1.131899336823114499e-01
1.769641741141534386e-01 8.288218087332932527e-02
2.318549164441822130e-01 5.096573263875237014e-02
2.468415052460283254e-01 4.248171393982802524e-02
2.490912442856647591e-01 4.153679839641033489e-02
2.659759809097165251e-01 3.559686016775787110e-02
3.020463941847371103e-01 2.523687666591112322e-02
3.101968156699118628e-01 2.373761682251174232e-02
3.797131787018515059e-01 1.097189952158506010e-02
4.108256996580231801e-01 7.601303427472005936e-03
4.661357699438322122e-01 3.388697123548056744e-03
4.768800444347405243e-01 2.934752260233319809e-03
5.785787399504072059e-01 3.678667386756817592e-03
6.003426440979159340e-01 4.165415332014865690e-03
6.186182137718817531e-01 5.228359263546700220e-03
6.671005943501460145e-01 1.831700397983193618e-02
6.998897702766959661e-01 2.866348965043552521e-02
7.399263459713397717e-01 4.368385985035183605e-02
7.635381608150735300e-01 5.465027792241727855e-02
8.026761427149730066e-01 7.368514147595783825e-02
8.053831993138516054e-01 7.531313150689844527e-02
8.247359249422857586e-01 8.839284309989037247e-02
8.526723951783049538e-01 1.106340716351238429e-01
8.820068272441508039e-01 1.404565434041935568e-01
8.922724023228010282e-01 1.515037118642719172e-01
8.974092783495544179e-01 1.596686925574775096e-01
9.115489297607581864e-01 1.837827515025225456e-01
9.397388516300291261e-01 2.319052394170461051e-01
9.515352664308377451e-01 2.601534927269829600e-01
9.682169775960016711e-01 3.047821437789330901e-01
9.763861937912964306e-01 3.401094712421448563e-01
9.814287459790838053e-01 3.681129054119722799e-01
9.914101422654906237e-01 4.570228574856142201e-01
9.949955036227450256e-01 4.949021849437397202e-01
9.952310080891317856e-01 4.998391130733365051e-01
9.956561570887276780e-01 5.165998841294785482e-01
9.938616301738337766e-01 5.526872334202820314e-01
9.914097138304207579e-01 5.906569906281676774e-01
9.893805662683586855e-01 6.112087588477219668e-01
9.875683916510511473e-01 6.282138009137642198e-01
9.836228001735530801e-01 6.483306109073462276e-01
9.797402377290995723e-01 6.677313367351822571e-01
9.731732422920192915e-01 6.930728273165470688e-01
9.473797953101895652e-01 7.652742418334012031e-01
9.383151605420150254e-01 7.864118731146294561e-01
9.165511276416128394e-01 8.167258919868934930e-01
9.139036441461850790e-01 8.200235231014575410e-01
8.988943238082248710e-01 8.383100451154466004e-01
8.872053417746362802e-01 8.503416545438513552e-01
8.682337286129860887e-01 8.696425847768995965e-01
8.410886762149842877e-01 8.923563496479562929e-01
8.268468911274059474e-01 9.028542476472372069e-01
8.051320713731565659e-01 9.187820273151443562e-01
7.771135859863569362e-01 9.380640652822596071e-01
7.581775345154673218e-01 9.454764700013850165e-01
7.063312733244051511e-01 9.608547735911390220e-01
6.912550978716377470e-01 9.652119598100626918e-01
6.279976600878014459e-01 9.796974268103251227e-01
5.835885754987829577e-01 9.887739748606954038e-01
5.135179967029822601e-01 9.958273039272267368e-01
4.766369024484482519e-01 9.970652477397666802e-01
4.425569462956168154e-01 9.965915716122825119e-01
4.130371657773218574e-01 9.957344205491318601e-01
4.016535219207630902e-01 9.948169885616513497e-01
3.909031879753728234e-01 9.917646459596625164e-01
3.744579226684781048e-01 9.864006932454246757e-01
3.603934756272183515e-01 9.799182809082496171e-01
3.520282633742589651e-01 9.756035377138544407e-01
2.998377709473331043e-01 9.485955278427880000e-01
2.865563882808344065e-01 9.415893338516414524e-01
2.551458433214750521e-01 9.244161559831124420e-01
2.290285807989790312e-01 9.084534054139768999e-01
2.133953714109065869e-01 8.987515791936047105e-01
1.758390110836097753e-01 8.732380068574483456e-01
1.591180934290892246e-01 8.607264329824407811e-01
1.295175151414846848e-01 8.319735145073453575e-01
1.225553220262789456e-01 8.248673899575411639e-01
1.062236649564517466e-01 8.052895798325779841e-01
6.913449465044818609e-02 7.578685060925709482e-01
4.031812555509406426e-02 7.152350689706948872e-01
2.440515878167848207e-02 6.908803075336999999e-01
1.324516188310176368e-02 5.961217864620041995e-01
1.185294750729259938e-02 5.836079252956057895e-01
9.523096058031477185e-03 5.608684282323090908e-01
