8.012888106040106928e-01 9.219515912281098791e-01
7.898165644996599788e-01 9.335069837936278425e-01
7.182563918750418663e-01 9.698138148241310930e-01
7.000290462460313501e-01 9.788919959319137831e-01
6.656359227728085859e-01 9.853746393445813601e-01
6.289438647595504417e-01 9.910879900292770550e-01
6.093706449144804527e-01 9.932603774440771360e-01
5.954732119543528768e-01 9.938800710093653734e-01
5.480695318473074451e-01 9.914018581616304004e-01
4.870467250548545790e-01 9.853689929192094299e-01
3.325059000873052950e-01 9.693200861664774681e-01
3.220392522226097620e-01 9.679061090778244836e-01
2.981047731925491329e-01 9.643899673153636387e-01
2.653258751026376094e-01 9.551516984899841578e-01
2.442116361545720871e-01 9.479269745147990145e-01
2.042048144980463942e-01 9.320742606539670350e-01
2.001138380098370639e-01 9.304081314822376658e-01
1.721015451062442025e-01 9.170277465665358507e-01
1.259310572859750899e-01 8.940222789036103013e-01
1.170766573574457681e-01 8.896085903729583633e-01
9.785683101036346532e-02 8.796187264531012406e-01
8.195289992765886211e-02 8.708573572093215587e-01
6.942860145968510199e-02 8.630089744051551159e-01
4.207567907820475295e-02 8.434008861570846394e-01
3.075260228335019441e-02 8.318687283895045415e-01
2.478061398798048209e-02 8.240510519183400495e-01
1.974396135200806590e-02 8.161059577913640783e-01
1.739714753165955141e-02 8.077625266554431249e-01
1.203637700390347565e-02 7.869555639419730797e-01
7.624154820150330636e-03 7.555369591750941138e-01
6.630230853766017063e-03 6.962827516692500218e-01
6.323801442700838216e-03 6.524051593526707382e-01
7.414284310311103354e-03 6.305237065834032872e-01
1.907601083288867905e-02 5.436956738161747849e-01
2.112315043871770825e-02 5.308474967049447990e-01
3.373540083404114043e-02 4.721088881160117046e-01
3.806774130882939478e-02 4.536869121165185703e-01
4.372443900655131888e-02 4.319041814283621772e-01
4.898708693574127526e-02 4.141372897539602471e-01
6.943722237721683399e-02 3.514924946323668697e-01
8.844848039345998281e-02 3.038695466195419082e-01
1.081608074946933673e-01 2.661922341890818888e-01
1.121831268759311273e-01 2.586350192474865528e-01
1.291836117696159025e-01 2.295049087815915767e-01
1.519817502178878454e-01 1.931001708406175910e-01
1.721215731791365666e-01 1.635939781782895786e-01
1.811123484168184472e-01 1.520835084034489748e-01
1.919120219573418051e-01 1.393792384916792138e-01
2.042707387439258726e-01 1.250298384986071598e-01
2.593287817063504308e-01 9.110424060784749756e-02
2.801295574567151947e-01 7.885500767726016935e-02
2.933423675193304048e-01 7.176497785743041202e-02
3.045809220092197123e-01 6.666170120613679195e-02
3.108649094048482331e-01 6.395961558706908523e-02
3.942153434695574443e-01 2.948711053826580386e-02
4.541667865831662265e-01 1.580892645081166670e-02
4.611032162314380178e-01 1.473564268491933671e-02
4.852157303165857138e-01 1.114808228274299928e-02
5.003345446714653200e-01 9.638904796507974382e-03
5.318444805167085176e-01 7.908948258687154009e-03
5.437468287788057575e-01 7.277946472995400207e-03
5.841143996669688754e-01 6.119928990634737609e-03
6.412032727359281425e-01 6.897109486071584250e-03
6.741256758158834517e-01 7.783099709318341830e-03
7.281392974720405364e-01 9.896703236400572479e-03
7.386946158242145843e-01 1.246445761903447469e-02
7.558129679724817640e-01 1.844427052294750347e-02
7.872657650884996583e-01 3.255043731159468212e-02
7.981811829154182858e-01 3.990617935059814769e-02
8.350672645614843903e-01 6.580218632663104028e-02
8.582887683808252399e-01 8.399820276823277698e-02
8.833557495338929533e-01 1.037487391440869988e-01
9.061125499834689068e-01 1.234970124059067142e-01
9.185255822950657567e-01 1.369133586886259746e-01
9.207572366801770603e-01 1.394576432112171194e-01
9.282582402631285312e-01 1.505404304288613382e-01
9.393467342468053705e-01 1.679987056764896680e-01
9.573649252674022447e-01 1.970500818023792622e-01
9.594726453302681035e-01 2.013919564240016502e-01
9.657189190836066306e-01 2.209557669418964476e-01
9.821312965790478522e-01 2.737490366839849809e-01
9.921721273264179075e-01 3.128391315314337229e-01
9.926957953238121357e-01 3.209498066022568041e-01
9.934359345373708905e-01 3.804651132955571002e-01
9.936761985572992728e-01 4.006033849030425920e-01
9.926741743772693471e-01 4.379064434550115070e-01
9.910554573486934915e-01 4.932951370413067860e-01
9.906862000506728716e-01 4.983566556742033971e-01
9.867537169806314123e-01 5.279944411959809347e-01
9.659362681785333971e-01 6.187555665493318369e-01
9.559367268200381629e-01 6.600082916578904335e-01
9.472298126666667262e-01 6.855844395542616265e-01
9.361236562932613303e-01 7.139405888520127252e-01
9.336595481441311017e-01 7.200313466561930609e-01
9.176149235048205455e-01 7.572453429155305837e-01
9.090053766371162247e-01 7.735770474248570006e-01
9.026621092945967817e-01 7.849936831966425332e-01
8.862543283366873803e-01 8.133784238936709876e-01
8.484803677651956422e-01 8.730043916716542229e-01
8.103054879132651767e-01 9.127579164377478405e-01
