1.312164752408683244e-01 1.302021936952860726e-01
1.528276141247102426e-01 1.159759675994058714e-01
2.906319343669052646e-01 5.232167569050483191e-02
3.092137997888776413e-01 4.436339624217888744e-02
4.233285061157971985e-01 1.414665165628670174e-02
4.323429493911860044e-01 1.208178634274481578e-02
4.706550939853346716e-01 6.890195679852495481e-03
5.240331205249781910e-01 5.077290478569529419e-03
5.471246810171875863e-01 4.566760976492223456e-03
5.880505555487987035e-01 5.035583445086144749e-03
6.360801321119798901e-01 1.419355972123814702e-02
6.743230798151252925e-01 2.181788219426217257e-02
6.784517283284805522e-01 2.328751316789468007e-02
6.930790635701379321e-01 2.870604276764998630e-02
7.093588783718645097e-01 3.657444567668144408e-02
7.492071862743591160e-01 5.597972883406088229e-02
7.829075181499353109e-01 7.612952126828453903e-02
8.185470124184048846e-01 1.030141964287728529e-01
8.220078854520660450e-01 1.065845358586209324e-01
8.549386224000279366e-01 1.453917624275675724e-01
9.017120216062664007e-01 2.084657855224878453e-01
9.371356158088760546e-01 2.987143173102293492e-01
9.442276961073712283e-01 3.175292513901832869e-01
9.455400610385267246e-01 3.215242794032652229e-01
9.659763376078425168e-01 3.837772661151559461e-01
9.742840403299509733e-01 4.211374480267464637e-01
9.805500076303304002e-01 4.626378059143522181e-01
9.883876353299975159e-01 5.783262771861165108e-01
9.908922885040936102e-01 6.205076270395784022e-01
9.865421705330377211e-01 6.505813629232481965e-01
9.816391705291259706e-01 6.757571279538150399e-01
9.776308238325176481e-01 6.915656377156975676e-01
9.731763205584208487e-01 7.041049961883744102e-01
9.702177705378574046e-01 7.100968957546487381e-01
9.342083653561126244e-01 7.808548646903729074e-01
9.310576832943476822e-01 7.867810895827198614e-01
9.171659198751280773e-01 8.113458664781711960e-01
9.110763779288099107e-01 8.217151955021353427e-01
9.030354141871124174e-01 8.299000936846068210e-01
8.738117997382452984e-01 8.562860187167760095e-01
8.404972703396317302e-01 8.811301151075076055e-01
8.242142137603718499e-01 8.917215093008067361e-01
7.777509827738156023e-01 9.208547737059997740e-01
7.606636814696668969e-01 9.294842112835973724e-01
7.358919248462322260e-01 9.413602563808920465e-01
7.136164200656249790e-01 9.519598436947518394e-01
7.032015334526806605e-01 9.561875764705682901e-01
6.659251207784452342e-01 9.702342204920711977e-01
6.548248920390320471e-01 9.732541707899605710e-01
5.736354048931403549e-01 9.874653412588777490e-01
5.294366654427914431e-01 9.941351284626297469e-01
5.158417348333568242e-01 9.954332390235077765e-01
4.573207608972599258e-01 9.950668552556127811e-01
4.315810739409717822e-01 9.944458332598655748e-01
3.935578780685698996e-01 9.899791098733421446e-01
3.812252697914302324e-01 9.881826053407790633e-01
3.435219679357393030e-01 9.815969300042567403e-01
3.258789676681864700e-01 9.784681156108732125e-01
2.951374159116602058e-01 9.719950218966333377e-01
2.797692804963060054e-01 9.674434819058891355e-01
2.596812395533090179e-01 9.534726902676584626e-01
2.542462553636081202e-01 9.491175447540124432e-01
2.065017863079383620e-01 9.073023589770972119e-01
1.338032875199138827e-01 8.346375858816273974e-01
9.057480834236020240e-02 7.719762337132333174e-01
7.094234096954687985e-02 7.353763612853070342e-01
4.129408373567222679e-02 6.607198904731200750e-01
3.684180161954864197e-02 6.465924283244847137e-01
2.187251379942023455e-02 5.932929751416710085e-01
1.193415529574215483e-02 5.302207403094245652e-01
9.107711495906500865e-03 4.161511918719307257e-01
1.168266498469228143e-02 3.404097463061939166e-01
1.266563975370138539e-02 3.335772334222970592e-01
1.885888105172162099e-02 3.105611783364224943e-01
2.571000828005853833e-02 2.912051063936693662e-01
3.594488553126662378e-02 2.656013794636110648e-01
4.758649729896469172e-02 2.390089078757418051e-01
7.374899597434758647e-02 1.929291617886611521e-01
9.322513003685140021e-02 1.656881825772383854e-01
1.144520057685055603e-01 1.454736198310012663e-01
