6.094091860164352337e-03 3.965215346081184533e-01
7.887265556469735817e-03 3.827534268184639155e-01
1.006472009594300276e-02 3.670084117551452030e-01
1.030386472740824066e-02 3.652904282974509531e-01
1.133182314468844654e-02 3.581111448343874404e-01
1.400684697589521521e-02 3.396402530718886092e-01
1.530888087358156513e-02 3.310616935835952734e-01
1.543767394141942750e-02 3.302134102813681915e-01
1.617312772203277627e-02 3.258756815278145424e-01
1.783657234616792264e-02 3.164049962536453764e-01
1.913260687954893013e-02 3.090920675381290117e-01
1.940079560409885273e-02 3.076101311725688570e-01
2.066873569330412996e-02 3.009364619183907408e-01
2.092105331517352118e-02 2.997643146083758259e-01
2.339170375087634701e-02 2.884235365769456383e-01
2.563848009008579121e-02 2.783671052160147097e-01
2.625693495639996877e-02 2.756544810249107469e-01
2.704052856107258540e-02 2.722484226100149174e-01
2.875162414637139063e-02 2.657732148034138708e-01
3.043677153219287446e-02 2.599243551655729956e-01
3.135107085795879600e-02 2.569411761827194995e-01
3.176014687274081316e-02 2.557069041100996643e-01
3.437650428782018652e-02 2.478323632303416346e-01
3.532925497434785678e-02 2.452103447889766308e-01
3.586748779634668649e-02 2.439570796524245244e-01
3.645318472548680910e-02 2.426066661809205272e-01
3.789098565640253158e-02 2.395290651129368120e-01
3.857728651261088659e-02 2.380669633814055386e-01
4.192153525585023965e-02 2.311037031423678334e-01
4.511624623338089668e-02 2.245688456836596458e-01
4.709804291985758562e-02 2.206306805603551746e-01
4.954800385308327781e-02 2.159618342897576815e-01
5.103864016422826611e-02 2.132675870634309634e-01
5.212668953533478033e-02 2.113123906866452018e-01
5.432274657507324411e-02 2.074334794340279009e-01
5.606611933645705426e-02 2.043646209787137735e-01
6.035408509544898381e-02 1.968397698736166213e-01
6.107779659999573729e-02 1.955970112473666145e-01
6.337571138695557993e-02 1.918272017937249219e-01
6.412527424847586088e-02 1.906191151350008495e-01
6.786370014832304731e-02 1.847189451924474701e-01
7.120696716382562963e-02 1.796174789576070463e-01
7.904941691247463487e-02 1.684122227288110674e-01
8.109831539652861965e-02 1.655091272167548144e-01
8.149409586541517259e-02 1.649518128073785839e-01
8.361299888484025056e-02 1.621007987473310763e-01
8.434006971089830218e-02 1.611395625614578941e-01
8.684700055711019884e-02 1.581681786914046484e-01
9.035987343145540640e-02 1.540134541135123047e-01
9.723484653603425842e-02 1.463597695456363423e-01
1.014626562382009989e-01 1.418501891000208959e-01
1.047748876977892540e-01 1.383413701469357049e-01
1.227792177870307699e-01 1.203107455638249279e-01
1.234267710410398844e-01 1.196704534694349453e-01
1.286946885803599838e-01 1.144720667588651208e-01
1.317878402700066176e-01 1.114849969286765274e-01
1.436905865286864370e-01 1.007790064348150771e-01
1.459319288556168437e-01 9.879709696128347041e-02
1.473549010250933544e-01 9.755254253043810220e-02
1.488863225548989200e-01 9.634083392778725052e-02
1.538675963737255459e-01 9.259205497107092508e-02
1.554714003289527358e-01 9.141931532613789546e-02
1.587293991966516882e-01 8.918063343891569072e-02
1.619918260826432310e-01 8.699917032645743120e-02
1.662096392955643709e-01 8.426967844840926869e-02
1.782885399989325159e-01 7.646734412499056610e-02
1.909656246766236465e-01 6.834012082845286606e-02
2.075042938778035029e-01 5.794802749355854044e-02
2.130789859938985731e-01 5.445612321503623399e-02
2.166555499325397149e-01 5.226286888397302377e-02
2.173059050850940088e-01 5.187710098293274452e-02
2.234812182556848437e-01 4.831004747104694630e-02
2.270489635609648782e-01 4.624946876390323425e-02
2.286016317279973564e-01 4.537851967754102933e-02
2.338606629350950539e-01 4.245846807694642067e-02
2.354469725014825543e-01 4.158257321222191827e-02
2.377970452315164018e-01 4.034005158594189400e-02
2.455591374141093408e-01 3.716980922618950967e-02
2.539889468138631368e-01 3.380179828500795569e-02
2.593708029409718674e-01 3.184382808684438348e-02
2.638170745814450435e-01 3.022977955499706049e-02
2.695225406388251366e-01 2.829718365314637385e-02
2.717979734152570770e-01 2.755492389036295897e-02
2.737025697169060412e-01 2.699338897484671040e-02
2.772850363083186331e-01 2.594535823299726207e-02
2.824900077225981909e-01 2.446000412852522565e-02
2.932205909966963397e-01 2.148432913028541780e-02
2.983510110078815836e-01 2.009682198908124828e-02
3.026013083694098493e-01 1.898170209888916382e-02
3.038289166620629644e-01 1.866245478066352881e-02
3.130786210718441986e-01 1.639781544570062533e-02
3.246906876748112958e-01 1.365265563776663083e-02
3.353735683255987809e-01 1.119738455714358594e-02
3.385451175218167630e-01 1.047033081718395930e-02
3.413422368913462956e-01 9.843008633466432400e-03
3.435438560704177635e-01 9.358961408335808585e-03
3.491831482456463909e-01 8.280467163805815822e-03
3.572041302524053275e-01 6.805687011633865247e-03
3.607133745262789959e-01 6.288542568917088182e-03
3.613171005623836973e-01 6.220093141043658846e-03
3.638699644725137960e-01 5.931401211677456153e-03
3.737018060539894493e-01 4.971541646379362689e-03
3.779066115402534565e-01 4.579332616355791252e-03
3.823718745622903259e-01 4.205147247266283195e-03
3.897073775556486042e-01 3.671110284277689928e-03
4.045431988911279420e-01 2.616738101215099199e-03
4.088485663393039427e-01 2.457064889526461293e-03
4.227937263418402591e-01 2.049136152204367178e-03
4.341135826676351672e-01 1.725903539247064522e-03
4.472949450134228733e-01 1.447531120524980786e-03
4.544571877627225365e-01 1.360219570142984225e-03
4.623572448003487323e-01 1.273391949177526961e-03
4.778963937610403723e-01 1.155203633389612072e-03
4.835763358857811389e-01 1.183895158211489829e-03
4.880335743394673131e-01 1.235645672463037137e-03
4.982789916454162804e-01 1.518876281536352124e-03
5.052639353941590361e-01 1.724381296489996274e-03
5.185996761465765381e-01 2.135694779531571719e-03
5.208185388460222498e-01 2.226181788892889202e-03
5.258483952590558008e-01 2.501709768967796954e-03
5.361179657733119441e-01 3.068801592436387615e-03
5.461420720792991013e-01 3.629041265294064011e-03
5.655682922847609095e-01 5.282621509267948490e-03
5.690969871638369426e-01 5.609277596399397936e-03
5.745227523368325873e-01 6.170008689464712148e-03
5.783516423899404124e-01 6.599758648445641640e-03
5.976322991465141676e-01 8.770609675684881701e-03
6.178743349583470934e-01 1.136773408170455024e-02
6.257868063909066692e-01 1.241840191780585467e-02
6.369087846287246890e-01 1.389963778669045524e-02
6.397452797222895615e-01 1.428173323421555452e-02
6.401389075301442411e-01 1.434009042274930756e-02
6.439467065406798696e-01 1.491106329762037497e-02
6.596551233523093583e-01 1.728421277325675742e-02
6.662927963613682891e-01 1.831210225491131105e-02
6.750709577584672605e-01 1.969536302613550394e-02
6.856973711409961592e-01 2.173533759916468355e-02
6.870610089883626426e-01 2.201344462319110296e-02
6.894611028068997616e-01 2.254791766265451525e-02
6.941179910524517549e-01 2.360930824401397121e-02
6.962701304209044650e-01 2.412410021356092837e-02
7.016951093733569955e-01 2.562742359195446795e-02
7.074791065659495892e-01 2.724981982286522886e-02
7.092038842889747396e-01 2.774463802239157673e-02
7.139371016454432173e-01 2.917164725082321830e-02
7.171303496894236851e-01 3.019214540021819548e-02
7.297986003212539874e-01 3.475685054973387533e-02
7.352575685004838490e-01 3.678766078461936928e-02
7.384722225393633988e-01 3.802894559002212294e-02
7.397644094251554225e-01 3.853189301505843822e-02
7.464658075346017885e-01 4.133232941883979716e-02
7.490211716675299058e-01 4.245019808956795870e-02
7.509075042158399604e-01 4.329233689132805374e-02
7.545644863967564397e-01 4.495838359689319219e-02
7.605453928398466790e-01 4.795993208472282276e-02
7.665075857083869515e-01 5.112217027547572012e-02
7.704326163735144561e-01 5.334404785552493422e-02
7.744067672756191900e-01 5.565041386520264144e-02
7.775216390897516927e-01 5.751415050670616314e-02
7.858431180328078192e-01 6.251921982952513002e-02
7.887571889266566938e-01 6.433734208929542397e-02
7.966596428511465433e-01 6.935827508954217624e-02
8.026476657310499530e-01 7.342907754263217068e-02
8.098247435595398169e-01 7.857447819695262403e-02
8.133861101563319984e-01 8.113969431916134845e-02
8.175175164509447256e-01 8.425092242683840382e-02
8.227442976235332939e-01 8.821750194142441437e-02
8.258111363672133720e-01 9.065317170346143261e-02
8.290120945279289000e-01 9.326819670607910950e-02
8.305167390640582070e-01 9.450646302096621376e-02
8.336395064660544474e-01 9.710207630654466016e-02
8.374854330296586102e-01 1.004889278854279588e-01
8.431080959201446845e-01 1.055223594737247916e-01
8.473278192913304974e-01 1.095990702688509622e-01
8.507967487901557657e-01 1.129526342779726411e-01
8.526375329831994421e-01 1.148593361950985825e-01
8.534474150206876608e-01 1.157158727580778201e-01
8.582535987928414656e-01 1.208171113416179887e-01
8.690331980245720178e-01 1.325168802300618065e-01
8.713135685654866958e-01 1.350703949872226195e-01
8.750274288398689482e-01 1.392480955457627845e-01
8.783089994615640439e-01 1.431811385410112214e-01
8.826660416336900017e-01 1.484497283310971527e-01
8.830321986206650653e-01 1.489353780550420892e-01
8.866984950646144004e-01 1.538291270261631372e-01
8.879453178632150667e-01 1.555803405348766821e-01
8.904572207031724584e-01 1.592352330486782597e-01
8.924307017651549323e-01 1.621076220852925021e-01
8.937557669594229370e-01 1.640637296353942842e-01
8.959824323299099280e-01 1.673938001184961388e-01
8.999643649540400858e-01 1.733670550939908628e-01
9.002999689626511870e-01 1.738718103318191988e-01
9.034156828315751397e-01 1.785679277520580976e-01
9.065284277136793634e-01 1.832748650597180173e-01
9.073680250688453963e-01 1.845451391838677235e-01
9.086939300772045591e-01 1.865941296876096889e-01
9.120576645363174251e-01 1.917973804394038639e-01
9.155094120412117231e-01 1.975377218427240011e-01
9.169005956883076180e-01 1.999473529511682779e-01
9.180277299059822482e-01 2.019038560994490528e-01
9.221098324830800941e-01 2.092110431947791227e-01
9.225603297352724663e-01 2.100575418040858677e-01
9.256352432891064019e-01 2.161406789205769785e-01
9.286468409733188434e-01 2.221629269862799294e-01
9.310127431923111985e-01 2.269847220100564833e-01
9.334353685506153742e-01 2.319814095128355236e-01
9.355339774930526708e-01 2.367931590831855448e-01
9.401038969601642759e-01 2.473983234415942922e-01
9.414823466497663773e-01 2.506094145483884761e-01
9.471646512669924522e-01 2.641229685706341090e-01
9.486462672901694315e-01 2.678280940372801400e-01
9.532626345268566670e-01 2.798270892276589761e-01
9.567982300499646708e-01 2.890277703284196420e-01
9.581660306848063247e-01 2.928531171173222036e-01
9.619302818124795262e-01 3.035079433047408459e-01
9.636154933344347473e-01 3.084198712780605867e-01
9.639682841715910833e-01 3.094526633548092542e-01
9.651692766965376258e-01 3.131167883908407834e-01
9.662503744482882073e-01 3.166086817549987886e-01
9.710708821837212845e-01 3.327284620645507562e-01
9.734959201491848457e-01 3.409525336999789102e-01
9.744070285831682998e-01 3.441901717486516299e-01
9.768135306049736677e-01 3.528857137360671414e-01
9.778340720584863810e-01 3.567344166107104808e-01
9.780155361549949244e-01 3.574727771325000303e-01
9.792622100732781831e-01 3.625485187920151064e-01
9.827182756446963818e-01 3.774856802131616451e-01
9.833577333022212041e-01 3.803062838107215127e-01
9.839118485123692359e-01 3.828423035013036602e-01
9.852077100389953213e-01 3.891644403948796294e-01
9.864013615260251999e-01 3.952347844695800472e-01
9.871709113101381217e-01 3.992628637152840776e-01
9.874589211389515064e-01 4.010299295402447450e-01
9.878189784236584003e-01 4.036725441759402289e-01
9.900536081734241378e-01 4.206804661278277235e-01
9.915214594777603807e-01 4.321121182953120421e-01
9.933469853280223472e-01 4.469975152047243050e-01
9.935640663952178819e-01 4.491822979363732093e-01
9.937818118849817139e-01 4.515520894338558300e-01
9.947154599339251835e-01 4.633414811609322115e-01
9.948769603750629020e-01 4.656234621630822579e-01
9.954613819868327607e-01 4.742170893311487001e-01
9.962326232801206327e-01 4.857104852068758749e-01
9.966992448701508245e-01 4.938581551286493898e-01
9.973231091147294336e-01 5.085631013610606432e-01
9.973518000088852364e-01 5.093427268387933360e-01
9.980033580354756850e-01 5.289316827185078784e-01
9.982122512833555561e-01 5.360709880031573338e-01
9.982919621628940643e-01 5.393669700209814399e-01
9.984857891998031310e-01 5.475991580280751281e-01
9.985222631994368214e-01 5.494756502149653610e-01
9.987959072732561783e-01 5.662388579894497287e-01
9.988198391317466562e-01 5.679448876108902367e-01
9.988621297730151394e-01 5.741301335164297193e-01
9.988438987713332828e-01 5.794495412324764949e-01
9.987099321525492179e-01 6.065022282039485013e-01
9.985800438218408459e-01 6.132999192806536382e-01
9.982783806478414679e-01 6.264483211487671399e-01
9.982403360645906165e-01 6.280186299433559993e-01
9.976663055331236318e-01 6.397152234502127000e-01
9.970655402544115198e-01 6.474795695996730105e-01
9.964213421091889789e-01 6.549585311480181637e-01
9.960891706385408551e-01 6.568829668225959484e-01
9.942514673030231620e-01 6.672247692713211276e-01
9.937853870256014854e-01 6.698105418284843182e-01
9.924236489713760268e-01 6.762367603447466680e-01
9.905043335495642420e-01 6.849020047470618655e-01
9.888754246279973792e-01 6.912098698468364111e-01
9.879963112843181960e-01 6.946090572086889292e-01
9.848637781074192077e-01 7.057955595993586906e-01
9.811031076027083575e-01 7.183843057681920108e-01
9.787732808396840678e-01 7.259254249367402823e-01
9.777658117297702844e-01 7.289444329494056962e-01
9.769028577308884742e-01 7.314894054835540116e-01
9.741461608552692830e-01 7.393017277796861686e-01
9.730897247057472832e-01 7.422645317989299274e-01
9.695529839354966040e-01 7.519337962214145410e-01
9.665699323654874942e-01 7.595784216071740369e-01
9.635010445894716113e-01 7.673260007726622201e-01
9.615808186592036400e-01 7.719506504778529399e-01
9.600148880319798739e-01 7.756507302328384812e-01
9.557999046493310669e-01 7.842465074615005971e-01
9.546077743023440032e-01 7.865240033129494712e-01
9.462131439724941195e-01 8.007403509787430762e-01
9.450295444308942638e-01 8.027438629125831504e-01
9.442112861995606288e-01 8.040982631536612857e-01
9.410110326911700351e-01 8.092574629995393787e-01
9.382053908619290006e-01 8.137226484368637047e-01
9.356089196785872808e-01 8.178200089667040373e-01
9.346378964573134329e-01 8.193072170411351829e-01
9.332779856811450614e-01 8.212089714391650475e-01
9.321092958831265207e-01 8.228277852799557035e-01
9.285390091566485538e-01 8.274255495984753628e-01
9.232013969736154735e-01 8.342797783994537753e-01
9.172639171858614215e-01 8.417636008526568903e-01
9.160800760240217500e-01 8.432284275957966369e-01
9.078711197215854067e-01 8.532681435397173608e-01
9.066135593866655462e-01 8.547732336705166079e-01
9.051004867116247965e-01 8.565798535678449399e-01
9.044348453762682816e-01 8.573651096442019837e-01
9.027962605125186002e-01 8.592749211856779423e-01
9.010340258819975467e-01 8.612899006974548133e-01
8.988225059805443617e-01 8.635297272644777422e-01
8.922665009238976985e-01 8.699719809140310511e-01
8.839317066057150729e-01 8.775480445271953700e-01
8.822879632888787071e-01 8.789857834249181767e-01
8.789830435519911944e-01 8.816047470458711066e-01
8.774517058843531725e-01 8.828112297461920832e-01
8.746464827401063680e-01 8.850099811146612261e-01
8.713898043413086381e-01 8.875507722771640573e-01
8.663781621867752136e-01 8.913057800065150582e-01
8.587205522806213853e-01 8.969971640263726398e-01
8.545050581615531993e-01 9.001042254518293317e-01
8.497087862425856120e-01 9.036389062156036101e-01
8.473233932975725580e-01 9.053530714922043421e-01
8.398571099804608142e-01 9.105006562292169425e-01
8.351710874779350036e-01 9.135194621475255516e-01
8.266827279584691990e-01 9.189510033756593810e-01
8.164082681004833919e-01 9.254997993783025123e-01
8.120649815316167697e-01 9.282014274730318037e-01
8.067721128343503523e-01 9.313448706763353124e-01
7.911691887295799752e-01 9.389281873277430801e-01
7.867103865240263616e-01 9.410487539657795830e-01
7.834003485332128314e-01 9.424779577127180286e-01
7.704277371066392543e-01 9.480065432752374788e-01
7.692014892882843569e-01 9.485241144950371517e-01
7.664084167915015122e-01 9.496917507994758756e-01
7.654097068399050574e-01 9.500727837007145737e-01
7.626572767763186711e-01 9.510494188225505630e-01
7.572948240836627765e-01 9.529340112165732846e-01
7.500206389475998492e-01 9.553099689806433537e-01
7.471557521640237454e-01 9.562229097765283514e-01
7.388501030345202558e-01 9.588430393425250164e-01
7.337175176283872169e-01 9.604235837097662154e-01
7.218826306123196090e-01 9.638810313590128187e-01
7.198060883420078770e-01 9.644153339643597445e-01
7.141805010959101363e-01 9.658506690517643101e-01
7.029653010090384235e-01 9.686336443442293831e-01
6.949387727520599523e-01 9.704625988416027971e-01
6.810239587364128599e-01 9.735740158850342274e-01
6.602556030595712055e-01 9.781286688621103620e-01
6.482698685399408411e-01 9.807384729335086870e-01
6.427234361091023196e-01 9.818693141864981433e-01
6.384005373139363115e-01 9.827006614805674500e-01
6.327235317682891047e-01 9.837221722527347278e-01
6.277150467697398817e-01 9.846078540848683947e-01
6.218147497837571702e-01 9.856308066293587578e-01
6.136183406091111348e-01 9.869926113544288393e-01
6.108559023859894133e-01 9.874489644045995052e-01
5.939785365521199623e-01 9.901538172343320454e-01
5.854529109153869815e-01 9.914767646156225078e-01
5.799078216097151017e-01 9.922339802867569114e-01
5.753542657758958789e-01 9.928239764842146098e-01
5.684030443647538622e-01 9.937066774902990618e-01
5.660060076675252905e-01 9.939694706343513708e-01
5.592363748378572641e-01 9.946980881910735262e-01
5.488226225351728882e-01 9.955422897498716894e-01
5.403771555252492309e-01 9.961745593015556288e-01
5.270215371820750061e-01 9.970374063743081550e-01
5.118924178268724479e-01 9.979415289775002140e-01
5.076922230326132990e-01 9.981570237617710672e-01
4.928068484104005109e-01 9.986642273103537581e-01
4.853093249829150690e-01 9.988424492337314442e-01
4.778845117541362097e-01 9.988447963666104989e-01
4.692766902487556790e-01 9.988113819099161406e-01
4.582362582258489581e-01 9.984190838006941071e-01
4.432684840430726747e-01 9.978421534656948255e-01
4.421185214299516164e-01 9.977912848220145126e-01
4.331648386626945624e-01 9.973193289614823431e-01
4.294946369237210848e-01 9.971109892704137501e-01
4.137242690435219417e-01 9.961316130440786010e-01
4.074302253525791673e-01 9.957387416094201082e-01
3.955391187749113802e-01 9.948516608529317518e-01
3.881915615358839111e-01 9.942593064292087890e-01
3.814717510233626707e-01 9.937008991236087052e-01
3.781055737787739068e-01 9.933325867088432792e-01
3.769025023262574936e-01 9.931891418460035981e-01
3.692904529405322545e-01 9.921883196733128907e-01
3.497476222995921646e-01 9.894105383973375023e-01
3.295716424697454072e-01 9.863354444612932870e-01
3.268573645223096791e-01 9.858490232810391829e-01
3.250504699063440639e-01 9.855210999473297262e-01
3.205449298747340969e-01 9.846547582617697358e-01
3.171571997782974273e-01 9.839941104478628908e-01
3.157309417193378542e-01 9.837012525557795595e-01
3.119017960413373314e-01 9.828979260066622592e-01
3.088748762893122612e-01 9.822393360209469293e-01
2.969793511820861265e-01 9.795572357994993817e-01
2.896303809197305346e-01 9.776260490985881901e-01
2.887357324589432950e-01 9.773886907291462478e-01
2.854279551803542980e-01 9.764917526728865704e-01
2.841788671174347303e-01 9.761526470896045860e-01
2.771874752087853389e-01 9.742230635957921381e-01
2.760965780420287508e-01 9.739165790837227554e-01
2.715252393825967059e-01 9.725339225905648144e-01
2.629813464003923351e-01 9.696367131683255591e-01
2.608408377068335837e-01 9.689101988037706059e-01
2.558094466145958701e-01 9.670066323781064677e-01
2.481183971981285041e-01 9.640932691072353622e-01
2.454025785937357651e-01 9.630279278295520440e-01
2.241478098882098702e-01 9.545608301266865769e-01
2.235372227754064967e-01 9.543020482181412412e-01
2.165966924661574811e-01 9.513054527686851669e-01
2.146540908739231202e-01 9.504346759006996326e-01
2.078021549011245805e-01 9.472045476769939132e-01
2.069197315986333607e-01 9.467699993093775523e-01
1.986226647001035350e-01 9.423984213929068599e-01
1.891185148272908623e-01 9.373554795975853615e-01
1.870034303831466516e-01 9.361544393579247503e-01
1.758625822804520955e-01 9.289188196851058121e-01
1.675676586048266414e-01 9.229738948613444016e-01
1.661645844752462353e-01 9.219561204999778825e-01
1.622655581659664947e-01 9.188555503463007312e-01
1.603003377537741136e-01 9.172677772317542333e-01
1.544093257994504920e-01 9.123893231360855616e-01
1.528801591033812080e-01 9.110905499128847396e-01
1.499990784975103186e-01 9.086220039785403157e-01
1.471306866775775046e-01 9.061354138333286290e-01
1.460389842762940815e-01 9.051628489000731470e-01
1.414114104535970085e-01 9.008862605859184747e-01
1.390061781503199589e-01 8.984717869208774799e-01
1.326486384670139684e-01 8.915962035251758788e-01
1.285675164155586914e-01 8.871186081867438178e-01
1.258409762619305261e-01 8.841060375096628787e-01
1.238120192963722555e-01 8.817940371311416836e-01
1.223288669274786300e-01 8.800748229118618982e-01
1.194923200146424391e-01 8.767054166917883640e-01
1.184998934710847496e-01 8.755245059618310677e-01
1.135250266760872706e-01 8.695738349392673205e-01
1.093953325824434386e-01 8.646202996450139677e-01
1.072661161759965176e-01 8.620401241683079974e-01
9.947361609383958969e-02 8.525313668363633246e-01
9.824888065763054401e-02 8.509581178784566546e-01
9.635029116728760501e-02 8.484789162022945419e-01
9.557052209111499552e-02 8.474456042266746980e-01
9.277252025211718545e-02 8.437285364927296083e-01
9.212412602814418205e-02 8.427993495588470552e-01
9.025540833928585860e-02 8.400916123459626350e-01
8.818084309755830352e-02 8.370028572203762618e-01
8.652645945681441964e-02 8.345233682508532702e-01
8.389172210580447819e-02 8.305290983427462415e-01
7.571616001753672665e-02 8.180910135018777396e-01
7.524783534098694604e-02 8.173633647966866977e-01
7.445448914520408357e-02 8.161115978729532872e-01
6.800326095160130757e-02 8.058772797781655894e-01
6.665505382996456119e-02 8.036847985375757952e-01
6.560538478183347566e-02 8.019250860715283480e-01
6.489210099006997856e-02 8.006965590500354502e-01
6.316605880228026715e-02 7.974984865537748657e-01
6.069116815386760289e-02 7.926710845973475861e-01
5.960056341457559137e-02 7.905302452293246906e-01
5.707630449262163230e-02 7.850752594177384802e-01
5.636351555389856882e-02 7.834946155771056464e-01
5.203655675755564092e-02 7.737801824240415627e-01
5.045569670222810332e-02 7.702213603399340469e-01
4.859312388678732608e-02 7.659688340466029866e-01
4.565006974953450536e-02 7.587509197232511493e-01
4.474066655654701519e-02 7.564340616996996225e-01
4.063608274796220998e-02 7.456716113179890915e-01
4.022952745124658280e-02 7.445985691898471259e-01
3.992133727753982564e-02 7.437452730922841093e-01
3.881152167507878614e-02 7.405587521691915365e-01
3.766603207675384146e-02 7.372693773755207847e-01
3.245548550801419241e-02 7.222356514829568752e-01
2.928211492358018253e-02 7.128881354911841273e-01
2.659283944986007286e-02 7.047498278447887898e-01
2.391718001105264113e-02 6.948643376923533399e-01
2.124321252378275071e-02 6.849606843227662445e-01
2.079109681443230828e-02 6.832407963873754486e-01
1.882326764918113016e-02 6.753566637989367738e-01
1.785186789363696347e-02 6.714410269707583589e-01
1.741912617449753453e-02 6.696240131982630350e-01
1.592886406943366806e-02 6.629533132207565682e-01
1.510127975260439070e-02 6.583460076746885381e-01
1.280054077443265603e-02 6.443907045011421086e-01
1.244669879220922093e-02 6.421687460161906724e-01
1.138810791435190817e-02 6.353529190708605556e-01
8.886317983299474310e-03 6.180138852917854697e-01
7.722760854632026994e-03 6.094374530189071715e-01
6.446057701197716039e-03 5.990549427133287086e-01
5.912240420725967116e-03 5.944279523100042262e-01
5.592520886769813959e-03 5.915027378448236561e-01
5.525989444050860566e-03 5.908866934236641777e-01
4.693753670367561970e-03 5.805364625703502979e-01
4.368844768356472397e-03 5.761975426549067469e-01
3.727575367488411562e-03 5.676161336781703204e-01
2.634129425445219663e-03 5.501517847117172177e-01
2.109325806029793693e-03 5.408815613792127275e-01
1.232783750179711202e-03 5.225406832492425213e-01
1.197998860987870007e-03 5.080288958873677707e-01
1.137870226984916133e-03 4.789891576645488591e-01
1.217211636734660818e-03 4.736143441000931764e-01
1.401495160663845940e-03 4.674597744530697430e-01
1.708844180447532946e-03 4.583503270979887301e-01
1.952990855643432777e-03 4.518684049080109455e-01
2.299169064461759060e-03 4.427251743247944127e-01
2.736657422923449712e-03 4.358157269443736492e-01
3.374945320719080488e-03 4.262131693822699408e-01
4.212561223421562584e-03 4.150150891090788052e-01
5.680166687807519654e-03 4.005083888619656030e-01
