2.892726657784205901e-02 3.003551284804102384e-01
3.022393509820953117e-02 2.962337763713723815e-01
3.361011466819574522e-02 2.857468881576781250e-01
3.373177407817151696e-02 2.853858427916269314e-01
3.496968836726921381e-02 2.817350581117513686e-01
3.546223326470077097e-02 2.804025464486243902e-01
3.601671834398034733e-02 2.789250542723674675e-01
3.757510150627341172e-02 2.748859106546731601e-01
4.283845156448118363e-02 2.614071748863291411e-01
4.590364532233959238e-02 2.536348551317044731e-01
4.763675393997368612e-02 2.495753218583965927e-01
5.131013765278202854e-02 2.410412489958505544e-01
5.493646962734766159e-02 2.326651668753723090e-01
5.546983606619371177e-02 2.314676019638753912e-01
5.638308354577881154e-02 2.295533122993146380e-01
5.847441570873135319e-02 2.252575537554655227e-01
5.957012177812992526e-02 2.231415137246697267e-01
6.122437250070056347e-02 2.202342319461598752e-01
6.557942003317795976e-02 2.127334563513184618e-01
6.774067895407676065e-02 2.091064077283152356e-01
6.964100107060233746e-02 2.061340154652163692e-01
7.385281015447242581e-02 1.997622959413685173e-01
7.897162974316507267e-02 1.920217586088727169e-01
8.617055113941363143e-02 1.817017342297420068e-01
8.779023042102740426e-02 1.794627544083493564e-01
9.017579605455428027e-02 1.763748090096206589e-01
9.255583309971715522e-02 1.733371404812652505e-01
9.335883550485424287e-02 1.723130192561991292e-01
9.838570952197522868e-02 1.659136318347114170e-01
9.982848111419950765e-02 1.640963972458369113e-01
1.032322984168771995e-01 1.598154425476213669e-01
1.104847563313899883e-01 1.508350833167574345e-01
1.192950678189054203e-01 1.401031907040301006e-01
1.204159610928690061e-01 1.388326837162792149e-01
1.226248109265010156e-01 1.363307021281322529e-01
1.267865504165377466e-01 1.317963145479147391e-01
1.284122446386907201e-01 1.300795073277619673e-01
1.299130727998065726e-01 1.285353611560908771e-01
1.331680885004929982e-01 1.252113382964065158e-01
1.332927604576172875e-01 1.250841055710664174e-01
1.372263612195760984e-01 1.212125692280031641e-01
1.380750881019168208e-01 1.203910247278995316e-01
1.437431221875653531e-01 1.154628536714101816e-01
1.458423279431326769e-01 1.136828433915839653e-01
1.478401467721396356e-01 1.120063619747381223e-01
1.541001447452470252e-01 1.070111020144942637e-01
1.638251243251653833e-01 9.944551835558923525e-02
1.666675385827912637e-01 9.735720598084340871e-02
1.808151558505144418e-01 8.696725736809907126e-02
1.839399063266745626e-01 8.467982798562212476e-02
1.865402639543554120e-01 8.278508131024564509e-02
1.866479537099235975e-01 8.271081009748837420e-02
1.869636323048816662e-01 8.250232367654963817e-02
1.926822379246984074e-01 7.875411636799345416e-02
1.989875422385429804e-01 7.469945144375389479e-02
2.059366602155630055e-01 7.023936958816934251e-02
2.081171607768390608e-01 6.891157861808627771e-02
2.110201792253197928e-01 6.726796016508540532e-02
2.150404937567809149e-01 6.500380660615145967e-02
2.194177704360276149e-01 6.254217900795855378e-02
2.243552558843227018e-01 5.988578864631510790e-02
2.261962760018824126e-01 5.894385801703128092e-02
2.279376907652690409e-01 5.807426776665081114e-02
2.340827724305899471e-01 5.503245633533637715e-02
2.406563842072155790e-01 5.192808805345039413e-02
2.413672785492515516e-01 5.160617879692463994e-02
2.513494045623927420e-01 4.718942941166481830e-02
2.571910399814080206e-01 4.460699049911887037e-02
2.593641349622961556e-01 4.367847698813620561e-02
2.667669103593790503e-01 4.051914963794045477e-02
2.684818123719936445e-01 3.979263692059242796e-02
2.716731305208531788e-01 3.844303935086879065e-02
2.742674069285321314e-01 3.743956565532413627e-02
2.769674515865455655e-01 3.640959850197500458e-02
2.849394165685957825e-01 3.338478674088152243e-02
2.873090185206115255e-01 3.251467089397219734e-02
2.980181316253521784e-01 2.860035903403157498e-02
3.001945208462344361e-01 2.781746376399785170e-02
3.057899532736643167e-01 2.592652803163830733e-02
3.131234756068360658e-01 2.349109355684642075e-02
3.166833922700721393e-01 2.234758680476356396e-02
3.210764949951356861e-01 2.095133071867782970e-02
3.254458997702515122e-01 1.957976805650762930e-02
3.277863818096650173e-01 1.884885748224485180e-02
3.291618665421727208e-01 1.844844999531991547e-02
3.367609409613233629e-01 1.632546373245868931e-02
3.443028118439210861e-01 1.443419467108353338e-02
3.477658750116556785e-01 1.358663054840769657e-02
3.505573023974030145e-01 1.293135170438419745e-02
3.636616376232865155e-01 9.946949413928929395e-03
3.661150454617754235e-01 9.453496599052813032e-03
3.741772475924806107e-01 8.066837859907916020e-03
3.788934224078721602e-01 7.260818907760979712e-03
3.882590333924834658e-01 5.982170635034700368e-03
3.897209262985469325e-01 5.796611935709239383e-03
4.004698653470635250e-01 4.666130952720171088e-03
4.046330171278268439e-01 4.298283255103063638e-03
4.179093128195784379e-01 3.160698430982100682e-03
4.190505705026432715e-01 3.085820316071408165e-03
4.236216527514846675e-01 2.799548329216472453e-03
4.279897335213818099e-01 2.590691973994974084e-03
4.303464160829622021e-01 2.495612844666705854e-03
4.393462049193391783e-01 2.178096136292495544e-03
4.451515382301850510e-01 1.979361800574896968e-03
4.523017045164114958e-01 1.751616927800347945e-03
4.572308311299998485e-01 1.618918010006575869e-03
4.671436174610266168e-01 1.379601186392576118e-03
4.719354923534078150e-01 1.287711744525243951e-03
4.783942375007271819e-01 1.164634070927261789e-03
4.898194388586358805e-01 1.092712484801139361e-03
4.939274728331093378e-01 1.067507967393965806e-03
4.966038009994652169e-01 1.082072909939557626e-03
5.020622081340568865e-01 1.124227510484021586e-03
5.079632360125099222e-01 1.196474028087091135e-03
5.121608033559996720e-01 1.249091726952089587e-03
5.162053591258839447e-01 1.345875137117369391e-03
5.179995566162657328e-01 1.406131833757595651e-03
5.217893507431961009e-01 1.693245912865681824e-03
5.226281489681398051e-01 1.769567380050074412e-03
5.261772163719103945e-01 2.099130356310818790e-03
5.344069370172075395e-01 2.912849350038992924e-03
5.431731741000934699e-01 3.979106539594545744e-03
5.480154997004113016e-01 4.569930701546764951e-03
5.527964357939342266e-01 5.202518948514756048e-03
5.568117563296488548e-01 5.751593785150554972e-03
5.827979301089413200e-01 9.599622134495833237e-03
5.873419742055329129e-01 1.035257348804929922e-02
5.962989668179242697e-01 1.193680723009482580e-02
6.078739782243944845e-01 1.419867239765137956e-02
6.117249388938691412e-01 1.495317783649963150e-02
6.168751683122472018e-01 1.597743679543739415e-02
6.244551554942591176e-01 1.751087949181173720e-02
6.257431517532671128e-01 1.777799507859600947e-02
6.359969216437735273e-01 1.993816141926452179e-02
6.367225484998018104e-01 2.010106555504520554e-02
6.428452319721907893e-01 2.156653639675121248e-02
6.530656448050379259e-01 2.402480621936575744e-02
6.559598883284338822e-01 2.474252950448607713e-02
6.647850349966846206e-01 2.695589644905960203e-02
6.711116059110244780e-01 2.861124493063782470e-02
6.804406254484978156e-01 3.151626889108583018e-02
6.948843691944219803e-01 3.611278453447241965e-02
7.006932805118425422e-01 3.816078529529176588e-02
7.051396288126254852e-01 3.974651345057900187e-02
7.212715162498903876e-01 4.559939538386115210e-02
7.255596269701640733e-01 4.723367030078551299e-02
7.357465179768023500e-01 5.126903483137745798e-02
7.405480086714039123e-01 5.325769085642595435e-02
7.464359965130804575e-01 5.572040883050144444e-02
7.519557388137360077e-01 5.816133326222661104e-02
7.643759292695521124e-01 6.393754287750497145e-02
7.727791232124394671e-01 6.798294770034529755e-02
7.791351062629801039e-01 7.116191648295810968e-02
7.819831507188851338e-01 7.269289060138284242e-02
7.830789692757945675e-01 7.328488913013830874e-02
7.867157941169564683e-01 7.531387183665594343e-02
7.956427904483781566e-01 8.032818752513271043e-02
7.992899466689773469e-01 8.238026863853220583e-02
8.044881431689566709e-01 8.541004101658400405e-02
8.054633963430342103e-01 8.599580445049193056e-02
8.078403088394492393e-01 8.746474050628516572e-02
8.142956430361268927e-01 9.163174541358032332e-02
8.187093529260576208e-01 9.452847098654004743e-02
8.196250078875503275e-01 9.515776224276839557e-02
8.217250922295495918e-01 9.671472661690405648e-02
8.292976012684314391e-01 1.024003201949986730e-01
8.312295797739168712e-01 1.038576302455953559e-01
8.368723106205850915e-01 1.081464370511328044e-01
8.375490766257449593e-01 1.086611390713578817e-01
8.403508452183992006e-01 1.108622389618333370e-01
8.460367340958180327e-01 1.155869106892990494e-01
8.486715377917126713e-01 1.178216601540809094e-01
8.512608850364634661e-01 1.200285808572479906e-01
8.585584504274560436e-01 1.266462906321117465e-01
8.623567406313211725e-01 1.301627562394912507e-01
8.734389667855042561e-01 1.407948022999270243e-01
8.770736360896179695e-01 1.444002642018769045e-01
8.791535065446232089e-01 1.465215142153460937e-01
8.835701824019387418e-01 1.511346722087686389e-01
8.879054593586915844e-01 1.557214648602253115e-01
8.937513354545441047e-01 1.620905743041770597e-01
8.985497015020368350e-01 1.680926756553404733e-01
9.018369644817627595e-01 1.722396557391148164e-01
9.051360239780642525e-01 1.764793113635541033e-01
9.101581673247541859e-01 1.829611884754119844e-01
9.131314046008695007e-01 1.869044985225508659e-01
9.192477874326442366e-01 1.953832121225521634e-01
9.239135688521173950e-01 2.019659940007626497e-01
9.261917447012375515e-01 2.053240808366182391e-01
9.270963262541198624e-01 2.066799167791132374e-01
9.299958086267002821e-01 2.112077177385175419e-01
9.310474753630820777e-01 2.129338681464514327e-01
9.321115845001818334e-01 2.147176480888748351e-01
9.331424156470234932e-01 2.164888002111049481e-01
9.344095070004934112e-01 2.186689650785348382e-01
9.369694369687748825e-01 2.231444797735546715e-01
9.376370874715777015e-01 2.244578377262066438e-01
9.385354697127790136e-01 2.262486660246945114e-01
9.411421311744913032e-01 2.315491197465682216e-01
9.431452320324935634e-01 2.356443734855490080e-01
9.439788859324619308e-01 2.373520598905043411e-01
9.478555855392754026e-01 2.453536794692375844e-01
9.496844157112827034e-01 2.492884024351297301e-01
9.518233563833532473e-01 2.540600806782580268e-01
9.529607198207934449e-01 2.566620258019802758e-01
9.542148319000164358e-01 2.595649450265666847e-01
9.543341002081180413e-01 2.598503286286437675e-01
9.568703175743109579e-01 2.659392485500488013e-01
9.584464086243298375e-01 2.698964527460745444e-01
9.625600574151368383e-01 2.804384613227888234e-01
9.685696819412823455e-01 2.960509874269652286e-01
9.694299787553991576e-01 2.984037519719302534e-01
9.715989843446309893e-01 3.047211086218445386e-01
9.734607555656383804e-01 3.116530400010844026e-01
9.743653497871791469e-01 3.150449374837503980e-01
9.748761237439559357e-01 3.170406535057084252e-01
9.755292056373520149e-01 3.198181686982972671e-01
9.763940728937647862e-01 3.235685062515769594e-01
9.771034386377501768e-01 3.266919896596116590e-01
9.795454918367375585e-01 3.374587766563477143e-01
9.826490201261784962e-01 3.519250768408881402e-01
9.837385771912369181e-01 3.570573818455244908e-01
9.867598953357794578e-01 3.724898273958665573e-01
9.888559657636152300e-01 3.836257708004414679e-01
9.890929592751817045e-01 3.850211901667529579e-01
9.893941711918796678e-01 3.868700870165622252e-01
9.903582970507796013e-01 3.929061810900361662e-01
9.908211067252025162e-01 3.959420344447667217e-01
9.916257797141527774e-01 4.016453810477886854e-01
9.930444839060339479e-01 4.117059633950055364e-01
9.938206593578180481e-01 4.178868423689533484e-01
9.954528470756132119e-01 4.315607180719627234e-01
9.962405304533179518e-01 4.394330704833605550e-01
9.979091200586306387e-01 4.565828351303722332e-01
9.983194651051139346e-01 4.638352792509953249e-01
9.986109139956720337e-01 4.700816630678293917e-01
9.988378931042811715e-01 4.765277757469109643e-01
9.991048423503560150e-01 4.919983285816105223e-01
9.992180390207198171e-01 5.005280820202313574e-01
9.992191568977197846e-01 5.039644445005211360e-01
9.991151032953062838e-01 5.184632584867545635e-01
9.990726748816737279e-01 5.227842940475554423e-01
9.988737721421017124e-01 5.340734840282465035e-01
9.986558585672075106e-01 5.447801855355255407e-01
9.981550897364460662e-01 5.575477649682022419e-01
9.977130691593539824e-01 5.685906054125660081e-01
9.974864499643671945e-01 5.735918039294423121e-01
9.974372169808946031e-01 5.745548985600726910e-01
9.973135482184958267e-01 5.761943139928451529e-01
9.964199592742184475e-01 5.866451664224824336e-01
9.959444738925964380e-01 5.918539873405924689e-01
9.947035211560366630e-01 6.045304619462685825e-01
9.940133852028042449e-01 6.114570258599948405e-01
9.934968532416179610e-01 6.163219613742415559e-01
9.929583041376491837e-01 6.208649812820318248e-01
9.926306116905259103e-01 6.235783454934572534e-01
9.909395844094742722e-01 6.370276657090206962e-01
9.896389955364119917e-01 6.473575601507545185e-01
9.890927730871958978e-01 6.516213961311231317e-01
9.874265300836940762e-01 6.644410843638031139e-01
9.855537805380524263e-01 6.785181158791974143e-01
9.851971406642795470e-01 6.808597415893317129e-01
9.831149734821272856e-01 6.924567581410882022e-01
9.822843168281656379e-01 6.967558535024055422e-01
9.788477472798947643e-01 7.141758154554672666e-01
9.733769010175296055e-01 7.414820331993292601e-01
9.726410951481528899e-01 7.450571336034841341e-01
9.708359587497519261e-01 7.536541576064732517e-01
9.677589107477480024e-01 7.663496462315554369e-01
9.660698027653678022e-01 7.730792908266173047e-01
9.622205633808147418e-01 7.873911459450090300e-01
9.607407142451759308e-01 7.926552638379343874e-01
9.592417861431307147e-01 7.976918597475520789e-01
9.575722873504155519e-01 8.032558425789270151e-01
9.560481837202293720e-01 8.082995386451518049e-01
9.539320783604725573e-01 8.152724779648566900e-01
9.529349585235752373e-01 8.185155206720813315e-01
9.495729242770708511e-01 8.290602016124919427e-01
9.473422007315528415e-01 8.359274008321055938e-01
9.445931556281171870e-01 8.419890921727098965e-01
9.418788217813702790e-01 8.478815424664862821e-01
9.386571676951206422e-01 8.547385442484612961e-01
9.346632984795155696e-01 8.609305153113638864e-01
9.330531649671646166e-01 8.634107618475469481e-01
9.326326834902656238e-01 8.640406976753810531e-01
9.300900073766468212e-01 8.678483420267495418e-01
9.256179522622032252e-01 8.743867187650619099e-01
9.221213472504684594e-01 8.793558400448043821e-01
9.214560611865600936e-01 8.802756493129861859e-01
9.161176808881157374e-01 8.873928583618498900e-01
9.131405097767448797e-01 8.912840979967071586e-01
9.108629808056948329e-01 8.941618843824765683e-01
9.101613302818283291e-01 8.950241939865878349e-01
9.063550199556479336e-01 8.995639149794352196e-01
9.055215012916458805e-01 9.004818582636842095e-01
8.974918587218652100e-01 9.090557123350490043e-01
8.905741463550754800e-01 9.164101574797361982e-01
8.883196183395304368e-01 9.184182945118124497e-01
8.817759657720474209e-01 9.239914463019248680e-01
8.776156152920643327e-01 9.273633918081719552e-01
8.765993044166799919e-01 9.281777440598467654e-01
8.710520237579610914e-01 9.323499270767203750e-01
8.669662651187851621e-01 9.353252147328252608e-01
8.583292659181737116e-01 9.415217269340130368e-01
8.464405350022147223e-01 9.495123238484243222e-01
8.416020655820034557e-01 9.525642483218513812e-01
8.336502936459381230e-01 9.570265668118013158e-01
8.278262816267316637e-01 9.601106476817919955e-01
8.237311637981642454e-01 9.622746410142941631e-01
8.151682660129649927e-01 9.666374932748575954e-01
8.080343610197415760e-01 9.702685407187658928e-01
8.063725152744285474e-01 9.711135078756193417e-01
8.011259529275315261e-01 9.735701294819301133e-01
8.003259163801307308e-01 9.738804026350222909e-01
7.975173355575507772e-01 9.747733565057357108e-01
7.938669674624792005e-01 9.757357601993160712e-01
7.859207169511445157e-01 9.776523967625981859e-01
7.817548306214839871e-01 9.786490201563194935e-01
7.764932183976493985e-01 9.797631034624363355e-01
7.697513197924452655e-01 9.810731330222034474e-01
7.648290465265692450e-01 9.819805129474881156e-01
7.590820601700989378e-01 9.830270779337338949e-01
7.525086492686646755e-01 9.841645466918872431e-01
7.500946772370832294e-01 9.845642603912168056e-01
7.334519283457886507e-01 9.870156611720023454e-01
7.247707006042273248e-01 9.882756570581506805e-01
7.129331181985447685e-01 9.899190889682607519e-01
6.929989013754120908e-01 9.925471605723429347e-01
6.880580055016159990e-01 9.930993885404354460e-01
6.849120468418771202e-01 9.934146263991681103e-01
6.804151941868129549e-01 9.938451088707850323e-01
6.788515651383575378e-01 9.939865276621108192e-01
6.684330162880843806e-01 9.948548705522808344e-01
6.611347060062354730e-01 9.953640538906977087e-01
6.558146201140936382e-01 9.957207196454206377e-01
6.466628084560397394e-01 9.963077283049931454e-01
6.448206788787053112e-01 9.964210291318543744e-01
6.389740258966815079e-01 9.967578148886935274e-01
6.318179515500572663e-01 9.971321670659378800e-01
6.227349814261186056e-01 9.975740417345290156e-01
6.195604753597059311e-01 9.977229606904970405e-01
6.160134062483528794e-01 9.978609457268218241e-01
6.064663126016830441e-01 9.981868375048510433e-01
6.036901347794040307e-01 9.982507499825979957e-01
6.012068346657682971e-01 9.983054303723422063e-01
5.979511564568300575e-01 9.983668477036271582e-01
5.909617264702560213e-01 9.984919587922018724e-01
5.744735425487798031e-01 9.986953280841320835e-01
5.652117576681993105e-01 9.988031476718087776e-01
5.494493907495903162e-01 9.988841434074517966e-01
5.398009513930305259e-01 9.989198854721865750e-01
5.316905139949983372e-01 9.989324920326060342e-01
5.147187341158234730e-01 9.986624009401604551e-01
5.111770683628733547e-01 9.985276109670448985e-01
4.996699044494548048e-01 9.978404976562896822e-01
4.924932387809374257e-01 9.973787350689153897e-01
4.867861992319016951e-01 9.969822322515143886e-01
4.838976968424630876e-01 9.967668273528702549e-01
4.551198122472822627e-01 9.944962204231738712e-01
4.521297223188657233e-01 9.942489976235047155e-01
4.470290882729135440e-01 9.936559786642404912e-01
4.441786277374319969e-01 9.933216980022649967e-01
4.369232277637999928e-01 9.923999694657668069e-01
4.200180987316580739e-01 9.902351471313628473e-01
4.083524748366248458e-01 9.887001458910431584e-01
4.015925296164112313e-01 9.877883780058320795e-01
3.978416538280764581e-01 9.872383567775478985e-01
3.955414817475382261e-01 9.868848883609330214e-01
3.890084285466787195e-01 9.858801871969075092e-01
3.779300564251170114e-01 9.841177770565359140e-01
3.618478495506012305e-01 9.815213877006947474e-01
3.523389413244953916e-01 9.796742427718366786e-01
3.443621932429469235e-01 9.780874359024317455e-01
3.392239245535448866e-01 9.770354891778961770e-01
3.366133189253912583e-01 9.764637597471492736e-01
3.235109079102911345e-01 9.734869874596002726e-01
3.128951264345667393e-01 9.710465822258851354e-01
3.089550488944676765e-01 9.701183259102775791e-01
3.010613329070898070e-01 9.682061798355979798e-01
2.992971173420214681e-01 9.677546473489461176e-01
2.950786867950617731e-01 9.666685869302168443e-01
2.847376289712240105e-01 9.639077528727801880e-01
2.821535346940069466e-01 9.631969724170424962e-01
2.796567866372955402e-01 9.624747330801147749e-01
2.776503478069449748e-01 9.618866603821111250e-01
2.715966623835563976e-01 9.600599651433110449e-01
2.637158840069770971e-01 9.576173545497517203e-01
2.522610970408575293e-01 9.535274212310024256e-01
2.488004363804457997e-01 9.522378760600802572e-01
2.418811201795835197e-01 9.496581504576073751e-01
2.286524293885235926e-01 9.446254107545238865e-01
2.274608941838888176e-01 9.441707563954608862e-01
2.212145061660102385e-01 9.417741228226097494e-01
2.179541628321500779e-01 9.405181106430203775e-01
2.114666510574423341e-01 9.377131717611125739e-01
2.071231376881011998e-01 9.358298148457828702e-01
1.958493247207958587e-01 9.307430532982589044e-01
1.944120267534963364e-01 9.300940286548626812e-01
1.753041760087288292e-01 9.212772411714524878e-01
1.742379068766410910e-01 9.207525427290265130e-01
1.687477201359534051e-01 9.180411477372213414e-01
1.655335749939431667e-01 9.164446889469113344e-01
1.562458345105804947e-01 9.115993812604887836e-01
1.555047910404854239e-01 9.112035977513736063e-01
1.520242279590732215e-01 9.093115340971474891e-01
1.505397228527944886e-01 9.084859623612193680e-01
1.351442445793843428e-01 8.997990077146621468e-01
1.333810039726142094e-01 8.986189540282408794e-01
1.313679753128219607e-01 8.969549305460142730e-01
1.307029038455158609e-01 8.964009600038146397e-01
1.296064454703094171e-01 8.954723757984810462e-01
1.269507777130389758e-01 8.931969238674785094e-01
1.240342135568681670e-01 8.905019221655564587e-01
1.188234520271940209e-01 8.854042479233094065e-01
1.138810117922502974e-01 8.802961510958429159e-01
1.108496898195792113e-01 8.770976849263555364e-01
1.082188725579359412e-01 8.740929829961272546e-01
1.062837068197776125e-01 8.718562117245837184e-01
1.049365384794240796e-01 8.702537988817368175e-01
1.038848506172493913e-01 8.689916313723539121e-01
9.857309170650563335e-02 8.624522678213313309e-01
9.664146771144699333e-02 8.598019576516521267e-01
9.615508328968980223e-02 8.590124037366448917e-01
9.351458677274626652e-02 8.547200543939709183e-01
9.119536355804791494e-02 8.508466740952995711e-01
8.427670334934067586e-02 8.390724044857365005e-01
8.266846252941295603e-02 8.362993456400944492e-01
8.005470291700544916e-02 8.315506834227455180e-01
7.894098606186339406e-02 8.294735378950630622e-01
7.485402902748061749e-02 8.216948029887105598e-01
6.446892273661086747e-02 8.012572917531561867e-01
6.194227069629243410e-02 7.960969577829162258e-01
6.052254826744107863e-02 7.931622524426511500e-01
6.021534136775430479e-02 7.925224262113614859e-01
5.440554355848725709e-02 7.802586026641641359e-01
4.741918134679523611e-02 7.654019131205159754e-01
4.331682664583369480e-02 7.562294817860962803e-01
3.779969376289804561e-02 7.435782995420915364e-01
3.601471334765671273e-02 7.394303908632000599e-01
3.347965394773289027e-02 7.332125021627753370e-01
2.948384804036174867e-02 7.231111603530491205e-01
2.774002161674837819e-02 7.182041291800050908e-01
2.646057999947948325e-02 7.142948475399590880e-01
2.431914801739620824e-02 7.073404697999655655e-01
2.365567951883251752e-02 7.051750775618874645e-01
2.259755613776659455e-02 7.015713321440523176e-01
2.110471665375834860e-02 6.948306998662805434e-01
2.054262521044436518e-02 6.921824481848734001e-01
1.863066179615491258e-02 6.829009989419178028e-01
1.570138609562998777e-02 6.684711776287767249e-01
1.533918821249624642e-02 6.666628487874464160e-01
1.351664143800357376e-02 6.574305598664361705e-01
1.211980804245227361e-02 6.501132704128826933e-01
1.177100872815051158e-02 6.480801232817998692e-01
9.157355897810970369e-03 6.301594239889075633e-01
9.031177730801087655e-03 6.292453932247983328e-01
7.499718024842283448e-03 6.179454275860599699e-01
6.154991013000210565e-03 6.076422665677918555e-01
6.090807972823908401e-03 6.070781490153052129e-01
5.969345907661849360e-03 6.059571645306951471e-01
4.517865267636977933e-03 5.924595508457994875e-01
4.100940441878919707e-03 5.877481480515908130e-01
3.908316970868019880e-03 5.855681597915155523e-01
3.549721195158284104e-03 5.814005204185684894e-01
3.189794153326097614e-03 5.771448866173293224e-01
2.218648483151119954e-03 5.625748547779382269e-01
2.128389660069451850e-03 5.610797253005607166e-01
2.032760233550923168e-03 5.594375834999308905e-01
1.633843037293969402e-03 5.512402551442110443e-01
1.206368646257005572e-03 5.418516764376074546e-01
9.108202040304380631e-04 5.316162088256904950e-01
8.000547204161101433e-04 5.274856495793008859e-01
7.841784691894337911e-04 5.266408072380760474e-01
7.808431022801043397e-04 5.256833761289559925e-01
9.228304318205093892e-04 5.151838432266712120e-01
1.042142468939633027e-03 5.107611610276304726e-01
1.108812658207725121e-03 5.087892189029633583e-01
1.766403636387692266e-03 4.942083935764407521e-01
2.502439377522591712e-03 4.813004043014172950e-01
3.442552876770754722e-03 4.652472995576834025e-01
5.133961125314501217e-03 4.398990936638140781e-01
5.549289183921390922e-03 4.341781134641086171e-01
5.655122208922502836e-03 4.328575361546843636e-01
6.185527571979876349e-03 4.269543867248375424e-01
7.918664717398438135e-03 4.090002472646161458e-01
8.793615284729883186e-03 4.004979047490391242e-01
9.202687778305795874e-03 3.966252118273452254e-01
9.556185042746023761e-03 3.937170619979811770e-01
1.025004711209120956e-02 3.882564971746773619e-01
1.127040511114718591e-02 3.815591969874934097e-01
1.259875916767416726e-02 3.742350852648642645e-01
1.342088281293840613e-02 3.697676388088285693e-01
1.464088821242670591e-02 3.636470006999893423e-01
1.558406184979521658e-02 3.590051458408285434e-01
1.654194350771076572e-02 3.544918451905874068e-01
1.886737728678111736e-02 3.436361702875488922e-01
2.061177296524208113e-02 3.356619241905320905e-01
2.129114017819688787e-02 3.327197357126918664e-01
2.424542359103754041e-02 3.200449337030145669e-01
2.800793561201464499e-02 3.042196204680605032e-01
