9.748519217545232873e-01 7.148384935939779972e-01
9.720081038234530402e-01 7.240510458185492881e-01
9.710586843256038270e-01 7.270236703946102441e-01
9.700962668988535320e-01 7.300047165978261754e-01
9.695652885091242679e-01 7.316396949430625796e-01
9.680567777730484380e-01 7.362303046167115728e-01
9.676992977349427871e-01 7.373180996495604100e-01
9.664864253778073788e-01 7.406793749173272712e-01
9.647032206397961884e-01 7.452517915461935871e-01
9.646375763008925297e-01 7.454200001725520552e-01
9.642698002767401411e-01 7.462999441210708129e-01
9.611512812475988543e-01 7.537540163398654958e-01
9.597206004507262689e-01 7.570918097743841724e-01
9.586072303329677968e-01 7.595785176615679202e-01
9.566628444741418491e-01 7.638441602169979694e-01
9.547014071405769409e-01 7.680995199644504723e-01
9.538388472633709814e-01 7.699495040315801342e-01
9.534931456229703839e-01 7.706686452621110961e-01
9.510735603999338483e-01 7.755582812125391134e-01
9.496272705061439279e-01 7.784674692145995278e-01
9.491164985634917839e-01 7.794853473913018194e-01
9.464686122266862123e-01 7.847112806809430907e-01
9.451283201468101414e-01 7.872956012421179484e-01
9.412147961984443922e-01 7.948300022341805438e-01
9.395276124932602224e-01 7.976988974824021916e-01
9.384621404656237065e-01 7.994894181911127440e-01
9.379319304026555448e-01 8.003676197541714776e-01
9.374942329269018160e-01 8.010615265150650144e-01
9.369600417177410545e-01 8.018860775190934653e-01
9.336122297811543236e-01 8.070360972414430956e-01
9.325726979941660888e-01 8.086268105972270748e-01
9.311208126347126912e-01 8.108235546261153281e-01
9.299621714525022620e-01 8.125559705356648621e-01
9.291899468033026910e-01 8.136947523454678421e-01
9.240732727519574974e-01 8.211130982806659206e-01
9.223381733470619182e-01 8.235584741703304568e-01
9.205515112132770517e-01 8.260384588620878210e-01
9.192079291266610497e-01 8.278583110203744377e-01
9.182175312537114165e-01 8.291821352925649036e-01
9.178254362187008297e-01 8.297052045496953188e-01
9.144354557316624055e-01 8.340769214342786952e-01
9.141902841817648451e-01 8.343922741197786763e-01
9.130342992315245709e-01 8.358487044093284579e-01
9.115009146405759211e-01 8.377497713959469738e-01
9.096742006521107982e-01 8.400070704520743448e-01
9.069901775045560166e-01 8.432907505196470810e-01
9.022861434145615922e-01 8.488229430429701239e-01
8.992839633152912571e-01 8.522571996348318191e-01
8.953760866065947344e-01 8.567228047928429069e-01
8.952262710258136469e-01 8.568923301196057496e-01
8.912379915177839340e-01 8.612990106944081736e-01
8.906975098750639086e-01 8.618919638255654325e-01
8.889846760858263197e-01 8.637621435622773181e-01
8.882936471401553513e-01 8.644929296002643593e-01
8.860092235044639830e-01 8.668666300207492625e-01
8.800047775348170953e-01 8.730236230148498144e-01
8.792353185538857030e-01 8.738126029529564853e-01
8.784573471530999766e-01 8.746075162260582569e-01
8.754261525373038255e-01 8.776518891364589736e-01
8.736535722393745651e-01 8.793963914732537690e-01
8.714840753017993880e-01 8.815275096542226629e-01
8.675662778648978168e-01 8.853752474404035233e-01
8.653063885988192538e-01 8.875156649869921921e-01
8.623570494314839463e-01 8.902937306394257400e-01
8.607439874835567384e-01 8.917749431088527468e-01
8.561640027569742406e-01 8.959211929138223285e-01
8.521521066740881389e-01 8.994240414580308984e-01
8.505776539495866206e-01 9.007083951607001149e-01
8.474270853910864654e-01 9.032108770458995295e-01
8.451830134626517887e-01 9.049614282576818880e-01
8.440060002949549833e-01 9.058614470767321070e-01
8.409416949191711455e-01 9.080776472850499159e-01
8.400814802261413750e-01 9.086969757021928773e-01
8.373653289683620216e-01 9.106513892697113421e-01
8.361401112709687666e-01 9.115019054319966063e-01
8.308972397063814075e-01 9.151024823024747068e-01
8.297689261719147780e-01 9.158757078964822052e-01
8.286815970645038387e-01 9.166189537483312444e-01
8.267101205341530479e-01 9.179444789197082066e-01
8.218713984647839643e-01 9.211043053623074739e-01
8.160004803710629862e-01 9.248716811907288227e-01
8.152111337797349755e-01 9.253748895678923780e-01
8.130479607211260618e-01 9.266643865289663218e-01
8.105078596965831217e-01 9.281695583075340039e-01
8.063915161639045870e-01 9.306059787911835635e-01
8.055023570252630716e-01 9.311315845409746661e-01
8.046208050941968670e-01 9.316515436612142764e-01
8.024673950961946911e-01 9.329117230853425369e-01
8.014958132711924588e-01 9.334733385159901253e-01
7.979879722595543123e-01 9.354735434714848141e-01
7.934969113578086430e-01 9.379308358229438980e-01
7.931429806790788462e-01 9.381234777356645127e-01
7.926420465127863579e-01 9.383916737039281752e-01
7.915230733437029764e-01 9.389899590266654883e-01
7.906704078128412583e-01 9.394452358442080264e-01
7.904627236822522329e-01 9.395556379200727948e-01
7.887454520305867689e-01 9.404547924655851654e-01
7.866198029117950075e-01 9.415348372769642982e-01
7.852272665120788586e-01 9.422327257141277501e-01
7.811557228651989648e-01 9.442502106841049736e-01
7.770753384802991937e-01 9.462587081837658953e-01
7.735206039309706627e-01 9.479916628327232919e-01
7.704087284195826335e-01 9.495073861003739957e-01
7.675560317212932748e-01 9.508961608182222580e-01
7.663257974097371639e-01 9.514868667140626846e-01
7.603393524578895279e-01 9.543544600686543200e-01
7.598810705156628931e-01 9.545737513239939132e-01
7.585727748245774116e-01 9.551740194600489842e-01
7.532929413663324025e-01 9.575510682380693472e-01
7.518596558795254126e-01 9.581938950954814738e-01
7.511785640020868238e-01 9.584991435938738924e-01
7.464901483965256102e-01 9.605403574013900991e-01
7.429920258672633171e-01 9.620628430821254184e-01
7.406183041835304737e-01 9.630496808748281179e-01
7.342115419848547209e-01 9.656438815301008338e-01
7.310346913034297955e-01 9.669233539262538368e-01
7.301257441043343954e-01 9.672888887595137986e-01
7.294410841730338824e-01 9.675615968997410832e-01
7.286009543203069150e-01 9.678942317328553813e-01
7.244423872665808339e-01 9.695298904982431187e-01
7.218758185040025088e-01 9.705197581746065616e-01
7.213144782278100298e-01 9.707333301242687673e-01
7.204184890618464676e-01 9.710742172409546624e-01
7.201353067716805834e-01 9.711785219814298431e-01
7.179649340066668328e-01 9.719524760109247152e-01
7.106328418631223665e-01 9.744155522275539383e-01
7.074954341427343030e-01 9.754605849008710639e-01
7.037326969369320784e-01 9.767125013310589132e-01
6.972474136307731385e-01 9.787389260713829087e-01
6.944889128108095999e-01 9.795859929197519023e-01
6.935127519765362791e-01 9.798848139514012567e-01
6.924331664083844817e-01 9.801906864757491400e-01
6.865966105855227930e-01 9.816868116755036455e-01
6.825154385090334008e-01 9.827181441885908253e-01
6.796661254809382990e-01 9.834291586098894422e-01
6.793236680510444936e-01 9.835115156070804998e-01
6.779083615759221582e-01 9.838340543476548072e-01
6.710116728317919721e-01 9.852921009220351189e-01
6.667184124539542456e-01 9.861945395540996362e-01
6.635957108583063757e-01 9.868349674423820828e-01
6.608595930976982613e-01 9.873709274537493252e-01
6.581282301001338819e-01 9.878971475779836364e-01
6.560324399674173357e-01 9.882772784832901669e-01
6.534996713648768552e-01 9.887070377293540879e-01
6.496274958547324507e-01 9.893618953997810328e-01
6.480564287976416926e-01 9.896238425791336057e-01
6.437268419835002753e-01 9.903324300776291667e-01
6.404640462136342860e-01 9.908601480264265238e-01
6.282324314733072068e-01 9.927939990465850517e-01
6.259306678246405742e-01 9.931368515741025860e-01
6.240510196876416504e-01 9.934152421378197317e-01
6.213764615147286952e-01 9.938103378959770584e-01
6.176706449749568284e-01 9.943216340914855511e-01
6.153509358361626269e-01 9.946350735805018495e-01
6.137989187657777457e-01 9.948382307694185744e-01
6.127447631855801324e-01 9.949671474162008478e-01
6.085102367612149621e-01 9.954795533493405735e-01
6.069000954152362626e-01 9.956568889274816092e-01
6.045550165598262415e-01 9.959102360284380895e-01
6.030997239886082273e-01 9.960546201058376736e-01
6.022094565548629097e-01 9.961396135606934710e-01
5.999702829796692560e-01 9.963509278189751628e-01
5.965996951989466224e-01 9.966632726990021229e-01
5.885267566279536178e-01 9.973257220650565413e-01
5.871377086954318036e-01 9.974334254501042718e-01
5.843867046898989503e-01 9.976139843528860629e-01
5.785818959487160074e-01 9.979852493193717144e-01
5.754473896004356215e-01 9.981342102246647530e-01
5.716953366494094135e-01 9.982901653475657611e-01
5.663711424461549404e-01 9.985000174937457285e-01
5.615374301774149757e-01 9.986901466600603960e-01
5.609461800637935980e-01 9.987111879473674625e-01
5.524154521700606058e-01 9.989627398276588188e-01
5.494511793214440498e-01 9.990401580847545482e-01
5.441821688352548314e-01 9.991380949167272263e-01
5.432669687116853385e-01 9.991485814091584094e-01
5.428969493353562603e-01 9.991489847694363657e-01
5.415258848449198137e-01 9.991495851052263344e-01
5.384599047770632918e-01 9.991496575505116606e-01
5.319961504438400768e-01 9.991452091962899074e-01
5.307894788771883032e-01 9.991362083866589527e-01
5.274105925818319829e-01 9.991034471984853171e-01
5.241329260419943514e-01 9.990682275064647344e-01
5.136186778094454786e-01 9.989386036616551001e-01
5.086498043958326276e-01 9.988767599457061275e-01
5.077194898245750432e-01 9.988642162525570578e-01
5.043392944703474212e-01 9.987656979819091729e-01
5.006787781004617965e-01 9.986345389987146826e-01
4.976082002507993263e-01 9.985239370257014135e-01
4.884360016273548988e-01 9.981916913382429257e-01
4.820561765272134425e-01 9.979482689690866160e-01
4.816857774489392563e-01 9.979335719736627253e-01
4.802433711810312200e-01 9.978751836445172163e-01
4.759937543798877790e-01 9.976834432518167928e-01
4.757096579379205270e-01 9.976678105812916142e-01
4.720033610793786805e-01 9.974455158277812927e-01
4.704642714579814200e-01 9.973449814805217528e-01
4.659542128313854947e-01 9.970478935814992560e-01
4.528250552946440077e-01 9.961678506030717806e-01
4.427165592021121698e-01 9.954431285444769184e-01
4.415975258593030084e-01 9.953601919544402543e-01
4.315710311317061398e-01 9.945610613389753718e-01
4.294637262180143189e-01 9.943803784077529517e-01
4.284684629691476454e-01 9.942809595400183831e-01
4.278194012253115908e-01 9.942142156079388782e-01
4.227279465234328182e-01 9.935977189782977392e-01
4.216215805703598107e-01 9.934607700832016608e-01
4.198731421790072860e-01 9.932351299365146380e-01
4.158977807995788423e-01 9.926701285215921988e-01
4.143153110089700109e-01 9.924336393422497071e-01
4.084634732231917642e-01 9.915032739917729598e-01
4.015978085586706658e-01 9.904045283680777967e-01
3.952812940770288330e-01 9.893812686224244812e-01
3.921169102724194611e-01 9.888559999133236245e-01
3.876350242794914802e-01 9.881010203379211321e-01
3.841595763390776019e-01 9.875131029890640288e-01
3.777063096542049303e-01 9.864190835997569407e-01
3.758013347964279660e-01 9.860808861294356742e-01
3.720737189800131794e-01 9.854079181009733901e-01
3.690069437051578527e-01 9.848228357295139013e-01
3.624641807476861599e-01 9.835641776431488514e-01
3.582060008313371346e-01 9.827403042313984649e-01
3.572183343875803274e-01 9.825436769571439521e-01
3.534957604528083941e-01 9.817821628126071065e-01
3.528628798584046988e-01 9.816475122190694291e-01
3.500350390763438124e-01 9.810406424595473629e-01
3.492204525795959968e-01 9.808657208316831078e-01
3.478472376737514749e-01 9.805670423790604495e-01
3.468623798327356011e-01 9.803515498188067889e-01
3.455661214964889094e-01 9.800620391115576480e-01
3.439370972073552135e-01 9.796979243534932325e-01
3.374314465730169355e-01 9.781982393670833886e-01
3.360078008243622127e-01 9.778626608977443180e-01
3.308663379028708995e-01 9.766155215962648573e-01
3.287852755123995552e-01 9.760814212338196905e-01
3.267693248567885567e-01 9.755610649620416464e-01
3.255400605185477803e-01 9.752389675045648465e-01
3.221762250197397481e-01 9.743196831540951175e-01
3.218262654465530170e-01 9.742231394400908684e-01
3.200669277465477691e-01 9.737331998355266416e-01
3.146773309115326045e-01 9.721837174173404428e-01
3.119673497517431171e-01 9.713786226758676090e-01
3.078103496030193398e-01 9.701370642483788664e-01
3.052881853503679466e-01 9.693797878921630584e-01
3.013220941120856589e-01 9.681862304423437537e-01
2.943727610221220647e-01 9.660882455609484110e-01
2.942121926820842059e-01 9.660389559817276206e-01
2.902219104129707405e-01 9.647846047506997147e-01
2.873088254462700109e-01 9.638589905270323888e-01
2.870536777160125341e-01 9.637735675929370860e-01
2.840905023658559791e-01 9.627176410508510029e-01
2.830035584159616979e-01 9.623227591061500608e-01
2.772897765900204092e-01 9.602206487561871784e-01
2.759252193347718762e-01 9.597076781129476597e-01
2.679755098588668671e-01 9.566536347040252020e-01
2.659119475770521657e-01 9.558507434507365064e-01
2.642759454933978347e-01 9.552075355800943024e-01
2.600886890444777944e-01 9.535542751659167315e-01
2.579592981840380661e-01 9.526941490667079071e-01
2.547170689410046540e-01 9.513645446039125098e-01
2.526270859510102440e-01 9.504764047064823140e-01
2.506305361108059904e-01 9.496150919099513033e-01
2.488236124454397125e-01 9.488347360111337725e-01
2.450929726094441818e-01 9.471877663137314718e-01
2.431355496008115180e-01 9.463150534211698384e-01
2.412971159558794376e-01 9.454922631049702542e-01
2.385669964685589450e-01 9.442227984165013632e-01
2.355210738842458129e-01 9.427384951891197851e-01
2.339698319456088305e-01 9.419744296744884116e-01
2.294084621182147510e-01 9.397173272043282122e-01
2.270111027980104002e-01 9.385220530466218403e-01
2.239726585828678562e-01 9.369661422851199850e-01
2.222823056662169838e-01 9.360969525480532516e-01
2.213114226383445793e-01 9.355901812411479002e-01
2.204990903834452842e-01 9.351610614531249421e-01
2.202239429417336414e-01 9.350126433520283831e-01
2.174420647716656108e-01 9.334851005655204759e-01
2.168534464607516643e-01 9.331595824180339838e-01
2.147634477567135214e-01 9.319728922461788523e-01
2.131755174614637927e-01 9.310620169524893575e-01
2.110859429983402702e-01 9.298464493651547036e-01
2.096377989260460595e-01 9.289967788678787919e-01
2.075189290649637197e-01 9.277435538598031162e-01
2.049635420720717915e-01 9.262165824316075380e-01
2.011729317078921886e-01 9.238732451355478048e-01
1.997178612580654544e-01 9.229398787129168280e-01
1.975479221853435607e-01 9.215373957113421888e-01
1.949268533868607767e-01 9.198321408376822772e-01
1.895617665458354528e-01 9.163318398970333734e-01
1.879409395867274180e-01 9.152694643262129226e-01
1.863612951970887721e-01 9.141687388056796149e-01
1.843856987168830397e-01 9.127639151847537491e-01
1.832225701949719010e-01 9.119289920586410858e-01
1.762458625216399843e-01 9.067223191045716835e-01
1.695181503788036892e-01 9.016409003236325326e-01
1.682562115084166310e-01 9.006771105035208391e-01
1.652198091242857991e-01 8.982717101535575566e-01
1.639419634388095126e-01 8.972397138977378228e-01
1.629176849068099120e-01 8.963795257987229315e-01
1.577431941445808228e-01 8.920311861709682155e-01
1.489465923491765098e-01 8.841685474040855697e-01
1.464895447407552620e-01 8.819556390990607175e-01
1.452456373986316107e-01 8.808342097831972639e-01
1.438287620748973650e-01 8.795327759777772370e-01
1.429709470189666209e-01 8.787089834395688248e-01
1.421894401184586876e-01 8.779519008451752704e-01
1.417191897490899244e-01 8.774909896170374202e-01
1.409903697998881045e-01 8.767764752640505588e-01
1.392791196338517556e-01 8.750762940224056097e-01
1.354945019608511103e-01 8.713104577198029776e-01
1.325898079614752367e-01 8.683859039484763676e-01
1.309622728825835525e-01 8.667429371363641888e-01
1.293238318452157865e-01 8.650877087368729068e-01
1.286659224445118044e-01 8.644119397398806193e-01
1.266982246945248525e-01 8.623671417282522400e-01
1.206626857887027615e-01 8.560377175003828221e-01
1.200900235918073156e-01 8.554164435543776257e-01
1.184451554388920025e-01 8.536198573816898838e-01
1.152976315914049366e-01 8.501808673920838721e-01
1.125281753667174423e-01 8.470069000401655446e-01
1.101162112026430329e-01 8.441345647178513101e-01
1.090342671718553813e-01 8.428264819396666940e-01
1.086313473791398199e-01 8.423371157001098286e-01
1.074131296725754359e-01 8.408459055263325377e-01
1.058674695211353489e-01 8.389467263186717316e-01
1.029630268231767065e-01 8.352724245213071219e-01
1.003372732140952461e-01 8.318967494370282934e-01
9.746686300448725859e-02 8.281909055027522060e-01
9.507760062145409474e-02 8.250177803244511665e-01
9.270642344419122161e-02 8.217057613715393893e-01
9.246136435349394667e-02 8.213522070010116360e-01
8.892384261691221869e-02 8.162411064701872165e-01
8.695932259362115779e-02 8.133996883780019171e-01
8.592133451743566575e-02 8.118756826032703655e-01
8.394381733851552507e-02 8.089611205518970616e-01
8.295603264159912005e-02 8.074900458659874936e-01
8.154126502552405675e-02 8.052376764710064139e-01
8.036615098420152314e-02 8.033391443832946788e-01
8.022685508882965166e-02 8.031137892441730930e-01
7.822517144498375430e-02 7.998359464992690349e-01
7.616520619490085853e-02 7.964559311471801628e-01
7.601708287869979319e-02 7.962091222440695892e-01
7.415452285315204950e-02 7.930878595856527546e-01
6.897479730992972513e-02 7.843000566127639184e-01
6.822837894953326376e-02 7.830322277936212494e-01
6.624984235018216427e-02 7.796524312093781051e-01
6.466820061145683862e-02 7.768308035240433229e-01
6.374790027665799830e-02 7.751839635554009789e-01
6.265732660063316750e-02 7.731640409417083193e-01
6.167341870186282549e-02 7.713405462506122134e-01
5.962630018503622953e-02 7.673873978377480087e-01
5.913344625197203275e-02 7.664243158832102498e-01
5.701801363379621623e-02 7.622139425930782863e-01
5.583298367196465328e-02 7.598070145956427046e-01
5.421290765372444032e-02 7.564943473669768492e-01
5.379768606324275559e-02 7.556245438017291649e-01
5.313816885764355291e-02 7.542047179885811303e-01
5.270446339729573104e-02 7.532021264131270044e-01
5.177183910127647337e-02 7.510145974055101314e-01
5.049596299995029458e-02 7.480001822632011965e-01
5.009662590044350328e-02 7.470521008762326387e-01
4.870375994833675559e-02 7.435397773891658790e-01
4.834317279068767181e-02 7.426255557562394527e-01
4.751601687123874207e-02 7.405146160999953597e-01
4.644339428207955311e-02 7.377570465497189645e-01
4.548887863107820007e-02 7.352532032706639020e-01
4.298800385597223439e-02 7.284965787489169342e-01
4.114748757273989366e-02 7.231348209314002462e-01
4.076226749570199814e-02 7.220082868024421119e-01
3.975079060702835232e-02 7.189357632060379144e-01
3.710114049927248914e-02 7.108198899224911216e-01
3.690131346525993283e-02 7.102067672731083858e-01
3.632423895588909879e-02 7.083800780481426251e-01
3.552797882057767698e-02 7.058239448415888351e-01
3.428936645017288676e-02 7.018378793565012153e-01
3.159120027103712314e-02 6.930182719393919166e-01
3.107414652074313999e-02 6.911983713545379882e-01
3.034307290856175232e-02 6.886008895670725494e-01
2.964240137881912762e-02 6.861107833301062220e-01
2.714404181055019016e-02 6.772059869451214631e-01
2.463902918564131461e-02 6.682441648277288593e-01
2.328731245400317285e-02 6.633682047564934958e-01
2.275739740124982369e-02 6.614439727674022995e-01
2.187387666945572740e-02 6.582248538755707257e-01
2.057223551076781121e-02 6.533301027970541686e-01
1.999716202716217417e-02 6.511255284866661608e-01
1.952681413834922441e-02 6.492284062545594647e-01
1.885647346918006839e-02 6.464615729780147646e-01
1.866670463007824576e-02 6.456746257319293525e-01
1.843748579598625259e-02 6.447019807011736825e-01
1.681387941793477392e-02 6.374629097482293894e-01
1.674396219230622762e-02 6.371499123501380701e-01
1.580053945844550611e-02 6.328647921170302837e-01
1.575832334390869782e-02 6.326700234497648623e-01
1.547179240213270024e-02 6.313423289328879973e-01
1.479177089686589674e-02 6.281791015506041909e-01
1.388635640634472423e-02 6.238305247817581556e-01
1.352603070357261128e-02 6.220363417772850623e-01
1.325425328300267047e-02 6.206807566134961984e-01
1.270008942067535340e-02 6.178347808502950844e-01
1.210294720031501736e-02 6.146803707589614252e-01
1.170924738487333361e-02 6.125932076312667895e-01
1.113198135354498408e-02 6.095127513775880912e-01
1.086599739711258117e-02 6.080426077691205577e-01
1.022986554403793047e-02 6.045133029311839934e-01
9.807670643448784809e-03 6.021200526152193921e-01
9.359689072730548176e-03 5.994421490994599200e-01
8.954469028183864587e-03 5.967020521911436948e-01
8.697209379931902795e-03 5.949122205040653366e-01
7.742258508211641299e-03 5.880315005687000163e-01
7.549551078643634838e-03 5.865815963680247602e-01
7.281484358907186483e-03 5.844935494505303364e-01
6.663235744649997905e-03 5.794266139750144928e-01
6.511883215091218702e-03 5.781667711057308923e-01
6.132291779002208010e-03 5.749609649127233046e-01
5.336003940912048549e-03 5.681399320108048157e-01
5.171943571362080938e-03 5.665836056179218705e-01
4.814596328477360743e-03 5.631513543065505001e-01
4.386412094493641334e-03 5.590098924814768111e-01
4.306760288983246809e-03 5.581699317243739022e-01
4.017712409684071062e-03 5.550944859401339970e-01
3.625149314975040227e-03 5.508666942605567884e-01
3.317520856543909602e-03 5.474807204740331779e-01
3.071455001591560929e-03 5.447210749509491245e-01
2.998148644405396190e-03 5.438453258811765112e-01
2.856856809827279520e-03 5.420154553947016396e-01
2.601296232805805353e-03 5.382578100138122323e-01
2.550574790169291006e-03 5.374876799870421662e-01
2.340292871585658574e-03 5.340287202152291801e-01
2.253492034712256675e-03 5.325917183412345324e-01
2.003532972170707360e-03 5.281441402176987321e-01
1.697418515883120094e-03 5.223240613661247478e-01
1.642704969086250522e-03 5.212763966081755962e-01
1.361287698389612721e-03 5.156296102619327693e-01
1.133310885610527841e-03 5.108069845532907660e-01
9.958376427141590881e-04 5.077766401573159394e-01
9.643896657692829777e-04 5.070118995144070606e-01
8.642206682283326558e-04 5.041051861738531370e-01
5.737165069447103249e-04 4.878267641490482420e-01
5.121093905927631695e-04 4.841779730918509550e-01
4.929722459707797100e-04 4.793299523625542680e-01
4.809102595664249691e-04 4.717306260303752996e-01
4.793763566003361731e-04 4.696606647020317160e-01
5.197465408437462742e-04 4.635854698199782797e-01
5.669702187491854062e-04 4.607253481906357084e-01
6.591601935493907050e-04 4.567775783594621997e-01
7.218901274049782657e-04 4.541910031924746294e-01
8.140306063845192952e-04 4.504470476122406364e-01
8.793932559968409279e-04 4.487122000761640805e-01
1.070222321060243509e-03 4.439709372774447438e-01
1.219347150578142802e-03 4.413938434445613401e-01
1.328679891903328247e-03 4.397207379692480433e-01
1.584654161433496355e-03 4.358865452004768715e-01
1.832204237478873843e-03 4.322613864891907687e-01
2.069427246417565591e-03 4.289890039532413546e-01
2.507358266037318373e-03 4.231663929307228900e-01
2.799387269420638980e-03 4.199935874835859506e-01
3.365841580965089896e-03 4.139207308975406674e-01
3.619788682164615246e-03 4.112286322353395640e-01
4.053589681911828890e-03 4.071917878251004597e-01
4.221180766263987749e-03 4.057232232998451149e-01
5.218661306389260623e-03 3.973779302612356901e-01
5.934384242964441114e-03 3.920506391991964712e-01
6.200404873852538579e-03 3.900757602101146970e-01
7.232598753186381124e-03 3.827663703257699890e-01
8.129084220064086708e-03 3.765747884841874615e-01
8.827555224868888217e-03 3.719061285841368525e-01
8.935160930062191476e-03 3.712101147410673541e-01
9.321933133081161671e-03 3.687963589589253743e-01
9.579808231707453992e-03 3.672008511702256062e-01
9.698092578660388874e-03 3.665114050732696249e-01
9.998524139149589374e-03 3.647856765751693597e-01
1.026996991133144466e-02 3.633110513494874905e-01
1.075955836191433423e-02 3.607610568297690001e-01
1.101517506211746600e-02 3.594459719375241447e-01
1.181282359087532097e-02 3.553775697379230047e-01
1.211365590648749713e-02 3.539131260936889678e-01
1.470104130385208041e-02 3.415572904707397939e-01
1.515626238983103224e-02 3.395347773646956169e-01
1.542676465704218014e-02 3.383355074884002445e-01
1.593650658579315316e-02 3.361881247381794946e-01
1.932009229152920060e-02 3.224763282391400754e-01
1.974357528074444090e-02 3.208349521779311209e-01
2.075779053556936482e-02 3.171289305823511429e-01
2.116476505254039076e-02 3.157063765051669746e-01
2.302222102716078300e-02 3.092317639389789985e-01
2.374692193760075121e-02 3.067224611121209810e-01
2.473070781088859693e-02 3.033401809601480315e-01
2.644094233872129607e-02 2.977113665416255550e-01
2.682836511322939099e-02 2.964520214933318298e-01
2.788614608577455467e-02 2.931612677126498312e-01
2.892642297455838563e-02 2.900047219044771252e-01
2.983550242910326666e-02 2.872721227762333740e-01
3.088772695954200564e-02 2.841168133383762395e-01
3.254740301493030952e-02 2.792225973287020269e-01
3.294797878501232180e-02 2.780487932779861504e-01
3.319314064693823507e-02 2.773391957463684498e-01
3.345633112325574476e-02 2.765809732945149202e-01
3.406561453725132083e-02 2.748872066377727741e-01
3.638860014585021396e-02 2.684786638739083964e-01
3.734637646558169877e-02 2.659209797078769810e-01
3.810852247402041204e-02 2.638960308680036171e-01
4.023998944307438652e-02 2.583283999476152504e-01
4.098902943942661636e-02 2.563773838731788768e-01
4.205803200214774940e-02 2.536821808306721771e-01
4.430305296559378103e-02 2.480558653783192513e-01
4.454378533662206596e-02 2.474536251122914088e-01
4.529062789445958970e-02 2.456063867590499994e-01
4.578745684423968232e-02 2.444117360872902767e-01
4.738392824255999169e-02 2.405940956082412985e-01
4.976389203635922520e-02 2.351904085345165596e-01
5.079925917385330614e-02 2.328735417571523580e-01
5.134336874779099613e-02 2.317132048346383089e-01
5.219867422882440433e-02 2.299052085729017536e-01
5.299907458914054903e-02 2.283024466668737151e-01
5.498742873136630571e-02 2.243365853033773005e-01
5.568310131592058010e-02 2.229742709692502656e-01
5.644876620256022992e-02 2.214779696663479180e-01
5.804276689470233563e-02 2.185060396706836050e-01
5.854021048823210283e-02 2.176023414354563146e-01
5.981886540971759203e-02 2.152831645701415164e-01
6.047930226297448808e-02 2.141571237231563174e-01
6.150476911186009144e-02 2.124965630029196362e-01
6.300109316177926466e-02 2.100754566186806560e-01
6.450936595904799287e-02 2.076458185183188698e-01
6.505032648531205997e-02 2.067811178811718165e-01
6.658252226891447911e-02 2.043694354147724823e-01
6.845309360055518155e-02 2.014603935054328776e-01
7.110307020662443023e-02 1.973726877749825137e-01
7.250955942245207453e-02 1.952819863740692385e-01
7.399991829909269292e-02 1.930726211449647067e-01
7.596222772622385211e-02 1.902153856948973765e-01
8.177146557152914497e-02 1.820231597206974916e-01
8.343367546199909057e-02 1.797052605399830361e-01
8.441860207203233379e-02 1.783348833865615601e-01
8.705029949549558665e-02 1.747488599488753458e-01
8.768474882013543859e-02 1.738940704742376608e-01
8.809880287472493521e-02 1.733436718287625355e-01
8.829728531513225676e-02 1.730856856867842852e-01
9.310997463155457066e-02 1.668497124808573373e-01
9.578902145206380503e-02 1.634272869159901775e-01
9.707298189270219257e-02 1.617926556221004342e-01
9.737267329760546097e-02 1.614218366305116836e-01
9.953478871295828867e-02 1.588207513406139082e-01
1.029384191808363491e-01 1.547856707178142388e-01
1.047677608830683837e-01 1.526325418076852625e-01
1.083221910935043830e-01 1.484532847012141055e-01
1.091756987051510919e-01 1.474550885214960250e-01
1.098069781126811417e-01 1.467252063689608033e-01
1.123168772903904156e-01 1.438682272542259888e-01
1.128936909401366817e-01 1.432133062249644206e-01
1.151234052648001382e-01 1.407151730378511933e-01
1.163200524976998329e-01 1.393956830453010332e-01
1.188409696935456283e-01 1.366320605279820466e-01
1.197999797797660859e-01 1.355834182508622865e-01
1.234933044571462357e-01 1.316021204260860999e-01
1.266850943416362174e-01 1.282192226292550030e-01
1.333705893411439858e-01 1.212127114016802176e-01
1.395612139220513415e-01 1.147851583479621018e-01
1.403449716330750219e-01 1.139760030973149263e-01
1.439457154907186620e-01 1.102836115941593365e-01
1.452258041755755125e-01 1.089805972860483640e-01
1.491603438009388993e-01 1.050043481481151009e-01
1.506512637227339635e-01 1.035614350409591600e-01
1.538723314416083898e-01 1.004562250855294270e-01
1.562609659565304954e-01 9.821656294835101608e-02
1.592562508213858363e-01 9.541836620155641491e-02
1.600389576783347589e-01 9.472898805371954278e-02
1.618026202439151184e-01 9.326770761806790766e-02
1.626340832417072502e-01 9.257952837923555389e-02
1.643340593042122988e-01 9.119316335315097444e-02
1.653638910152545050e-01 9.037577742666347280e-02
1.658704034158696716e-01 8.998282805771484760e-02
1.678723509849743278e-01 8.843625586590952992e-02
1.709925736842975441e-01 8.611442188092455208e-02
1.724054637774745657e-01 8.506690358213864211e-02
1.728428118292677507e-01 8.474340950891878776e-02
1.733172260953638188e-01 8.439899483524559987e-02
1.742868116801715717e-01 8.369797687825974997e-02
1.748683620280685469e-01 8.327917031989828800e-02
1.776018560217901276e-01 8.133250723571117113e-02
1.816769583163279078e-01 7.844810547445102422e-02
1.823405313705735997e-01 7.798743303378508074e-02
1.879407758681027607e-01 7.417348356061204129e-02
1.897526259823248962e-01 7.296245476579765743e-02
1.913017885066591317e-01 7.193079168474447727e-02
1.943464659350520041e-01 6.994338091578899963e-02
1.962661828411164100e-01 6.871152573194416746e-02
1.977993472326057267e-01 6.773084464161960305e-02
2.020560795841779278e-01 6.502487665724987487e-02
2.040462283650843478e-01 6.376223127337066199e-02
2.047070826177670444e-01 6.334932467767429021e-02
2.068145657448668961e-01 6.203356660375969334e-02
2.086297154249124874e-01 6.090082973486254936e-02
2.097294630016758310e-01 6.021822365954643264e-02
2.119746047749002660e-01 5.889809808173640526e-02
2.148149318495916615e-01 5.723046786445118439e-02
2.180212971056949556e-01 5.535893106862965762e-02
2.185286507840482617e-01 5.507722052175068050e-02
2.214768194282520364e-01 5.345489757339316750e-02
2.233843629039395928e-01 5.241111136993992226e-02
2.263017853176471084e-01 5.095542787892948233e-02
2.304437074033603983e-01 4.898918308128030752e-02
2.320701098478223923e-01 4.821879276987861562e-02
2.330459984660874229e-01 4.775913126492248306e-02
2.353105712469916178e-01 4.669890899233219983e-02
2.387417315579224431e-01 4.515825237772264078e-02
2.401944518192330458e-01 4.451104212872658561e-02
2.425294363296542910e-01 4.348316609479330186e-02
2.460475212701427328e-01 4.196332806506652968e-02
2.488822649167764522e-01 4.075583534420335052e-02
2.504101910033725842e-01 4.011383206284702130e-02
2.527271998777942397e-01 3.919220906624998335e-02
2.538714284753313954e-01 3.873825554686194383e-02
2.561074368972621196e-01 3.786231838667830640e-02
2.591663806399464587e-01 3.667769924930264214e-02
2.622368585128413976e-01 3.561729614522801679e-02
2.692229905383580757e-01 3.324289143385372736e-02
2.731472379985280252e-01 3.194007320471337064e-02
2.738701147163526972e-01 3.170157061325729053e-02
2.789184066060306222e-01 3.003753743141479582e-02
2.793026436054490969e-01 2.991672854302462881e-02
2.824805601852349302e-01 2.893750257139815485e-02
2.838853040790583204e-01 2.850983549967067709e-02
2.844885430148897942e-01 2.834045077720759309e-02
2.854092268161916301e-01 2.809085585710169308e-02
2.876979689409971952e-01 2.747709250083374410e-02
2.956724332358829921e-01 2.535060958513501994e-02
2.962412488343514338e-01 2.520227790132045786e-02
3.074329982847660014e-01 2.229531462775213857e-02
3.132842412482917949e-01 2.079751882976377253e-02
3.147738520844102217e-01 2.045450504924550827e-02
3.180965061627998303e-01 1.973690931113913916e-02
3.189221278880768340e-01 1.956016558148632178e-02
3.268877041406774708e-01 1.786496539266735351e-02
3.284726403393660732e-01 1.755759306921911289e-02
3.322166411638431960e-01 1.688850534586694430e-02
3.360513392063119165e-01 1.621215577071477565e-02
3.409779959057136489e-01 1.536041445452329679e-02
3.435730776592854641e-01 1.491283352288352848e-02
3.513088156124793970e-01 1.360316877087852649e-02
3.545545665323402984e-01 1.306110497894874545e-02
3.592465365659844867e-01 1.228855874687040384e-02
3.695624558735668419e-01 1.061744818170207161e-02
3.731394139204912141e-01 1.005702354321635905e-02
3.850528134829762639e-01 8.195347479413306324e-03
3.862202844703397364e-01 8.017686269396584464e-03
3.891323008742654244e-01 7.599778362757159123e-03
3.928657030575967157e-01 7.122720450369990353e-03
3.960859338142854735e-01 6.712828626812772370e-03
4.037694930423382234e-01 5.775425292125158094e-03
4.045714978114670624e-01 5.679400590458127951e-03
4.050770906886015377e-01 5.622663240470671120e-03
4.094875637017211245e-01 5.130129761444446324e-03
4.134179630723033849e-01 4.705601815156001955e-03
4.158268241569968993e-01 4.448973270126610480e-03
4.218803326525717434e-01 3.927584777527748372e-03
4.266745133659546330e-01 3.518367441007308472e-03
4.311379550988923004e-01 3.148574666572812042e-03
4.338413933517076826e-01 2.944182237567205540e-03
4.405561545542712176e-01 2.444821278278164201e-03
4.463427621682460877e-01 2.093947730943179764e-03
4.470713945404978240e-01 2.052261793239251730e-03
4.519574387984852670e-01 1.819524837463060152e-03
4.589110807566478822e-01 1.540724627615452924e-03
4.630279872319069678e-01 1.389104476734126514e-03
4.646061008587880625e-01 1.331868576071815191e-03
4.703353724262958613e-01 1.172620022135362206e-03
4.729808483170472311e-01 1.117225352266437710e-03
4.745756008321346808e-01 1.087344517708976888e-03
4.785413901872863640e-01 1.015429026729797179e-03
4.820038463673945728e-01 9.548934330353420208e-04
4.868169975441227759e-01 8.719036956776893277e-04
4.894829490986993825e-01 8.608112786478994138e-04
4.928446849702546873e-01 8.503424494882283469e-04
5.018509427316208971e-01 8.635555155264151850e-04
5.032802716519858555e-01 8.664974270216063701e-04
5.078550728754933630e-01 8.859340931227643878e-04
5.092405916159942203e-01 9.152915592848254178e-04
5.143558697990031625e-01 1.050520474296878781e-03
5.216985458762747330e-01 1.339256229367702389e-03
5.243358087069539542e-01 1.444322474696280167e-03
5.280354042832829942e-01 1.594290371094375658e-03
5.359171435448278897e-01 1.948207973614501931e-03
5.368165297318955309e-01 1.989447104605135408e-03
5.412386720604549506e-01 2.194117777943649372e-03
5.467477418971946612e-01 2.469811692162426908e-03
5.469849340754363576e-01 2.483604392301663744e-03
5.494012828185430575e-01 2.649029576258121743e-03
5.541388355859793169e-01 2.982041688615377772e-03
5.593212886330105604e-01 3.360727369014382404e-03
5.604558268053532188e-01 3.456068955950186705e-03
5.664816740590251642e-01 4.029581079995958603e-03
5.695964507343184158e-01 4.333115639258089402e-03
5.708185581889470006e-01 4.453236756743472746e-03
5.720564674781857262e-01 4.575050704423766490e-03
5.730985953669931465e-01 4.686972894129004530e-03
5.779820705779209478e-01 5.292868693810071079e-03
5.811675115407696213e-01 5.709289043704823818e-03
5.854460667989426215e-01 6.270182990086969887e-03
5.874556743481926802e-01 6.543243626605965702e-03
5.924575178271834774e-01 7.232274343366706937e-03
5.957140392508363247e-01 7.688703642432903607e-03
6.001483942079788303e-01 8.332188038330690105e-03
6.086607393444236624e-01 9.569357635081710001e-03
6.101363231904224360e-01 9.787265849285797792e-03
6.119473398821688725e-01 1.008418731653049072e-02
6.161161529943156578e-01 1.076936301932329698e-02
6.205105505155176226e-01 1.149682750262215336e-02
6.225323670556363043e-01 1.189200634368781095e-02
6.233409136838320430e-01 1.205259598563990231e-02
6.267400387453728738e-01 1.274445472670671098e-02
6.291839399872362071e-01 1.324362191313799286e-02
6.304304881094543456e-01 1.350564592181413559e-02
6.312293820605395789e-01 1.367392920763044195e-02
6.349882354330592671e-01 1.449717074509138115e-02
6.362063924170777707e-01 1.476512545221964068e-02
6.366212976319270966e-01 1.485713498805418809e-02
6.380044052137083810e-01 1.516677430868274001e-02
6.406615492178537874e-01 1.577671521840284807e-02
6.476983033484143837e-01 1.742198885066370551e-02
6.511891779973345562e-01 1.828503724362962046e-02
6.542785894621329090e-01 1.904975969325406471e-02
6.549323627458923935e-01 1.921479154228988850e-02
6.572481274510323379e-01 1.984641030855704980e-02
6.588219256934296775e-01 2.028504346675363834e-02
6.607246779516194879e-01 2.082706612716156425e-02
6.611415887341302033e-01 2.094913910520435074e-02
6.639635711441204124e-01 2.180528192710518010e-02
6.647125397177993111e-01 2.203384217722081928e-02
6.685332906482711612e-01 2.324166417037154542e-02
6.722213630382664062e-01 2.441891928026995728e-02
6.725719700140928570e-01 2.453192631294365267e-02
6.783808818693254361e-01 2.648477481197630823e-02
6.832769238018208124e-01 2.814211611290085013e-02
6.852757304099664770e-01 2.884869374694642996e-02
6.861411550708441665e-01 2.917201685935788547e-02
6.916435000430536384e-01 3.126499213718680892e-02
6.946417410726606345e-01 3.241858898895466634e-02
6.953446496556319190e-01 3.268997806139906093e-02
6.965843300853322706e-01 3.317733049550031232e-02
7.027765800543576136e-01 3.562098369028443567e-02
7.065106402581168288e-01 3.710282605917625265e-02
7.131506613313306486e-01 3.974661643762100738e-02
7.145480106047219504e-01 4.031907605700491004e-02
7.164636010099568741e-01 4.110425297624764607e-02
7.227886585850076262e-01 4.376823032723342610e-02
7.279314408851674800e-01 4.594021550871307813e-02
7.294531054689623595e-01 4.659722010815003923e-02
7.296750200620256699e-01 4.669402417685486473e-02
7.299738335739128781e-01 4.682603979726707166e-02
7.341494697193511332e-01 4.870868715762166623e-02
7.371577007538858695e-01 5.010822991400210036e-02
7.393120357903896211e-01 5.113163108199691997e-02
7.409992406084972005e-01 5.194199150959832867e-02
7.459079978287410650e-01 5.431643350307691076e-02
7.482400672145077536e-01 5.545883119899341906e-02
7.513543767880227486e-01 5.703226528922233918e-02
7.572942840687738597e-01 6.019018242107421202e-02
7.613235328386536160e-01 6.233238520028883123e-02
7.615661089729950373e-01 6.246193584620129968e-02
7.680456624929926646e-01 6.593054021936295417e-02
7.699245087847278457e-01 6.693727005494465310e-02
7.703184296446692336e-01 6.715055959456650569e-02
7.746576555403755782e-01 6.952040994561270448e-02
7.767480195116804875e-01 7.066351741471488257e-02
7.829568997787690332e-01 7.413082460872288948e-02
7.840638162478474893e-01 7.475328225212196642e-02
7.871615320833712515e-01 7.656214685921347574e-02
7.892782648176878135e-01 7.779919055340178691e-02
7.917683785137827890e-01 7.925627396310475081e-02
7.936164734964443745e-01 8.034909766263365061e-02
7.964483404429725244e-01 8.205672900185700946e-02
7.991656836019703780e-01 8.375759908038593604e-02
8.008729935613883022e-01 8.482891890960586601e-02
8.016214949388770217e-01 8.530254686220195559e-02
8.039720356021007319e-01 8.679624514031492044e-02
8.053551095327915466e-01 8.767843810541686711e-02
8.095762073745896847e-01 9.050390313391176722e-02
8.113726165712710214e-01 9.172482755368849272e-02
8.116864244169950116e-01 9.193962189342619329e-02
8.163497001420426669e-01 9.515931444600345124e-02
8.182044772797222310e-01 9.646196763926984108e-02
8.189292816403638264e-01 9.698781588881599802e-02
8.205562543557882726e-01 9.830165156930381620e-02
8.215029866446758033e-01 9.906808603956818171e-02
8.243609036757286734e-01 1.013914648223410708e-01
8.259498605965498452e-01 1.026849369995689321e-01
8.285417774643010214e-01 1.048137997771150243e-01
8.311354843381242308e-01 1.069695357024502691e-01
8.319061727329892797e-01 1.076113962926048551e-01
8.358517406995377153e-01 1.109124054254854164e-01
8.377339631059740332e-01 1.125432754768466159e-01
8.381641235794741185e-01 1.129312292560791242e-01
8.401547860849644112e-01 1.147358879890908456e-01
8.416613613509488223e-01 1.161377351682418846e-01
8.421241479919036044e-01 1.165781259040832296e-01
8.438255827910549067e-01 1.182169261568664087e-01
8.449753311380233667e-01 1.193340001071211409e-01
8.476085787703975249e-01 1.219123580536501938e-01
8.529207921548587201e-01 1.271428402356951093e-01
8.535440673974948878e-01 1.277718360175846835e-01
8.542181976429781276e-01 1.284637641581659606e-01
8.584547759200950034e-01 1.328368808107123211e-01
8.590109699511165875e-01 1.334126488927658283e-01
8.600397044219921794e-01 1.344778573672108513e-01
8.624680299788058946e-01 1.370080057784702765e-01
8.638968193687254216e-01 1.385258691704644995e-01
8.663033447708217150e-01 1.410932123536571270e-01
8.670116856087280999e-01 1.418505369523567206e-01
8.697278289335333978e-01 1.447854866771465243e-01
8.722080914399390483e-01 1.475360353803656377e-01
8.724098203905673587e-01 1.477607815206651853e-01
8.735494325308429397e-01 1.490442968267363666e-01
8.752947648022517679e-01 1.510309829245817248e-01
8.760778289240457317e-01 1.519241917324621882e-01
8.773510645135399466e-01 1.533848688977682562e-01
8.815671732173169239e-01 1.582348378287420365e-01
8.822221461340635784e-01 1.589895631869989723e-01
8.828546285506373437e-01 1.597469182556655598e-01
8.869616192653434483e-01 1.647725679966145496e-01
8.942509109135341472e-01 1.738498977212109553e-01
8.959632528731957812e-01 1.759951234930110520e-01
8.978380121307287798e-01 1.783591254593724917e-01
8.983486245335192688e-01 1.790112288591674261e-01
8.986846145111361261e-01 1.794407550263024120e-01
8.990132275701078202e-01 1.798620323074990868e-01
9.021980469373901412e-01 1.839768103456325132e-01
9.053531492113344736e-01 1.881180423220765174e-01
9.088070622858103187e-01 1.927802599157053542e-01
9.132216857357433604e-01 1.987653177873273114e-01
9.153167291692219099e-01 2.016262053519704001e-01
9.163917230829894400e-01 2.031207173497674434e-01
9.185184936523853594e-01 2.061772964756429793e-01
9.199277637502181193e-01 2.082336480885746965e-01
9.210361036981586924e-01 2.098673355682235675e-01
9.237720247942164953e-01 2.139121410325971473e-01
9.246725847233453477e-01 2.152552378479754003e-01
9.267289602093621292e-01 2.183508705936907379e-01
9.301088767291278980e-01 2.235542684156005544e-01
9.309528150499921662e-01 2.248789949589306003e-01
9.321495067352529862e-01 2.267773267544371807e-01
9.334282280475261206e-01 2.288266453248208876e-01
9.344189962719466891e-01 2.304219901105437618e-01
9.352133632454215917e-01 2.317621704522214721e-01
9.371094835813950086e-01 2.350369880867640981e-01
9.379633495458085113e-01 2.365871363040292774e-01
9.400283585340563075e-01 2.404955965966047993e-01
9.403152118439829232e-01 2.410450763475657787e-01
9.420634256642730353e-01 2.444891277353010706e-01
9.421634896667040460e-01 2.446908423008696820e-01
9.439117338245553990e-01 2.482203326024798873e-01
9.446256137912264483e-01 2.496775348162147967e-01
9.458814045928004566e-01 2.522708439443294148e-01
9.478634053245154067e-01 2.563696786672411410e-01
9.489529634024278515e-01 2.586401388558634551e-01
9.497653575074888055e-01 2.603551940751167582e-01
9.530797860912069153e-01 2.674010845554284366e-01
9.543662656406388667e-01 2.702324375409785873e-01
9.550372562658173692e-01 2.717184720663313735e-01
9.552956541119995704e-01 2.723034180744244859e-01
9.561913511719519754e-01 2.743419719940191071e-01
9.569858654635077233e-01 2.761540907562656244e-01
9.574561589803938233e-01 2.772577753789404742e-01
9.576973575991802878e-01 2.778253746135106450e-01
9.591843813939081587e-01 2.813320312902314324e-01
9.607892200173729913e-01 2.851835622467472353e-01
9.610189579353684008e-01 2.857443792924334591e-01
9.613457773456702826e-01 2.865768468272397174e-01
9.622139035866041912e-01 2.888415029089476116e-01
9.633156043108209721e-01 2.917204072293479999e-01
9.634232774593817217e-01 2.920017814866275874e-01
9.641985429147592601e-01 2.940471958866398561e-01
9.646433510837030267e-01 2.952259007405160229e-01
9.651570548809641492e-01 2.966098844085239827e-01
9.657185275958287685e-01 2.981515625565006600e-01
9.672620573185934933e-01 3.024737888671452657e-01
9.680157998132672414e-01 3.045863580132384119e-01
9.697650572371881994e-01 3.096444965596641952e-01
9.698105699672981972e-01 3.097779849850006428e-01
9.707047401218215077e-01 3.124112367699887205e-01
9.720718206330617450e-01 3.164619296379402869e-01
9.748949023960427063e-01 3.248563852249852779e-01
9.766168212081336453e-01 3.300819449708712883e-01
9.770606339248290029e-01 3.314385719755177373e-01
9.785553694107129719e-01 3.360395077926056073e-01
9.789763140653778839e-01 3.373452993044701032e-01
9.800785836898610048e-01 3.407982961243395392e-01
9.803691026929399754e-01 3.417217145751049179e-01
9.809095758796134712e-01 3.435314713077141091e-01
9.810086287340080702e-01 3.438764080983058857e-01
9.815039024049339034e-01 3.457344314257108087e-01
9.827978634191865126e-01 3.507306997393100367e-01
9.839209439885795438e-01 3.552375977400449303e-01
9.842479859857322655e-01 3.565839635863307100e-01
9.853926650375082197e-01 3.613285273169303258e-01
9.857516292253742929e-01 3.628927174176781456e-01
9.859304688795512694e-01 3.636938890327966467e-01
9.866421487895152831e-01 3.670187696427159585e-01
9.886525665671559437e-01 3.766012086490307942e-01
9.892356956434887882e-01 3.795471231565541448e-01
9.895744270252494479e-01 3.813053845514746687e-01
9.905598763606034973e-01 3.865369844327343207e-01
9.906955997720919838e-01 3.872640842260607341e-01
9.909191639069839797e-01 3.885451248980864580e-01
9.915058447149235343e-01 3.920376223510005920e-01
9.918119646356258201e-01 3.939425158049260078e-01
9.924560522397773976e-01 3.980584689903562401e-01
9.930073891628905525e-01 4.017385986661266006e-01
9.931868902958005396e-01 4.029463403301659641e-01
9.936007738224560404e-01 4.057721848228674766e-01
9.941087390508815957e-01 4.093168699191058746e-01
9.944616190205691764e-01 4.117811125137026407e-01
9.955228867148746552e-01 4.192572812664704385e-01
9.957184815220859742e-01 4.207075751500908289e-01
9.957832818595117041e-01 4.211963912735552373e-01
9.961019486236133424e-01 4.236421682132601729e-01
9.965853632196959300e-01 4.276527907625167213e-01
9.967601823770825265e-01 4.292221324815816974e-01
9.968922609875264795e-01 4.304458438563465439e-01
9.974840687007175966e-01 4.362518790129314983e-01
9.976642317832975504e-01 4.380842044127104540e-01
9.979276559147415293e-01 4.408853126690365221e-01
9.979664472316519541e-01 4.413952906417772937e-01
9.980530848543548439e-01 4.425716214233448298e-01
9.981494570204804129e-01 4.440718112275293672e-01
9.983875973885510957e-01 4.480396517587093008e-01
9.986392110041226733e-01 4.522631037332029980e-01
9.987661174688866605e-01 4.546619864465102356e-01
9.989223391170920507e-01 4.577539792886446968e-01
9.989545162661773725e-01 4.587261061212226654e-01
9.989822635603250456e-01 4.595759139316174524e-01
9.991003536612447222e-01 4.643680045461163752e-01
9.991388396480097578e-01 4.661934944750579790e-01
9.992669832730260993e-01 4.741181352315249065e-01
9.993437093297242724e-01 4.790026463194351214e-01
9.994720427234153881e-01 4.895034759909955291e-01
9.995156238116610359e-01 4.934944888539033458e-01
9.995206236433995528e-01 4.988985673069190607e-01
9.995180500941712731e-01 5.003372621830047828e-01
9.995059756007281804e-01 5.027367006570040431e-01
9.994702243878225145e-01 5.054198864119360257e-01
9.994455964937264403e-01 5.069843684414853113e-01
9.993185035313743025e-01 5.118968588199520608e-01
9.991676808792768760e-01 5.166718297390525683e-01
9.991136778467317736e-01 5.182501938014905107e-01
9.986693870296670106e-01 5.297940954810496095e-01
9.984587809232187139e-01 5.348147039932781288e-01
9.983090945752733925e-01 5.382773492752096489e-01
9.982439958656501577e-01 5.396137064619255241e-01
9.977697493272951190e-01 5.487707155329493158e-01
9.973584334348799540e-01 5.562818581412921626e-01
9.968994384628626637e-01 5.644030558128760866e-01
9.963531679734642932e-01 5.723639225290588772e-01
9.962053887160386978e-01 5.744046719042537053e-01
9.961433340375454026e-01 5.752147397142499674e-01
9.958665316043249227e-01 5.787686647744696433e-01
9.955067418281595693e-01 5.831691560333567281e-01
9.954813132622930549e-01 5.834690735069789636e-01
9.954010631660976660e-01 5.844051422541733931e-01
9.945237146026006947e-01 5.946336484756543639e-01
9.940098305371309895e-01 6.005052795268736032e-01
9.937813937737709491e-01 6.031149703317936206e-01
9.934544791105849315e-01 6.064618124522382914e-01
9.930975821526275560e-01 6.100679256595714639e-01
9.929996837410585142e-01 6.110060321479254819e-01
9.927366164499075163e-01 6.135156220732509436e-01
9.924140579462283895e-01 6.164848850857853613e-01
9.921721606930458126e-01 6.186532069269248257e-01
9.918031146258161623e-01 6.218261635348268923e-01
9.909429882772698983e-01 6.288665200234392350e-01
9.906501768603226399e-01 6.312105271910611881e-01
9.899932737520230619e-01 6.364188022166344938e-01
9.899074972062169575e-01 6.370467426619058626e-01
9.893495412881648798e-01 6.411075354309496710e-01
9.888888591271085549e-01 6.442095503999233364e-01
9.881341635124754053e-01 6.491488095577744311e-01
9.876313699202705632e-01 6.524186126865982871e-01
9.867648415541474538e-01 6.579857482321642692e-01
9.864103914194817246e-01 6.602606347465630465e-01
9.860391076365082608e-01 6.626433659951788124e-01
9.847855573767783088e-01 6.705415436532646822e-01
9.847541427621087085e-01 6.707366159316933141e-01
9.846788222627215204e-01 6.712003551858697348e-01
9.842455913468191042e-01 6.737541255939740736e-01
9.840835201579873903e-01 6.747012823598437237e-01
9.824307846324732418e-01 6.841946234929030535e-01
9.823823555385240436e-01 6.844680032834367100e-01
9.820199986663683545e-01 6.863803919119977337e-01
9.816627081808164679e-01 6.882604742741019743e-01
9.811163981210921925e-01 6.908705178964270610e-01
9.808429689711942734e-01 6.921763376749836549e-01
9.805728186790581002e-01 6.934453999806161617e-01
9.800322491396105118e-01 6.957731984189731156e-01
9.795663008089084967e-01 6.977197476367409390e-01
9.794205675877276640e-01 6.983266013460549537e-01
9.784581337780349219e-01 7.020030226118313399e-01
9.777602738436690366e-01 7.046474563470220831e-01
9.761712082765688914e-01 7.103846018734282231e-01
9.752600732791105731e-01 7.134850616577017579e-01
