4.105632031727303732e-01 9.967606190723615756e-01
4.018933936425193587e-01 9.958791778084142843e-01
3.971072175951330663e-01 9.953540807450163008e-01
3.933374108358162480e-01 9.949367720327390030e-01
3.897977401859026858e-01 9.945180185545184903e-01
3.889830595908514987e-01 9.944212371308911447e-01
3.871526781905984538e-01 9.941948542148625334e-01
3.832787910164950351e-01 9.937106271127467139e-01
3.802363807199689583e-01 9.933103552422912763e-01
3.748748983170702709e-01 9.925888496893128243e-01
3.725131751091676491e-01 9.922697245280880374e-01
3.720190250491449135e-01 9.921962948717348851e-01
3.693129446421172246e-01 9.917806205020650578e-01
3.679259553080799772e-01 9.915552817152286647e-01
3.641744170691434968e-01 9.909038192103155618e-01
3.598246183753291416e-01 9.901450917071519253e-01
3.546501006074067042e-01 9.891933329007437381e-01
3.498216968284779127e-01 9.882623693586531921e-01
3.490369429806026713e-01 9.881097003073038287e-01
3.484044778770853390e-01 9.879824114461356332e-01
3.458898525619354403e-01 9.874560360668998005e-01
3.438946657693572884e-01 9.870271828044044904e-01
3.403921537378053475e-01 9.862701524119961149e-01
3.303821867103585164e-01 9.840685845929617592e-01
3.279345705537793365e-01 9.835170123972165612e-01
3.249750896772952147e-01 9.828389575573405201e-01
3.227573274113431645e-01 9.823184160528396491e-01
3.217634063935139177e-01 9.820519453823642886e-01
3.206360240223093405e-01 9.817483594362831356e-01
3.174085377456853929e-01 9.808400054989405703e-01
3.095066566563345334e-01 9.785646435166023283e-01
3.088127603728349491e-01 9.783612845534893632e-01
3.071941627451209578e-01 9.778776482184984298e-01
3.052412980995209968e-01 9.772361893504795116e-01
3.002391184804363289e-01 9.754560308001590796e-01
2.956768465098792986e-01 9.738237632445378988e-01
2.939870506541994444e-01 9.732179332224032420e-01
2.893112094596011485e-01 9.714878945262985788e-01
2.851028553068964411e-01 9.699077001080396165e-01
2.798158745608951281e-01 9.679091170087239515e-01
2.752485912091595099e-01 9.661642019902892953e-01
2.739066019084009374e-01 9.656486672468731491e-01
2.689200008760293525e-01 9.637288981225782258e-01
2.679723243871476313e-01 9.633638234707371240e-01
2.660459726274943537e-01 9.626153282519887000e-01
2.597035279692690435e-01 9.601100776372372136e-01
2.540822945727074234e-01 9.578618566352581354e-01
2.511026939130703295e-01 9.566691725339904195e-01
2.471198551160206924e-01 9.550704600691882762e-01
2.445748413522909614e-01 9.540313331932664953e-01
2.418260255114215718e-01 9.528436595708247303e-01
2.400456704503972083e-01 9.520738415929090870e-01
2.377099925373717393e-01 9.510243769932336111e-01
2.332507693776043056e-01 9.490140433531751851e-01
2.320617567160046524e-01 9.484706589188334203e-01
2.298404390329745195e-01 9.473796434299761593e-01
2.282533180288223718e-01 9.465557124057216720e-01
2.276925068401021712e-01 9.462634771163263014e-01
2.263227778797353706e-01 9.455415188618339073e-01
2.222305881041214959e-01 9.432299646013057037e-01
2.158157010407890097e-01 9.395746776883824314e-01
2.143787303791862553e-01 9.387419730799625439e-01
2.128933806743002477e-01 9.378770622658382239e-01
2.120203543101431554e-01 9.373664697515055044e-01
2.109689307069073094e-01 9.367470707046590128e-01
2.093354800581775366e-01 9.357752511540722296e-01
2.061484255640262941e-01 9.338770304164777381e-01
2.042874842478141217e-01 9.327677266078769902e-01
2.025193317481516764e-01 9.317063827169147494e-01
2.015864754789358781e-01 9.311463526890869646e-01
1.991389841073974432e-01 9.296387556841527733e-01
1.970256055542181639e-01 9.283163805222166554e-01
1.961798399227012157e-01 9.277782602913556831e-01
1.912821641290958774e-01 9.246618089884695024e-01
1.900248330960835896e-01 9.238571993475003241e-01
1.877248803224891849e-01 9.223815898829011983e-01
1.861602622915446426e-01 9.213594895062614532e-01
1.842144717644492169e-01 9.200466055559621825e-01
1.824923918676767953e-01 9.188803212667503439e-01
1.810354861698188489e-01 9.178581176919383688e-01
1.778788425347994084e-01 9.156427809727528677e-01
1.748674555005302333e-01 9.135070779400806806e-01
1.694968682401240545e-01 9.095760979934306434e-01
1.677512660631306773e-01 9.082958153868432305e-01
1.663839016674215077e-01 9.072464768069350427e-01
1.647226382296410052e-01 9.059576596425756856e-01
1.623097221701285675e-01 9.040663468513622236e-01
1.609745175593293998e-01 9.029779297479011424e-01
1.598878448490116955e-01 9.020916562164993380e-01
1.574189314169711085e-01 9.000567845538826051e-01
1.566543122294232204e-01 8.994110127846073333e-01
1.496759503251613999e-01 8.934061208515655661e-01
1.459325295206503337e-01 8.901251204571170028e-01
1.452655693656013658e-01 8.895370717372438341e-01
1.437036035914004972e-01 8.881292907750444332e-01
1.418675704106664992e-01 8.864718201800776409e-01
1.390422066599418804e-01 8.839094598034721306e-01
1.380680921811038853e-01 8.829892991545711389e-01
1.378409352041984337e-01 8.827736037799327473e-01
1.375295990588563666e-01 8.824719066962372072e-01
1.365022094090561633e-01 8.814678673301549194e-01
1.359174286981670865e-01 8.808899846365597641e-01
1.342886704660580244e-01 8.792748954415854357e-01
1.314348335772854148e-01 8.763635914409398930e-01
1.302405179009907266e-01 8.751151352701619368e-01
1.251860438031736078e-01 8.698270722611500805e-01
1.241555588492728179e-01 8.687471205074196456e-01
1.236199518048471391e-01 8.681774202534791041e-01
1.208318118199420144e-01 8.651635431185289438e-01
1.183319619520321608e-01 8.624359141985924460e-01
1.158054447384915808e-01 8.596672795072324291e-01
1.146288171647258936e-01 8.583412382343821312e-01
1.143447141229363972e-01 8.580167706040755515e-01
1.101126772748717841e-01 8.531361097477939692e-01
1.092120940094334913e-01 8.520800279848237402e-01
1.071613069213747660e-01 8.496729223643618711e-01
1.036175833293122017e-01 8.454368773726752551e-01
1.032035631953350241e-01 8.449385630235236588e-01
1.022817242591704257e-01 8.438285285833173610e-01
1.012865438519766070e-01 8.426296411759204297e-01
9.968960567289325558e-02 8.406245530679924416e-01
9.778051110273372482e-02 8.382017678439178665e-01
9.569584225144195377e-02 8.355430892718188618e-01
9.282041874762242406e-02 8.317732313210182138e-01
9.259072510418803192e-02 8.314611680122827586e-01
9.191816176833039753e-02 8.305439304031401182e-01
8.935987306060594326e-02 8.270281662114904453e-01
8.714423149726807649e-02 8.239678047481389100e-01
8.478917169537308895e-02 8.206944539971955388e-01
8.335309424017994795e-02 8.186575135130930159e-01
8.300956304737311386e-02 8.181650139695316737e-01
8.247916462169352370e-02 8.173822296106867391e-01
8.013618061587018948e-02 8.139019844905808210e-01
7.965237818397036262e-02 8.131820843020567402e-01
7.882872628334786080e-02 8.119507195135372557e-01
7.667600657748691040e-02 8.087133758114569693e-01
7.323043145843094459e-02 8.035080082059598006e-01
7.226460883474444818e-02 8.020307198160024909e-01
7.154788883376989039e-02 8.009247011936566629e-01
6.979026836413410040e-02 7.982123258564860491e-01
6.809850646166809574e-02 7.955858518873364371e-01
6.653560735291946804e-02 7.929034198395096267e-01
6.493790005996796788e-02 7.900167692315426260e-01
6.320426659564898353e-02 7.868578691864411834e-01
6.235268884665640110e-02 7.852832738606282392e-01
6.038947648071418817e-02 7.816334369660765669e-01
5.958492745404980750e-02 7.801306547474815556e-01
5.873424779174457599e-02 7.785037651185675589e-01
5.656029039081827969e-02 7.742400331466207097e-01
5.328925936488709825e-02 7.677420633387539439e-01
5.153534428836742398e-02 7.642171936757584660e-01
5.089371207049592227e-02 7.629162319989221119e-01
4.719699698825846612e-02 7.552338985592420562e-01
4.681257029389535029e-02 7.544168000908720861e-01
4.651737742968381495e-02 7.537397798059954912e-01
4.523099339405772801e-02 7.507480982748016007e-01
4.375799059647772493e-02 7.472750553392580875e-01
4.257198981102078283e-02 7.444189965998248004e-01
4.165204028314078988e-02 7.422001877874269127e-01
4.132079435804575374e-02 7.413978880271056005e-01
4.040006470596119170e-02 7.390666803342230695e-01
3.957848038667771684e-02 7.369638290900349942e-01
3.877733478474515438e-02 7.348740263109796444e-01
3.755789907117262905e-02 7.316759615475112444e-01
3.666900740637218936e-02 7.293029584061384574e-01
3.508705165468922749e-02 7.250689182965130986e-01
3.453737211598567614e-02 7.235715739020599502e-01
3.334037590168509313e-02 7.201450231355952525e-01
3.243564712432694952e-02 7.175511845559597868e-01
3.195228452260928664e-02 7.161549082740156225e-01
3.167982709087296955e-02 7.153343082202546777e-01
3.013863871994487686e-02 7.105767114703133158e-01
2.970781002130146176e-02 7.092270855972081511e-01
2.872860335062127346e-02 7.060938223148724990e-01
2.764786325839979630e-02 7.026351988394616832e-01
2.658815900967076429e-02 6.989604800895791170e-01
2.580490078340197391e-02 6.962339906428546277e-01
2.452363436434584765e-02 6.915030962426695904e-01
2.443780854918947698e-02 6.911691066091488755e-01
2.376806608009679467e-02 6.885566290912307208e-01
2.280234079894766230e-02 6.845949423179287230e-01
2.212253519243773114e-02 6.817947741181616950e-01
2.186339590543345812e-02 6.806630471082211198e-01
2.009676993124392963e-02 6.728483399474737281e-01
1.858222869100439878e-02 6.659976892378954849e-01
1.772313288781751650e-02 6.620187254495477625e-01
1.738154178067136124e-02 6.604112251841118830e-01
1.680450366657598726e-02 6.576488276378106290e-01
1.582895055662042472e-02 6.529021448709408926e-01
1.534652198324976125e-02 6.501231529205561133e-01
1.492971347036281538e-02 6.476194115145749164e-01
1.426051083365736938e-02 6.435480332837365536e-01
1.324123201907451142e-02 6.371758352925545044e-01
1.260752175267815245e-02 6.331823943290111334e-01
1.178670497956085805e-02 6.278807720130643588e-01
1.169060884807066047e-02 6.272593149811980240e-01
1.075335676497840565e-02 6.211849570733375403e-01
1.045581652675681150e-02 6.191948140668188660e-01
9.166683284819454602e-03 6.105019071713364553e-01
8.689102551702243549e-03 6.072281132728418740e-01
8.136861752559731986e-03 6.033549880269104548e-01
7.278054528121524758e-03 5.972502713893472759e-01
7.207707364880133749e-03 5.967450268973957250e-01
6.675400497576811087e-03 5.927104492295780513e-01
6.261603516975966510e-03 5.894915464915385650e-01
5.832479321779715509e-03 5.860847910847724052e-01
5.659508927521372801e-03 5.846901748181456693e-01
5.523561916847608000e-03 5.835575017533934927e-01
5.385582996732696248e-03 5.823441362788424058e-01
5.265191836964222549e-03 5.811543915880916789e-01
4.747607924825703041e-03 5.755814373915844051e-01
4.658625744524191870e-03 5.745152767250298886e-01
4.373166532910588433e-03 5.710914474412973618e-01
3.845963603666679997e-03 5.647027796182296777e-01
3.601473838874602595e-03 5.616078751932939150e-01
3.485293835340630419e-03 5.600773446027761393e-01
3.303119183445113460e-03 5.574225057140003159e-01
2.898419650945005532e-03 5.513503889764754806e-01
2.434543887618045854e-03 5.442185363673436305e-01
2.266766567815825528e-03 5.414110410694159548e-01
2.114802004462512652e-03 5.382411726542808417e-01
1.954620716275445869e-03 5.348383677352378518e-01
1.752861204669275974e-03 5.300521133906244131e-01
1.737771655166253648e-03 5.296908396824075993e-01
1.711919456349131341e-03 5.290691947507009107e-01
1.582228740777014142e-03 5.255081507222187920e-01
1.548349103861423881e-03 5.245738952204749284e-01
1.477616904503264994e-03 5.221473711500209669e-01
1.353887744392767711e-03 5.178195230703099838e-01
1.210831881038598734e-03 5.124128107639707164e-01
1.190125421549781404e-03 5.115055211985359840e-01
1.116064361511515113e-03 5.077792686972162350e-01
1.063996161133895502e-03 5.048533390808617183e-01
1.059582983113649401e-03 5.045905205223191192e-01
1.038864811915785058e-03 5.033007614124196394e-01
1.018325604037084720e-03 5.009844574417302576e-01
9.936251876834778507e-04 4.952442137431936064e-01
9.825495882968549033e-04 4.926282421098259201e-01
9.778755922426607405e-04 4.868259736019762141e-01
9.805358466326574707e-04 4.855222347092520430e-01
1.002824088677189973e-03 4.807490745391352904e-01
1.025726096847201507e-03 4.788132645384851616e-01
1.139221633479403639e-03 4.734160182531543803e-01
1.238067064767423009e-03 4.689508333765192161e-01
1.327887795584958841e-03 4.651938616435129514e-01
1.566199966818782041e-03 4.574221298175055184e-01
1.649265528506582701e-03 4.553706102267209843e-01
1.856836615218682152e-03 4.509915044213340662e-01
2.518947410624028382e-03 4.385282077934342659e-01
2.532541685312195145e-03 4.382966556337083430e-01
2.773757029933043849e-03 4.342957749924676314e-01
3.129675209075755138e-03 4.287487488606318564e-01
3.445959295597267324e-03 4.245070198685547691e-01
3.648438456033409327e-03 4.218718816107662750e-01
4.095127935634212957e-03 4.164026419083473041e-01
4.488277607427371141e-03 4.117166035443290406e-01
5.049059125081301058e-03 4.052805637246856829e-01
5.443772544331870744e-03 4.009076491201932768e-01
5.865294342552951345e-03 3.966310648906601344e-01
6.147930149768054964e-03 3.938079199382954476e-01
6.603819216166539885e-03 3.895838231740176294e-01
6.999390595917531765e-03 3.859634375875833356e-01
7.362012693702013610e-03 3.827562669625663716e-01
7.509559233435714187e-03 3.814765955270205122e-01
8.291129523016860237e-03 3.747392116724960198e-01
9.213592267208803310e-03 3.676218874174567164e-01
1.008964084558167107e-02 3.608643342545666544e-01
1.038391719303716210e-02 3.586571670273658308e-01
1.053368610355537305e-02 3.575915213959000027e-01
1.142307159019734231e-02 3.514277233906824005e-01
1.233051821563352357e-02 3.455769825756573876e-01
1.257503679936949892e-02 3.440601163591618938e-01
1.274825069219615026e-02 3.430560707984162683e-01
1.298056506322992076e-02 3.417137581146099112e-01
1.324547694105099316e-02 3.401898133440078853e-01
1.388165949995640025e-02 3.367283678067556352e-01
1.401300232982077842e-02 3.361206558679747936e-01
1.437910738902431484e-02 3.345521019529293927e-01
1.461775965263273358e-02 3.335492577389801427e-01
1.592775740654678307e-02 3.281639575191767078e-01
1.602462211252514424e-02 3.277708111125748891e-01
1.657796545544093503e-02 3.255955715069320799e-01
1.673414547932755569e-02 3.250023162326747261e-01
1.710462110854865658e-02 3.236422070639095594e-01
1.760740565466184515e-02 3.218311007889641528e-01
1.795783810896983690e-02 3.205832386326215033e-01
1.805145623995035864e-02 3.202507328805619391e-01
1.888984594862092026e-02 3.173445723048036182e-01
2.022845504874831724e-02 3.128568361230766870e-01
2.104683003661272922e-02 3.101325446926045393e-01
2.172570226192632736e-02 3.081297750758381637e-01
2.316196011247190212e-02 3.039449749904948872e-01
2.557769652461555632e-02 2.969429941180887766e-01
2.978441729158171070e-02 2.853425837995734460e-01
3.060255051670629500e-02 2.830954971309370682e-01
3.108694456243293880e-02 2.818175738018006138e-01
3.412031189764214156e-02 2.742511730240376755e-01
3.480297987960828676e-02 2.727072091834998879e-01
3.691481894164022615e-02 2.679342881849492430e-01
4.107655315276698138e-02 2.585410070364578816e-01
4.256211196641707106e-02 2.552078323348183631e-01
4.288648282178347815e-02 2.544996967636977692e-01
4.358121620750715630e-02 2.530090266303982593e-01
4.433005975362974693e-02 2.514097003622032256e-01
4.454524344129712210e-02 2.509602040752352270e-01
4.514006027481171079e-02 2.497631221399849721e-01
4.665041169843692215e-02 2.467552600287525877e-01
4.789770407604393432e-02 2.443484912751259230e-01
4.879653385427734635e-02 2.426260594926717973e-01
4.920817488673051576e-02 2.418456538164723835e-01
5.066302005135520092e-02 2.390965356852088330e-01
5.215623863638979563e-02 2.362997581632151345e-01
5.338616573203197602e-02 2.340133023761772346e-01
5.665913715196918554e-02 2.279481797535506393e-01
5.882524286472506914e-02 2.239994492915374780e-01
5.948093704455142960e-02 2.228060670544321775e-01
6.155394813225162354e-02 2.190516166735961834e-01
6.223378756596881223e-02 2.178362296133578013e-01
6.514106826151183638e-02 2.126444065301179576e-01
7.237957611193063245e-02 1.998057331236655632e-01
7.329931200101308386e-02 1.981820263327563891e-01
7.512439659367647904e-02 1.950221498839204148e-01
7.543344790692191326e-02 1.944895209242041290e-01
7.685280308057390597e-02 1.920474645662682001e-01
7.770557968274377503e-02 1.905830763408037365e-01
8.053818484476132911e-02 1.857247458500418391e-01
8.134370905372173555e-02 1.843916889274423987e-01
8.177407842830347606e-02 1.836989568459480582e-01
8.402498438426736493e-02 1.801469749949815569e-01
8.514552592700780353e-02 1.784204201145963564e-01
8.591210536231402850e-02 1.772493462047399770e-01
8.731039236063292686e-02 1.751420649600173851e-01
9.104617773219542132e-02 1.696418836759215898e-01
9.369767999752570686e-02 1.657604716232150555e-01
9.500163015903390074e-02 1.638936230170000563e-01
9.614121612253817561e-02 1.622793484061282321e-01
9.688306896111770206e-02 1.612503139936557472e-01
9.733486464288304552e-02 1.606250562952000749e-01
9.803330208404908985e-02 1.596650450176061442e-01
1.004905950232755640e-01 1.563605440357942467e-01
1.012888448274867348e-01 1.552971736579457085e-01
1.028206236491995829e-01 1.532788560559013025e-01
1.031892817852823607e-01 1.528058123779395538e-01
1.057342584338644698e-01 1.495490565080596079e-01
1.072920540144111645e-01 1.476397177810396810e-01
1.087637742770420357e-01 1.458709290445716622e-01
1.103475052572629456e-01 1.440287954183347985e-01
1.113933963204149502e-01 1.428408247082156857e-01
1.133870868774477514e-01 1.406068175704650036e-01
1.142783585052979389e-01 1.396662575229410397e-01
1.171340010594996150e-01 1.367320026934321087e-01
1.191200788274187627e-01 1.347543190667425117e-01
1.229934436636374584e-01 1.309470919971271741e-01
1.235214631003617725e-01 1.304324613071008443e-01
1.246511122082593626e-01 1.293422903797472046e-01
1.273556131554696713e-01 1.267838230367417385e-01
1.303022040734433395e-01 1.240624391420181993e-01
1.308688942842350378e-01 1.235398474406880220e-01
1.325148152720360684e-01 1.220485269818393226e-01
1.375429054661452821e-01 1.176385594657687328e-01
1.379853818331160942e-01 1.172512015188438284e-01
1.408831899081833261e-01 1.147430263483055768e-01
1.437881577373877895e-01 1.122717717001300297e-01
1.469894845440113396e-01 1.095521412377555848e-01
1.493054340900208943e-01 1.075906513457732805e-01
1.527606557191817926e-01 1.047447069937540443e-01
1.550191791547619879e-01 1.028855871518071785e-01
1.557378423837254000e-01 1.022949322309847364e-01
1.585606775518839107e-01 9.998512654558766588e-02
1.595075128737592496e-01 9.921092931095432110e-02
1.619063817624099566e-01 9.728627155033642282e-02
1.634641852527229378e-01 9.603887091664020659e-02
1.640958435730190401e-01 9.554296366729042589e-02
1.659620454018934654e-01 9.410373528865212389e-02
1.665284706935134529e-01 9.366704275377923938e-02
1.700055311419287896e-01 9.101399324430425875e-02
1.725546138259101414e-01 8.908364625730202935e-02
1.753886054073721668e-01 8.697432193436671621e-02
1.777768064902243705e-01 8.523593506459559155e-02
1.785027852943132376e-01 8.471586882886039671e-02
1.841818886372312281e-01 8.075268214708597458e-02
1.890888167514890861e-01 7.736716982286850897e-02
1.904242961546140367e-01 7.646678170134402208e-02
1.942266036303648691e-01 7.391321767318492775e-02
1.947757601466513777e-01 7.354953713929335279e-02
1.960013732270789455e-01 7.277792836765839546e-02
1.991325468295450096e-01 7.080719953572744974e-02
1.996679090953751845e-01 7.047138882639669699e-02
2.035279079131505076e-01 6.806055483702433406e-02
2.040730044911229224e-01 6.772848250802498971e-02
2.066950072500569058e-01 6.616310921627033270e-02
2.095149975565755995e-01 6.448408118019322011e-02
2.122227953265401479e-01 6.288092119987331863e-02
2.163362935445964363e-01 6.044583348494836361e-02
2.167897111698498525e-01 6.017977783465600083e-02
2.189458095494858925e-01 5.895925865151208090e-02
2.195765585877666459e-01 5.860393208721192959e-02
2.229087386808653037e-01 5.672939472495130975e-02
2.240655972942699470e-01 5.609528609509140118e-02
2.279344967496930718e-01 5.402436090378159861e-02
2.288907607883407525e-01 5.351264277566813998e-02
2.348023212744155264e-01 5.039128758867417179e-02
2.400540245552555407e-01 4.765839664455728819e-02
2.412360283482467005e-01 4.705092835885371638e-02
2.427813130256152863e-01 4.627019408118293597e-02
2.485254577149006994e-01 4.339880360561476635e-02
2.517064827449825848e-01 4.182017041649244149e-02
2.550068841764641658e-01 4.020170272152090440e-02
2.565286950489862883e-01 3.949483536874986989e-02
2.583648667732562632e-01 3.864971055560062485e-02
2.626104576016387582e-01 3.669711716912849031e-02
2.658281383899014361e-01 3.527726752614757100e-02
2.677232389490084574e-01 3.445110361866787763e-02
2.684657004381010847e-01 3.413979039931991366e-02
2.691781473314949769e-01 3.384778867256432733e-02
2.757588270180139634e-01 3.117567764085416027e-02
2.766660416869790029e-01 3.082492646482271059e-02
2.800262442189266898e-01 2.954906643425303514e-02
2.824137663434838630e-01 2.864613904844959258e-02
2.838129453154359383e-01 2.812657326550127568e-02
2.861135879339488652e-01 2.728846970459730681e-02
2.865840225594550872e-01 2.711990865026137065e-02
2.898694325039083419e-01 2.601574976167009279e-02
2.911830760438577914e-01 2.560896789449773614e-02
2.963135008345108568e-01 2.404306686071300270e-02
2.998425583310282971e-01 2.296639292007074395e-02
3.010284500945019093e-01 2.261882627993827555e-02
3.041759120735003097e-01 2.174533676567269591e-02
3.068541451897613404e-01 2.100249256027364453e-02
3.093934748445941740e-01 2.033398076103998253e-02
3.099145274837272201e-01 2.019799577822845027e-02
3.145858102324647354e-01 1.899249352165333082e-02
3.160504518205632940e-01 1.863199252953473550e-02
3.207955911986725694e-01 1.747234956033449915e-02
3.214452938630433798e-01 1.731567673753375836e-02
3.219970663379729259e-01 1.718709474354995770e-02
3.239301356206306104e-01 1.675360943190251639e-02
3.267451983725002118e-01 1.612694770587574933e-02
3.291598359495053194e-01 1.559580212451261438e-02
3.322981000577191479e-01 1.492665693523020920e-02
3.429930998988110491e-01 1.276731942588704705e-02
3.432119230445898617e-01 1.272375705199990659e-02
3.439630106730331982e-01 1.257431980612733202e-02
3.450109810682324141e-01 1.239565222013661039e-02
3.474506954630482425e-01 1.199350042537461469e-02
3.535905369498047457e-01 1.104127361809703611e-02
3.572044101877672184e-01 1.051265182906313544e-02
3.625238640061385076e-01 9.784317775634043812e-03
3.653956260336899686e-01 9.395072152849404112e-03
3.681496432456168866e-01 9.027487774817322119e-03
3.692983105837061575e-01 8.881333592088980211e-03
3.706486448875754847e-01 8.713428090749930632e-03
3.748772148715700525e-01 8.189057622553619353e-03
3.785452679331425263e-01 7.736895818035161021e-03
3.845167305715055384e-01 7.059646250896389752e-03
3.880654673460755544e-01 6.675033098848315305e-03
3.933231045402684756e-01 6.166212800716719400e-03
3.989392650530030893e-01 5.626247215115953715e-03
4.028246874042489822e-01 5.266960756141192412e-03
4.073460250898395807e-01 4.851060612518276471e-03
4.124494699518132523e-01 4.389381548799531352e-03
4.198685531809209226e-01 3.718240618953538856e-03
4.219843567834268838e-01 3.535856401834958085e-03
4.264555392288756352e-01 3.165012356470819910e-03
4.281605004689759686e-01 3.029710612516445245e-03
4.307182640512478566e-01 2.847094899378177502e-03
4.325045931684408651e-01 2.720225017623034702e-03
4.361636743177871867e-01 2.503257499566147182e-03
4.390481932886039496e-01 2.332254666490674033e-03
4.414206279187316562e-01 2.196196296757602084e-03
4.429611919823040478e-01 2.116845548164492108e-03
4.492160056325665285e-01 1.825364914426419460e-03
4.517224426135702520e-01 1.713899753773784340e-03
4.529823606989999418e-01 1.660110929385671952e-03
4.571977896326650526e-01 1.498481992275757513e-03
4.609462432889409045e-01 1.381211766572243427e-03
4.663925663008874900e-01 1.222251723080436392e-03
4.712513155462209613e-01 1.091322267780747701e-03
4.787945843561980941e-01 8.896359254982888487e-04
4.892063090042231832e-01 8.725117912655733221e-04
4.979767034680125382e-01 8.681597638530158534e-04
5.011833468627098220e-01 8.684291620498774122e-04
5.065151625725123896e-01 8.929590511862484092e-04
5.088118435296911102e-01 9.096861071870021576e-04
5.168178882274514496e-01 9.819160054460596143e-04
5.193453008825525963e-01 1.011213883617800846e-03
5.216288328706697452e-01 1.064124086525342072e-03
5.240516660041385499e-01 1.130930050800560416e-03
5.304358481817341708e-01 1.350869231429352446e-03
5.386578436002324999e-01 1.674220890763855607e-03
5.460875212533637946e-01 2.014829176913868203e-03
5.484053554384704654e-01 2.123294690737465018e-03
5.518032227508573584e-01 2.299377490860399220e-03
5.588798563131032182e-01 2.736235216806104376e-03
5.642090318244232794e-01 3.092006863296581365e-03
5.660508322960622341e-01 3.238025076020223381e-03
5.665903104435578985e-01 3.281126950721469093e-03
5.686816649115500333e-01 3.449668911558179119e-03
5.718562652680778680e-01 3.705679014921137160e-03
5.820413000077944154e-01 4.547146928863043946e-03
5.851173888841505466e-01 4.805281996928312260e-03
5.874495687816121414e-01 5.006171203887577192e-03
5.939716356660653673e-01 5.588792482604465484e-03
5.982225951402551090e-01 5.981499331978556988e-03
6.017201696590881443e-01 6.306951922574133285e-03
6.035643966941255378e-01 6.481363462658040753e-03
6.069392538953064520e-01 6.816688362304645921e-03
6.109503472770061450e-01 7.223744337541915250e-03
6.126928674125631247e-01 7.401574263088073202e-03
6.158256715295489236e-01 7.728024259099686155e-03
6.186063563249888375e-01 8.018037397666710753e-03
6.188572409200563396e-01 8.045716766577948320e-03
6.233708220393410215e-01 8.554591058818616922e-03
6.256558050629394963e-01 8.820243983875819538e-03
6.272903118146866408e-01 9.017737459355856799e-03
6.291491649170044553e-01 9.246649769869330626e-03
6.325582687554700545e-01 9.670626924283887149e-03
6.333275666510054247e-01 9.766324842312323895e-03
6.390692961442869802e-01 1.051519626458707890e-02
6.410693079580298548e-01 1.081358943614552093e-02
6.417670052885768861e-01 1.091944987207238427e-02
6.501895852047259172e-01 1.219744757337715146e-02
6.538998569707115127e-01 1.278681372590662058e-02
6.550095173321368591e-01 1.296548810655928641e-02
6.572244599201584325e-01 1.334774873342925439e-02
6.593936220409450932e-01 1.375226033405474446e-02
6.601506506789471818e-01 1.389722324737208137e-02
6.676511396556163991e-01 1.534736381836854235e-02
6.707720993331038883e-01 1.598154177216759564e-02
6.748898645937535523e-01 1.682768990191385594e-02
6.760855438395840800e-01 1.707525754252248174e-02
6.802152606405535984e-01 1.798088881410320194e-02
6.820043216578877132e-01 1.838590929720096412e-02
6.842133869821918069e-01 1.890178274461773444e-02
6.861923050294846949e-01 1.936636919928735878e-02
6.876386282181905507e-01 1.971665880029260798e-02
6.884306768916146346e-01 1.991043427604144433e-02
6.887529010637760685e-01 1.998928426747326181e-02
6.901370430709323767e-01 2.032804055038328617e-02
6.932578583061423938e-01 2.109399685210133768e-02
6.972571483225373790e-01 2.211362267226013589e-02
7.004325050373325645e-01 2.293428502231220634e-02
7.016856336763426238e-01 2.327639180439644573e-02
7.042271824888346465e-01 2.397260134591883141e-02
7.044311624186516685e-01 2.402950419466232113e-02
7.069085512356267920e-01 2.472809192654168431e-02
7.086375914288689515e-01 2.522089160260554408e-02
7.130418398528977075e-01 2.647962972205797350e-02
7.142951292315917744e-01 2.684670480530571002e-02
7.175257853405365704e-01 2.781093562466496749e-02
7.187541148135376812e-01 2.818123891747315035e-02
7.201059628727817241e-01 2.859472753871916684e-02
7.223809593418912822e-01 2.930081816539786832e-02
7.263402723230711899e-01 3.053912150803295145e-02
7.271918234857932539e-01 3.080737145880441119e-02
7.286740405911527052e-01 3.127898734988476814e-02
7.297907975642317080e-01 3.163745381805971313e-02
7.307425761347039472e-01 3.194381366038889780e-02
7.309190040756712303e-01 3.200069700181129573e-02
7.348817473086561858e-01 3.329829788629634635e-02
7.367507579422718500e-01 3.394558874256803360e-02
7.376401534022991591e-01 3.425689163404677107e-02
7.439463832617025929e-01 3.649238708542734688e-02
7.473940487189782989e-01 3.772052672556669428e-02
7.503598351610449857e-01 3.884763893514087130e-02
7.534220124444661604e-01 4.002105989177018319e-02
7.587541119547149826e-01 4.208818672577974151e-02
7.595184278235236341e-01 4.238780635618388803e-02
7.607571768221084163e-01 4.289113010594258757e-02
7.632791316037628171e-01 4.391640574751121129e-02
7.690929481695198966e-01 4.632499464984063398e-02
7.707758994065674329e-01 4.702521142342375171e-02
7.717360782912270345e-01 4.742481428956957235e-02
7.719040013202227435e-01 4.749682928392473524e-02
7.723167456113608775e-01 4.767796652924227718e-02
7.746681947397267010e-01 4.871922909909642829e-02
7.763262210074550751e-01 4.946061375965993268e-02
7.777941028242982835e-01 5.013167808587348784e-02
7.864181178213365264e-01 5.407565527912727710e-02
7.911329282938339702e-01 5.624985279143523975e-02
7.918153768692297589e-01 5.658727974347377288e-02
7.933283624781422017e-01 5.737977567294505477e-02
7.952143765830947952e-01 5.838614811100573121e-02
7.962780785534950834e-01 5.896906409640345625e-02
8.007887005753719922e-01 6.146492153172056216e-02
8.046250315022143162e-01 6.362564170045881262e-02
8.091979126660489019e-01 6.621923689266717705e-02
8.121043217598893360e-01 6.789729183474912944e-02
8.127889669528567396e-01 6.830684524078034503e-02
8.143415265382718538e-01 6.930267364139475195e-02
8.159178389671781773e-01 7.031898736256514404e-02
8.185117310914971078e-01 7.199629639535376491e-02
8.211922428277715902e-01 7.375467193364915186e-02
8.213079738628081827e-01 7.383431161014697430e-02
8.227327398806505432e-01 7.482143778308891768e-02
8.232698923638890331e-01 7.519796385821686524e-02
8.274415236841818899e-01 7.812961528873285655e-02
8.301885331332530260e-01 8.006113044268181600e-02
8.303121086932072625e-01 8.015323569379528834e-02
8.320402989975979047e-01 8.144996893066047683e-02
8.357356431732547719e-01 8.431862755867058912e-02
8.371032287924933257e-01 8.538846501140751055e-02
8.381562496442125365e-01 8.622946837809875031e-02
8.396259177837455123e-01 8.741169284858874011e-02
8.448152439127829538e-01 9.161476958572134510e-02
8.455109316153854859e-01 9.218753338555407684e-02
8.457121524238306876e-01 9.235372230292637763e-02
8.488956937552467608e-01 9.501261121536486165e-02
8.497531119559433854e-01 9.573040816831401845e-02
8.507639881456718900e-01 9.660031852759221049e-02
8.525165627258008971e-01 9.813940014944866341e-02
8.539206473015119592e-01 9.937246716806280578e-02
8.552591052903593116e-01 1.006152615828309616e-01
8.566163506872757072e-01 1.018958740649342776e-01
8.588960724519967282e-01 1.040697720656504899e-01
8.602347211889112000e-01 1.053652226955716920e-01
8.627742335560009135e-01 1.078690951363662220e-01
8.638050518081776818e-01 1.088944548854287042e-01
8.677924701579478040e-01 1.129027067171847198e-01
8.683802379400999971e-01 1.134950220186815573e-01
8.697261891891738816e-01 1.148527927274569649e-01
8.757447780042122432e-01 1.211598173854221416e-01
8.769641060334312233e-01 1.224452461407292692e-01
8.803443194715048215e-01 1.260188771424870513e-01
8.804580837846780472e-01 1.261396332042714619e-01
8.819156364945768267e-01 1.277176902505646749e-01
8.860982461460258364e-01 1.323553449411034588e-01
8.869713905314566826e-01 1.333252492162158021e-01
8.873784427018882592e-01 1.337819308492731452e-01
8.879725110688752032e-01 1.344712960894571818e-01
8.890745454126300906e-01 1.357699124236652066e-01
8.912489036870632209e-01 1.383721686508019300e-01
8.939824407652769978e-01 1.418263999155596755e-01
8.949425523452076980e-01 1.430565487375852207e-01
9.006630588821338268e-01 1.504185206973042144e-01
9.012023109627647077e-01 1.511269461043199813e-01
9.024546003032318797e-01 1.527747344455400169e-01
9.041309238261185932e-01 1.550114176856216552e-01
9.099359666588766604e-01 1.631022437934617209e-01
9.128063399575372383e-01 1.672543741129179917e-01
9.132036335064943611e-01 1.678478157729772491e-01
9.139018035010280094e-01 1.688962790397183777e-01
9.170103595562812959e-01 1.736476167874052567e-01
9.193851335847087469e-01 1.773385771372882891e-01
9.209829776328437578e-01 1.798952026795536119e-01
9.249560705475108335e-01 1.862644812531215610e-01
9.270778395831280605e-01 1.897384924660161509e-01
9.288572398357635151e-01 1.926934930512729238e-01
9.292670950111425743e-01 1.933749376534523723e-01
9.313098744229144632e-01 1.969362701056397436e-01
9.351638931807477739e-01 2.037410091860533123e-01
9.364717631767907058e-01 2.061148532057782701e-01
9.376132491160942273e-01 2.081956547845599248e-01
9.382123716882175835e-01 2.092990248015209609e-01
9.402330165699721576e-01 2.131137777404126243e-01
9.416615457783426013e-01 2.158448661242514666e-01
9.420172359536498341e-01 2.165307810487807627e-01
9.440095189449453361e-01 2.204323074847993613e-01
9.454813265901953478e-01 2.234685695340037359e-01
9.483894950291003045e-01 2.294716914826001597e-01
9.487100859355241944e-01 2.301379090359307877e-01
9.502208684644728454e-01 2.332954704696257320e-01
9.509422207828148732e-01 2.348196722579867224e-01
9.520470296967384893e-01 2.371655542034333264e-01
9.537187939408955373e-01 2.407818000226267241e-01
9.547170615023523599e-01 2.429680274763474923e-01
9.558211374407472594e-01 2.454105198800718979e-01
9.570658594948795450e-01 2.481953460982455617e-01
9.581981784941508984e-01 2.507643107011164885e-01
9.599915000454535274e-01 2.548542023722061289e-01
9.614820156707681864e-01 2.584666266550454949e-01
9.623630927638207044e-01 2.606055363552872706e-01
9.640368084322488151e-01 2.647660122339225985e-01
9.650202533890319678e-01 2.672282778772397949e-01
9.673051674340131800e-01 2.729592314225057770e-01
9.677499660007917726e-01 2.741103867339899081e-01
9.705271539801851866e-01 2.816258698062412691e-01
9.710309241771841737e-01 2.830075526262230134e-01
9.716114680912315560e-01 2.846428595851112631e-01
9.725800075263091315e-01 2.874118622452207505e-01
9.727308949317681197e-01 2.878448913211488769e-01
9.730026466916779082e-01 2.886590583193341386e-01
9.736866428711383747e-01 2.907892417243442829e-01
9.746488779531621294e-01 2.938561126076113528e-01
9.754312978052281924e-01 2.963713075589913259e-01
9.765203987220523185e-01 2.999294477443327223e-01
9.772462873343044087e-01 3.023102259434758965e-01
9.778729083358645990e-01 3.043732800408142092e-01
9.787252485780713052e-01 3.074203823380891043e-01
9.796848783959910545e-01 3.108578708450997485e-01
9.815439755833983426e-01 3.176513362086638148e-01
9.821214560560338480e-01 3.200393645206138782e-01
9.825531041487505224e-01 3.218531254808212339e-01
9.826980338360125078e-01 3.224764524074169580e-01
9.829348921241942705e-01 3.235649870993255739e-01
9.836651533723392848e-01 3.270465222502189073e-01
9.840999064290012477e-01 3.291213997225571619e-01
9.844481644072928805e-01 3.308547431039391418e-01
9.851351072181997459e-01 3.342867655584365050e-01
9.858364688397796005e-01 3.378814963768290713e-01
9.868155603294435085e-01 3.430187831413650246e-01
9.884836455553993595e-01 3.520685833656093111e-01
9.891864404034980129e-01 3.559242065825696244e-01
9.900940444487136283e-01 3.610258835012951639e-01
9.902749502439578411e-01 3.620748942020044492e-01
9.907723099521457133e-01 3.651178108024462077e-01
9.908169716864871912e-01 3.653957622866788046e-01
9.914109852399652922e-01 3.692338241411736721e-01
9.923435011414987184e-01 3.756506348116762650e-01
9.938583935725280316e-01 3.862036692018669948e-01
9.939492626389718755e-01 3.868400404428209427e-01
9.941857243117524501e-01 3.886739285447858849e-01
9.943899375417761810e-01 3.904049946424218431e-01
9.945264683630634650e-01 3.915940295974243979e-01
9.946750631969933920e-01 3.929421710508003152e-01
9.947300865894810329e-01 3.934450286007273867e-01
9.948835223271881301e-01 3.949284593571096291e-01
9.955502881367674917e-01 4.014072394468267690e-01
9.956337832159285472e-01 4.022707916536538697e-01
9.958134790770585276e-01 4.041323366410446427e-01
9.960128794195890478e-01 4.062856026182015690e-01
9.960700142774314703e-01 4.069851628894530782e-01
9.965658506957157936e-01 4.130889795589376412e-01
9.968798992485596866e-01 4.172359575176357582e-01
9.970852520917907746e-01 4.199780356398667980e-01
9.972324037516167028e-01 4.219498603628469846e-01
9.974682050315555326e-01 4.255686669155601676e-01
9.977281102170967308e-01 4.298989386625423625e-01
9.982432269358292309e-01 4.390378323017186668e-01
9.985296922189910163e-01 4.458429160259202995e-01
9.986300908636474016e-01 4.482478270471648152e-01
9.988531362368902045e-01 4.572196746251421251e-01
9.989443848772934231e-01 4.612806087256272614e-01
9.989778885125908392e-01 4.630909272654643027e-01
9.989814591102261776e-01 4.636589118961443878e-01
9.990177183178727827e-01 4.727731320183962138e-01
9.990221244077572837e-01 4.739674351602830571e-01
9.990089304284826000e-01 4.796865744622300642e-01
9.989980626848875556e-01 4.835462946847876031e-01
9.989753069727591583e-01 4.868751855557833519e-01
9.989195178214609339e-01 4.913117300490216222e-01
9.989013896988661045e-01 4.926012044354467490e-01
9.988376867161619099e-01 4.959792383685931449e-01
9.986524458441268237e-01 5.048811064418967653e-01
9.984753156145405040e-01 5.118393445529467733e-01
9.984541881621933346e-01 5.125934653559476306e-01
9.983598963208601962e-01 5.159089913310802578e-01
9.982769529192880853e-01 5.183297548239254038e-01
9.981362846449206572e-01 5.217423283783972909e-01
9.979308981119672239e-01 5.266800110308934579e-01
9.978862097375746920e-01 5.276923620034185136e-01
9.974333941103046275e-01 5.360435367221086933e-01
9.973549979054221470e-01 5.374888099365001670e-01
9.973246947938387841e-01 5.380124351393729132e-01
9.971825120258723807e-01 5.403653871475057047e-01
9.966940814740870014e-01 5.483155969586187561e-01
9.964316830747341758e-01 5.519847881653173749e-01
9.962200042894095997e-01 5.547185445604870813e-01
9.959489824509546452e-01 5.574119798169829831e-01
9.956824551514189547e-01 5.598584625168487872e-01
9.953754475312199812e-01 5.623980270238573276e-01
9.952002987058226058e-01 5.637225231210373222e-01
9.948332036009470691e-01 5.664976367248490963e-01
9.943928595734996545e-01 5.697439114195411713e-01
9.939163272252269365e-01 5.731211758962652114e-01
9.929428777708848575e-01 5.797505359669888891e-01
9.928890152691747240e-01 5.800841083858524483e-01
9.905030661340270548e-01 5.948155652708582153e-01
9.902509169333872929e-01 5.963715771467242854e-01
9.892835022289849789e-01 6.022290227428186427e-01
9.889717024475890295e-01 6.040788718023194503e-01
9.879908106276189539e-01 6.097100723900934494e-01
9.870513500020041686e-01 6.150169677983389205e-01
9.848141194730599679e-01 6.275949200074206757e-01
9.843053575713143211e-01 6.304209629150251404e-01
9.835906419532538525e-01 6.343417401297611891e-01
9.830061606205571234e-01 6.374403705970593803e-01
9.822104100500210766e-01 6.416223061653495430e-01
9.808381938731873806e-01 6.485425837571076046e-01
9.805020180976991018e-01 6.502040976069975997e-01
9.798516544011690588e-01 6.533980709288352839e-01
9.791860441742972210e-01 6.566575857931412630e-01
9.779372185666717066e-01 6.626719340967177629e-01
9.769731444989757652e-01 6.671834279040748106e-01
9.750231096271217979e-01 6.759795693781760484e-01
9.748093723407742495e-01 6.768799837858674451e-01
9.747347551217946382e-01 6.771857579062598997e-01
9.742480613932087419e-01 6.791793116594411206e-01
9.740616927895282551e-01 6.799165565627018903e-01
9.734529964445861605e-01 6.822074544668250695e-01
9.726167599661594831e-01 6.853157901218273063e-01
9.716832802543540204e-01 6.887795070529503239e-01
9.701220836229957900e-01 6.945620840444902688e-01
9.678433372234018783e-01 7.028922080995959609e-01
9.659697306830288266e-01 7.097232192706913745e-01
9.650917403122265537e-01 7.129216725625273643e-01
9.641109431556011966e-01 7.163940981897105598e-01
9.630453545098607293e-01 7.201063663112116098e-01
9.621137515667692597e-01 7.232061486042578036e-01
9.608856491521509113e-01 7.272410893971595902e-01
9.588742227170312660e-01 7.338435625754486935e-01
9.585395157925824527e-01 7.349359322284171325e-01
9.574123990785614602e-01 7.385399614085899067e-01
9.561688660190725830e-01 7.424244783948618087e-01
9.559258686899634316e-01 7.431660824614452210e-01
9.546307827599065376e-01 7.469822636439648056e-01
9.541832720425968972e-01 7.482449355125828649e-01
9.538032989749720691e-01 7.492831587146473460e-01
9.534406635488255066e-01 7.502607267066180308e-01
9.529034750699232337e-01 7.516809640163459871e-01
9.515475027137783037e-01 7.552461399769625494e-01
9.510322499557699594e-01 7.565945897583249424e-01
9.499706746936260604e-01 7.593619422386164164e-01
9.476570216472279817e-01 7.653543593892582209e-01
9.458694379259873219e-01 7.698754007645108866e-01
9.453117625167810623e-01 7.712673392797979588e-01
9.436891194946979144e-01 7.752893582264699379e-01
9.429120028487085747e-01 7.772061236727785261e-01
9.420921961918815590e-01 7.791671311111749709e-01
9.407596174086454432e-01 7.822843778521529901e-01
9.403196200329013710e-01 7.832840597943492300e-01
9.394647819541332989e-01 7.852225134811511298e-01
9.386137211192022711e-01 7.871132718539738393e-01
9.379796322425884014e-01 7.884253569594170674e-01
9.374966339207788657e-01 7.893671375617604680e-01
9.367028125901399882e-01 7.909063697368233781e-01
9.361940925512872713e-01 7.918615354540121665e-01
9.338686570707241952e-01 7.962175458541248529e-01
9.332526312065501095e-01 7.972650859054384309e-01
9.323874050697917859e-01 7.987098261350686901e-01
9.315595744702094283e-01 8.000813904926664666e-01
9.288422402423228696e-01 8.045480646785353462e-01
9.270443533258159174e-01 8.075029424994382143e-01
9.251216084308599985e-01 8.106611490135960940e-01
9.246068921986971834e-01 8.115058876475160776e-01
9.232425654802427495e-01 8.136479836421658396e-01
9.222620601615152403e-01 8.151528517312766065e-01
9.210859466225713721e-01 8.167439390617566852e-01
9.203534412275946597e-01 8.177247668596384633e-01
9.156512296874601553e-01 8.239366064776657561e-01
9.140654687303277903e-01 8.260060448812808209e-01
9.134675095656858979e-01 8.267734290282507947e-01
9.088578721838971308e-01 8.326315302459704748e-01
9.066554027460591580e-01 8.353404902347736360e-01
9.061200677066605369e-01 8.359901460300941389e-01
9.023960303608591360e-01 8.404738648844584104e-01
9.011727912443583399e-01 8.419378199992254563e-01
8.998525733240434477e-01 8.434800771828330213e-01
8.978807406447459893e-01 8.457145265288161795e-01
8.964626195245581908e-01 8.472982666585447964e-01
8.948042821644344169e-01 8.491473618902063425e-01
8.945096263229699307e-01 8.494745816373098224e-01
8.933323528256778001e-01 8.507708372607035718e-01
8.919071808803271662e-01 8.522435307448902320e-01
8.911001419124313649e-01 8.530712728348064378e-01
8.900262040365742866e-01 8.541628522286007774e-01
8.856635334919022995e-01 8.585582613091523596e-01
8.840763314417128260e-01 8.600957231272121639e-01
8.810180706360644098e-01 8.630036330312224058e-01
8.801804068548082505e-01 8.637573047029882822e-01
8.744773020730001178e-01 8.687864490825637498e-01
8.730205738762302214e-01 8.700627921780381691e-01
8.693038016522909306e-01 8.733189002815930913e-01
8.685727632082176353e-01 8.739524329883820997e-01
8.667519346030525540e-01 8.755297666841531656e-01
8.643978171327046933e-01 8.774956542876869436e-01
8.614685379448321356e-01 8.799246964443477870e-01
8.573178776787735433e-01 8.833143394220340783e-01
8.508278461184306529e-01 8.885547529195342298e-01
8.501020945606718726e-01 8.891001763527612844e-01
8.469776407720728262e-01 8.914396249051711463e-01
8.450398487533730130e-01 8.928625939908860776e-01
8.422765898533988160e-01 8.948879584510347485e-01
8.400621623387227732e-01 8.965045286835240379e-01
8.372822379953026584e-01 8.985288021626430810e-01
8.352008308521159385e-01 9.000085146973401118e-01
8.338575210051228925e-01 9.009603669933695658e-01
8.280417750246276132e-01 9.050768735870561299e-01
8.266961120132352292e-01 9.060051517417018196e-01
8.261296053635820424e-01 9.063936461950500290e-01
8.253231463679400193e-01 9.069455499471638094e-01
8.246051318644922468e-01 9.074260323434271136e-01
8.183905523718353336e-01 9.115501609363222402e-01
8.171487544355682253e-01 9.123610202060706831e-01
8.075947970003696241e-01 9.185804493580475016e-01
8.048194606257115247e-01 9.203743594227120628e-01
8.029183688921279760e-01 9.215902607722176176e-01
8.004980249568323103e-01 9.231171797446702243e-01
7.986663432864715695e-01 9.242425199916984857e-01
7.940853403100749386e-01 9.270283258257117076e-01
7.887452781943349311e-01 9.302108678542632125e-01
7.864318858236503118e-01 9.315808661431929094e-01
7.826633260009852044e-01 9.338003450289654728e-01
7.795944611206768737e-01 9.354864203374200216e-01
7.767585801676404333e-01 9.369870397120145800e-01
7.749460889292487664e-01 9.379419597756091243e-01
7.718806637718695907e-01 9.395269252535360938e-01
7.699686636114875249e-01 9.404991836128936411e-01
7.674026889147209651e-01 9.416968065454430770e-01
7.632822936203496056e-01 9.436185675620002433e-01
7.623168749568018931e-01 9.440619342077580800e-01
7.579759093835680694e-01 9.460151459909518223e-01
7.573604976679413348e-01 9.462894498975736868e-01
7.539128652004558617e-01 9.477975962527049880e-01
7.530465259020551194e-01 9.481749499956616534e-01
7.484762487119516194e-01 9.501425210857549208e-01
7.474447958483927401e-01 9.505727414071075687e-01
7.435622693283929774e-01 9.521901893969957342e-01
7.385383209790108427e-01 9.542768365896723282e-01
7.370942525083665764e-01 9.548605026398997442e-01
7.297046457868190394e-01 9.577903783366509272e-01
7.277756116164719735e-01 9.585409833033399218e-01
7.271240860218060043e-01 9.587940091163674738e-01
7.265889894976009789e-01 9.589969586525247669e-01
7.244198934294494574e-01 9.598144064639115847e-01
7.208724560842216800e-01 9.611477128472496467e-01
7.138177487984129765e-01 9.637540732697432722e-01
7.091174818001924063e-01 9.654729339582670544e-01
7.053275722674876569e-01 9.668456619203106284e-01
7.034977820198757836e-01 9.674996648969582669e-01
7.023561602872854248e-01 9.678643599408850440e-01
7.012797166426851803e-01 9.682074151620075897e-01
6.970370905179468224e-01 9.695469946393806548e-01
6.942307173751132154e-01 9.703919308595974069e-01
6.879668300541816883e-01 9.721852045468800663e-01
6.872773202747051169e-01 9.723797827499812696e-01
6.865459541782679143e-01 9.725857914993093489e-01
6.823850652865104394e-01 9.737389447648795437e-01
6.759808006377008294e-01 9.754911052562241780e-01
6.725546970970310845e-01 9.764175127861797199e-01
6.664618408178282216e-01 9.780383151124449892e-01
6.643518956041778445e-01 9.785938432384330143e-01
6.586632331795747586e-01 9.800889793678847495e-01
6.553107820546066886e-01 9.809548778505130517e-01
6.501397344786536969e-01 9.822313617438500621e-01
6.487704072408799760e-01 9.825659626330186525e-01
6.441508483945805885e-01 9.836643230528040460e-01
6.389491495961494572e-01 9.848728212514461511e-01
6.385729801652042514e-01 9.849582855257412728e-01
6.366924355413254855e-01 9.853765412413303393e-01
6.339174225815134012e-01 9.859597772258644754e-01
6.328920165912528262e-01 9.861666026805473440e-01
6.290062070364548230e-01 9.869463197672447841e-01
6.247564673526746493e-01 9.877677338771854165e-01
6.218483414715261226e-01 9.883134574033570763e-01
6.199391739709239069e-01 9.886687243562097827e-01
6.172946273807327078e-01 9.891023649389543149e-01
6.135250633343753979e-01 9.896785338871590954e-01
6.109194154527068932e-01 9.900602701800919059e-01
5.993709633468913278e-01 9.916872570622807803e-01
5.975520958969224861e-01 9.919389772589659593e-01
5.966833220536569282e-01 9.920588794934784849e-01
5.919624017665503501e-01 9.926990559900962241e-01
5.885425113772282391e-01 9.931335496260778051e-01
5.829811986057669149e-01 9.938209595418123765e-01
5.790060025242256270e-01 9.943084782114773867e-01
5.784201399277693056e-01 9.943803124488199696e-01
5.723808545920077151e-01 9.950349383833071437e-01
5.659026973204552835e-01 9.956460130028607081e-01
5.631852532876324702e-01 9.959017404576613330e-01
5.604789484454566484e-01 9.961535512980418394e-01
5.582212764160860985e-01 9.963464522117837507e-01
5.560722516994813791e-01 9.964972375375558133e-01
5.498733646285245413e-01 9.969091845861879353e-01
5.486126571264879903e-01 9.969857008809653864e-01
5.475303579640657947e-01 9.970410694757672054e-01
5.432736426465942792e-01 9.972535262571466941e-01
5.413218702998827681e-01 9.973442628248853081e-01
5.398737764813914541e-01 9.974092279815691686e-01
5.244767773426792790e-01 9.980949809837079689e-01
5.189323835789445560e-01 9.983398705858748112e-01
5.175588946890954389e-01 9.983979786495962294e-01
5.147164025433916823e-01 9.985064336089142234e-01
5.125408210361290795e-01 9.985866354057283401e-01
5.087653961754128318e-01 9.986986720684148944e-01
5.037037816513949551e-01 9.988234833541110858e-01
5.014447452290127227e-01 9.988756168462193941e-01
4.967209277149380875e-01 9.989687664002082634e-01
4.956353882687978829e-01 9.989848909477121452e-01
4.949287735086049245e-01 9.989936116331050719e-01
4.876789694645366491e-01 9.990735534596016931e-01
4.848438068631338305e-01 9.990994408272091398e-01
4.812814348779063667e-01 9.991318402361470952e-01
4.750215380854004299e-01 9.991115130201769778e-01
4.691320959129335333e-01 9.990691871221292208e-01
4.657054556278030222e-01 9.990312757248926978e-01
4.561405379374366409e-01 9.989215343893803611e-01
4.499961751554906741e-01 9.988256414964927776e-01
4.468769720620631714e-01 9.987744594834098155e-01
4.433453047453102536e-01 9.986806465727817717e-01
4.405534129673745469e-01 9.985985462485121866e-01
4.338222801278793228e-01 9.983830330793422858e-01
4.333769582245993734e-01 9.983667383165204523e-01
4.308899811869178476e-01 9.982418546904090473e-01
4.300858312171316755e-01 9.981984102489500632e-01
4.266975613427639868e-01 9.979988305801386073e-01
4.241026414520535082e-01 9.978251790298559021e-01
4.224480261199607400e-01 9.977111416382939968e-01
4.150641305943129633e-01 9.971292092612330515e-01
4.127094444352850666e-01 9.969375015798077611e-01
