3.777041729218623689e-01 1.190159273842272825e-02
3.836926385653399163e-01 1.093277853248741938e-02
3.906096439453656255e-01 9.877580637285721110e-03
3.958918388400122779e-01 9.077955434926066047e-03
4.025616179755002189e-01 8.106769023500826066e-03
4.036925071231744488e-01 7.956807831064671710e-03
4.119425223577775630e-01 6.889527604548417727e-03
4.190549767182187302e-01 6.005619203788059579e-03
4.223224458578250240e-01 5.610846994688056810e-03
4.241186624712707798e-01 5.398230713157592398e-03
4.270210550855076392e-01 5.059375736248372668e-03
4.286492822129688851e-01 4.876146425648819616e-03
4.304433242308005059e-01 4.677932501823467426e-03
4.345259732672195896e-01 4.237807593447384669e-03
4.356252846422373204e-01 4.124703168775223361e-03
4.391453690281251210e-01 3.811537407965914781e-03
4.444761863127553725e-01 3.433925615254573849e-03
4.533085474269356596e-01 2.838358521177419824e-03
4.565964401169665954e-01 2.633829713793112148e-03
4.651016779567965220e-01 2.126613426498225046e-03
4.680655738694415313e-01 1.984385448038028521e-03
4.695452876745621063e-01 1.921019232397180865e-03
4.717293930214838116e-01 1.829634040687921903e-03
4.792163368997140460e-01 1.517069619019539850e-03
4.841237038538259152e-01 1.329108027025793781e-03
4.868988818836822996e-01 1.241912857377069912e-03
4.888237887926720204e-01 1.181823947965177091e-03
4.940738116929121460e-01 1.037393503222738822e-03
4.962465593730243651e-01 9.863533416477610061e-04
4.970665402024689317e-01 9.718217230957337804e-04
4.990730248805030356e-01 9.407820383749987414e-04
5.018043771250608742e-01 9.097467320121621626e-04
5.087981704353212731e-01 8.590269117034754487e-04
5.172358943166293077e-01 8.012727707543687572e-04
5.197488745052687431e-01 7.985704341776367343e-04
5.235336426378824903e-01 7.954053029347596393e-04
5.245265451400944468e-01 8.032799210883068142e-04
5.301086425935384039e-01 8.876119098302215349e-04
5.308118765964418007e-01 8.986455669943715918e-04
5.313074502273718025e-01 9.072601060620133495e-04
5.373548551735083390e-01 1.029203378045906447e-03
5.381365447294361726e-01 1.045246541293565201e-03
5.410038715465999015e-01 1.123821142222647396e-03
5.422190623393092768e-01 1.159786318710387398e-03
5.432176699512454299e-01 1.193302718573097110e-03
5.440473237172833709e-01 1.224945046201741938e-03
5.465893486011637048e-01 1.337949584899078559e-03
5.484777608595794440e-01 1.435075073250802191e-03
5.514581762939885223e-01 1.593039453291256180e-03
5.545240561364845888e-01 1.758600836599066852e-03
5.646191673786544740e-01 2.375890014206460954e-03
5.664215691188219104e-01 2.488536787850104126e-03
5.693146696432969112e-01 2.672898310419169476e-03
5.778678691543484014e-01 3.276828538399501056e-03
5.819911290280745941e-01 3.576727007340907427e-03
5.847168846483772331e-01 3.801286641375356545e-03
5.862213983380573090e-01 3.928948373114304893e-03
5.886748620880399852e-01 4.146725165616316211e-03
5.922182595514353665e-01 4.494390195073916239e-03
6.018304363110427158e-01 5.450381821926364445e-03
6.053014750946172917e-01 5.836265755965963642e-03
6.098818688945859545e-01 6.448830671883287735e-03
6.109730258753724996e-01 6.598221939479453901e-03
6.121888364116798709e-01 6.765954031573317984e-03
6.175477710723404901e-01 7.521941385894681531e-03
6.207930341892569093e-01 7.993329709612750911e-03
6.271764508027790619e-01 8.955606167079688262e-03
6.317738618687758212e-01 9.686436848908908104e-03
6.404334914436358162e-01 1.106520664135102194e-02
6.427432270414754623e-01 1.145632596735834952e-02
6.457008625370030952e-01 1.195857422948010118e-02
6.462600844921981835e-01 1.205594133508025578e-02
6.486396144437069911e-01 1.247228599959016027e-02
6.488185834442734556e-01 1.250368926717970730e-02
6.528120696821608782e-01 1.321113414453012336e-02
6.545074360691012227e-01 1.351295528364249154e-02
6.554702961314240461e-01 1.368886095866361785e-02
6.600709155863608846e-01 1.455179938975237341e-02
6.629246845309544334e-01 1.509328897970352301e-02
6.680957537571396987e-01 1.609757870027372917e-02
6.690010279665736803e-01 1.627487417870421282e-02
6.706293105438778657e-01 1.659536171937181503e-02
6.751865747932876971e-01 1.751570975223049054e-02
6.791044587984313985e-01 1.838775521732560758e-02
6.811148046396517941e-01 1.884292973168000263e-02
6.821420223790144455e-01 1.908010903041601480e-02
6.845971272420521281e-01 1.965067874269921244e-02
6.963769069402092615e-01 2.239698977475468311e-02
6.999035321213640248e-01 2.322948236246746845e-02
7.025587614268657966e-01 2.386597380433719273e-02
7.047531495698313719e-01 2.439330022744978788e-02
7.072472715986766190e-01 2.501198267378712536e-02
7.089971980080109759e-01 2.545364478874401204e-02
7.116412826381766088e-01 2.613253425824024756e-02
7.134714616047306279e-01 2.662234819399189600e-02
7.140978139837184102e-01 2.679245090998982892e-02
7.165880236612536258e-01 2.746912545148161300e-02
7.214854400239030241e-01 2.881409837172166366e-02
7.231419321941978673e-01 2.927094186652945407e-02
7.273078716231129448e-01 3.042526666652123346e-02
7.292406503691062358e-01 3.096867108758694087e-02
7.302930751968714773e-01 3.126842087939973869e-02
7.320389017224750994e-01 3.179315255751580249e-02
7.328048231084896003e-01 3.203181641138330704e-02
7.341353646754431583e-01 3.245016730545491335e-02
7.343247886998058860e-01 3.251020458684039660e-02
7.367387513042025216e-01 3.327731131064892711e-02
7.378711477972770272e-01 3.364101469093272456e-02
7.394065014734874097e-01 3.415274612705077040e-02
7.424161072466197719e-01 3.519614971469486875e-02
7.450663702473616645e-01 3.613549310826147387e-02
7.471251072537647975e-01 3.687448969882622940e-02
7.487749349015528910e-01 3.746951985707236421e-02
7.519545721200930899e-01 3.864373721301905817e-02
7.576277578176846550e-01 4.074720670512266274e-02
7.602426847291816614e-01 4.174840280583957952e-02
7.624772566531341500e-01 4.263524412895347560e-02
7.654735284041993548e-01 4.384508952576138263e-02
7.680693627541324009e-01 4.489684208507627172e-02
7.729493970323957353e-01 4.692307282156971127e-02
7.757907142177371540e-01 4.812490798660695734e-02
7.779524568925919592e-01 4.905415331101370402e-02
7.782114372943127467e-01 4.916904266353649966e-02
7.839899071359965887e-01 5.182104758952932322e-02
7.857757291929818866e-01 5.265166354597927700e-02
7.876194943098511203e-01 5.352407034052475421e-02
7.900578231353252434e-01 5.469916200751334667e-02
7.948256772692814387e-01 5.702433075118162886e-02
7.959284068754119978e-01 5.756605989622787245e-02
7.992276476219164483e-01 5.920730897998627285e-02
8.014036342723109829e-01 6.030630679002513261e-02
8.046159582050536052e-01 6.198971357627358625e-02
8.063675642354193318e-01 6.291071674432169303e-02
8.111194433414816718e-01 6.548429014296652806e-02
8.133149952979412678e-01 6.668286357079056259e-02
8.134663107888424616e-01 6.676615409723352101e-02
8.144599020000062861e-01 6.732679864379154111e-02
8.152713649244396343e-01 6.779423603554080024e-02
8.185824959457064232e-01 6.970543861567923827e-02
8.188209162481066006e-01 6.984334619558518753e-02
8.219076790006174527e-01 7.164127294454358807e-02
8.223101363339819780e-01 7.187825823932403324e-02
8.223762043891182927e-01 7.191834316330503185e-02
8.233685386485543045e-01 7.252929384340223162e-02
8.273845263490569035e-01 7.500659564001499469e-02
8.278288150441639459e-01 7.528317086122815471e-02
8.283715222818976986e-01 7.562508458055861027e-02
8.316165987224164446e-01 7.770626339130948246e-02
8.394230980102488360e-01 8.299555889554899313e-02
8.421834372115770684e-01 8.486806026351512156e-02
8.432591917564784545e-01 8.560547037096410961e-02
8.468812908186267308e-01 8.826546668967016895e-02
8.493081697413504827e-01 9.005149755385777333e-02
8.505085679588761938e-01 9.096673569168611806e-02
8.517794355587395838e-01 9.194888007153256826e-02
8.521452177670532091e-01 9.223918502734262947e-02
8.532831583841207213e-01 9.316460645968571708e-02
8.551134528121553391e-01 9.468834830002803571e-02
8.583025992757105094e-01 9.736523182204004367e-02
8.609182657289036200e-01 9.963300526249696532e-02
8.617804078803181778e-01 1.003841411782400161e-01
8.641415896623321213e-01 1.025241612754292930e-01
8.650791487694882154e-01 1.033852572502699241e-01
8.657016894116382755e-01 1.039667409395528264e-01
8.666794579650833885e-01 1.048836421132269825e-01
8.681012785108082053e-01 1.062181508864591395e-01
8.686237321980589954e-01 1.067118605116414987e-01
8.699314271417728506e-01 1.079484203254816865e-01
8.725206486958878571e-01 1.104122980980357660e-01
8.729456253061984583e-01 1.108172686115013184e-01
8.740850485792426294e-01 1.119263903277866179e-01
8.757325419338111150e-01 1.135411168249572667e-01
8.821827117903984217e-01 1.199484012595745108e-01
8.862731419133105248e-01 1.240491713941844765e-01
8.883134690061467165e-01 1.261969151183474080e-01
8.902347906496370644e-01 1.282211623276474644e-01
8.911471046500094584e-01 1.291905059108886533e-01
8.916878536696717372e-01 1.297702001389752224e-01
8.924657618872695597e-01 1.306163955067559668e-01
8.950620210797428644e-01 1.334569684001557510e-01
8.958532701227117645e-01 1.343364932533832601e-01
8.966073796006628349e-01 1.351846983687634562e-01
8.996900157175657942e-01 1.386808996191027932e-01
9.018905354342432457e-01 1.411798935447343695e-01
9.031859835987794405e-01 1.426536757566232438e-01
9.052311192962441133e-01 1.450171549343330923e-01
9.057886382711823892e-01 1.456711289044505531e-01
9.084098546249241846e-01 1.487544797512579953e-01
9.100702732869709877e-01 1.507478748736996721e-01
9.122233030927668906e-01 1.533413256121701762e-01
9.151282554022159843e-01 1.569218773100118369e-01
9.165123531046932559e-01 1.586773743376671542e-01
9.173903083052026286e-01 1.597964554471309473e-01
9.200915120307089357e-01 1.632861083499768107e-01
9.215023232083805471e-01 1.651597698757579780e-01
9.228754602324120704e-01 1.670523266826584585e-01
9.243894007039972216e-01 1.691488367555045169e-01
9.251753368889130691e-01 1.702432449049431362e-01
9.254784102912183563e-01 1.706684160155667040e-01
9.256206171885683620e-01 1.708686468940687764e-01
9.284178557309747948e-01 1.748090763431906502e-01
9.319439923511165791e-01 1.800584041002184499e-01
9.321874812305581681e-01 1.804263327817251517e-01
9.330379929719794241e-01 1.817333034151417115e-01
9.348049263546960308e-01 1.845048888433583612e-01
9.354590882803979213e-01 1.855602355700967099e-01
9.365886094988995492e-01 1.873887824565254601e-01
9.373028279642401372e-01 1.885531229042151091e-01
9.380955948815108414e-01 1.898708394846351233e-01
9.392490319534458898e-01 1.918588840138439888e-01
9.421251652607234295e-01 1.968291367507015721e-01
9.426993657798568016e-01 1.978486232746510254e-01
9.433354599066117174e-01 1.990181958689324349e-01
9.455911114038986209e-01 2.032767008687471622e-01
9.483622644393876477e-01 2.085147274540065654e-01
9.495009614391090036e-01 2.106818707209254793e-01
9.507038839221990667e-01 2.129725258707422242e-01
9.525528148394317718e-01 2.166642691285846078e-01
9.534545825638724992e-01 2.186281100016227441e-01
9.565920058607872978e-01 2.258464375272942748e-01
9.575040124614979664e-01 2.280228321108310752e-01
9.582192845565862260e-01 2.297564773478663058e-01
9.591179953501196565e-01 2.319454680925380208e-01
9.593408277041153287e-01 2.324953463973766787e-01
9.596974458639837557e-01 2.334081279859832048e-01
9.600515767624102637e-01 2.343665130573497901e-01
9.604966652325614973e-01 2.356161815240424007e-01
9.609680262364250769e-01 2.369762761897965531e-01
9.623025273679177705e-01 2.409531343686467375e-01
9.628237940322947885e-01 2.425099645655616198e-01
9.631408292200971388e-01 2.434599269115653719e-01
9.649413385749470162e-01 2.489286484264470189e-01
9.661718560941021661e-01 2.528250533085307783e-01
9.671884156364494167e-01 2.561371546992470272e-01
9.681272143210644110e-01 2.592444902424509978e-01
9.693186053224740473e-01 2.632324041333556908e-01
9.700849887481302058e-01 2.659101828780067178e-01
9.711014375062489989e-01 2.695813639054689403e-01
9.712635544845780178e-01 2.701860078940999665e-01
9.718320415906585019e-01 2.723126927111017004e-01
9.729980953495647178e-01 2.767394511901212217e-01
9.733307428731325928e-01 2.780040712543347947e-01
9.745416992524185140e-01 2.827200588903496792e-01
9.755126416686861202e-01 2.866206440714348380e-01
9.758535987557581670e-01 2.880054749774891842e-01
9.763155428632135369e-01 2.898873164708414274e-01
9.774747215015326951e-01 2.947642246792854248e-01
9.777847736892610886e-01 2.961242613261008128e-01
9.784570928178322191e-01 2.991772365444792525e-01
9.792594427409142543e-01 3.028687937624767734e-01
9.832500235700911695e-01 3.212999257376457640e-01
9.837913017672801352e-01 3.239181246262087255e-01
9.842488458624132353e-01 3.261869804345930435e-01
9.852136900870152036e-01 3.313779422090591398e-01
9.855059226793243532e-01 3.330540642074171220e-01
9.869147357240413143e-01 3.414998979913738131e-01
9.870976023950930323e-01 3.426553652697430508e-01
9.879592641902710248e-01 3.484512014960159387e-01
9.886474341533235677e-01 3.533926559907004661e-01
9.892844429769134251e-01 3.581473861830267724e-01
9.901682534979134864e-01 3.648289282414508561e-01
9.905223933516686952e-01 3.675543677954810073e-01
9.913301855961726972e-01 3.740051360912791667e-01
9.915853603049771259e-01 3.762290064541624623e-01
9.917740159745060957e-01 3.778962621318091575e-01
9.920318598078392558e-01 3.802689737110154233e-01
9.927305739447478405e-01 3.870557338640047140e-01
9.928102141989789686e-01 3.878658958102518817e-01
9.929303450675950327e-01 3.890975103574144667e-01
9.932488109670349896e-01 3.923719223976769310e-01
9.934940040456960997e-01 3.949954977131696632e-01
9.935781344604397436e-01 3.959286214350916655e-01
9.938091648977718240e-01 3.986261413494475159e-01
9.939244279190000420e-01 3.999820027108156317e-01
9.942689770828003759e-01 4.044977292089257936e-01
9.949259543124320260e-01 4.134313221456312748e-01
9.952397454423378420e-01 4.177277665059520029e-01
9.956073882886584681e-01 4.229752632861937256e-01
9.959651572987129331e-01 4.281566778907311965e-01
9.969777751741819571e-01 4.429926034561633141e-01
9.972701483694494939e-01 4.472858178354262026e-01
9.977130818468034068e-01 4.544995690682887002e-01
9.979761769062209797e-01 4.596844407449214298e-01
9.982555146096254717e-01 4.667982723595104355e-01
9.983547033201503051e-01 4.702300507652908967e-01
9.984977619546360206e-01 4.751833215299808844e-01
9.985390699797802583e-01 4.767075986510757035e-01
9.985533347500350487e-01 4.774793351336175107e-01
9.985731573407448103e-01 4.788094986156649080e-01
9.986192277288750141e-01 4.834067444540659508e-01
9.986498362274487395e-01 4.864741032501368467e-01
9.986451725174874117e-01 4.899220808479075595e-01
9.986344181751245497e-01 4.928316470370034397e-01
9.985911572078762788e-01 4.971078023698051185e-01
9.985762799864057460e-01 4.985402520066481991e-01
9.985135831138371998e-01 5.030698128504104139e-01
9.983679136028944523e-01 5.083982517653115041e-01
9.980652700276491096e-01 5.161371069078956042e-01
9.978335864566179048e-01 5.215987067213592177e-01
9.976487899251917923e-01 5.259277726406812459e-01
9.974708777725231901e-01 5.300677941684287520e-01
9.973591256259868310e-01 5.326191909978247319e-01
9.973326337178249901e-01 5.332047269952183699e-01
9.972234848302683474e-01 5.353919573742246252e-01
9.969120041100492102e-01 5.409614697302705943e-01
9.968007098150606371e-01 5.428833320909389748e-01
9.966448802343059743e-01 5.455117848182191587e-01
9.962009962289473108e-01 5.525419050287558864e-01
9.960368729464936788e-01 5.550023466734186339e-01
9.958564212506979541e-01 5.576890908752328846e-01
9.958190547102860890e-01 5.582312342786640569e-01
9.954855530766051341e-01 5.621506105919729102e-01
9.950036535916764180e-01 5.677770582682070133e-01
9.948145667859906727e-01 5.699576966625875540e-01
9.943991569303567424e-01 5.742717298628715605e-01
9.943791276492164322e-01 5.744591868665619439e-01
9.941737748115644369e-01 5.763531621998800869e-01
9.938606216599281673e-01 5.792055111457988792e-01
9.937164611955227045e-01 5.804036176720465123e-01
9.932886567511693965e-01 5.838410444957551348e-01
9.930149283427103235e-01 5.860111395019446112e-01
9.928015446246742925e-01 5.876553230753996937e-01
9.926944895654457035e-01 5.884626552696934354e-01
9.920179579580625795e-01 5.928073742136431568e-01
9.914331617984035727e-01 5.962737593471100217e-01
9.903269823046434439e-01 6.027139380239591171e-01
9.900355290362692351e-01 6.043855750775780633e-01
9.886712886340682793e-01 6.121944705427626587e-01
9.880529021513846377e-01 6.155038910949696129e-01
9.877292334695548792e-01 6.171702771231099005e-01
9.870233818355460542e-01 6.207390572524008610e-01
9.862206830189830242e-01 6.247370007621942944e-01
9.844777290382555890e-01 6.333542514880257102e-01
9.838651528641668698e-01 6.362348243493020084e-01
9.836662979772337057e-01 6.371654585479120669e-01
9.835832674659314989e-01 6.375425845002470338e-01
9.819771617936170482e-01 6.447875006927256125e-01
9.814150292820162935e-01 6.472682887232363846e-01
9.811280657545013995e-01 6.485076088157506469e-01
9.800557824619506864e-01 6.529277331896662373e-01
9.773628737487880525e-01 6.637206199116343353e-01
9.765515714649495305e-01 6.668939667561445406e-01
9.749464430890790734e-01 6.727277880025066548e-01
9.740756560945480480e-01 6.757858705423270829e-01
9.734198191223322194e-01 6.780717772296568358e-01
9.724580001655587225e-01 6.813974613426391214e-01
9.711753850234725594e-01 6.855772245103726181e-01
9.709993089990553994e-01 6.861483966849445393e-01
9.692952476422811436e-01 6.916470676399876227e-01
9.688154920343150511e-01 6.931838274801754851e-01
9.670267942100090330e-01 6.988898206188819406e-01
9.662593122966716130e-01 7.013021184948522446e-01
9.655323683191725515e-01 7.035644061805537142e-01
9.642651704799409806e-01 7.074089827184213419e-01
9.614426957713797517e-01 7.158476719607577143e-01
9.612977646265796761e-01 7.162794771831453300e-01
9.610193869666303623e-01 7.171046505423863682e-01
9.601105643780372123e-01 7.197936079586793046e-01
9.587748052326821036e-01 7.236772777576075955e-01
9.574717685574101189e-01 7.273610167676797245e-01
9.561908259515508046e-01 7.308246106945013310e-01
9.550768122619466283e-01 7.337967463286321212e-01
9.543803086690398896e-01 7.356509227873613277e-01
9.533266853217843284e-01 7.384489460150260864e-01
9.521528686411975251e-01 7.415266867008838414e-01
9.517219108839096720e-01 7.426346234751322051e-01
9.511671776162204939e-01 7.440591197075138163e-01
9.498783948935638488e-01 7.473320647737352607e-01
9.488020578255977888e-01 7.498975602029691601e-01
9.480490670810162168e-01 7.516876155838391194e-01
9.466600125176165559e-01 7.549557393970869335e-01
9.465209505470768558e-01 7.552734821363031870e-01
9.450004971298391343e-01 7.584546728481521560e-01
9.420653697132799209e-01 7.644224638456721399e-01
9.408370086531738785e-01 7.669149866684855654e-01
9.400757319206904938e-01 7.684541167116838434e-01
9.381155606398090541e-01 7.723234391888866845e-01
9.364480036454065903e-01 7.755226510410040408e-01
9.360647303169673528e-01 7.762402114020603427e-01
9.340022443512796535e-01 7.800671981057160087e-01
9.330368090315721563e-01 7.818306366057921064e-01
9.301162361400887590e-01 7.869755738702016723e-01
9.275640341543882617e-01 7.914497402942420878e-01
9.266901974905947803e-01 7.929758658557668483e-01
9.241802954710616191e-01 7.973518367740032309e-01
9.227698693947998798e-01 7.997925811431828569e-01
9.211452262919916922e-01 8.025229521861074744e-01
9.191906448613111902e-01 8.057413453287675109e-01
9.187239086600407223e-01 8.064811304167963657e-01
9.180065066376958960e-01 8.075843924350364356e-01
9.165555158909834965e-01 8.098026505844984069e-01
9.154472450623476476e-01 8.113758179365090362e-01
9.138155601750379553e-01 8.136792383833262310e-01
9.108384449956306028e-01 8.178004801915323974e-01
9.101565966903144567e-01 8.187168574381490371e-01
9.072324121836847777e-01 8.224854656300643052e-01
9.042490495230628422e-01 8.263211872396022395e-01
8.992554519244377875e-01 8.327409863709785975e-01
8.984973308731925012e-01 8.336992921879186058e-01
8.971841601167864777e-01 8.353456076274066167e-01
8.930721488754407300e-01 8.404002547271929302e-01
8.898078041793138215e-01 8.441991118138542083e-01
8.874234721672351611e-01 8.469616736202359997e-01
8.853975545254824109e-01 8.492894265316243141e-01
8.845234948084901294e-01 8.502796543298012377e-01
8.833928115447555740e-01 8.515471076492797664e-01
8.813571259579440209e-01 8.537839163166887069e-01
8.746791788207370910e-01 8.608523490391213340e-01
8.729494804589568169e-01 8.626684160372860566e-01
8.724983034134337068e-01 8.631391577165583584e-01
8.694753142719808814e-01 8.662237940732075980e-01
8.660750858996548729e-01 8.696345329642919397e-01
8.600570987586255711e-01 8.753845656493767224e-01
8.599894277061115311e-01 8.754484569010076989e-01
8.552442929650896364e-01 8.798811681903311310e-01
8.481015696148963556e-01 8.865076702645133810e-01
8.460369651653441014e-01 8.884201526312852648e-01
8.457843530925586162e-01 8.886522683377611198e-01
8.394675117576970713e-01 8.943737900035365618e-01
8.376844492945410003e-01 8.959468547328683918e-01
8.365444346571229151e-01 8.969119398983953495e-01
8.332853458527014201e-01 8.996693048086066291e-01
8.311974245155373531e-01 9.014083838697085627e-01
8.282973855224347037e-01 9.038051318026298908e-01
8.271984998766599428e-01 9.046822685485381710e-01
8.253483256524554168e-01 9.061423526109150250e-01
8.238489892871314613e-01 9.072762070947408830e-01
8.233474342261806189e-01 9.076517674421529236e-01
8.183551387369114583e-01 9.112348350378428607e-01
8.167508058878389932e-01 9.123587264249146678e-01
8.151268501497330732e-01 9.134591669216524101e-01
8.101899278811834915e-01 9.167694906262143784e-01
8.072706507557623201e-01 9.187067075911895531e-01
8.062028802552407836e-01 9.194068016799049614e-01
8.045570794837439976e-01 9.204724060355546911e-01
8.040470618376649448e-01 9.207951627226773628e-01
8.025941551827187048e-01 9.216990978722491290e-01
8.017691449137329673e-01 9.222102163406197262e-01
8.001144208696340243e-01 9.232234168636611615e-01
7.963551928261751733e-01 9.255146962201405980e-01
7.926689304354310739e-01 9.277279336688946110e-01
7.883205956804542058e-01 9.302825792140627659e-01
7.874500420100363218e-01 9.307918840190468890e-01
7.850320211579806529e-01 9.321785557653817778e-01
7.820846098643268185e-01 9.338564641611786232e-01
7.814183473474869412e-01 9.342336242248214795e-01
7.796482387957051063e-01 9.352230587652038407e-01
7.789792244907329799e-01 9.355968533945587806e-01
7.736245387878353252e-01 9.385000616572682919e-01
7.719703654967164930e-01 9.393967588945579816e-01
7.708873923734500533e-01 9.399411600637650466e-01
7.702854475267686407e-01 9.402400465098876836e-01
7.669149711485154786e-01 9.418688792143991018e-01
7.655320794020492592e-01 9.425333562183977332e-01
7.614244322797469877e-01 9.443915745981129595e-01
7.604285147544014301e-01 9.448227250568655977e-01
7.595018192316536076e-01 9.452236835409888460e-01
7.548972546256158545e-01 9.472036654537864253e-01
7.487048948651979785e-01 9.498498690337920936e-01
7.456157735072079795e-01 9.511242970381567075e-01
7.453616737530657232e-01 9.512288347422770407e-01
7.432317349418717800e-01 9.521015742947808169e-01
7.412991148040093403e-01 9.528771459764769913e-01
7.393809283711256786e-01 9.536388571932973290e-01
7.360497916523562889e-01 9.549282322133020307e-01
7.319025825228793192e-01 9.565332982238836657e-01
7.289346041582718261e-01 9.576619809618284185e-01
7.282243346055996547e-01 9.579301443563047469e-01
7.264761171501268322e-01 9.585668181908444385e-01
7.256021230428033597e-01 9.588823937002916020e-01
7.175936238917131060e-01 9.615447489983275364e-01
7.162430214678841001e-01 9.619858774725588146e-01
7.132499431933272405e-01 9.629499692906781094e-01
7.097872666292464050e-01 9.640406812464240582e-01
7.022455338553661441e-01 9.664156947867671432e-01
6.991896134469388624e-01 9.673722053871690596e-01
6.985957312527759644e-01 9.675573673989951162e-01
6.966626723545883415e-01 9.681555128302452573e-01
6.937812382786943122e-01 9.690374780049405556e-01
6.894110403621993566e-01 9.703703352580341779e-01
6.866157974754714122e-01 9.712215348086828959e-01
6.841783904885219147e-01 9.719477057810403942e-01
6.824516321017533027e-01 9.724491390876242036e-01
6.807000134439225025e-01 9.729425440091561406e-01
6.755922939603073996e-01 9.743435579955069814e-01
6.723106027856531330e-01 9.752152277817242032e-01
6.680182783963093396e-01 9.762870992314176544e-01
6.652700788592935677e-01 9.769522611403594903e-01
6.607298871141638053e-01 9.780337962726530776e-01
6.516706000833185630e-01 9.801890038655496351e-01
6.453116194651296045e-01 9.816746007604815194e-01
6.448749351297689003e-01 9.817746293750904130e-01
6.368054157239320112e-01 9.835968137566152292e-01
6.347715346440994111e-01 9.840537928127878198e-01
6.317283350753906124e-01 9.847258058761581001e-01
6.271397949235033575e-01 9.857353750895603284e-01
6.245908574758325393e-01 9.862891165508664848e-01
6.229039445332431590e-01 9.866435243262496879e-01
6.141463615720184066e-01 9.883506187938679854e-01
6.133455724253951136e-01 9.885026017157522160e-01
6.094117537998950951e-01 9.892414686358371734e-01
6.090472391339232239e-01 9.893090027796163088e-01
6.038194160223688822e-01 9.902614867718083635e-01
5.997744393856261347e-01 9.909974504856837729e-01
5.947537092914489953e-01 9.918495050429223525e-01
5.898256846856790858e-01 9.926658052454341297e-01
5.892812868928085646e-01 9.927553414646977936e-01
5.880248723135950151e-01 9.929602571924817100e-01
5.837154274216851402e-01 9.936276266878566465e-01
5.790319966804626794e-01 9.943396004344591255e-01
5.765136119073352994e-01 9.946822026146434625e-01
5.746115849800526032e-01 9.948957174803776393e-01
5.657417178540011804e-01 9.958779052592100500e-01
5.632102511702159475e-01 9.961538813280327309e-01
5.610947262461796203e-01 9.963584535605657377e-01
5.568564424606845531e-01 9.966907252321874910e-01
5.541393925656372677e-01 9.968891905385643959e-01
5.516534807074617852e-01 9.970691572000951464e-01
5.510147301636978412e-01 9.971151740793844365e-01
5.446575865870793010e-01 9.975632789510250342e-01
5.406884841511878648e-01 9.978099214847744314e-01
5.373000761366379940e-01 9.980108041772984828e-01
5.330532268506085192e-01 9.982025554461508854e-01
5.288506023360159958e-01 9.983814888522730691e-01
5.236095912408791353e-01 9.985901690990027779e-01
5.205063806566978535e-01 9.987071049885537510e-01
5.181838993486012068e-01 9.987920136467293153e-01
5.081537443051649117e-01 9.990134831111134872e-01
5.044812749641329752e-01 9.990799106238087424e-01
4.982756779681525861e-01 9.991694987484233126e-01
4.934390470290065944e-01 9.991942430578448775e-01
4.883043487342859090e-01 9.992045946970651293e-01
4.865408550335617588e-01 9.992022493033752006e-01
4.832603634939070525e-01 9.991969682459412860e-01
4.804175499007505290e-01 9.991899807365788311e-01
4.737823794955990375e-01 9.991645165007315699e-01
4.678177600962444838e-01 9.991403735137225350e-01
4.627639829105895664e-01 9.991128891830214354e-01
4.599171389890522321e-01 9.990920863089302051e-01
4.558112583880964963e-01 9.990407132693268633e-01
4.485618724999513307e-01 9.989455330878583839e-01
4.420213417948453682e-01 9.988470562451094992e-01
4.394082215763908672e-01 9.988044413523585741e-01
4.290752017738335700e-01 9.986051834834369645e-01
4.263040073479542058e-01 9.985379931087087213e-01
4.258116113584795026e-01 9.985239818618579788e-01
4.204494104826533296e-01 9.983702341464943952e-01
4.165115375474480186e-01 9.982555376302340022e-01
4.133262694097961654e-01 9.981627331360272137e-01
4.118261610477778611e-01 9.981065034408768133e-01
4.102039448110089137e-01 9.980339938766331631e-01
4.056484513859743291e-01 9.978094897439279132e-01
4.022866916973208418e-01 9.976313951212351094e-01
4.002158166926392258e-01 9.974971964916139466e-01
3.954389925466618716e-01 9.971845185166503533e-01
3.884362714931506866e-01 9.966999125933563297e-01
3.851731369355760326e-01 9.964617189392228624e-01
3.823318799933189127e-01 9.962267114379891320e-01
3.813644735920957429e-01 9.961394986165770238e-01
3.758702548300362767e-01 9.956010378332444954e-01
3.721530914347440100e-01 9.952177083662050450e-01
3.699789079731284347e-01 9.949918266038405568e-01
3.655370460550538270e-01 9.945044433093551683e-01
3.633656210167346967e-01 9.942625810674303732e-01
3.614827284305100474e-01 9.940332590214833175e-01
3.572187281221546606e-01 9.934682020528757818e-01
3.517099770388136259e-01 9.927276505325984823e-01
3.515611439401791771e-01 9.927075578576436410e-01
3.493970369432259360e-01 9.924033748127877308e-01
3.457577344116889440e-01 9.918839908190799637e-01
3.437636397707371505e-01 9.915980720123170888e-01
3.426590516063039993e-01 9.914203749338654781e-01
3.411010825453009709e-01 9.911678812654584059e-01
3.377781869436514151e-01 9.905805813096718593e-01
3.366152326658444216e-01 9.903637170578027948e-01
3.351023711986514386e-01 9.900732700289718302e-01
3.299666439774431859e-01 9.890857581728274006e-01
3.287663155326642772e-01 9.888436009294281348e-01
3.257794495502536747e-01 9.882333421412502483e-01
3.244633572526083864e-01 9.879600176571469161e-01
3.239210989334558310e-01 9.878425284119004557e-01
3.187640987306252227e-01 9.867195733461485707e-01
3.183524041521929582e-01 9.866293798082249600e-01
3.177211498566673842e-01 9.864898563397010989e-01
3.175730070583414055e-01 9.864565207586440954e-01
3.139061880846928942e-01 9.855631790858319086e-01
3.124779738944135077e-01 9.852140777173942210e-01
3.111399854143612198e-01 9.848613976389548608e-01
3.081143179370073315e-01 9.840561684815835042e-01
3.039618136142682725e-01 9.828841188123086381e-01
3.032463102839390579e-01 9.826818967056487608e-01
3.029121114573913309e-01 9.825828491006187715e-01
3.013269035742681123e-01 9.821057885077791871e-01
2.972364305670138207e-01 9.808396856938972341e-01
2.919176672696965347e-01 9.791861213222657900e-01
2.900104280860951733e-01 9.785589848995087658e-01
2.865479384949853325e-01 9.774028974274593384e-01
2.848338622011784005e-01 9.768240738356930297e-01
2.825417312934752068e-01 9.760407879655866870e-01
2.805861892183164064e-01 9.753645379604244381e-01
2.795652469070719071e-01 9.750094112611989994e-01
2.785686881347483879e-01 9.746530684007241874e-01
2.741366562072939383e-01 9.730373241749529223e-01
2.712266849690838089e-01 9.719450266142194428e-01
2.656424279792420351e-01 9.698014360200148953e-01
2.634880675417052287e-01 9.689647673032920627e-01
2.624219954676172972e-01 9.685368546035174608e-01
2.583154059287890436e-01 9.668076792868275371e-01
2.572676070866831144e-01 9.663611363608081151e-01
2.571060313524606289e-01 9.662918365230482864e-01
2.494892408409610796e-01 9.629941622362534481e-01
2.476637746232662196e-01 9.621783955817554412e-01
2.438651551458714262e-01 9.604653250459296299e-01
2.406058460009961597e-01 9.589557507223384070e-01
2.385909711907912567e-01 9.580036478500116859e-01
2.355358220049584284e-01 9.564956908128853241e-01
2.343469307892045994e-01 9.558987337082462954e-01
2.315118319872783714e-01 9.544630847990747124e-01
2.296271020468116375e-01 9.535021694883420995e-01
2.263587364684169212e-01 9.518207396453516322e-01
2.227793413537675904e-01 9.499266912707847732e-01
2.220644272154929655e-01 9.495460517666240996e-01
2.210091054353056639e-01 9.489832563464204451e-01
2.192823376639201904e-01 9.480490071199895175e-01
2.180818654911300114e-01 9.473980804321577853e-01
2.177750106220157078e-01 9.472316886268111746e-01
2.152634634947072079e-01 9.458399871916310930e-01
2.143598668943252350e-01 9.453302318039101815e-01
2.126682863319273031e-01 9.443538541492604299e-01
2.115747274493578467e-01 9.437208091620207240e-01
2.101130804243546701e-01 9.428740135845682380e-01
2.050402399093947392e-01 9.399113116873771823e-01
2.040243576861071051e-01 9.393157117211350382e-01
2.024879300584318531e-01 9.384045594304452065e-01
2.011970534546641542e-01 9.376291491119129740e-01
1.998815151636670895e-01 9.367994176348217739e-01
1.923648112506066155e-01 9.320456809905437456e-01
1.891184567253035298e-01 9.299842145904100299e-01
1.859381214376878977e-01 9.279546937552981545e-01
1.839132816960243333e-01 9.266439334994082122e-01
1.804719126861024647e-01 9.243477497200207615e-01
1.709008252285310614e-01 9.178365661951747301e-01
1.675839430267229146e-01 9.155783529449620373e-01
1.655474676878987972e-01 9.141596970986106685e-01
1.635104587147385158e-01 9.127176840310115002e-01
1.608705320664108318e-01 9.108455208264486513e-01
1.592669980726619250e-01 9.097072206484506651e-01
1.578849697615636871e-01 9.087192119789802014e-01
1.542387015677361695e-01 9.059438548125892110e-01
1.524644788348030189e-01 9.045613126870956089e-01
1.493188746871192962e-01 9.020884695960317279e-01
1.488458611305875645e-01 9.017130904460741725e-01
1.477001797857287468e-01 9.007898359599481042e-01
1.440952714440852378e-01 8.978649863182516233e-01
1.388533917043441313e-01 8.935739709951441290e-01
1.378843681498629903e-01 8.927636537670295969e-01
1.353150444195130864e-01 8.906062599406194824e-01
1.333528226780705261e-01 8.889421485567888803e-01
1.315934901953824121e-01 8.874312073181740423e-01
1.311527013690528265e-01 8.870420074364343543e-01
1.288592956468724293e-01 8.849478791841776104e-01
1.282999795746731508e-01 8.844308212327037788e-01
1.253206104020285205e-01 8.816736580843833604e-01
1.251209437782581646e-01 8.814838312230804940e-01
1.243972226773598089e-01 8.807786333947342783e-01
1.221268228598658134e-01 8.785648928567866278e-01
1.186017699225097588e-01 8.750409368460750903e-01
1.184893678841155151e-01 8.749279376122180985e-01
1.144709778800934719e-01 8.707258338455864388e-01
1.104970115447646006e-01 8.664877110171606001e-01
1.099214377122160191e-01 8.658713533798862994e-01
1.060057654061272170e-01 8.615752959757971841e-01
1.031126894500816182e-01 8.584011316676033454e-01
9.997062587250576948e-02 8.548449919413313447e-01
9.844091179807373804e-02 8.530715655875147352e-01
9.746725051096499781e-02 8.519343962166893158e-01
9.174189070778610011e-02 8.452091428969453757e-01
8.891996872462210044e-02 8.418577014948249726e-01
8.820230213058161128e-02 8.409696176116453481e-01
8.698722843948231143e-02 8.394377612709940095e-01
8.443693788973477554e-02 8.360532678084298119e-01
8.359259682181024997e-02 8.349068132475970794e-01
8.236307637852985364e-02 8.332328454647436322e-01
8.172279068468818464e-02 8.323610362532454232e-01
8.052830465604871035e-02 8.307338086799681554e-01
7.843121908892397576e-02 8.278250659880670437e-01
7.496274884804426941e-02 8.229694100021213155e-01
7.419809354628642550e-02 8.218816970486545470e-01
7.154923438726829010e-02 8.180638662145387485e-01
6.889342004052062540e-02 8.142203968021232141e-01
6.602342547289302699e-02 8.099105872370958581e-01
6.509135455898856781e-02 8.084889773910753918e-01
6.400733526277208041e-02 8.068355878633083345e-01
6.268719246530612965e-02 8.047942970257400130e-01
6.229346130376206547e-02 8.041820112974839008e-01
5.863437103112462134e-02 7.984890621808352629e-01
5.687277045369615314e-02 7.956208508420954395e-01
5.673513122148671206e-02 7.953949377982820756e-01
5.509589418836829955e-02 7.926083651752733328e-01
5.469472117591228644e-02 7.918938551998497832e-01
5.435232408686790917e-02 7.912711445741820171e-01
5.308782616883583882e-02 7.889494744995948494e-01
5.208079487787625750e-02 7.870813338447655294e-01
5.129539843190716875e-02 7.855458737923066703e-01
5.016453797782333135e-02 7.832610604792966669e-01
4.996469107028850276e-02 7.828547888017598488e-01
4.870071098737011051e-02 7.802446457859841811e-01
4.721871519288406427e-02 7.771794937222171740e-01
4.590800070623751727e-02 7.744434465899054931e-01
4.521360509722033294e-02 7.729789296572773249e-01
4.460872342349636588e-02 7.716924012433943325e-01
4.328895798270154804e-02 7.688571361614716659e-01
4.066981671068531368e-02 7.631702911014754953e-01
4.033766268237176655e-02 7.624419009267133784e-01
3.966305790259688768e-02 7.609524001314420527e-01
3.940896930156861933e-02 7.603543965201009502e-01
3.898461932955948894e-02 7.593223154341717240e-01
3.850278269649848317e-02 7.581163998816914384e-01
3.807112776721394143e-02 7.570273355098665613e-01
3.753778554516012944e-02 7.556684755328707537e-01
3.712166647690379184e-02 7.545599445463386790e-01
3.617529744098552102e-02 7.518914782883165948e-01
3.518369506219037879e-02 7.490935280555723885e-01
3.427227714373298761e-02 7.464974311574203991e-01
3.318367215817047411e-02 7.432829420474104110e-01
3.218951602760605768e-02 7.403385700675635395e-01
3.178813660807139341e-02 7.391452224408745497e-01
3.155264690132258965e-02 7.384440823711108104e-01
3.141524704930270806e-02 7.380278581906071222e-01
3.129283771255758628e-02 7.376535053756704263e-01
3.015001865530370084e-02 7.340705240332984216e-01
2.931419506525206886e-02 7.312572035349322874e-01
2.860310118299508320e-02 7.288593626864214858e-01
2.740532306246185046e-02 7.247959748988667128e-01
2.622393163711783659e-02 7.205878808430552507e-01
2.493534155178483980e-02 7.159868524162552594e-01
2.432542612709559515e-02 7.137010455589007929e-01
2.377941532260602342e-02 7.116440750433705720e-01
2.335652900955703659e-02 7.100506693458663587e-01
2.228042765364296462e-02 7.059820586187405267e-01
1.948490344715197997e-02 6.949297761594687151e-01
1.909885699021879324e-02 6.931999605278139631e-01
1.805904378528927490e-02 6.884730829146094022e-01
1.706973261687833032e-02 6.839505322466219450e-01
1.666211359456976071e-02 6.820068244393302503e-01
1.394098441781083109e-02 6.688412478354421875e-01
1.350335511584305204e-02 6.665720684192902867e-01
1.286788783967857119e-02 6.632015754795704821e-01
1.223837413529033080e-02 6.597129330406779069e-01
1.199514374826676777e-02 6.583484997472430766e-01
1.181097111276524503e-02 6.572786072197962515e-01
1.119584408544510579e-02 6.536800516333879374e-01
1.086793705509586649e-02 6.515443845437258741e-01
1.064515369186863625e-02 6.500820314294224467e-01
1.018868769970210364e-02 6.470581649401835334e-01
9.361038535703414265e-03 6.414768679737251622e-01
8.540647286997826715e-03 6.358791646060050207e-01
8.050055036927517005e-03 6.324870557095509938e-01
7.783538195885564281e-03 6.306439364856176732e-01
7.353205185730404825e-03 6.275884371416997620e-01
6.664671117629195063e-03 6.221572148565897020e-01
6.271385358023462420e-03 6.190248865777492338e-01
6.201743746175714112e-03 6.184513643099213143e-01
6.074941229128272280e-03 6.173633175142616558e-01
5.462466521795883434e-03 6.120282822233801268e-01
5.176839840954905458e-03 6.093527531341829118e-01
5.070684811717629525e-03 6.083020763244771922e-01
5.028551819107718313e-03 6.078821210153414478e-01
4.824750306180070059e-03 6.058129298424675957e-01
4.608544002252357163e-03 6.035548339070959667e-01
4.220199010409320106e-03 5.993702506805027586e-01
3.840191110961177490e-03 5.949938611281062606e-01
3.617401727430247238e-03 5.922702178104987114e-01
3.206892464698130052e-03 5.863823800509517792e-01
3.046434405281017721e-03 5.839402907158178779e-01
2.661628415746852827e-03 5.778883856877266023e-01
2.597419287535374099e-03 5.767940108840495794e-01
2.357902221357510708e-03 5.724309377738013849e-01
2.075124656547411295e-03 5.670648555469681718e-01
1.974263710320001142e-03 5.647859713380947166e-01
1.812614651932220600e-03 5.607909508068706916e-01
1.736182548804088288e-03 5.585855737824936273e-01
1.702103481783068251e-03 5.565970368619020947e-01
1.634548368442734212e-03 5.521275185747634984e-01
1.494312547371257072e-03 5.427151184651618498e-01
1.471198246097038531e-03 5.411261046746241865e-01
1.455455614354839167e-03 5.397530818631167682e-01
1.429305057739249651e-03 5.372005893787396014e-01
1.378632315916783480e-03 5.303349728242598982e-01
1.363487612573599517e-03 5.272531592721318994e-01
1.355138833438906953e-03 5.253842204919391135e-01
1.350163772551316033e-03 5.230870179535569431e-01
1.364335403152450166e-03 5.153961489879430591e-01
1.382178678919376846e-03 5.099710241886441509e-01
1.402553910633763667e-03 5.060677716769769185e-01
1.425542013724190316e-03 5.027297998256904377e-01
1.471790552696805587e-03 5.000435119282642393e-01
1.518510991832588974e-03 4.975322115543825419e-01
1.728762381777715351e-03 4.900906208071826864e-01
1.734210768891852883e-03 4.898986617855334291e-01
1.761255241058801158e-03 4.889565369298247699e-01
1.810107947381622839e-03 4.873913496836097536e-01
1.892538043849201213e-03 4.848802132223052341e-01
2.010042354083807492e-03 4.815890829306944676e-01
2.116738020773667461e-03 4.792620847117560201e-01
2.204482149156861137e-03 4.773651312214798326e-01
2.467686564236959423e-03 4.722365290095698054e-01
2.503796062593710570e-03 4.715631668493498463e-01
3.084705255104791544e-03 4.611539025653267343e-01
3.540239042331971842e-03 4.530882412828244332e-01
3.826195426273770739e-03 4.491474310066311260e-01
4.353401887827124117e-03 4.420569074965755574e-01
4.716158244707779890e-03 4.380719074333633278e-01
5.193530166012372273e-03 4.331858803109867040e-01
5.568727095708159158e-03 4.293781384577434190e-01
6.082017064577394105e-03 4.246615914353760735e-01
6.780437521064219819e-03 4.184160446736781003e-01
7.098762871730002200e-03 4.157015925970635184e-01
7.262156981621414875e-03 4.143283417238218247e-01
7.558709145767228410e-03 4.120126197547707703e-01
7.721176297780629749e-03 4.107587076193891518e-01
7.929084353813842245e-03 4.092184230641293663e-01
8.138602718818999104e-03 4.076776646211111022e-01
8.933909843064247180e-03 4.023654273089012356e-01
9.937407429917943791e-03 3.961012829677387215e-01
1.043431103656572434e-02 3.930382041371535129e-01
1.096306314667322424e-02 3.900192753707143467e-01
1.238597509526334628e-02 3.819940586976694474e-01
1.286869651894256839e-02 3.792994298274702247e-01
1.381287900859701212e-02 3.742397813268866225e-01
1.390380017081710440e-02 3.737631044301127359e-01
1.492522997737960599e-02 3.684328117425529348e-01
1.535960601438851603e-02 3.663275247625155107e-01
1.586789952226769218e-02 3.639995022991946438e-01
1.759556109637389065e-02 3.562058104866794306e-01
1.946502235809061121e-02 3.478109693471262975e-01
2.049838753791083379e-02 3.435938745996435228e-01
2.095619837892875870e-02 3.417507317246446519e-01
2.258118226550059893e-02 3.354868163371349521e-01
2.303288754369064995e-02 3.338134653819426756e-01
2.338990337884822024e-02 3.324923506923248562e-01
2.382934630901850648e-02 3.308827741445572457e-01
2.448646491955513982e-02 3.285402437358355687e-01
2.543262722000788623e-02 3.251942902825554205e-01
2.592458499463828892e-02 3.235164192719569565e-01
2.724089148670655325e-02 3.191206730694807758e-01
2.830972569206763323e-02 3.156839088351187650e-01
2.987868955670242022e-02 3.108358757457776456e-01
3.028105882288995021e-02 3.096391925007807577e-01
3.272986988877119030e-02 3.023614876263827078e-01
3.322140340351992238e-02 3.009040852539480726e-01
3.412875035360490861e-02 2.982825610634064484e-01
3.508119531221393084e-02 2.955309952025568787e-01
3.730871913795269501e-02 2.891218330010808524e-01
3.750488902959364657e-02 2.885614399928924101e-01
3.869130238021573076e-02 2.852079015419585195e-01
3.961362924771111294e-02 2.826043089819911813e-01
4.000503855102371942e-02 2.815266950868487994e-01
4.137180694087988497e-02 2.778625772103314739e-01
4.215137812022135000e-02 2.757744781261277645e-01
4.334867856146423781e-02 2.725766256443423741e-01
4.440504753857027476e-02 2.697662614058208286e-01
4.561179513731733470e-02 2.666121703676560539e-01
4.771266910847199449e-02 2.611285834111429782e-01
4.938936908904817402e-02 2.567841158790170608e-01
4.999580179550894288e-02 2.552131743404456587e-01
5.213063173727278121e-02 2.497254982945785740e-01
5.310269529149508339e-02 2.472519875901675324e-01
5.620665595387880353e-02 2.393846273530938484e-01
5.648653817627552476e-02 2.386957611655422529e-01
5.794998277612600779e-02 2.352323272450888014e-01
5.835792903739528414e-02 2.342855443324228792e-01
5.909414045445854358e-02 2.326233133840823752e-01
5.974942121384491100e-02 2.311743342098926401e-01
6.110643968507717405e-02 2.281747332062751266e-01
6.340520213878747535e-02 2.232120318981147822e-01
6.396440613281667575e-02 2.220191752693352338e-01
6.579885644980115744e-02 2.182035574682693602e-01
6.709426004495516738e-02 2.155352750063627143e-01
6.944448740655800867e-02 2.107067002413958168e-01
6.980507958243126199e-02 2.099872359343508688e-01
7.031137094280365263e-02 2.089973103792749365e-01
7.127123401383400614e-02 2.071236000436009750e-01
7.378692742065623422e-02 2.023336684178598244e-01
7.598950544565435949e-02 1.983089929052644917e-01
7.745301705435808648e-02 1.958434182636896725e-01
7.930238288978602723e-02 1.927284522931714816e-01
8.010165111166206442e-02 1.913837872522218264e-01
8.135379253340929706e-02 1.892896427830565997e-01
8.467393045402721308e-02 1.839030985362374304e-01
8.620825282444660731e-02 1.814663239104281622e-01
8.644369877261209867e-02 1.810999172355608478e-01
8.820018604409091134e-02 1.783691745934683492e-01
8.930489056477391996e-02 1.766608333529874342e-01
9.136164172550947926e-02 1.735477720076544772e-01
9.310272196914332055e-02 1.709421845366685400e-01
9.485308289975374896e-02 1.683260156406392039e-01
9.516136752524789744e-02 1.678656346207044736e-01
9.939710523348416205e-02 1.615563953645148265e-01
1.005315983541291147e-01 1.598878964842153083e-01
1.021490322406511386e-01 1.575522502763512245e-01
1.029957141742822713e-01 1.563592536510945985e-01
1.045723255176324584e-01 1.541578129156424559e-01
1.047225870869019082e-01 1.539522437471423366e-01
1.070643086039637093e-01 1.508167675792163598e-01
1.101595708815529817e-01 1.467123500878647624e-01
1.113434021767074067e-01 1.451825594881025472e-01
1.132529928889265958e-01 1.427210461718426693e-01
1.134898053847030464e-01 1.424232724329876909e-01
1.173344981311452151e-01 1.376990089424311448e-01
1.179644131700013365e-01 1.369653092814137052e-01
1.190786363226267741e-01 1.356923096716406985e-01
1.223021713193806481e-01 1.320876901545390281e-01
1.250362843997902540e-01 1.290892320741905408e-01
1.252268234310654482e-01 1.288811235853976056e-01
1.267866754245969285e-01 1.272002976853918721e-01
1.274733950572816688e-01 1.264902038126939354e-01
1.292176432562727739e-01 1.247221925912129770e-01
1.297944243009049869e-01 1.241378467147425946e-01
1.302385775990466121e-01 1.236963807363983259e-01
1.356007566478111825e-01 1.183771602613716833e-01
1.379029995116976548e-01 1.161200831351404394e-01
1.398199534530653598e-01 1.142470335497529632e-01
1.408204404285949285e-01 1.133405335084423093e-01
1.428810891019406948e-01 1.115064582360294487e-01
1.447102228677387692e-01 1.099313522731613091e-01
1.458977165881904514e-01 1.089420973549848348e-01
1.501166254978710257e-01 1.055769887350889169e-01
1.527652190544862010e-01 1.035213676429463936e-01
1.555453559715271328e-01 1.014061784402886524e-01
1.573858020136850722e-01 1.000408295593223640e-01
1.624926010259420406e-01 9.636564650667811538e-02
1.684139556251284531e-01 9.236326279095830039e-02
1.705356884552716168e-01 9.093767503869376601e-02
1.714663907489077377e-01 9.031757566506171120e-02
1.732248197654834843e-01 8.915600871895412727e-02
1.765174953876866293e-01 8.702524378288822859e-02
1.794881145213639839e-01 8.510710451426817258e-02
1.808063475543245091e-01 8.425967807382195307e-02
1.827644399999262537e-01 8.300179697222087594e-02
1.876391221367848527e-01 7.990879099794601093e-02
1.893328823975201636e-01 7.884377772512674021e-02
1.904106169640355506e-01 7.818125177146217908e-02
1.934438564834866647e-01 7.640270487321165760e-02
1.991560359794746771e-01 7.305974816582772036e-02
2.022245295412134491e-01 7.127181532358894955e-02
2.049636080013844119e-01 6.975183518926764137e-02
2.105793197426792385e-01 6.682072572154795775e-02
2.118308283494602651e-01 6.616894875041434698e-02
2.125253802812018811e-01 6.580834298079074607e-02
2.155831053098447581e-01 6.423119250191089424e-02
2.192936354183339653e-01 6.233566898010300950e-02
2.201075746464389860e-01 6.192514339475219121e-02
2.275855351763878542e-01 5.830514836778888377e-02
2.315714005153119426e-01 5.643457597213241694e-02
2.323282988071845856e-01 5.608169926323325338e-02
2.345986429140876628e-01 5.502849016018296346e-02
2.388407314371670531e-01 5.307575249156282204e-02
2.417296774108393387e-01 5.178584854205214860e-02
2.455026541932900375e-01 5.010786054690574698e-02
2.491076332672848559e-01 4.852049652079870601e-02
2.501605048252029673e-01 4.806142353347708784e-02
2.523166524521852083e-01 4.712167994327653986e-02
2.539772802827297560e-01 4.640867689751959624e-02
2.576499213492717266e-01 4.490989705361203566e-02
2.590681547703171383e-01 4.433408762317825325e-02
2.604205029755050638e-01 4.378825653573892307e-02
2.614270118261386444e-01 4.339150804320335286e-02
2.634896846565745743e-01 4.257947720022103866e-02
2.647170835124295629e-01 4.210591128673824013e-02
2.655989633033553621e-01 4.176665370293464186e-02
2.711242583897590097e-01 3.964802805665101904e-02
2.731019619322443970e-01 3.889000475151471736e-02
2.796561984119680377e-01 3.641129888920657809e-02
2.822100629816281514e-01 3.548945906885259127e-02
2.857309181248405827e-01 3.422215021891361619e-02
2.869819644962011140e-01 3.377688711501591889e-02
2.935194923322257954e-01 3.145621010922161620e-02
2.959121587685417665e-01 3.061265779667010634e-02
2.989480738115465885e-01 2.955360076378088507e-02
3.004294615319759720e-01 2.907974823700254507e-02
3.065734991741731474e-01 2.712353223431840377e-02
3.104419540374890318e-01 2.596814692685045500e-02
3.123228322793893397e-01 2.544679267357174979e-02
3.132480589501855373e-01 2.519766775622966914e-02
3.154585785168383949e-01 2.463787110072968023e-02
3.190332062743021502e-01 2.376537709047610303e-02
3.193801005324702902e-01 2.368473114884750430e-02
3.262769634564237076e-01 2.214249757309449951e-02
3.344402039035093144e-01 2.032466314978020883e-02
3.402566915081329246e-01 1.906364041989827562e-02
3.471341449817905711e-01 1.761361138941319737e-02
3.503892269880770072e-01 1.696106172421274483e-02
3.506273540305507308e-01 1.691410902330214849e-02
3.570837275002492484e-01 1.567130134455030355e-02
3.586286326689980819e-01 1.537635190857222778e-02
3.616071356060350239e-01 1.481793454227353646e-02
3.661562334951608544e-01 1.396695328033936701e-02
3.674208938765567978e-01 1.373399821237941687e-02
3.695597403348572230e-01 1.335087766389919661e-02
