4.332527772064407312e-01 9.968302006430745932e-01
4.320062275613677505e-01 9.967303458447400732e-01
4.255320570512201028e-01 9.960285624373358404e-01
4.235083439389675242e-01 9.958080676876998050e-01
4.199814830815118416e-01 9.954148950491978898e-01
4.188373725883124399e-01 9.952722360865506879e-01
4.159597740178213598e-01 9.948532407944813416e-01
4.065827542298957598e-01 9.934305034046964078e-01
4.047064199000682816e-01 9.931445827168700058e-01
3.994176760637424550e-01 9.923204327656665047e-01
3.946434113023535861e-01 9.915748046270312921e-01
3.942313815084202977e-01 9.915090942583536515e-01
3.863795432473046132e-01 9.902442891064423547e-01
3.854064096856365529e-01 9.900857283063966285e-01
3.815535389194703031e-01 9.894447224378460914e-01
3.758277009795168988e-01 9.884873490966514797e-01
3.709418731371685318e-01 9.876600994749100693e-01
3.662031157616927324e-01 9.868553263885001536e-01
3.605543043390717628e-01 9.858467817875073980e-01
3.574649884767987507e-01 9.852721660249708080e-01
3.555756894314106020e-01 9.849169195855260739e-01
3.521891733001306646e-01 9.842782598627386470e-01
3.510977477762042831e-01 9.840645856919142398e-01
3.489878205936887134e-01 9.836474755542023996e-01
3.435267113833320174e-01 9.825122097774633412e-01
3.407480560984618156e-01 9.819189832598684831e-01
3.373832525230214818e-01 9.811649252979688374e-01
3.340639287644500133e-01 9.804116431950317123e-01
3.313350999986476308e-01 9.797786041149064706e-01
3.275792949929696718e-01 9.788991718423909472e-01
3.236154346760956591e-01 9.779616594839051213e-01
3.172917286041188056e-01 9.763084297820869839e-01
3.161413553067735638e-01 9.760000978754211909e-01
3.158096386728026506e-01 9.759079986824226172e-01
3.130718722758133454e-01 9.751448064658657655e-01
3.093552356758260125e-01 9.740612358988171016e-01
3.077912479656288447e-01 9.735855817660130640e-01
3.015236590571909181e-01 9.716512030189238258e-01
2.989947191855050201e-01 9.708589688342256219e-01
2.900603985849493638e-01 9.679870603635046811e-01
2.884001588931002225e-01 9.674528224348655225e-01
2.847811804972059102e-01 9.662859143914793725e-01
2.738218886794924201e-01 9.625858742466496532e-01
2.728078464812576653e-01 9.622419199832225045e-01
2.719164765628026004e-01 9.619129261188039681e-01
2.715479592063788639e-01 9.617706895674194012e-01
2.691151938967906165e-01 9.608176324754675868e-01
2.667453768811637316e-01 9.598725984981547610e-01
2.658641266788559498e-01 9.595044069063708436e-01
2.616331573994339355e-01 9.577087425052658309e-01
2.597094141262299427e-01 9.568673289622395828e-01
2.569364363861885714e-01 9.556267142620228361e-01
2.548203135992879176e-01 9.546541818485456687e-01
2.545847998838809412e-01 9.545443074407177209e-01
2.529047690349273125e-01 9.537599309622792898e-01
2.526745735839984741e-01 9.536523839980024508e-01
2.511268615767789925e-01 9.529233233596748898e-01
2.448945037920370327e-01 9.498549697955570581e-01
2.420118082644696633e-01 9.484147053158002993e-01
2.404218796145064507e-01 9.476159554988498046e-01
2.394846975651568899e-01 9.471399383678726913e-01
2.363079683672275610e-01 9.455185994635588731e-01
2.332183668865478454e-01 9.439011497586138333e-01
2.298347076367825981e-01 9.421142451800582629e-01
2.268229170076789813e-01 9.405235585954986322e-01
2.213858159949149140e-01 9.375937211421228046e-01
2.179505634846058415e-01 9.357090288549694268e-01
2.172298766597445807e-01 9.353122258820882884e-01
2.117780449317371305e-01 9.322733916266073839e-01
2.097062831611269385e-01 9.311156681634503718e-01
2.071204481703076139e-01 9.296131423761098134e-01
2.012643518028719436e-01 9.261899903056495242e-01
1.985245076272131870e-01 9.245868297848160999e-01
1.935416604843839261e-01 9.215783371615468011e-01
1.924040391290866570e-01 9.208719195566413829e-01
1.906665335005741646e-01 9.197599630831014839e-01
1.832634047270852440e-01 9.149806482259795759e-01
1.811978225978863044e-01 9.136346041492903192e-01
1.752043592402036110e-01 9.097159343869749559e-01
1.728403871576297268e-01 9.081696281390293501e-01
1.721976680462212750e-01 9.077217558615127135e-01
1.690959176568486155e-01 9.055440297553998263e-01
1.678685723521969875e-01 9.046596627263753243e-01
1.647733813906251399e-01 9.023537333001642180e-01
1.637941684680457310e-01 9.016236990669324047e-01
1.626685355602508487e-01 9.007756762447687304e-01
1.611572986484725023e-01 8.996370905875478163e-01
1.607055828468545444e-01 8.992909349463523716e-01
1.596118040761405066e-01 8.984473806742147017e-01
1.564762244773271194e-01 8.960161959622480188e-01
1.537485236125296639e-01 8.937978450471287806e-01
1.528997736366701776e-01 8.931039085588279303e-01
1.521285629383044569e-01 8.924686714311058644e-01
1.516204146803302732e-01 8.920491741407611253e-01
1.507918660992910720e-01 8.913647426265884910e-01
1.499544606745479847e-01 8.906432284939324040e-01
1.480715265889606114e-01 8.889219459422132985e-01
1.451313721893505715e-01 8.861109003445833965e-01
1.410207395174762901e-01 8.821758867740924215e-01
1.405727676088281974e-01 8.817372618536142292e-01
1.373114976429129497e-01 8.785235872955678982e-01
1.371277117272894364e-01 8.783410864549566766e-01
1.357348189817220163e-01 8.769365131191944052e-01
1.332301464170855265e-01 8.744083741556832878e-01
1.300550069320172142e-01 8.712013806481641032e-01
1.289753479653672485e-01 8.700665176588162630e-01
1.273524359385844740e-01 8.683430530834858052e-01
1.253644136957122734e-01 8.661556831129262335e-01
1.244400158533943701e-01 8.651089117918937532e-01
1.231841741434369641e-01 8.636768702274338905e-01
1.225484833699657106e-01 8.629476149890029646e-01
1.204433580200554577e-01 8.605260507210177323e-01
1.184203194651487490e-01 8.581739083886767983e-01
1.157009130649361284e-01 8.549268030692638298e-01
1.138301173301516922e-01 8.526820447940405279e-01
1.119190879872310473e-01 8.503596617894810805e-01
1.107422935099822148e-01 8.488637075914435837e-01
1.063168297623219294e-01 8.431152155880319299e-01
1.036101554986613715e-01 8.395591341833411603e-01
1.028185799717327154e-01 8.385171483159103989e-01
1.008212545546086636e-01 8.358724564291588610e-01
9.937373362835122403e-02 8.339206833476900949e-01
9.858465630117452250e-02 8.328440367160727664e-01
9.783196522850456933e-02 8.317937185193670091e-01
9.215084955889984997e-02 8.238103100650656652e-01
8.907321172423166011e-02 8.194752873141269989e-01
8.747770431192725127e-02 8.172113105672903499e-01
8.657306749388016254e-02 8.159191414669698661e-01
8.270684033685060665e-02 8.103941354011449105e-01
8.241707595820846333e-02 8.099794671806881396e-01
8.080577037434633070e-02 8.076306549123724032e-01
8.006733490654227570e-02 8.065197603336342613e-01
7.655973326250664623e-02 8.012042384992326127e-01
7.325659008838680819e-02 7.961311393045147344e-01
7.223015467418236746e-02 7.945363467745217845e-01
7.062542052287601457e-02 7.919797170374506257e-01
7.022008778674482254e-02 7.913309471272798046e-01
6.914384053551281273e-02 7.895733758985926665e-01
6.579017203888959386e-02 7.840663969791936694e-01
6.480961212944780225e-02 7.824307065976172648e-01
6.327265181434771346e-02 7.798407068499153549e-01
5.917939896745882944e-02 7.729330825040700015e-01
5.850023829637007733e-02 7.717787840107896979e-01
5.778304310340121042e-02 7.705564151571312470e-01
5.606427477236686219e-02 7.676143590178547971e-01
5.551070036378535910e-02 7.666465074911772426e-01
5.286717820559494463e-02 7.618871034969343370e-01
5.146424380700986845e-02 7.593521723778798860e-01
5.075674298201171553e-02 7.580525705804337377e-01
4.981829493218958849e-02 7.562474980928991508e-01
4.869959731115902635e-02 7.540078374117579196e-01
4.848163634439772718e-02 7.535618770113737819e-01
4.697969704139504099e-02 7.503519685075723533e-01
4.557815904152484610e-02 7.473520876876577068e-01
4.480653828327296750e-02 7.456568428630682144e-01
4.383980235591755648e-02 7.434829706598784504e-01
4.263911586919044705e-02 7.407503410005461530e-01
4.240197015354318921e-02 7.402077697384454869e-01
4.184910449394729781e-02 7.389372533157152478e-01
4.112026369190380226e-02 7.371908921414352944e-01
3.991147397095073934e-02 7.341401746550236806e-01
3.851055837064365495e-02 7.304882317312028084e-01
3.836459614689591291e-02 7.301066955569198713e-01
3.746028899143405422e-02 7.277186075873661730e-01
3.733768402535009301e-02 7.273940212968790231e-01
3.697150052893927175e-02 7.263908833065150228e-01
3.608029009532953690e-02 7.239308105431195850e-01
3.496145271123085596e-02 7.205259382857126527e-01
3.380111627128079554e-02 7.169365812619120648e-01
3.320406914243589913e-02 7.149629453795552925e-01
3.256662308331148559e-02 7.128370959425702758e-01
3.219736608945211742e-02 7.115395533135077111e-01
3.173545251604970030e-02 7.098000116650283742e-01
3.077905258532953603e-02 7.061632881970564268e-01
3.005372821251717230e-02 7.033214030742542811e-01
2.615635696968199309e-02 6.879953017420855632e-01
2.581872097499626761e-02 6.866531086330899258e-01
2.539108986162108561e-02 6.849485157744541475e-01
2.514089375544303895e-02 6.837951298451961923e-01
2.403903467905565972e-02 6.787106500183159863e-01
2.354699726737852217e-02 6.764296877717345113e-01
2.345708833945503446e-02 6.760123874100423258e-01
2.268278831408698792e-02 6.723326578773245465e-01
2.172045060544525175e-02 6.677125101482860314e-01
2.139124068142561619e-02 6.661271840860758520e-01
2.061128877539553095e-02 6.620718565061219918e-01
1.966078324807496447e-02 6.570205176339469766e-01
1.889571440127946200e-02 6.529356233389888020e-01
1.865425983393698139e-02 6.516426177538007236e-01
1.830592457731250455e-02 6.496757881328921735e-01
1.814659108049576641e-02 6.487708196448844777e-01
1.644378674548196972e-02 6.388896738041391909e-01
1.486069915046706047e-02 6.295240066326565076e-01
1.436301221904556780e-02 6.264259889976041551e-01
1.367588264211538895e-02 6.220640660404596067e-01
1.288511053219110192e-02 6.168316433231695317e-01
1.211208193523827248e-02 6.116750237667754053e-01
1.171597170785820818e-02 6.089773835782199551e-01
1.071832072070977304e-02 6.021280198160718911e-01
1.051634193122730210e-02 6.007325278627697607e-01
9.625732799916519866e-03 5.945705281071351767e-01
9.183549126453360856e-03 5.913913370826068272e-01
8.709293362281989026e-03 5.879070716106504779e-01
8.156075703631748830e-03 5.837900807296515504e-01
7.893702814234959675e-03 5.816694963200472746e-01
7.781682857098237704e-03 5.806846355699629703e-01
7.121450695209197157e-03 5.735626902141929273e-01
6.885832744193631783e-03 5.710203689452887366e-01
6.684717351488567161e-03 5.687966380653666221e-01
6.294705628812291565e-03 5.639211354797075693e-01
6.066132857686201696e-03 5.608893042028713083e-01
5.423906989612370388e-03 5.518430246338149603e-01
4.842074080844582795e-03 5.431443249513535632e-01
4.265913306742974420e-03 5.344632945141606362e-01
4.248345519119789415e-03 5.341950658988020573e-01
3.551558742244109723e-03 5.231485673128338787e-01
3.470541992408926468e-03 5.218086812673764507e-01
3.259889040363783685e-03 5.182764208795698213e-01
2.573972965741466723e-03 5.064118675095676814e-01
2.468723937004146940e-03 5.043900701183664514e-01
2.403702460679113528e-03 5.031103548396557157e-01
1.951084161990634946e-03 4.930771771189511599e-01
1.876250636822729412e-03 4.913315673319749166e-01
1.850532743052468732e-03 4.907244694947511254e-01
1.808338925730956781e-03 4.897111559659811375e-01
1.689126857678635574e-03 4.867432030922455022e-01
1.584001929720413315e-03 4.841079255078160060e-01
1.307504266622405709e-03 4.760067464851865937e-01
1.201820347021098634e-03 4.726731802283585804e-01
1.195566004652981462e-03 4.724754390948291416e-01
1.121437617735199233e-03 4.696736747076202256e-01
9.451939546367693623e-04 4.630053583711625231e-01
8.807419610696864964e-04 4.602956689991373196e-01
7.751695982596285006e-04 4.545216295741389967e-01
6.863109761529040398e-04 4.496338509182510323e-01
5.891633315833200157e-04 4.437002890262463639e-01
5.841382448038556774e-04 4.429745306851422537e-01
5.475369602753188403e-04 4.353152373177640033e-01
5.485332819399335591e-04 4.340356492070746031e-01
5.814687716184652189e-04 4.262075307849854111e-01
6.799256600042991039e-04 4.183166099230503088e-01
7.247338346749732096e-04 4.155042346339560266e-01
7.784664955970965750e-04 4.121555834518713102e-01
8.276835631941814597e-04 4.092467298501043516e-01
9.671414981280435086e-04 4.010396472890720432e-01
1.273061816847165240e-03 3.846228025822379104e-01
1.278683245443446026e-03 3.844323349717714278e-01
1.338051842644794043e-03 3.825663908410947833e-01
1.625247739326818319e-03 3.738675568866527410e-01
1.730747177453140218e-03 3.711201040762759362e-01
1.765819071090524162e-03 3.702783677930717721e-01
1.847045663163626728e-03 3.683706182709380883e-01
2.118567412086047597e-03 3.628954987204008331e-01
2.517064944427271911e-03 3.559776697951332336e-01
2.610842058869411453e-03 3.545576983408748051e-01
3.130662115011451085e-03 3.471084262133719012e-01
3.242779464760925379e-03 3.455406524569412108e-01
4.159076935525307661e-03 3.342855654390550768e-01
4.597440493498861080e-03 3.289604681896846072e-01
4.812531204553494035e-03 3.264929142903474357e-01
4.997174307730611886e-03 3.243929093424886556e-01
5.067561515390894833e-03 3.235961873358430552e-01
5.209793795798445259e-03 3.219890333298600638e-01
5.439892550754610312e-03 3.194145611662385642e-01
5.798615739734169772e-03 3.156131424391297458e-01
5.958941047484733744e-03 3.139706991223387700e-01
6.066708357595373968e-03 3.128696354253790446e-01
6.288215822304210612e-03 3.107512423404702462e-01
6.665016521229194524e-03 3.073744021255674364e-01
6.955677248365099707e-03 3.048502725248898315e-01
7.377653200944078726e-03 3.012572067503299644e-01
7.495079324643549867e-03 3.003014341953162969e-01
7.696320058404482189e-03 2.986649868697427435e-01
8.056003761301666621e-03 2.957984572398607570e-01
8.783248012610656019e-03 2.914436188992935994e-01
8.809647009298759990e-03 2.912877075065448684e-01
9.026837248233166022e-03 2.900183829824909409e-01
9.482875831665182886e-03 2.875145751796168714e-01
9.825645605030963736e-03 2.856646758247056717e-01
1.024535587647301682e-02 2.835541802475886053e-01
1.063491510524028349e-02 2.817060569877772869e-01
1.089917130401274470e-02 2.804867099101244765e-01
1.142093107986996703e-02 2.782609930983357405e-01
1.220009669147481546e-02 2.749777024324562280e-01
1.271727717780268829e-02 2.728209595486061900e-01
1.319261261270376906e-02 2.708516442485913167e-01
1.341463527677544398e-02 2.699775363281151641e-01
1.487660283430924935e-02 2.643733718299871027e-01
1.527433521330234800e-02 2.629705581661758718e-01
1.582295104753794757e-02 2.611421008628621587e-01
1.667211287509462458e-02 2.584681344476981169e-01
1.793178998096933707e-02 2.547233364100983666e-01
1.912722237335384712e-02 2.513123685606658553e-01
2.009823284856182557e-02 2.486283595637919230e-01
2.169353656529504626e-02 2.442334318767613865e-01
2.192946308771437369e-02 2.435843610163278550e-01
2.265008749040720026e-02 2.416247965839015688e-01
2.326615156352229707e-02 2.400045629231154498e-01
2.503668821469373640e-02 2.353886949831776043e-01
2.581798494649600872e-02 2.333865262801791962e-01
2.639998382247332742e-02 2.319078287491169732e-01
2.654369084393148892e-02 2.315440346527932736e-01
2.754463683236629823e-02 2.290690839032498705e-01
2.783025989621656926e-02 2.283806260507565966e-01
2.846031047302488570e-02 2.268742953719981026e-01
2.921447619744332869e-02 2.251666767215231291e-01
3.104999668975572114e-02 2.210246105463724575e-01
3.206154947279560297e-02 2.187766366507715166e-01
3.267074260769209371e-02 2.174463716353897125e-01
3.368337641301233365e-02 2.152376896620903368e-01
3.440048401879958195e-02 2.136741838413351857e-01
3.461145248568375798e-02 2.132182815385295083e-01
3.540332652361488641e-02 2.115117221412371462e-01
3.564274861562910512e-02 2.110004968624286104e-01
3.622383522701622116e-02 2.097975566846306261e-01
3.692668588553382758e-02 2.083534840001953770e-01
3.914506897893943460e-02 2.038064694656777087e-01
3.992003118426279418e-02 2.022229839551251684e-01
4.121739864590601155e-02 1.996150784201581319e-01
4.483248606690626303e-02 1.926136891417041808e-01
4.576666644178906118e-02 1.909378720112290262e-01
4.588101133390443120e-02 1.907331112698573694e-01
4.773991487018069968e-02 1.874476398692519474e-01
4.971506187544272315e-02 1.839692265283743300e-01
5.191019743078162385e-02 1.801372145336314068e-01
5.314081897930622578e-02 1.780009278855824162e-01
5.604556588874953782e-02 1.730529030747129937e-01
5.639956404255563882e-02 1.724701780487221114e-01
5.823184349118382119e-02 1.695428436831590835e-01
6.028451156543035427e-02 1.663867545690033145e-01
6.120339892240178603e-02 1.649857196742593457e-01
6.173072306078075666e-02 1.642071529510351624e-01
6.357234707330738921e-02 1.616004638564825235e-01
6.555582045308983030e-02 1.587967326629359244e-01
6.822331516710611332e-02 1.550450690759406225e-01
7.142410226315221156e-02 1.505694234120694697e-01
7.259618108188203855e-02 1.489709807530193997e-01
7.563431660784647459e-02 1.448556493383318378e-01
7.785069409470490864e-02 1.419556597808172560e-01
7.855949891582558742e-02 1.410466341236538135e-01
8.146139059133061799e-02 1.373504524617192857e-01
8.307106204165126684e-02 1.353322519060283780e-01
8.548882422280001947e-02 1.323844514883109058e-01
8.637221641883596757e-02 1.313884655006539726e-01
8.864926799896943876e-02 1.288450876585177651e-01
8.919089156918991179e-02 1.282596481690381207e-01
9.338292817407856106e-02 1.239868296929318436e-01
9.643309159793889140e-02 1.210103079725949327e-01
9.850257251768546052e-02 1.189991473067217864e-01
1.012530772047077754e-01 1.163391300315432808e-01
1.048521235634156668e-01 1.129004485730299434e-01
1.071034817812663853e-01 1.107842644350217620e-01
1.083836737376728809e-01 1.096216164447659791e-01
1.105836502675731081e-01 1.076510079429506828e-01
1.110520910445006448e-01 1.072366647597602363e-01
1.150916250118878548e-01 1.036941916089272331e-01
1.166317719162467403e-01 1.023669484825820986e-01
1.188077442435231390e-01 1.005036771003017249e-01
1.219207332148616318e-01 9.797980306404185935e-02
1.236015212872747515e-01 9.662259635670522595e-02
1.269646410994357266e-01 9.413373467618713075e-02
1.284998549368875365e-01 9.300076713724025890e-02
1.300089420776516791e-01 9.189407679521610639e-02
1.325104616069177066e-01 9.015979694821874002e-02
1.331908942139833352e-01 8.971384243272373382e-02
1.354217753014066439e-01 8.825514732602401935e-02
1.405112861171774474e-01 8.493945630712074202e-02
1.410711246074588532e-01 8.458358691183065492e-02
1.427955937311667922e-01 8.349063058291328332e-02
1.445634763818154367e-01 8.238219969924542863e-02
1.448896869944814592e-01 8.217933617624828546e-02
1.465711610094401207e-01 8.113439561961699464e-02
1.496793614100326852e-01 7.922800964522602740e-02
1.560492058300123608e-01 7.546014606615913944e-02
1.585727100006271151e-01 7.401553483279932344e-02
1.599259110230516479e-01 7.325122492298175025e-02
1.686408848160747542e-01 6.852346317234248030e-02
1.687287771685560545e-01 6.847639762770929561e-02
1.713321192819384775e-01 6.709489034047122491e-02
1.721613247430888727e-01 6.666498461496817018e-02
1.737555949510956044e-01 6.583899663739611885e-02
1.789638449520325469e-01 6.314557131780396126e-02
1.818680699585923932e-01 6.172602231991863864e-02
1.854891296999603423e-01 5.996300891534123156e-02
1.866118319259963965e-01 5.941806606350763520e-02
1.891578578573138714e-01 5.819671810513693533e-02
1.925171415765961624e-01 5.662105452364873948e-02
1.934765425630043945e-01 5.617499675407766624e-02
1.943635767497939870e-01 5.576998311945757791e-02
1.962089225374363810e-01 5.492846036984655456e-02
1.991059979610018127e-01 5.362581655200826525e-02
1.998134506374633634e-01 5.331949812420000434e-02
2.026948032888862272e-01 5.207201924068238785e-02
2.057710676148236661e-01 5.075684957308146394e-02
2.103970473725235157e-01 4.882588150060518384e-02
2.122083359871854702e-01 4.807249463026852521e-02
2.166481843118553963e-01 4.624832732442896166e-02
2.171760265457765016e-01 4.603902780340785039e-02
2.186340599686723563e-01 4.546292712550392690e-02
2.192858621741198277e-01 4.520896700793053391e-02
2.201623903005681671e-01 4.488270908180280738e-02
2.272950918823039013e-01 4.230236278593346722e-02
2.292417607081056463e-01 4.160534330676701753e-02
2.341391030000030682e-01 3.989867388610279786e-02
2.365786153081756993e-01 3.909607432313222386e-02
2.399497832277497356e-01 3.799607052565734389e-02
2.416088290483414669e-01 3.745520638700861049e-02
2.439559743538847192e-01 3.670720352671141828e-02
2.457566491155476207e-01 3.615606813719196566e-02
2.483158990875252714e-01 3.537611874254364963e-02
2.541033289552072638e-01 3.361393054621986121e-02
2.549913582503373632e-01 3.334713774004183229e-02
2.570725908722676367e-01 3.273282119051978967e-02
2.601985417683824187e-01 3.181230538512280770e-02
2.613922490601606752e-01 3.146991739378179886e-02
2.645756536105966505e-01 3.058592356383182942e-02
2.687744351675062093e-01 2.945506689077048712e-02
2.727007878953979780e-01 2.840361161833415693e-02
2.766247171835195529e-01 2.736474228707108658e-02
2.832882990173662963e-01 2.560174350922261866e-02
2.870593531321984360e-01 2.465714644425276436e-02
2.922973166910404208e-01 2.335647572224519575e-02
2.940564928920169629e-01 2.294188124635976322e-02
2.958227085577309623e-01 2.252754681721191865e-02
2.974941964467761046e-01 2.214055078729193493e-02
3.014867732155456226e-01 2.122517732559503489e-02
3.031914433295572753e-01 2.083681319372565621e-02
3.039455138236388798e-01 2.066767984742789999e-02
3.048352704996757367e-01 2.047280928560080149e-02
3.059685782761649708e-01 2.023704229297662582e-02
3.097443641052175511e-01 1.946945747516226621e-02
3.155367035235621120e-01 1.834950146753688838e-02
3.211489661655873018e-01 1.730984696980575333e-02
3.232097075073309123e-01 1.693131359380350975e-02
3.263571655336732213e-01 1.635364574839803797e-02
3.322442182096470020e-01 1.531415782702116868e-02
3.361035036711778057e-01 1.466301281431603432e-02
3.388946107940566943e-01 1.420192862318248039e-02
3.427629689901160459e-01 1.356497650031085467e-02
3.445649363727226744e-01 1.326918512371144665e-02
3.494482700322930624e-01 1.247059411941142670e-02
3.529004766949718208e-01 1.193139579312196830e-02
3.612341631949493870e-01 1.063125776168849512e-02
3.647212750755982613e-01 1.010049098265686229e-02
3.686470423878444036e-01 9.514717736422539929e-03
3.716158691820813376e-01 9.101085782630580212e-03
3.758910942924480469e-01 8.507486556634136221e-03
3.770984959806717995e-01 8.345094144230347233e-03
3.792893836931897633e-01 8.062760000240087876e-03
3.806738930879344229e-01 7.893293066524198487e-03
3.838548217418609187e-01 7.529022199720625252e-03
3.896590319756086940e-01 6.875227608119649503e-03
3.926425555735572059e-01 6.547592323722706276e-03
3.960374386248324274e-01 6.249923253657474476e-03
4.026321418177021272e-01 5.678750659747988649e-03
4.048036939928337796e-01 5.493988471731214851e-03
4.111157057958049199e-01 4.981869023903739979e-03
4.122812327398460708e-01 4.887755169919683063e-03
4.149196595587427705e-01 4.676419326393621567e-03
4.167655821243627656e-01 4.530228787150369918e-03
4.212652399828011873e-01 4.182203042761178935e-03
4.307440031991196516e-01 3.469929287227557779e-03
4.332189451359973464e-01 3.286581344146610739e-03
4.344852675313234380e-01 3.196362385305739906e-03
4.365525168262501809e-01 3.060004799377180618e-03
4.412330461630554757e-01 2.768991308856993960e-03
4.503010553157031914e-01 2.214584333518176962e-03
4.532933512511605478e-01 2.055186897539806878e-03
4.574104961945161252e-01 1.884540750555219191e-03
4.644329414983989768e-01 1.601549383076217303e-03
4.673201561618349764e-01 1.491788591555853749e-03
4.712137904169326763e-01 1.361284467194856518e-03
4.742843809687237178e-01 1.281933430650084027e-03
4.793861655800717436e-01 1.186672682902512044e-03
5.089447517723849623e-01 6.532050262513244832e-04
5.131218501722774050e-01 5.947239376380419884e-04
5.209352052613539508e-01 5.298428830379231513e-04
5.245687787819640624e-01 5.048293133617098860e-04
5.275325897609081105e-01 4.875309234203539788e-04
5.285246626237587453e-01 4.819861078484422023e-04
5.325435267773259707e-01 4.731727948655839455e-04
5.363410751208231853e-01 4.657436483112009640e-04
5.379229968634602344e-01 4.627937428925976704e-04
5.386065996591815619e-01 4.629161040359264234e-04
5.407358959865585790e-01 4.858682214248233322e-04
5.418898634345349352e-01 5.001529402307580696e-04
5.421564404658142378e-01 5.061536562334101319e-04
5.501755352103675500e-01 6.970366533872729420e-04
5.534845590077008826e-01 8.097239720077364922e-04
5.570141252413909339e-01 9.333089437365549301e-04
5.602920251934944140e-01 1.050333269472014663e-03
5.608078154996009035e-01 1.071520182167384760e-03
5.619208896100751360e-01 1.123742065854638206e-03
5.622373701834607607e-01 1.138690635894890058e-03
5.642579353945841314e-01 1.235853884223980792e-03
5.680020911780774284e-01 1.431839483414409919e-03
5.691957291332352398e-01 1.501720009616014373e-03
5.721648289796664733e-01 1.686829028745950865e-03
5.738395962417006668e-01 1.807707162623128916e-03
5.808389162272826756e-01 2.315761822218931343e-03
5.861510092974067110e-01 2.709750384724984862e-03
6.074006125510181819e-01 4.387267421085083718e-03
6.123147378636371041e-01 4.791693604751401381e-03
6.156123545514188278e-01 5.074001532861305286e-03
6.203030675918900227e-01 5.541994602587863028e-03
6.233328143030377744e-01 5.861381648723851256e-03
6.248173996529026164e-01 6.022709208163279371e-03
6.275005550504307861e-01 6.315315579415892167e-03
6.296335180193690650e-01 6.553853167595824480e-03
6.308155678518788667e-01 6.686901803453215720e-03
6.418241554642596380e-01 8.102539329319591310e-03
6.508978073761421124e-01 9.278072323701258561e-03
6.538499514542415181e-01 9.673160102175226704e-03
6.602475717081641715e-01 1.057604597237638000e-02
6.624169365844022606e-01 1.089534839849815029e-02
6.657785416257588906e-01 1.140225867136501758e-02
6.715144369781428368e-01 1.232509009243798470e-02
6.764881599131740142e-01 1.315548481235762068e-02
6.817342134035067058e-01 1.406787297573119933e-02
6.826078869696865503e-01 1.422274948163193553e-02
6.857734930941256080e-01 1.481863438857344839e-02
6.861423258753307497e-01 1.488908749390671638e-02
6.888288089883473075e-01 1.541450733930394001e-02
6.944820560827922318e-01 1.653264348183169918e-02
7.000718550409591456e-01 1.765984278374066463e-02
7.014868229525621501e-01 1.794871627554828208e-02
7.037488009680872292e-01 1.841836554224141054e-02
7.102235137691211841e-01 1.991615559205761610e-02
7.155514549918435829e-01 2.141140027614707453e-02
7.163040723394027420e-01 2.163813285278792797e-02
7.188232879806379927e-01 2.239724161176914752e-02
7.214423522624872076e-01 2.319054814645382656e-02
7.295642946494991232e-01 2.567456221129671423e-02
7.312432602706824269e-01 2.619440978629572481e-02
7.314178165452753788e-01 2.624944973828569061e-02
7.335852304814529656e-01 2.694411757602854784e-02
7.351363999505180491e-01 2.744217635236867459e-02
7.406249832732154648e-01 2.924200240295371511e-02
7.419292354091419073e-01 2.967350056727902086e-02
7.464912286312460621e-01 3.123198205911092984e-02
7.477346898236287842e-01 3.166089803366234356e-02
7.514678990208772946e-01 3.295672436163776808e-02
7.548657464676643558e-01 3.415621965946225025e-02
7.561104830365663609e-01 3.459723928576008412e-02
7.571021369882937613e-01 3.495889253542094899e-02
7.587938395103972500e-01 3.559134315486378597e-02
7.622203685715419619e-01 3.687936066323804774e-02
7.644729036412687417e-01 3.776409333689612069e-02
7.659475305369788378e-01 3.834940672372189052e-02
7.673176767337144266e-01 3.890277371342698576e-02
7.687351143368207351e-01 3.948014642884078995e-02
7.733214815163835798e-01 4.136243448568088787e-02
7.783811594178836613e-01 4.350126307429436068e-02
7.789475813503593526e-01 4.374150685933309024e-02
7.818680834537676816e-01 4.502354970262500977e-02
7.825425319380340250e-01 4.532184491814095217e-02
7.842988552127907464e-01 4.610392687341313689e-02
7.860251897567739343e-01 4.691225660905806727e-02
7.882803364560364567e-01 4.798536342546644295e-02
7.901724650845335374e-01 4.889325922346265951e-02
7.915867385766248709e-01 4.958904365065763820e-02
7.961477566956159935e-01 5.195725091931469031e-02
7.966871478385894045e-01 5.223979857591232179e-02
7.988277961319355525e-01 5.338735680734130185e-02
8.016461337124414221e-01 5.490331254620317569e-02
8.027745484710269164e-01 5.553507232485743739e-02
8.033924686242434055e-01 5.588278488762254970e-02
8.094658248132550193e-01 5.933649214723502041e-02
8.129591881131198461e-01 6.132716177815367153e-02
8.139674363031421667e-01 6.190395121298142289e-02
8.158493657083383255e-01 6.298060049701947882e-02
8.186479380357132296e-01 6.458911297259928297e-02
8.216945566725759598e-01 6.636710640277254658e-02
8.233038021325561617e-01 6.731312761466545780e-02
8.302093772889472811e-01 7.141353502992764390e-02
8.319778233703288839e-01 7.247111301201170086e-02
8.347601229446454107e-01 7.413633615370485153e-02
8.377847096513399983e-01 7.608012852237577839e-02
8.396386970487936807e-01 7.728015937080967568e-02
8.434059791217047852e-01 7.977290977854323284e-02
8.461038285325610531e-01 8.158711156960529731e-02
8.471529728365979617e-01 8.231182162021644100e-02
8.481154715309854319e-01 8.300538765515796946e-02
8.489687861464515484e-01 8.362588299169670947e-02
8.515646700611726461e-01 8.554393166165097373e-02
8.559024730284997551e-01 8.878575045798353660e-02
8.574860895044433828e-01 8.998957049208089476e-02
8.633805135732958158e-01 9.449787732942016572e-02
8.650204726393170285e-01 9.576000536127282636e-02
8.698832488922335626e-01 9.960045776766102144e-02
8.737505895852164528e-01 1.028021083637595812e-01
8.748450419412207024e-01 1.037198611086745936e-01
8.759060333803322385e-01 1.046171889093093776e-01
8.767289785677490066e-01 1.053259624316024157e-01
8.789825510022041266e-01 1.072797906856962635e-01
8.800385821085863203e-01 1.082259030045188419e-01
8.830503096636667104e-01 1.109591545869240692e-01
8.885510538537291225e-01 1.159521734218309508e-01
8.891987649932033833e-01 1.165458320133887504e-01
8.906765274981118807e-01 1.179096664311544140e-01
8.916570852231989752e-01 1.188771145961341480e-01
8.936166311463448197e-01 1.208116247115385011e-01
8.966475700197017451e-01 1.238743794452886737e-01
8.977085196457885719e-01 1.249773509598034460e-01
9.005593918920249408e-01 1.279519900507531949e-01
9.043121347055281811e-01 1.319462189132657448e-01
9.055544319810107101e-01 1.332745981145071479e-01
9.094555108382338382e-01 1.374982240050185434e-01
9.107241306709558115e-01 1.388890048063431415e-01
9.134359646796548216e-01 1.418994656862033743e-01
9.156972290109562929e-01 1.444305936809893165e-01
9.171846864447297243e-01 1.461240954140461401e-01
9.186361438677369540e-01 1.477796979640745301e-01
9.197012825080087550e-01 1.490183029123672842e-01
9.224018514190147622e-01 1.521757008834606628e-01
9.251924412976471057e-01 1.554828888472554738e-01
9.253528664772472379e-01 1.556746427416770828e-01
9.266499803306994520e-01 1.572309750755415125e-01
9.290614156678524971e-01 1.602881619842387861e-01
9.298691494694454329e-01 1.613609652322628429e-01
9.314648284279540835e-01 1.634819220647859561e-01
9.321656705382682651e-01 1.644243737605938227e-01
9.341206402190164182e-01 1.671599530117302557e-01
9.354388527768242589e-01 1.690085623944163062e-01
9.361060710641571081e-01 1.699524002226970865e-01
9.384343803099784997e-01 1.733889929842128419e-01
9.401576768674360096e-01 1.759514076308893449e-01
9.422412327192043469e-01 1.790679159195275316e-01
9.435965858694339570e-01 1.811169202272991940e-01
9.451801210417258847e-01 1.836057318861630261e-01
9.474488298523511265e-01 1.872015616023500195e-01
9.484608902310603940e-01 1.888080559147122806e-01
9.498848167114116725e-01 1.912844294802783507e-01
9.509472259018476592e-01 1.932950381557896335e-01
9.510893812621106225e-01 1.935658880972864759e-01
9.521293303845552725e-01 1.955558368054874929e-01
9.531644007143434960e-01 1.975685238814565148e-01
9.539793236367950513e-01 1.991601447535482627e-01
9.548113031957679020e-01 2.008398534198558849e-01
9.566733813597941838e-01 2.047107460249162347e-01
9.573464512371401280e-01 2.061388260314314103e-01
9.580087503833278895e-01 2.075929157442317763e-01
9.589854096704278907e-01 2.097893053691965992e-01
9.591311200257637282e-01 2.101316895618554614e-01
9.608187832243511028e-01 2.141193047484627465e-01
9.614760163497303447e-01 2.157609238553190867e-01
9.619245963617395478e-01 2.168897763941025625e-01
9.631244163771293110e-01 2.200072855382397830e-01
9.640691273740987777e-01 2.226164186208655638e-01
9.647854611948869508e-01 2.246180760679907795e-01
9.668611215209957921e-01 2.304958332167517110e-01
9.669323943041584490e-01 2.306990104742291381e-01
9.675680310394322303e-01 2.325402267496703423e-01
9.678667966472758177e-01 2.334229473509077391e-01
9.682900861913178447e-01 2.346908789345629742e-01
9.689070531122577767e-01 2.365777000609903258e-01
9.699368528623149022e-01 2.398043861538586841e-01
9.705502414019864243e-01 2.417856037383740997e-01
9.722782952047218652e-01 2.473786814174464554e-01
9.745766330212362050e-01 2.550706945274457960e-01
9.746469827925147156e-01 2.553110424178097748e-01
9.750593125260764715e-01 2.567295197398891116e-01
9.768174861019900401e-01 2.628994669545362539e-01
9.786190953921909408e-01 2.692497711891531642e-01
9.790690966879891377e-01 2.708457271453397208e-01
9.796070679226416278e-01 2.727803796621558474e-01
9.813075915806902527e-01 2.789896946341449135e-01
9.832130422349611987e-01 2.860560815993388184e-01
9.842051374401628028e-01 2.904184278405721464e-01
9.845884230760483247e-01 2.921724387239575949e-01
9.848558514608360959e-01 2.934947649572489103e-01
9.851979067755097796e-01 2.951991449866679940e-01
9.853232592848381044e-01 2.958881790383476318e-01
9.865172230108409934e-01 3.026729448018955493e-01
9.871804165914905838e-01 3.064716482356941718e-01
9.877829021658591779e-01 3.099852940268720269e-01
9.878858404051492625e-01 3.105925134065982141e-01
9.880525329650399202e-01 3.116265933825141943e-01
9.883590337152250438e-01 3.136374262145765757e-01
9.896859177585194400e-01 3.223769522618772365e-01
9.902378423517982364e-01 3.260406271166522707e-01
9.907800609055577024e-01 3.297981591269432133e-01
9.910241557563562731e-01 3.315039752949052732e-01
9.918371917657968773e-01 3.382356844954120811e-01
9.920755512531536091e-01 3.402465707034743048e-01
9.922335807432199895e-01 3.416348166601090863e-01
9.924409653594220559e-01 3.434880872917974726e-01
9.929340086467107751e-01 3.479971845925425855e-01
9.933390150759361381e-01 3.517990796823019517e-01
9.937173704789526996e-01 3.558125673813462564e-01
9.943525922587352905e-01 3.625526176838208547e-01
9.944859805956899335e-01 3.639986204014454829e-01
9.948504942941152063e-01 3.680768540694422386e-01
9.952272530045276344e-01 3.723161212287068311e-01
9.956877746521355377e-01 3.775629395740780492e-01
9.959387505908209315e-01 3.805905036753216564e-01
9.963303093117658049e-01 3.853433481981585196e-01
9.964500742383092247e-01 3.868757512036955504e-01
9.966237109444539000e-01 3.891209268844979530e-01
9.971280771141549648e-01 3.957849114812145297e-01
9.973595634970093826e-01 3.989812624339375002e-01
9.974758808588477521e-01 4.006469074582913459e-01
9.978676666674501927e-01 4.066158884530983730e-01
9.980630438591832077e-01 4.097557965155670390e-01
9.982011683877870523e-01 4.121234159899656024e-01
9.986348428636007135e-01 4.196907053923597530e-01
9.987436004209114815e-01 4.216669367085712494e-01
9.988015600818904716e-01 4.228324975472241842e-01
9.989068504835824092e-01 4.251257944284561052e-01
9.989569024881083115e-01 4.266035643646454156e-01
9.991335911539828141e-01 4.345579715529883646e-01
9.991420022788797262e-01 4.349793884584329806e-01
9.991991993215730838e-01 4.396259365344585834e-01
9.992492993377404265e-01 4.453393573546895468e-01
9.993060137996195857e-01 4.522487639544557902e-01
9.993477668593476748e-01 4.579397753115891367e-01
9.993775994565011755e-01 4.621096870694535452e-01
9.994093181731811271e-01 4.666236703904853567e-01
9.994350949885816293e-01 4.703992178896492238e-01
9.994504808989292943e-01 4.757526766745518998e-01
9.994518043354065906e-01 4.764009940516388264e-01
9.994524630397247922e-01 4.827104697735969951e-01
9.994327685890691537e-01 4.932493448335963926e-01
9.994105835938188465e-01 4.976234976153234291e-01
9.994009907668375270e-01 4.989807165030092362e-01
9.993839681892164872e-01 5.003452330932375292e-01
9.993486109525341332e-01 5.030484092682113717e-01
9.992159922879353395e-01 5.076360515990157030e-01
9.990908464868833994e-01 5.115948760043668164e-01
9.990278519397530754e-01 5.135634944490534703e-01
9.988373068428391122e-01 5.193348076716171047e-01
9.985108894319195683e-01 5.275051274200169837e-01
9.982731931806081427e-01 5.330888456213108695e-01
9.980449960411281740e-01 5.383648295806731099e-01
9.979059364313169755e-01 5.412598003532210766e-01
9.977120743263723224e-01 5.446442822940675832e-01
9.975610490077062575e-01 5.471995213098770350e-01
9.971772800951445026e-01 5.533799427431852491e-01
9.969980166687180123e-01 5.561713951907891751e-01
9.962454343680019475e-01 5.670461306283189895e-01
9.960954789187198566e-01 5.691965173255842947e-01
9.958820600926863165e-01 5.720985762003901742e-01
9.956675209523946357e-01 5.750109260018759771e-01
9.951425380286645916e-01 5.821113431330706689e-01
9.949146891216550381e-01 5.849179968174350597e-01
9.947981929389816402e-01 5.862799528763309453e-01
9.940923641344791006e-01 5.942208503853487755e-01
9.937223806485405708e-01 5.977732557175150507e-01
9.933729530048751588e-01 6.006673886332395407e-01
9.932302412972482397e-01 6.018181799005717370e-01
9.927163656041972928e-01 6.059501283599753041e-01
9.919555828449881929e-01 6.118967640998689284e-01
9.916331994573107655e-01 6.143235335265747610e-01
9.913669643991426250e-01 6.163266659104386092e-01
9.907848198706631360e-01 6.206529867733584505e-01
9.906498882626493252e-01 6.215678993927965523e-01
9.904932015479120944e-01 6.226229078200142819e-01
9.895382137982872139e-01 6.290141770990866910e-01
9.889194366794175073e-01 6.330092064754295755e-01
9.885700354975203163e-01 6.352304720728813026e-01
9.882084111195196252e-01 6.373805519094448702e-01
9.871365789237287469e-01 6.434268449665168088e-01
9.865593796358820278e-01 6.466647193435512975e-01
9.852505766831128886e-01 6.538506673201369690e-01
9.849534817420377841e-01 6.554105978047112258e-01
9.843800893312488753e-01 6.582813748353276706e-01
9.840698315877850488e-01 6.597874821624594155e-01
9.833100476371998688e-01 6.633324813929442065e-01
9.832798054183971015e-01 6.634734731995072243e-01
9.824887043133561093e-01 6.670912140983967786e-01
9.814347898038037199e-01 6.717094380804301545e-01
9.809793330620278917e-01 6.736860876953724153e-01
9.799628132148917592e-01 6.779384317116394776e-01
9.792512077794987002e-01 6.808406699262412598e-01
9.790055063633786858e-01 6.818224534231894784e-01
9.776113626126173850e-01 6.873724949347002067e-01
9.765699287574385323e-01 6.915018989012503559e-01
9.761294610212114531e-01 6.932481149874862858e-01
9.751528691553998929e-01 6.971070532987816426e-01
9.745843387000603375e-01 6.993214465548031056e-01
9.724664000233806949e-01 7.070191877347373755e-01
9.716269502906397237e-01 7.099576842231349882e-01
9.705951375087292776e-01 7.135655529454845158e-01
9.700327701049250573e-01 7.155222262291752733e-01
9.695444036560315615e-01 7.172121423015762609e-01
9.685293608276569488e-01 7.205867525926411554e-01
9.666225232965516279e-01 7.267789709937801934e-01
9.661516221850162678e-01 7.282971114531610057e-01
9.653628086930614582e-01 7.308108335364555952e-01
9.647399961520609635e-01 7.327686845605209109e-01
9.629303438647760505e-01 7.384517569748986210e-01
9.618710565219215081e-01 7.416569338877236905e-01
9.609427231843874484e-01 7.444215199995602994e-01
9.602613998280176144e-01 7.463956559530295909e-01
9.599014207462273074e-01 7.474136004719568183e-01
9.587487559603546927e-01 7.506085001429213532e-01
9.577454368667287499e-01 7.533757124717402887e-01
9.572734745694976288e-01 7.545979922134740114e-01
9.557416708360584323e-01 7.584994158902780281e-01
9.542390898256127851e-01 7.622777481843139302e-01
9.513772654328875866e-01 7.692066476407608544e-01
9.510065685136988023e-01 7.701032950224463436e-01
9.502799880143822930e-01 7.718504711359364112e-01
9.474182277078689873e-01 7.785808430292908699e-01
9.464058480009411856e-01 7.809559486564132680e-01
9.446512643686258981e-01 7.848548415287204261e-01
9.444581293932933219e-01 7.852804880298348555e-01
9.421762365555313989e-01 7.902600768111356366e-01
9.409187888175253311e-01 7.929898058671395189e-01
9.400933835892987256e-01 7.947667862108865888e-01
9.367604497220162196e-01 8.018120445875290825e-01
9.365275004194596464e-01 8.022965789012251880e-01
9.332337253325800885e-01 8.091357747724201577e-01
9.297000636932607476e-01 8.162543468712027961e-01
9.271974165508496402e-01 8.210421733196980876e-01
9.270166105292244607e-01 8.213837365105653987e-01
9.240033163551852891e-01 8.268796643857340145e-01
9.226016351973131968e-01 8.294137224681480403e-01
9.219709454518075775e-01 8.305197173291896107e-01
9.217866780159954532e-01 8.308398328027413182e-01
9.211226993891565851e-01 8.319698230554785079e-01
9.192865476384690648e-01 8.350734949190977696e-01
9.181211195533022229e-01 8.370320747133089823e-01
9.157312824257535233e-01 8.410228392284717636e-01
9.151905210247001099e-01 8.419195137104681370e-01
9.141398940265520467e-01 8.436495063137011696e-01
9.125106635738650107e-01 8.463177987931920221e-01
9.112622833445550574e-01 8.482899233491132396e-01
9.102580725972780895e-01 8.498036871357351751e-01
9.079301887467809973e-01 8.532353546018645041e-01
9.069057497145155411e-01 8.546978383485774877e-01
9.050504825952661037e-01 8.571926318082550011e-01
9.037804196043208727e-01 8.588211622412151858e-01
9.033439547135215797e-01 8.593564742737840323e-01
9.014863861386189781e-01 8.616164924619473808e-01
9.013099437005762660e-01 8.618295486069372791e-01
8.991258075691410667e-01 8.644077663825013857e-01
8.985835724046254969e-01 8.650367170297820207e-01
8.962063169133365204e-01 8.677827950415484271e-01
8.956935521553697210e-01 8.683329178963852257e-01
8.950539663673251489e-01 8.690154214149674594e-01
8.920637499107524349e-01 8.721973664600750631e-01
8.917378686689562128e-01 8.725386690615600793e-01
8.889217057508238540e-01 8.754853329859864086e-01
8.871252419019369784e-01 8.773452079092904921e-01
8.854519152165143403e-01 8.790252718564296464e-01
8.845656890076036838e-01 8.799123448201540132e-01
8.834688663614446158e-01 8.810084026300053495e-01
8.811763018126448355e-01 8.832865663159924496e-01
8.804658418326404279e-01 8.839907043367423167e-01
8.783146572579952904e-01 8.861206172375057921e-01
8.771226912755272220e-01 8.872970805291814367e-01
8.759929215534408842e-01 8.884068762629376836e-01
8.756411872174058031e-01 8.887505676210996075e-01
8.746295386463264210e-01 8.897350247769576503e-01
8.727472490649723635e-01 8.915242931788142089e-01
8.693777832360819469e-01 8.947123536184925507e-01
8.675906841018478088e-01 8.963947905154657780e-01
8.671654102090468053e-01 8.967913027196092735e-01
8.617608742942935995e-01 9.018173207861266416e-01
8.555896770654844996e-01 9.072478598283530982e-01
8.510013537984115750e-01 9.112493913470011142e-01
8.475032547068740429e-01 9.142431598833398176e-01
8.458016131769894308e-01 9.155917655248203557e-01
8.445867099115981214e-01 9.165264994264091802e-01
8.424442760239121419e-01 9.181487421420321260e-01
8.390104693856759166e-01 9.207152175909713021e-01
8.378367491681459889e-01 9.215849750404745411e-01
8.368402595680931588e-01 9.223154682956028472e-01
8.340478444616514775e-01 9.243408762606488693e-01
8.333371163364331480e-01 9.248335377731380369e-01
8.314282245680303385e-01 9.261107467263892667e-01
8.277808354870238583e-01 9.284970683055350227e-01
8.241582293601085185e-01 9.307558182184483275e-01
8.224025103325069974e-01 9.318504465420087701e-01
8.169156295191483119e-01 9.352474860010354663e-01
8.149248085023640398e-01 9.364513736093591501e-01
8.121874616285018611e-01 9.380866592908981838e-01
8.108375678091748195e-01 9.388795049293441330e-01
8.083238177685083681e-01 9.402920441428033183e-01
8.071484114790792308e-01 9.409448945675772391e-01
8.051013845596581842e-01 9.420350737777053451e-01
8.050072070108801325e-01 9.420850000972841309e-01
8.008679621824320582e-01 9.442617811519002924e-01
7.991630885379684690e-01 9.451358296291079153e-01
7.989086876082591715e-01 9.452602146204776012e-01
7.978745670558605729e-01 9.457642353951334346e-01
7.946733576292199785e-01 9.473000051931945720e-01
7.933585100495211817e-01 9.479253472122045610e-01
7.929408840521058321e-01 9.481211590856322147e-01
7.902356189118214802e-01 9.493678964187436398e-01
7.890507104068101851e-01 9.499031379432943956e-01
7.881041832909131406e-01 9.503273813533336112e-01
7.877960001370810650e-01 9.504643518406118430e-01
7.841201739993984843e-01 9.520790744150062768e-01
7.792391586915654589e-01 9.541865185728735099e-01
7.777729483346705885e-01 9.548183892642926329e-01
7.757556756006537269e-01 9.556810056694198252e-01
7.744367336721548201e-01 9.562426857101754551e-01
7.721874282932214006e-01 9.571766876277510994e-01
7.698655592909617873e-01 9.581145100002719239e-01
7.673840034081305106e-01 9.591060411573505418e-01
7.636176949777853107e-01 9.605851851410120990e-01
7.621037099470828746e-01 9.611772059216676656e-01
7.571872316588807994e-01 9.630616813134484921e-01
7.531173047349843941e-01 9.645828706065736613e-01
7.520932653442635729e-01 9.649644259054233064e-01
7.504110524815175154e-01 9.655776196392483746e-01
7.495979573135580498e-01 9.658727210198452262e-01
7.443166828756360154e-01 9.677565549975336578e-01
7.419889006685967958e-01 9.685866459174091725e-01
7.399243927769703078e-01 9.693108369966000337e-01
7.391975503814367521e-01 9.695641820817680889e-01
7.364766768345590853e-01 9.704681665764459675e-01
7.338448612729046028e-01 9.713392373948479541e-01
7.299025335300741713e-01 9.726327162427503836e-01
7.291077646363675058e-01 9.728911379704255902e-01
7.270474775533830591e-01 9.735152126136850104e-01
7.261190090346558712e-01 9.737876224019886839e-01
7.241548090127933879e-01 9.743414546291666589e-01
7.146907350512797796e-01 9.770066795409974025e-01
7.139809859095247457e-01 9.772046727689659429e-01
7.116499547423567051e-01 9.778518256535927433e-01
7.082825458313402045e-01 9.787863600539311593e-01
7.070857793478996234e-01 9.791176347136957281e-01
7.063872067760671447e-01 9.793041816795974297e-01
6.990905315033683065e-01 9.812517454074799472e-01
6.972496085853429060e-01 9.817360025787053024e-01
6.959684191678255916e-01 9.820584996445298476e-01
6.947617705972384261e-01 9.823495205101647754e-01
6.921304001273673734e-01 9.829743536517634439e-01
6.855771520076949788e-01 9.844936142782648725e-01
6.833840054691724397e-01 9.849400175242847277e-01
6.811530975607773541e-01 9.853678411060851072e-01
6.793488548940507243e-01 9.857067485071456803e-01
6.743925388693026157e-01 9.865653031981588272e-01
6.719146439610104160e-01 9.869680624781059786e-01
6.671972793309560723e-01 9.876775949075392580e-01
6.656843847690646632e-01 9.879033734488787966e-01
6.640515534917078577e-01 9.881466168818778817e-01
6.622131829915192114e-01 9.884166549432616966e-01
6.613888860458398966e-01 9.885338213782461914e-01
6.585876764070286438e-01 9.889143912680421478e-01
6.550453139597215424e-01 9.893877071169232540e-01
6.534310078251307496e-01 9.896023193674543528e-01
6.462761564854042629e-01 9.905309950257737972e-01
6.402641870625755960e-01 9.912574088788539406e-01
6.358510949260576250e-01 9.917598941673171353e-01
6.346203246931100272e-01 9.918983778533866369e-01
6.293817854376910770e-01 9.924667916922582656e-01
6.280062872162773813e-01 9.926063059646036413e-01
6.245812941080698399e-01 9.929454091143095074e-01
6.189640595069190177e-01 9.935015126801978180e-01
6.178004990272419894e-01 9.936140804742941146e-01
6.158239415116146809e-01 9.938036849041267384e-01
6.119552750296114452e-01 9.941736729286986263e-01
6.075094250967451037e-01 9.945833036884886846e-01
6.054119758777115612e-01 9.947725813652550375e-01
6.016527066544895552e-01 9.950947787980433112e-01
5.955711060242981914e-01 9.955791130760585084e-01
5.927355600833512650e-01 9.957729803376830224e-01
5.891438694207853377e-01 9.960143237370342462e-01
5.743051573788746644e-01 9.969273185305864704e-01
5.678671433107982391e-01 9.973117815322729562e-01
5.661958717455942702e-01 9.974069829423045652e-01
5.611037799143632210e-01 9.976952220144672534e-01
5.595849516969949589e-01 9.977775190057645016e-01
5.591986875050980466e-01 9.977983809741169940e-01
5.566500880819248431e-01 9.979314822364209192e-01
5.542994470027846621e-01 9.980426652601999127e-01
5.509965501043496694e-01 9.981918187231386685e-01
5.455309083395210035e-01 9.984323414079830927e-01
5.388574174662145166e-01 9.986977502512343063e-01
5.367114721798476040e-01 9.987813282744510968e-01
5.341591122753005516e-01 9.988796767856790160e-01
5.325258153463306998e-01 9.989400930985374849e-01
5.292098102820591565e-01 9.990279038379805687e-01
5.264257208878424521e-01 9.990999974363777847e-01
5.263368000909813826e-01 9.991021957374340845e-01
5.176890611058068137e-01 9.992970895364461370e-01
5.153568466763908118e-01 9.993479182532268856e-01
5.063105148882377504e-01 9.995233262590028644e-01
5.025814931447778466e-01 9.995372062571072913e-01
4.973889437781655598e-01 9.995332255614219896e-01
4.937472763481174365e-01 9.995303295327345738e-01
4.876312480909993363e-01 9.995249734320890145e-01
4.867738885160329820e-01 9.995142421558068646e-01
4.862255269439518246e-01 9.995015956275208335e-01
4.805079002732601801e-01 9.993497761158213200e-01
4.785374704238050114e-01 9.992915149958825349e-01
4.759270998292124411e-01 9.992131415890426194e-01
4.736538406740536944e-01 9.991329112297535620e-01
4.689069711172034749e-01 9.989476402980784764e-01
4.587053525303538271e-01 9.984576444863813016e-01
4.579678101506687860e-01 9.984198020739545321e-01
4.568767348713729248e-01 9.983636781307739794e-01
4.526457833024809529e-01 9.981435587073648197e-01
4.421741442174773606e-01 9.974524861601069547e-01
4.408862997077485080e-01 9.973665918527483409e-01
4.352496468633454407e-01 9.969878344872881160e-01
