1.388015664364972146e-03 4.600247791749616511e-01
1.539419721205192992e-03 4.535255425389826955e-01
1.841269380715049309e-03 4.462010405990326500e-01
2.007497819391801386e-03 4.423111507915107321e-01
2.234665718662931511e-03 4.374525443719904372e-01
2.402877680100834468e-03 4.340456855367733624e-01
2.641879786167478095e-03 4.292647387094126188e-01
2.779623116331397803e-03 4.265682056590661686e-01
2.971337964336240312e-03 4.230378167396727784e-01
3.034077007946001103e-03 4.220131065423222694e-01
3.376132709807633248e-03 4.165603870928473729e-01
3.561616846836757055e-03 4.136140931588705438e-01
3.678918413552612066e-03 4.117829007877373826e-01
4.248419753255960885e-03 4.029695376059465595e-01
4.668407297039323112e-03 3.980701000848454463e-01
5.094380368551143512e-03 3.932916182364385449e-01
6.057362200535765240e-03 3.833125643745480815e-01
6.686920124579720515e-03 3.771237665993343313e-01
7.416808832797161521e-03 3.708812635391632861e-01
7.820730345203474876e-03 3.675018670221349426e-01
8.893056263942433759e-03 3.586414420271709647e-01
9.154037388716340651e-03 3.565079373044874878e-01
9.862443529328301928e-03 3.512913719995272022e-01
1.019472427974765782e-02 3.490339200128074193e-01
1.046787021833939235e-02 3.473613994970129459e-01
1.132437885057169247e-02 3.422560810693749955e-01
1.205157956345626058e-02 3.380443010974359952e-01
1.282514347363850060e-02 3.337101283238393945e-01
1.427874983486798754e-02 3.259941786157997123e-01
1.540458098123720365e-02 3.202256418138669236e-01
1.610957500544984988e-02 3.167037223095922061e-01
1.719867419957177290e-02 3.113020560287861338e-01
1.824717863593339207e-02 3.063394844467489664e-01
1.880632095107637181e-02 3.037016366520577382e-01
2.013238674988637733e-02 2.975861659262227787e-01
2.074366863586996068e-02 2.947794713814150258e-01
2.169708111581591936e-02 2.904239660911124288e-01
2.194799913917644396e-02 2.893094266055546981e-01
2.224827850338417790e-02 2.880571813114457536e-01
2.374577475219097344e-02 2.819757821515539442e-01
2.464157111950315837e-02 2.784082296944625501e-01
2.526344851905126809e-02 2.759821179426785731e-01
2.603249728044088052e-02 2.729828762262419550e-01
2.697098396058417169e-02 2.694351303152973109e-01
2.847037725558587695e-02 2.639929108110090628e-01
3.007083281032796318e-02 2.583982458811486804e-01
3.121391082224056479e-02 2.545415952535952098e-01
3.359053241254561506e-02 2.466145589091464085e-01
3.387872251362811227e-02 2.456577922428873073e-01
3.434570205486564554e-02 2.441128471446439852e-01
3.453992085933310641e-02 2.434774423197798576e-01
3.571322505906515676e-02 2.397302598631021464e-01
3.608590060918115405e-02 2.385770784906622310e-01
3.856143112306920084e-02 2.309960079299419045e-01
3.968231167763525136e-02 2.276064152509454930e-01
4.177323708008628955e-02 2.214053311815878944e-01
4.354522981435082762e-02 2.162508964552114499e-01
4.482776227704876604e-02 2.125898547437434782e-01
4.605450724278203900e-02 2.092023752048265406e-01
4.673030497301799979e-02 2.074172558711259162e-01
4.835444571502789390e-02 2.036610058629264586e-01
5.060141699838216489e-02 1.984916302883145134e-01
5.244539635335132566e-02 1.943186502868967658e-01
5.389495222306561750e-02 1.911082232768901434e-01
5.424663141583541126e-02 1.903389142849771787e-01
5.560848098569159959e-02 1.873608213216133578e-01
5.607282626806109338e-02 1.863771922587300622e-01
5.720660834052215815e-02 1.839971536434729105e-01
5.860790595465248387e-02 1.810674061902145526e-01
5.886781444179156608e-02 1.805399530630297233e-01
6.074690842551988545e-02 1.767618209202651558e-01
6.164626964188735236e-02 1.749597927348146564e-01
6.331256222539249912e-02 1.716832187208520155e-01
6.463417428033457757e-02 1.691640036813250036e-01
6.521389383733933176e-02 1.680829006965166572e-01
6.750678164476320298e-02 1.641058011040068543e-01
6.928464937713374461e-02 1.610615107926096634e-01
6.974163923902243489e-02 1.602835322261728646e-01
7.023427544093152619e-02 1.594735652857760533e-01
7.089552938233756318e-02 1.584001771549929938e-01
7.180741566092163630e-02 1.569703341659551832e-01
7.225545225528562376e-02 1.562698642972486507e-01
7.456674431952325932e-02 1.526808611602028520e-01
7.694739293811303504e-02 1.490797930797005399e-01
7.831546390436849858e-02 1.470629532899020431e-01
7.974739921041529289e-02 1.449993718852126134e-01
8.017082433025679578e-02 1.444050268278822546e-01
8.231668826312132925e-02 1.414759255152217010e-01
8.360961594955840237e-02 1.397229513413750235e-01
8.663307755426863377e-02 1.356741857622151270e-01
8.697053986706615447e-02 1.352301548483750837e-01
8.998517854274146188e-02 1.313252962630866438e-01
9.265771996394189802e-02 1.279853725947551757e-01
9.376120884861227633e-02 1.266215009314080042e-01
9.543360471317996474e-02 1.245728531100614989e-01
9.821828318764325161e-02 1.212546589128207231e-01
9.870792566895836284e-02 1.206776135413089035e-01
9.886033990902509672e-02 1.205106980037111697e-01
9.918020586447284792e-02 1.201772890931349647e-01
1.002376004657747899e-01 1.191227965971656255e-01
1.018419496408472513e-01 1.175509484067203125e-01
1.030452128772794129e-01 1.164013888280309716e-01
1.042634951492106277e-01 1.152672235424408997e-01
1.056747759157055100e-01 1.139923641182672975e-01
1.069210762168119055e-01 1.128667203160111931e-01
1.084778801170355189e-01 1.114607857599672069e-01
1.106260704807519035e-01 1.096078843164147720e-01
1.133238893516487211e-01 1.072829367149846780e-01
1.159952389248528615e-01 1.049812826893503637e-01
1.167648687983805500e-01 1.043272418078631247e-01
1.182567303384319812e-01 1.031044856563368972e-01
1.213525749884507565e-01 1.005741063235904287e-01
1.227118873496797491e-01 9.949319500440945152e-02
1.239487485961664470e-01 9.855140619879554365e-02
1.337183433451010206e-01 9.118729419986670859e-02
1.352953635909778241e-01 9.001860320348942235e-02
1.384427018218254979e-01 8.771483091167198154e-02
1.398819961164260439e-01 8.667527443680211885e-02
1.406845416696897999e-01 8.610931527154230825e-02
1.412934794654929771e-01 8.569326654060993587e-02
1.431676730598832048e-01 8.444565816376981005e-02
1.463155980584803784e-01 8.240988452860120717e-02
1.483507641918192510e-01 8.109620739913403487e-02
1.534909797142537391e-01 7.778700444187314211e-02
1.568950656452628989e-01 7.560532314883472438e-02
1.599998510050297806e-01 7.371865158383084093e-02
1.628423657624697984e-01 7.202207509233415905e-02
1.642502356773735128e-01 7.118804854115323710e-02
1.656625493892346368e-01 7.035482679653426441e-02
1.728414608686770215e-01 6.615400928427628280e-02
1.775087970362815293e-01 6.344133985041755519e-02
1.805704076608930508e-01 6.166931297854783001e-02
1.843071111031965303e-01 5.954498190049950512e-02
1.865712684850546754e-01 5.826549190432683822e-02
1.880698043790067775e-01 5.745259916285039292e-02
1.917602734794746633e-01 5.545140903844536506e-02
1.929258945240556189e-01 5.482685757136929183e-02
1.939024262560608003e-01 5.430698376365150626e-02
1.950180360898151610e-01 5.374713433551459030e-02
1.985214593571456021e-01 5.200802166932805282e-02
2.024016736599769661e-01 5.008250053690022074e-02
2.036123814129024989e-01 4.949433441145956181e-02
2.042987104395065368e-01 4.917073674520278104e-02
2.064505038766760725e-01 4.817094464366578066e-02
2.128632879194081173e-01 4.527070197544791341e-02
2.129845907584364539e-01 4.521671019048345563e-02
2.154950026619901760e-01 4.409998151237481956e-02
2.187882637389579887e-01 4.267484398639720400e-02
2.215714652831425324e-01 4.150123180764442310e-02
2.231805860941210584e-01 4.082913817774458387e-02
2.278157262605020605e-01 3.890871761311920363e-02
2.287631528458344832e-01 3.853718401495098700e-02
2.324357982591387373e-01 3.711678364712978073e-02
2.329456582279180177e-01 3.692261245916017565e-02
2.393629278638099711e-01 3.448749694934072352e-02
2.409304912631793361e-01 3.389358401408271160e-02
2.428049083024587107e-01 3.318900640525090928e-02
2.437311961575625574e-01 3.284753563280906619e-02
2.450888412830027896e-01 3.235599016606660605e-02
2.480833061796680061e-01 3.127685006107927546e-02
2.494355220742114909e-01 3.080579507264324945e-02
2.515440158762314304e-01 3.009385579824330748e-02
2.534191352093401184e-01 2.947588156906366663e-02
2.573138489798386663e-01 2.821419206924880019e-02
2.608893343906121265e-01 2.705989765360994337e-02
2.641372278067619650e-01 2.601916046356178569e-02
2.676869155094298014e-01 2.491170597883451965e-02
2.692977017399774686e-01 2.440944640820152944e-02
2.723889532600488605e-01 2.346565769522446221e-02
2.736547868105669856e-01 2.310026752098559566e-02
2.749049422487799266e-01 2.274430819509998258e-02
2.794647340772997701e-01 2.146343593914734615e-02
2.816412485204333738e-01 2.085480023763008894e-02
2.860336257950557570e-01 1.971401745499312685e-02
2.894636524515085130e-01 1.884692391589282146e-02
2.923913193845153469e-01 1.811973989339865643e-02
2.953253647690398109e-01 1.742026315435096784e-02
3.046677543493098161e-01 1.524925258008413831e-02
3.060676122421172041e-01 1.493396167632987659e-02
3.076121412249352982e-01 1.458864290569272804e-02
3.096919737249166360e-01 1.412556627891181638e-02
3.116983445316849899e-01 1.370413874169096324e-02
3.128522059275369305e-01 1.347022948055198732e-02
3.148447944865669923e-01 1.306633254464228955e-02
3.162736321051371480e-01 1.277867119905984339e-02
3.185096354177563427e-01 1.234253786281225285e-02
3.200621077795575697e-01 1.204146264106131792e-02
3.227733073691003707e-01 1.152309567794018719e-02
3.247106828837403869e-01 1.117523340960735467e-02
3.269383821930168521e-01 1.078608214761100914e-02
3.284858649112715190e-01 1.051975576913999344e-02
3.321190295527929326e-01 9.904707768543130619e-03
3.365020195336043685e-01 9.220180086288887189e-03
3.376236992287363625e-01 9.049011729565403783e-03
3.397887183113488252e-01 8.723671115657860575e-03
3.496386040134175088e-01 7.248946155025470794e-03
3.530345103175549504e-01 6.764923691080060308e-03
3.576002471810599825e-01 6.176512339603923429e-03
3.594847207039560955e-01 5.949295129915488367e-03
3.623835269980927309e-01 5.606005395073276887e-03
3.680664987528238230e-01 4.948627443302378026e-03
3.749062195254972973e-01 4.209675752593122766e-03
3.779678536786990062e-01 3.896435290602018320e-03
3.803076303709065353e-01 3.661352147103724697e-03
3.838421981691237939e-01 3.353895763264724827e-03
3.845204353806118691e-01 3.298611603273493564e-03
3.877530876051826780e-01 3.044049697237483088e-03
3.893277185142961505e-01 2.929008523756659876e-03
3.905589501185489087e-01 2.857221058688574900e-03
4.028280201770180202e-01 2.165045095587125878e-03
4.045140461726027814e-01 2.079782053164502820e-03
4.085166417923425941e-01 1.879006003108418810e-03
4.188303758260381038e-01 1.408835580935297038e-03
4.217367082312362125e-01 1.300689691935974501e-03
4.293575523302900487e-01 1.033539540075123497e-03
4.425549539294932888e-01 6.731102279758927054e-04
4.436149390888052269e-01 6.493285198163611938e-04
4.451410520279035499e-01 6.197071144680155186e-04
4.544554194020814508e-01 5.006325747201056942e-04
4.558311926229408062e-01 4.833691136788553777e-04
4.618679518156135755e-01 4.817834781223329088e-04
4.645728902938348615e-01 5.115810001874443458e-04
4.687845285414187213e-01 5.632014977399180111e-04
4.710189973937145558e-01 5.957766227798755310e-04
4.753102191814686517e-01 6.766147693288981912e-04
4.800612432933344387e-01 7.995156307938344753e-04
4.884305318486819036e-01 1.042129972558369921e-03
4.921505862801465181e-01 1.169446364230775082e-03
4.976801085125044377e-01 1.358776676188000465e-03
5.021140865792270702e-01 1.512543239573060916e-03
5.054682663790760477e-01 1.635606753921381440e-03
5.128203218212138426e-01 1.939658498896212890e-03
5.139049925608070168e-01 1.986116169999552206e-03
5.224141106636439602e-01 2.409301971926569585e-03
5.247411281674949635e-01 2.531262561354719054e-03
5.323875142862876109e-01 2.938643827113951446e-03
5.346090570030536115e-01 3.063851869212985690e-03
5.390687904629123395e-01 3.317431533296000268e-03
5.516763403331135240e-01 4.034963668631319500e-03
5.574872202135635613e-01 4.379196450089328785e-03
5.619696698347146357e-01 4.645762578872281168e-03
5.632861968856490709e-01 4.730076788416970324e-03
5.709524100355786169e-01 5.261574183608730415e-03
5.736185139996127225e-01 5.455309117451845324e-03
5.807381734968445341e-01 6.067140247791980023e-03
5.864460795771069268e-01 6.577620495823777169e-03
5.935758634494524566e-01 7.243910925698204828e-03
5.984639885052465136e-01 7.742374019396258689e-03
5.995521652923937461e-01 7.856525049054874366e-03
6.017513138405220507e-01 8.096401626307869748e-03
6.044249569706767744e-01 8.392730324744412940e-03
6.081237949407768406e-01 8.827424191012012145e-03
6.181979100955873330e-01 1.011587908124655932e-02
6.218289557796166100e-01 1.058602449210499508e-02
6.265305448132577615e-01 1.120150123185237323e-02
6.279570564598959681e-01 1.144101396696073358e-02
6.316812516195771110e-01 1.207704162956979577e-02
6.338920081825611952e-01 1.247060516091924587e-02
6.350489503505130084e-01 1.267715262224511363e-02
6.374547035127332562e-01 1.312165920186958434e-02
6.385798252006419373e-01 1.333589811398117053e-02
6.447248693120658514e-01 1.451717373117789034e-02
6.463117306313338473e-01 1.482706615917261939e-02
6.542022384008693292e-01 1.642907235626211992e-02
6.608348994590931280e-01 1.781904804066392067e-02
6.636299379212644567e-01 1.843591076976003329e-02
6.648005237958902747e-01 1.871261259560264012e-02
6.701400556893676308e-01 1.999879696326412049e-02
6.746560842089536214e-01 2.109580282445544519e-02
6.757744037853173902e-01 2.137211381717185610e-02
6.800531152928532830e-01 2.243528941148043021e-02
6.824204829573936593e-01 2.302992545499893406e-02
6.870201604547311325e-01 2.420651204085755293e-02
6.874580649784517439e-01 2.432517536442690975e-02
6.890161554510816355e-01 2.475561644859403110e-02
6.939608163901425097e-01 2.614650470246593361e-02
6.992976070423667645e-01 2.767048073744815539e-02
7.086319949374313421e-01 3.045927059709419016e-02
7.097477771171228911e-01 3.080362652714607741e-02
7.142157407826628113e-01 3.218571231957723100e-02
7.188618743265847710e-01 3.363184460809864884e-02
7.201792546643611681e-01 3.406045579116601107e-02
7.231403737968677969e-01 3.503354601658037470e-02
7.248795721472415243e-01 3.561939487580012553e-02
7.270492885285003704e-01 3.635666669611303803e-02
7.277094142665871956e-01 3.658266300596824117e-02
7.313121753015399129e-01 3.784710663463486391e-02
7.342797729286449915e-01 3.889599332551385569e-02
7.358586343409405650e-01 3.946286483803063128e-02
7.383355934860695857e-01 4.039505642142060537e-02
7.393535662110777285e-01 4.078576554886204075e-02
7.412320213244533162e-01 4.153684739578222818e-02
7.438304853421392471e-01 4.257696791439558037e-02
7.456740310902315594e-01 4.333386731982857842e-02
7.460597785830804796e-01 4.349764076503526145e-02
7.476326523775423949e-01 4.417779019042622490e-02
7.499766243685026534e-01 4.524216803209779592e-02
7.540976344408754084e-01 4.711924343241880031e-02
7.553413345720442207e-01 4.770560929391221006e-02
7.576589562818174528e-01 4.882111083242512972e-02
7.590914758743948498e-01 4.951344346937858187e-02
7.600207832821674891e-01 4.996969272623741354e-02
7.657304114201441969e-01 5.279530243152952274e-02
7.661179396852371148e-01 5.299290212584284454e-02
7.684379248018915476e-01 5.421998708692488123e-02
7.704415953755668900e-01 5.528276538094578640e-02
7.734526879287461076e-01 5.688709020711113507e-02
7.759949822056542157e-01 5.825134687412492074e-02
7.765215697672515072e-01 5.853619498375028929e-02
7.792500265889966693e-01 6.003000377301526136e-02
7.809011563026758695e-01 6.094271468310674678e-02
7.821510323994903535e-01 6.164188860225128241e-02
7.846385636365991179e-01 6.303470785821996270e-02
7.876163989272533250e-01 6.475910937860751559e-02
7.937203693981073060e-01 6.831368787890224059e-02
7.962923427267325494e-01 6.981362939642277166e-02
7.999795460316789786e-01 7.199422845771008550e-02
8.013814580591926973e-01 7.284380306034132779e-02
8.048784242876060313e-01 7.513431655283941968e-02
8.069414224202945407e-01 7.648648550133341217e-02
8.076662874816750159e-01 7.696586819751771724e-02
8.117257601546924439e-01 7.966505543171564785e-02
8.148183630799040733e-01 8.176821440086856629e-02
8.175426124333130540e-01 8.362444029778037802e-02
8.203184176388724769e-01 8.552480797752182173e-02
8.210085585583808410e-01 8.600501013941197481e-02
8.213541694346585542e-01 8.624899931344809367e-02
8.226337429940312473e-01 8.718087073915536944e-02
8.232551752858336958e-01 8.764614089537281494e-02
8.242831461801470860e-01 8.847407292652276212e-02
8.262383727903940267e-01 9.007383241373889682e-02
8.273354545912071645e-01 9.097327922008369150e-02
8.306845944357627021e-01 9.372427119576687282e-02
8.331383662438583970e-01 9.574388638148922936e-02
8.336530441215360687e-01 9.618959375894264863e-02
8.353560582339679685e-01 9.767007469107791273e-02
8.354786201135059320e-01 9.777981720377892927e-02
8.367531227270217364e-01 9.892666416212148039e-02
8.373752025993156378e-01 9.949414224220876068e-02
8.378599251926992508e-01 9.994440350519528948e-02
8.395453499974969702e-01 1.015359826687464162e-01
8.433870413843006508e-01 1.053413543358913129e-01
8.443641710387003174e-01 1.063213124790345354e-01
8.452186210327815585e-01 1.071804408091108218e-01
8.472243240604604431e-01 1.092056025946218645e-01
8.487564683447000879e-01 1.107543586942005831e-01
8.550862517343509328e-01 1.172835569472530093e-01
8.583018641621220635e-01 1.206015417206585116e-01
8.594201232201545970e-01 1.217577620468021093e-01
8.606438325377996357e-01 1.231176723776870041e-01
8.620415434891586237e-01 1.246992184883202182e-01
8.635560633647222373e-01 1.264388695996477852e-01
8.667797596003228300e-01 1.301937245076650873e-01
8.685538066492899389e-01 1.322781529252987642e-01
8.722659685947977692e-01 1.366438215694468772e-01
8.736571711909613125e-01 1.382836648712127969e-01
8.743812084186963762e-01 1.391471404883363183e-01
8.773336915461140695e-01 1.426718759344837162e-01
8.787708426391568350e-01 1.444020149869903458e-01
8.803765108330177114e-01 1.463426800278853079e-01
8.818855418994653306e-01 1.482224453739898751e-01
8.838542810119341953e-01 1.506883825320164405e-01
8.872387413044375837e-01 1.549381486105624317e-01
8.881465237392587309e-01 1.560824682274524200e-01
8.894704704925237015e-01 1.577546904269298000e-01
8.909203404473551302e-01 1.596020447251906837e-01
8.914050875275119079e-01 1.602256014964951181e-01
8.916156161322508211e-01 1.604966312501435732e-01
8.940354178615432801e-01 1.636167917509490088e-01
8.959404078021855344e-01 1.661586621633933669e-01
8.989965378218705006e-01 1.702473055706210658e-01
9.006050709047797032e-01 1.724233532728187690e-01
9.031750856756521895e-01 1.759171518393257694e-01
9.039416587899962163e-01 1.769624758945230747e-01
9.076319615595889179e-01 1.820059171511323459e-01
9.080700393278103855e-01 1.826121013046448915e-01
9.093978883576553374e-01 1.844737030208901674e-01
9.096221159805832901e-01 1.847920035149206441e-01
9.114519692246134674e-01 1.874190975628955425e-01
9.140779273233833324e-01 1.913280098246041838e-01
9.147702630003508029e-01 1.923836942818923923e-01
9.151352310514403454e-01 1.929527955382369653e-01
9.158310221160973486e-01 1.940485861395736533e-01
9.161408781962723236e-01 1.945404473566249015e-01
9.164632527572036391e-01 1.950588345969525017e-01
9.180795036342925819e-01 1.976653710884752613e-01
9.188895548607199926e-01 1.989760646237037633e-01
9.208473835154804554e-01 2.021597304660041061e-01
9.245682579262223255e-01 2.082559264473503591e-01
9.250884040976945499e-01 2.091136380418223695e-01
9.253571974465009120e-01 2.095606583378878396e-01
9.264340360132619079e-01 2.113564547442305930e-01
9.296119448463937562e-01 2.166825364742249738e-01
9.305691421297809240e-01 2.183082234667147459e-01
9.334446800034225111e-01 2.236429008302021071e-01
9.340249482321568708e-01 2.247199967485544736e-01
9.341423089285314507e-01 2.249403382739914026e-01
9.350670940901759653e-01 2.266803891554313166e-01
9.355923332263689218e-01 2.276831501864778895e-01
9.405927610302832198e-01 2.372399227827326484e-01
9.420418910623042930e-01 2.400359001413335802e-01
9.442603248757009959e-01 2.443208615052746557e-01
9.449230504937117248e-01 2.456126699898883992e-01
9.469289615049486519e-01 2.496169866781150493e-01
9.498849580658003111e-01 2.555503001758626658e-01
9.522291873397503714e-01 2.603404233000904400e-01
9.542510034016336018e-01 2.645221044291541368e-01
9.548009141955468015e-01 2.656670471897132346e-01
9.571529701717055305e-01 2.706005536264063371e-01
9.589011399343855269e-01 2.744250855046911353e-01
9.596234999892818696e-01 2.760509923341655236e-01
9.605950006355055137e-01 2.782607683334458182e-01
9.610264561974385389e-01 2.792481798534849347e-01
9.618758507965452509e-01 2.812125619010727995e-01
9.630132661185303311e-01 2.838664683359598540e-01
9.633963651383855575e-01 2.847737353694039797e-01
9.645629500205159523e-01 2.875914962534880104e-01
9.658595451788142272e-01 2.907974211446934243e-01
9.665483031355404098e-01 2.925827942206068455e-01
9.680371841208594841e-01 2.965367871069677363e-01
9.698028418089418290e-01 3.015750159006688191e-01
9.700410591182342390e-01 3.023395646406411563e-01
9.702065278237511636e-01 3.028738320380444105e-01
9.716501901793369589e-01 3.076095688137175932e-01
9.720982630920412815e-01 3.090910310395609262e-01
9.734815014478832573e-01 3.137440241987068390e-01
9.742434024786760238e-01 3.163932107584136455e-01
9.776426961266665439e-01 3.288461854861027822e-01
9.788525701148871327e-01 3.337809857306006656e-01
9.792602456679595502e-01 3.354988946921805271e-01
9.798380863127678086e-01 3.379373707015721484e-01
9.807097852350474820e-01 3.416286511224834177e-01
9.812704110568946092e-01 3.440217283367411616e-01
9.820022295882782082e-01 3.472302467626485756e-01
9.822443344251317043e-01 3.483093418040578149e-01
9.835830069733140224e-01 3.543388546580248377e-01
9.837760949243079533e-01 3.552388895283953296e-01
9.838971930452268255e-01 3.558478561611491120e-01
9.841109887845717052e-01 3.570002284035387330e-01
9.852249235447496645e-01 3.630395083209358997e-01
9.857419790940146198e-01 3.658725524192204537e-01
9.858461239945063292e-01 3.664457866535203445e-01
9.866963269989336149e-01 3.716538322481757195e-01
9.871822496312745443e-01 3.746788819047826014e-01
9.875556642447740341e-01 3.770852959256206782e-01
9.877106868051799271e-01 3.781020344114535137e-01
9.883162066718262917e-01 3.820772795883905504e-01
9.896812465805261416e-01 3.910726831617495902e-01
9.898495572304494283e-01 3.922007472409092532e-01
9.912437370900730738e-01 4.015490503705431147e-01
9.916925028297710609e-01 4.046119624520165825e-01
9.919954110157819249e-01 4.067097055869006716e-01
9.928968413606444887e-01 4.129718636975380219e-01
9.932963595832400294e-01 4.161662816475972804e-01
9.935456018917649956e-01 4.182281911283841636e-01
9.937260291210114893e-01 4.197482281151236894e-01
9.944328789595860973e-01 4.262770117390191071e-01
9.945889365227854606e-01 4.277300302983153557e-01
9.947060232889198828e-01 4.288245031476861646e-01
9.948515776477566686e-01 4.301915349067166883e-01
9.950928695846624761e-01 4.325115197920862409e-01
9.954378465596446235e-01 4.360989911040569211e-01
9.955635856498581404e-01 4.374796538699093906e-01
9.967981747811731630e-01 4.510856561278102639e-01
9.968748446933729523e-01 4.520183795864185505e-01
9.968922566969349308e-01 4.522366934708162978e-01
9.971343614180875337e-01 4.552814077813747140e-01
9.973362000992131993e-01 4.581520032112548213e-01
9.976022095881602603e-01 4.625745316442646526e-01
9.978598190280771885e-01 4.684195918158963190e-01
9.980496477333652416e-01 4.731821324221472391e-01
9.981693021644927333e-01 4.763251925406652987e-01
9.984196575985928579e-01 4.829964115672464864e-01
9.985416999679613825e-01 4.864967827065879158e-01
9.985893821457175745e-01 4.889157261735069815e-01
9.986207089964003192e-01 4.906124146522700125e-01
9.987121686501736484e-01 4.955919280479380573e-01
9.987658891129714833e-01 4.987664137196948788e-01
9.988301490181081821e-01 5.037038425344276815e-01
9.988610423435728691e-01 5.063213551686939207e-01
9.989025017544070906e-01 5.113352673380674451e-01
9.989388638468197357e-01 5.169859451061818989e-01
9.989470368523867272e-01 5.199794481224594422e-01
9.989469016914870325e-01 5.209198759606259443e-01
9.989405114458645984e-01 5.222818864425694541e-01
9.988727267774584195e-01 5.274596983310724241e-01
9.988035099062152478e-01 5.323920861821488382e-01
9.987671024546372900e-01 5.348534647067213488e-01
9.986753471591257592e-01 5.405676158419179256e-01
9.986633945285039449e-01 5.412271239933074130e-01
9.986317138939151405e-01 5.428060480726686343e-01
9.986216052818227551e-01 5.431572137226068353e-01
9.984729010076457412e-01 5.477766355589173131e-01
9.984077374013926587e-01 5.496243488470794469e-01
9.981921516198221100e-01 5.549249086112371110e-01
9.981142263481440624e-01 5.566139129074129110e-01
9.979166946421573758e-01 5.605848761327688612e-01
9.977693421722952927e-01 5.633856321470186446e-01
9.977309154881748299e-01 5.640500802912306044e-01
9.975740508367828552e-01 5.665725246338884080e-01
9.973325575329047288e-01 5.696070754323736551e-01
9.971770423958434826e-01 5.714059014442615103e-01
9.970004034835541207e-01 5.733964005051188639e-01
9.963366999210103714e-01 5.803733948602646242e-01
9.955281451398985126e-01 5.874328820329655088e-01
9.952267175457266690e-01 5.900312199194980289e-01
9.948695028992879941e-01 5.929390310983336798e-01
9.945403920064416203e-01 5.953783559242197265e-01
9.937972089384696783e-01 6.007765378366851650e-01
9.937463347696114946e-01 6.011348199958622684e-01
9.935949486272719344e-01 6.021599897571638937e-01
9.931489810140001762e-01 6.050269137164595579e-01
9.927852927837002017e-01 6.073476105369969291e-01
9.921063185214090696e-01 6.114860929183579819e-01
9.916877554983589693e-01 6.140342364781324891e-01
9.913805964085863343e-01 6.158989315668815800e-01
9.911285361420524298e-01 6.174248388031010615e-01
9.909604592239950049e-01 6.183587590651236088e-01
9.907575087853307538e-01 6.194552728415633203e-01
9.900798224634732581e-01 6.230933018017766889e-01
9.893893444995973674e-01 6.267851396076331572e-01
9.893240042359429109e-01 6.271289747352705168e-01
9.886600559076001993e-01 6.305114462650219798e-01
9.871377717776674832e-01 6.380176964249069105e-01
9.861884376073261071e-01 6.426972867365374764e-01
9.839368235918178884e-01 6.536289506981063369e-01
9.826934039460647474e-01 6.595989444440704119e-01
9.810411636785394407e-01 6.674936315079009752e-01
9.807319867769132005e-01 6.689635848168496990e-01
9.805551330925414977e-01 6.697962226096288996e-01
9.802205564463063459e-01 6.712351027657641467e-01
9.798833800495795332e-01 6.726597699507409489e-01
9.789428455860257339e-01 6.765575921171783635e-01
9.783896621995243903e-01 6.787224689877329187e-01
9.768796780412735137e-01 6.844633798218170417e-01
9.757164113711541686e-01 6.887165194075741681e-01
9.753186322619468163e-01 6.901663849280537111e-01
9.751403584280158299e-01 6.907869996053846995e-01
9.736555839272049706e-01 6.958207169533682235e-01
9.712893968144236112e-01 7.037696841465955755e-01
9.707388532391910685e-01 7.055660231301691399e-01
9.698747608286087951e-01 7.083555781835818577e-01
9.686836012474020485e-01 7.121280162702482430e-01
9.676554076905586887e-01 7.152541139768880951e-01
9.665089232592802837e-01 7.187337304525373005e-01
9.662564111659468491e-01 7.194827681740912917e-01
9.637897027089116220e-01 7.264658212878916110e-01
9.629141561543866912e-01 7.289400336483640164e-01
9.607084364529704379e-01 7.350639069963594840e-01
9.597397895338379836e-01 7.377211666524746692e-01
9.587565375810174206e-01 7.403971898633910920e-01
9.572984183693566962e-01 7.443122601191043408e-01
9.558655451179000062e-01 7.480756247842460516e-01
9.554592058210981120e-01 7.491357200191350874e-01
9.540699104102022821e-01 7.525609603313629936e-01
9.532106003411490169e-01 7.546667573028451592e-01
9.521791231337330963e-01 7.571434194560417996e-01
9.497267427258733186e-01 7.628288626681664075e-01
9.486085796518463065e-01 7.653401803285744265e-01
9.472143085601927304e-01 7.684357215706248967e-01
9.455175165541157556e-01 7.721674069792511252e-01
9.434967660436187620e-01 7.765527106854963613e-01
9.428348520246518927e-01 7.779623337152458129e-01
9.423965763940653773e-01 7.788731395807232394e-01
9.416994837744872004e-01 7.803131656996835641e-01
9.407571434246102537e-01 7.822426024707157532e-01
9.396327447037708946e-01 7.845258679198700014e-01
9.391020331346944250e-01 7.855813252797259061e-01
9.379979050812005115e-01 7.876482946809443275e-01
9.369634412101839338e-01 7.895607119394003615e-01
9.360531538222109926e-01 7.911885318868965289e-01
9.352890903084225549e-01 7.925160818591387990e-01
9.325566018478468333e-01 7.970677839188564651e-01
9.315928625173144351e-01 7.986661899416346300e-01
9.300994726724302053e-01 8.011179193115859354e-01
9.280628949820690643e-01 8.044605044315538134e-01
9.257169341715675293e-01 8.083066139018835194e-01
9.239180953490697679e-01 8.112418528364511161e-01
9.234649021937384461e-01 8.119785787538834620e-01
9.226997888538646109e-01 8.132212073967290955e-01
9.219665814209651034e-01 8.144119227750117318e-01
9.210683725682974332e-01 8.158027837161913043e-01
9.196857093730094190e-01 8.179310406819453316e-01
9.195623487847223165e-01 8.181205402043484343e-01
9.189577437055745923e-01 8.190414315026185443e-01
9.176148856967207834e-01 8.210717363518571510e-01
9.155229612446650345e-01 8.240913269346461512e-01
9.154704202082486475e-01 8.241653810158005022e-01
9.141021682153972483e-01 8.260630796346714044e-01
9.117718561921507314e-01 8.291591882774212996e-01
9.095728759439341005e-01 8.320352292448417453e-01
9.080831189646829671e-01 8.339449925462117941e-01
9.069105612953788365e-01 8.354257095647151798e-01
9.055627954010331271e-01 8.371028823130775010e-01
9.031572956529203555e-01 8.400637108855603108e-01
9.022080285549105572e-01 8.412084282224865373e-01
9.016609514153497429e-01 8.418582082628254248e-01
9.007973828936329808e-01 8.428830063481287382e-01
8.974412460091122368e-01 8.467536127979530258e-01
8.915150207510658120e-01 8.533763604233648437e-01
8.903547131984789198e-01 8.546527663056899815e-01
8.869136533631980512e-01 8.584009266877897781e-01
8.863169464779353524e-01 8.590338306912334021e-01
8.846257812968054690e-01 8.608072812556529785e-01
8.838383955059539998e-01 8.616051155859618671e-01
8.821831152002552745e-01 8.632774349690671700e-01
8.787660112444587446e-01 8.667090186800786578e-01
8.777138052711315197e-01 8.677625969676255879e-01
8.748597121762899942e-01 8.705469597052390984e-01
8.745817226701745328e-01 8.708157915221819145e-01
8.742287361212121022e-01 8.711536623131523882e-01
8.717124466134312799e-01 8.735121553624970447e-01
8.695724431471836269e-01 8.755168011100912251e-01
8.673383100492916276e-01 8.775902925076731753e-01
8.667822072731840022e-01 8.780935652062127339e-01
8.615362428432915554e-01 8.828324554348365716e-01
8.595342373406755776e-01 8.846118414862098600e-01
8.558661375906277957e-01 8.878653578225131904e-01
8.535847040281950848e-01 8.898709853104809220e-01
8.466723765503325616e-01 8.958726225535884602e-01
8.458215411353685598e-01 8.965951166402316153e-01
8.446327492358175482e-01 8.975836779561107148e-01
8.437623344710172280e-01 8.982857732526421390e-01
8.431611983866037496e-01 8.987673333688109834e-01
8.400268061902776973e-01 9.012660389799155292e-01
8.373137941623978175e-01 9.033999041698121957e-01
8.358956707564194621e-01 9.045125627303476357e-01
8.333441090204903867e-01 9.064572448190894027e-01
8.318165730071565012e-01 9.075959935043520499e-01
8.272039089982646809e-01 9.110158452776508931e-01
8.260667910898426003e-01 9.118495359680969248e-01
8.258281082055093369e-01 9.120244056013062650e-01
8.222650348426912004e-01 9.146152589182583448e-01
8.200565546490893309e-01 9.161786182410476265e-01
8.181921697077693123e-01 9.174899130802408598e-01
8.172589656524601454e-01 9.181422201034292740e-01
8.141923559200358040e-01 9.201920950457369575e-01
8.125233779272237333e-01 9.213037100617118558e-01
8.107619740233037442e-01 9.224674472968852346e-01
8.089537030217908153e-01 9.236528950351567957e-01
8.059615535813693388e-01 9.254961323611398116e-01
8.036026067658212924e-01 9.269379363257181925e-01
8.021765023060618560e-01 9.277397699541706233e-01
8.013940617106908304e-01 9.281795420068829072e-01
7.978117828984507831e-01 9.301852791758055128e-01
7.972461340359903170e-01 9.304995578387657007e-01
7.931741909201815988e-01 9.327179092737444277e-01
7.928103716910316345e-01 9.329158340547882844e-01
7.922073668100290122e-01 9.332384996012239586e-01
7.859014983464134296e-01 9.366122444872626573e-01
7.773472805281580467e-01 9.411200250861216920e-01
7.755170549412454539e-01 9.420784834252448059e-01
7.741043800042856082e-01 9.428096549473071741e-01
7.702304071498764504e-01 9.448123491827659093e-01
7.672217918119318414e-01 9.463454245059306214e-01
7.659493465550353264e-01 9.469885144528243925e-01
7.622969016982560353e-01 9.488287763006905129e-01
7.610960307899464761e-01 9.494180680773458558e-01
7.567694481263209649e-01 9.514715546770353694e-01
7.561113239752903503e-01 9.517824846464426614e-01
7.536862051804926743e-01 9.529073782532703207e-01
7.513328968246633099e-01 9.539949558366944693e-01
7.479786758536729474e-01 9.555047630805908465e-01
7.436986429895340311e-01 9.574218716917621830e-01
7.430941950608030977e-01 9.576862171444653349e-01
7.420222168387392569e-01 9.581466946427633635e-01
7.415272633908350786e-01 9.583570765035033245e-01
7.368233428833356191e-01 9.603060095447550903e-01
7.314300762358331154e-01 9.624975558948636323e-01
7.276776445606084609e-01 9.639600853524494806e-01
7.219384437293938639e-01 9.661201869373432505e-01
7.205669558576613953e-01 9.666294653284124294e-01
7.200962749400567908e-01 9.668017140053241087e-01
7.175692193744136471e-01 9.677231380791696536e-01
7.161702478214858614e-01 9.682300484971100296e-01
7.051365401474025685e-01 9.717648629031185870e-01
7.048831013718667160e-01 9.718459465698915389e-01
6.971946223826100963e-01 9.742685265643974413e-01
6.945157476217310721e-01 9.750720384837782140e-01
6.907342290125051409e-01 9.761986867105650889e-01
6.818196279953456784e-01 9.788271444413213507e-01
6.810206790974119295e-01 9.790623768511780289e-01
6.772803913674160237e-01 9.801199037238500500e-01
6.762485376462628039e-01 9.804077537263489184e-01
6.727796428293538744e-01 9.813710135301885185e-01
6.693253225556206054e-01 9.823143248571740704e-01
6.671607775361362291e-01 9.828845831981163350e-01
6.634209668122064141e-01 9.838556479375571984e-01
6.630904463676752236e-01 9.839405666818081819e-01
6.613126380667334603e-01 9.843969040819819938e-01
6.535687969734829128e-01 9.863468125657898211e-01
6.517484647888179827e-01 9.867977160475716047e-01
6.462132049102808917e-01 9.881328812316834131e-01
6.454327036241792603e-01 9.883167197359762346e-01
6.442881071955811612e-01 9.885844461510012726e-01
6.431684334677908454e-01 9.888419329739795982e-01
6.405203272434840667e-01 9.894498222518171016e-01
6.376869030822301943e-01 9.900361186876169839e-01
6.363347413734401492e-01 9.903086349676171185e-01
6.336796548555641007e-01 9.908416010526851503e-01
6.295664299812817610e-01 9.916174354135992575e-01
6.283958531250241064e-01 9.918372599510205667e-01
6.227368974129513512e-01 9.928881934076215776e-01
6.222532208294798695e-01 9.929775493782894147e-01
6.215097369575659503e-01 9.931082835361796368e-01
6.182759729301000595e-01 9.936606715406645085e-01
6.155132404779957156e-01 9.941196659537236968e-01
6.118596273601119018e-01 9.947184172771519339e-01
6.093848007296820413e-01 9.951081269602338741e-01
6.076828123258979364e-01 9.953643115069111813e-01
6.065660942246308140e-01 9.955116329912966355e-01
5.986656725384177369e-01 9.965368768037354830e-01
5.958390704449985087e-01 9.969027430909529475e-01
5.939526388692095704e-01 9.970826441177402799e-01
5.918990105139796398e-01 9.972728801522185993e-01
5.896498226970458001e-01 9.974193303503324781e-01
5.876888970463096662e-01 9.975304255914663187e-01
5.809428738774268242e-01 9.978607519056575947e-01
5.677839777614949179e-01 9.983851061368523849e-01
5.652094548007703390e-01 9.984830069868213531e-01
5.600398162440096694e-01 9.986615980944804072e-01
5.555841416627603779e-01 9.987805883691908138e-01
5.520013057519848054e-01 9.988689228228964101e-01
5.423497884649463030e-01 9.990810585442397862e-01
5.318466476359782202e-01 9.992828129578780194e-01
5.287535245076444568e-01 9.993405720698207428e-01
5.233082620557679698e-01 9.994256172811921690e-01
5.190078108386677602e-01 9.994810387990847866e-01
5.171046926492010032e-01 9.994973919220776493e-01
5.135428492154385793e-01 9.995182165218776671e-01
5.086898119728234802e-01 9.994992861020869368e-01
5.077233719980016602e-01 9.994912722409626804e-01
5.051105449219037702e-01 9.994512301232870710e-01
5.036355227320402639e-01 9.994262341276137773e-01
5.016355905499978451e-01 9.993910481686000269e-01
4.984928023267087838e-01 9.993261966304682886e-01
4.979843808834982788e-01 9.993134955116866891e-01
4.968077684236612557e-01 9.992769280233511076e-01
4.888321574946954406e-01 9.989989538303678529e-01
4.831622377608945085e-01 9.987904144975540133e-01
4.784817291939710282e-01 9.986127172747898406e-01
4.752980115905963698e-01 9.984752566294692322e-01
4.750158328943312469e-01 9.984616324227261197e-01
4.652204305512576132e-01 9.979556368185606985e-01
4.647800111715343352e-01 9.979300152075677444e-01
4.592120267628598818e-01 9.975760020530971550e-01
4.573670434374793592e-01 9.974551954723032132e-01
4.544323541164303482e-01 9.972514777398852059e-01
4.507630631957181278e-01 9.969906508166398451e-01
4.489374992561699917e-01 9.968588455379981950e-01
4.475277340278143168e-01 9.967537455379406053e-01
4.469424585449799370e-01 9.967085406802861369e-01
4.414443620544663549e-01 9.962760535778515392e-01
4.396010572552883078e-01 9.961287746150350175e-01
4.357540501857292137e-01 9.957867291344731919e-01
4.335321911686603746e-01 9.955871963537546998e-01
4.330181372777375248e-01 9.955378971185070425e-01
4.310680863280325070e-01 9.953376505216500192e-01
4.268892471312027981e-01 9.948786470048508468e-01
4.141817041179791659e-01 9.932388712593290814e-01
4.099275699282457497e-01 9.926514529922614294e-01
4.071888071187944602e-01 9.922469734713137424e-01
4.004732358946044846e-01 9.912422188848256654e-01
3.967990281945500408e-01 9.906901153302554164e-01
3.923444030768389323e-01 9.900163755671361754e-01
3.907048880561656556e-01 9.897514044822661727e-01
3.856020516901041972e-01 9.888994604435945579e-01
3.852219546418904628e-01 9.888328010065497997e-01
3.840172329361445369e-01 9.886124863327986345e-01
3.803454664182480682e-01 9.879320846560695202e-01
3.796611764279927970e-01 9.878014297794162069e-01
3.752962457071652436e-01 9.869628599643602840e-01
3.710106175305608600e-01 9.860710585959641117e-01
3.661877991971005386e-01 9.850665701157851339e-01
3.635058861801538921e-01 9.845078765608563653e-01
3.603523684845234554e-01 9.838387273905760955e-01
3.586328133690805942e-01 9.834703448833014283e-01
3.562811828237378853e-01 9.829586969995358636e-01
3.545492324459071920e-01 9.825742937447574654e-01
3.530523249225216986e-01 9.822405539040320877e-01
3.503531534258134128e-01 9.816265349447483857e-01
3.497963529736469734e-01 9.814980305769968050e-01
3.467401103967222564e-01 9.807598252272008432e-01
3.457989182719796162e-01 9.805323135675547697e-01
3.449118221812871310e-01 9.803094190112913164e-01
3.424939840156736581e-01 9.796877023507749582e-01
3.415569902000702429e-01 9.794464895883587818e-01
3.390828204118671030e-01 9.788037211747292465e-01
3.381822348403209499e-01 9.785687265991618311e-01
3.297399417019837298e-01 9.763219511476660672e-01
3.251926255132190358e-01 9.750509558896219842e-01
3.238924830980747238e-01 9.746791227424821402e-01
3.228012532299521231e-01 9.743629383964984569e-01
3.214322876682887964e-01 9.739446189598137682e-01
3.195928673305498124e-01 9.733734263171129886e-01
3.162888243474090144e-01 9.723464396180274694e-01
3.107680051881686056e-01 9.705874696917192734e-01
3.103619404777872015e-01 9.704567411946773969e-01
3.081398983177442430e-01 9.697306006708488191e-01
3.008936841388276662e-01 9.673111690304049270e-01
2.996812186369974818e-01 9.668949054281379407e-01
2.979601926166639547e-01 9.662989874245282440e-01
2.959739750479054576e-01 9.656066902534289342e-01
2.926843319607062011e-01 9.644180310858628813e-01
2.919415940368349505e-01 9.641333843962971439e-01
2.911265169393512098e-01 9.638139468203763549e-01
2.861234272938233403e-01 9.618358072033074135e-01
2.847934329030025191e-01 9.613038818062221713e-01
2.819069765707662434e-01 9.601231443796485188e-01
2.782733963739454364e-01 9.586303570019235609e-01
2.664200558589203682e-01 9.537212062372449894e-01
2.662725405638471932e-01 9.536598738526246288e-01
2.649793459337655976e-01 9.531220103149553591e-01
2.632591736543102856e-01 9.523581872094144529e-01
2.606156788391286172e-01 9.511828350577119506e-01
2.570961266385238808e-01 9.496096183581925754e-01
2.556109295549672256e-01 9.489360040404073438e-01
2.504870385331692262e-01 9.464668990409121907e-01
2.486841029098854072e-01 9.455968222338103635e-01
2.463595678078618345e-01 9.444708984178010747e-01
2.455194772395629110e-01 9.440604410380194489e-01
2.430343524665969923e-01 9.427765572412915018e-01
2.422979051039126919e-01 9.423892216271848588e-01
2.374600239351367659e-01 9.398194898920885221e-01
2.372755635484058434e-01 9.397214701647383928e-01
2.362359418068645800e-01 9.391658095972237330e-01
2.299585194150056688e-01 9.357586537754913891e-01
2.274048177984440144e-01 9.343534919600859912e-01
2.261762773701327944e-01 9.336755996081782527e-01
2.214590791629131861e-01 9.310627619726040693e-01
2.205281984187357214e-01 9.305460629191473210e-01
2.169178413056981336e-01 9.285342351830098151e-01
2.161305292913757725e-01 9.280919847534537803e-01
2.130200361603918902e-01 9.263439670250841473e-01
2.060482665436077498e-01 9.224128032838720959e-01
2.029848743305503467e-01 9.206511710731939413e-01
2.019829564912196673e-01 9.200673161370124253e-01
1.990590824242406409e-01 9.183014215413719539e-01
1.983332319241463138e-01 9.178626016988301606e-01
1.946185411476595295e-01 9.156161220961398506e-01
1.938484857297065878e-01 9.151371406592199165e-01
1.908562139455789453e-01 9.132655259007484982e-01
1.878665407721142877e-01 9.113473123057524994e-01
1.837997931834681742e-01 9.087347314170970414e-01
1.829983117797988612e-01 9.082078512565711081e-01
1.796625201423681650e-01 9.060062763113395645e-01
1.786654208849433045e-01 9.053450455463437629e-01
1.768815314942082662e-01 9.041496107339607180e-01
1.741270394278493505e-01 9.022796653522432431e-01
1.716601438912388478e-01 9.006019509091021114e-01
1.701090283519818280e-01 8.995223418317158659e-01
1.673402916830818432e-01 8.975950292770618066e-01
1.670199587254650453e-01 8.973631448177729064e-01
1.657911498283444196e-01 8.964606484990557123e-01
1.644485424077127833e-01 8.954658950031483267e-01
1.607041098339825336e-01 8.925475139293240767e-01
1.587461403140620897e-01 8.910164946197608460e-01
1.576879006332165822e-01 8.901805956555146615e-01
1.571687878163890995e-01 8.897681452272383495e-01
1.558019716256743292e-01 8.886730210712853184e-01
1.524453262409448673e-01 8.859775755929079066e-01
1.488340612036896937e-01 8.828551493741226830e-01
1.466160457222327462e-01 8.809128863965228762e-01
1.456588342552204152e-01 8.800649524333612472e-01
1.425449717745302936e-01 8.772631082433632876e-01
1.390915178656605411e-01 8.739865527649256505e-01
1.382264074196120074e-01 8.731477976383443806e-01
1.376672190074650359e-01 8.726050406932300829e-01
1.361060920430898769e-01 8.710868887618707923e-01
1.321854041629535459e-01 8.670699388887532777e-01
1.265503643795824473e-01 8.612961825130813764e-01
1.263275911648740202e-01 8.610667524416286689e-01
1.253216457615052848e-01 8.600232042452526926e-01
1.231877416664668434e-01 8.577237765907546052e-01
1.194568675464975360e-01 8.536657167657702994e-01
1.190286444427701706e-01 8.531781272371383729e-01
1.156681102985044340e-01 8.491068947278050949e-01
1.128475390385644817e-01 8.456811100974297446e-01
1.122935250290179043e-01 8.449968637775077118e-01
1.105306760190676307e-01 8.427134949915503492e-01
1.053168157355165446e-01 8.358934444261979513e-01
1.046452455277809834e-01 8.350148451733988564e-01
1.035954389974409473e-01 8.336249982544058357e-01
9.934289571857723988e-02 8.279564861177900470e-01
9.784949341723281346e-02 8.259456721959511638e-01
9.663662400888395343e-02 8.242621630427331425e-01
9.518142140802177131e-02 8.222221870042929481e-01
9.298721698195056007e-02 8.191016702409668060e-01
9.221394818104799995e-02 8.179938128188053437e-01
9.044029540141296231e-02 8.153989181638099382e-01
8.893408680690884083e-02 8.131471456180944246e-01
8.797949394863258110e-02 8.117141544054399249e-01
8.744116027040571559e-02 8.109017693828270978e-01
8.531993968719231436e-02 8.076882523393124069e-01
8.374898225049098865e-02 8.051913191662706248e-01
8.255037032398049313e-02 8.032807521476761359e-01
8.202600380763069854e-02 8.024425866801936369e-01
7.988082496896098395e-02 7.989347305650970066e-01
7.827859288107186231e-02 7.962482923792655320e-01
7.758683954772105373e-02 7.950847033425052501e-01
7.718136492351523881e-02 7.943924271684682514e-01
7.614084668515885834e-02 7.926084481992951014e-01
7.483657219500161606e-02 7.903692286755003016e-01
7.267677355444668308e-02 7.866328991953485117e-01
6.696759722141409910e-02 7.763769602715333562e-01
6.507994141931428000e-02 7.729653081481812071e-01
6.368906581009858847e-02 7.704345369654366227e-01
6.156302572940497431e-02 7.665185233670388509e-01
6.078574683197779382e-02 7.650613720897770920e-01
5.919339234396048255e-02 7.620741930103374084e-01
5.788856429607480703e-02 7.595745705488009536e-01
5.655103876439182553e-02 7.569751804545142848e-01
5.495375526229495655e-02 7.538144886197830630e-01
5.393898622405113308e-02 7.517829411409716611e-01
5.278576985767069463e-02 7.493625446843766857e-01
5.185247974444573416e-02 7.473922965924125750e-01
5.150521004772201650e-02 7.466500620737949179e-01
4.990746636518750279e-02 7.432189731374572172e-01
4.870092805077941289e-02 7.405686858099057579e-01
4.830868933122312026e-02 7.397033434487760850e-01
4.786071663117885677e-02 7.387074282431148609e-01
4.686159414538260126e-02 7.364195467269446516e-01
4.599355997727083700e-02 7.344303923327644146e-01
4.501960968288210019e-02 7.321818303557311447e-01
4.482228606911620172e-02 7.317091736319009110e-01
4.323796213338526595e-02 7.277153199639200265e-01
4.261206832748964946e-02 7.261114527064399526e-01
4.054144451512931013e-02 7.207499696734477324e-01
3.960407336392779420e-02 7.182956837359886215e-01
3.852274928706544976e-02 7.154206748628020307e-01
3.699249462203491046e-02 7.112632175114527167e-01
3.573757749616768287e-02 7.078447689179004909e-01
3.461406365275754293e-02 7.047832211717142137e-01
3.290241058319842704e-02 7.001150519145583617e-01
3.189335230337597693e-02 6.973436687980479887e-01
3.016514907568212944e-02 6.925312240095428118e-01
2.972676324249101665e-02 6.913012203211787998e-01
2.746010052540115431e-02 6.847326158382738281e-01
2.556725370800094765e-02 6.789377953340931526e-01
2.519758922400749945e-02 6.777145044560811682e-01
2.399240244439115877e-02 6.735517199622688134e-01
2.173133494297219137e-02 6.656230811682694037e-01
2.019756938496020116e-02 6.602186359460123777e-01
1.938765807486375614e-02 6.573541597891781052e-01
1.874480307485160147e-02 6.550667605942940286e-01
1.795783444272947005e-02 6.522643526588604024e-01
1.724053149917659233e-02 6.495735840752141499e-01
1.701214532359951459e-02 6.487010298387317908e-01
1.635282241096036593e-02 6.461419048836469781e-01
1.615492645350968814e-02 6.453599063324380047e-01
1.570771252847402710e-02 6.435150431950801275e-01
1.556388541838182871e-02 6.429158022093315328e-01
1.499151920829944196e-02 6.405216508600400926e-01
1.445225453158305307e-02 6.382130016167025799e-01
1.412964184219112074e-02 6.368081234681521874e-01
1.361969944790530906e-02 6.345617615004882639e-01
1.329714617707111746e-02 6.331344400706215847e-01
1.227185575604861079e-02 6.282034393759060587e-01
1.210552111434537448e-02 6.273705421880708677e-01
1.184580086018005574e-02 6.260579385078002268e-01
1.146591083024106617e-02 6.240804040772823802e-01
1.079489367941377509e-02 6.201915722262441033e-01
1.044710278658955716e-02 6.179495642126532351e-01
1.023281528588659839e-02 6.165364512436273259e-01
9.939456498610943491e-03 6.145780656988426571e-01
8.794457386848475444e-03 6.067722046745286368e-01
8.189147748620007050e-03 6.026315133726100060e-01
7.997503563907715218e-03 6.012933554224988431e-01
7.237400755477851888e-03 5.954861445342766180e-01
6.333403613986932079e-03 5.884808408992664441e-01
5.832850217294627271e-03 5.842897357439398309e-01
5.690464219440749538e-03 5.830679985831304091e-01
5.009826672490613753e-03 5.769173273067701446e-01
4.588618473143624144e-03 5.730149018507066927e-01
4.250485526099856415e-03 5.692546873849879674e-01
3.857488792281205114e-03 5.646908515753452651e-01
3.632944046892072620e-03 5.620426493833293735e-01
3.559873100490440478e-03 5.611491469194019865e-01
3.505849449967568532e-03 5.604069485902545278e-01
3.440257887279196680e-03 5.595025648363285420e-01
2.695799863950965047e-03 5.489877035274765005e-01
2.060099332101050784e-03 5.397935438172299927e-01
1.969371227715011052e-03 5.382540207499004747e-01
1.852268860981109988e-03 5.360921771020928928e-01
1.715768523774530152e-03 5.329344172424690385e-01
1.487990449946963167e-03 5.262266502339636443e-01
1.360562941527976299e-03 5.216448749859663447e-01
1.201745676690846309e-03 5.140504693050768070e-01
1.091330789112499033e-03 5.070547288699380761e-01
1.060408862673112296e-03 5.038408958160099926e-01
1.052963147613272810e-03 5.016056609148784595e-01
1.053738748810761905e-03 4.994686089458618694e-01
1.059105188253361973e-03 4.927670404162713957e-01
1.080961657817680610e-03 4.848389610777018577e-01
1.088586585366480008e-03 4.836919452621778470e-01
1.093953212948695075e-03 4.830029771012019912e-01
1.122108072066807516e-03 4.794301847254068827e-01
1.132424418893052120e-03 4.782263068806728024e-01
1.180158272178766232e-03 4.746999536331785174e-01
1.255572211841915475e-03 4.692773443466761174e-01
