2.934268570717679658e-02 7.227719020217483470e-01
2.699274008685204063e-02 7.150690370885393055e-01
2.605880465390331135e-02 7.119889126866594253e-01
2.564216330006718891e-02 7.105957696510484256e-01
2.503363787904611115e-02 7.085405743282766622e-01
2.358724072412621275e-02 7.036514939640822197e-01
2.272356736121028398e-02 7.007197799600278776e-01
2.242316345247774567e-02 6.996781474004251100e-01
2.171045376636415725e-02 6.971745262907566021e-01
2.072611723519823812e-02 6.936347754286341649e-01
2.046979391361714029e-02 6.927122419902971284e-01
1.995094321407375748e-02 6.908104245304413915e-01
1.984517615079794961e-02 6.904023797878432456e-01
1.962975496419561150e-02 6.895458157339464655e-01
1.863742163366777227e-02 6.854880938061904683e-01
1.689635547063061960e-02 6.783438032254216488e-01
1.660458509728579557e-02 6.771385223405549381e-01
1.620349747991567391e-02 6.754540289197296099e-01
1.560670081414494703e-02 6.729409430593873420e-01
1.374303814438104787e-02 6.647713746309424909e-01
1.219566519745340916e-02 6.577068920131990959e-01
1.086559242006124304e-02 6.516072580806878678e-01
1.068174222848083943e-02 6.507235677055632772e-01
1.008248477811335420e-02 6.475050374126812835e-01
9.716070380434649323e-03 6.452840536451152076e-01
9.008274584180631095e-03 6.409417681902787045e-01
8.672714255042013320e-03 6.386917144383731371e-01
8.588305826772724139e-03 6.381165065289003957e-01
8.261403497177743915e-03 6.358404735180063216e-01
7.715030233537922832e-03 6.318437035975351668e-01
6.928132306409318097e-03 6.259439340957524411e-01
6.442228748863021437e-03 6.222428129648043260e-01
6.191139171279114173e-03 6.202874545738358281e-01
5.859901829424973840e-03 6.174577502142807317e-01
4.756463705541502662e-03 6.079286899854960957e-01
4.599321517644083812e-03 6.064605041598790658e-01
3.793023009294183012e-03 5.987947318181915390e-01
3.644088196762762522e-03 5.970954792898246488e-01
3.496193107932477062e-03 5.953706444850653812e-01
3.475998608034380766e-03 5.951162126030673516e-01
3.451523370075815222e-03 5.947519478227506484e-01
3.093127324872990691e-03 5.893067698046486891e-01
2.901737960047112708e-03 5.862930812231087474e-01
2.624144202250544566e-03 5.818872452733179212e-01
2.374254494379113289e-03 5.773641797073205684e-01
2.122550873030926155e-03 5.726841408926619525e-01
2.070700518808976653e-03 5.715553428171040729e-01
2.023426659219618173e-03 5.704932751053135576e-01
1.939166427495697675e-03 5.683326905802602580e-01
1.719155657417648086e-03 5.621232771363393610e-01
1.519561485796128153e-03 5.560646178168123788e-01
1.116141703361495097e-03 5.428215839558118150e-01
1.051974330963822979e-03 5.403884758168517877e-01
1.006038291710420474e-03 5.386102981385295640e-01
9.614718084530737841e-04 5.364559137987399140e-01
9.327413485078484001e-04 5.347875524646141798e-01
9.156157560330502321e-04 5.331380305767176031e-01
8.939871148179179272e-04 5.291887727119101159e-01
8.910436560927159633e-04 5.282321694923977073e-01
8.899647352363926345e-04 5.278435122704667748e-01
8.892284841907072135e-04 5.214226392392423692e-01
9.009430149420349920e-04 5.186665344530831945e-01
9.206104364701817033e-04 5.170797788307011089e-01
1.027912269124131583e-03 5.099793052136775140e-01
1.042535896534801942e-03 5.091150397751004197e-01
1.143958806742229051e-03 5.034309300492131323e-01
1.251619292168326680e-03 4.986684388550386426e-01
1.319041928027120392e-03 4.957036729291288690e-01
1.480023583749767724e-03 4.902904416718495417e-01
1.531204911902506183e-03 4.887864526193093084e-01
1.783840843240458440e-03 4.814582736853064704e-01
1.903571313891294636e-03 4.783419311508100291e-01
2.041760063548947457e-03 4.750043144065604350e-01
2.250866051372812926e-03 4.704007463634630737e-01
2.425293059188482481e-03 4.665722922420877383e-01
2.500422490327225411e-03 4.652620648765553035e-01
2.904672116459172670e-03 4.586969147653469081e-01
2.952846625204452735e-03 4.580268755047758322e-01
3.059475739349837298e-03 4.565483244872869939e-01
3.231503753304387772e-03 4.541747692196732578e-01
3.403420963421943668e-03 4.518920906116467018e-01
4.061663311674901244e-03 4.432809013561350708e-01
4.216245220968972696e-03 4.412841925651109776e-01
4.429619764612979793e-03 4.385487321083109125e-01
4.641221997517708253e-03 4.358787754544612980e-01
4.781786347045180463e-03 4.341991457881029248e-01
4.949206417455442875e-03 4.322061052290255834e-01
5.246318042223752087e-03 4.289427923357985728e-01
5.814960070127606073e-03 4.227019313320327099e-01
6.322744108608335800e-03 4.172543610302940076e-01
6.994111809536018853e-03 4.113839710971183283e-01
7.461470709811512947e-03 4.073826543649126108e-01
7.876870600139085354e-03 4.038267635061225658e-01
7.973605845668418901e-03 4.030385375909938395e-01
8.309097721419078653e-03 4.003442185177060741e-01
8.586315329768612337e-03 3.981284100045624497e-01
9.140049951985362853e-03 3.937679520688895929e-01
9.309994012163702592e-03 3.924418523188266672e-01
9.606700158436343173e-03 3.901640907401052738e-01
9.710146076957082428e-03 3.893786849515641357e-01
1.045124993406443270e-02 3.838516478450714198e-01
1.072408608025776644e-02 3.818315204586372191e-01
1.081145377910752714e-02 3.811882872966743108e-01
1.119617987421706040e-02 3.783603762789127245e-01
1.164269892725822153e-02 3.752375823366786989e-01
1.218163738366717652e-02 3.714778499073229101e-01
1.257279021110024875e-02 3.688438253466382877e-01
1.335422829114929488e-02 3.638212406345215921e-01
1.425610939718791048e-02 3.580325040702432293e-01
1.506089547322486677e-02 3.531294786259427942e-01
1.544919199388072872e-02 3.508008521131250612e-01
1.572940325123106664e-02 3.491520604265651029e-01
1.620399793087590190e-02 3.463749905195028234e-01
1.694483725106554761e-02 3.421935751368462286e-01
1.837849245188505343e-02 3.343246123156707883e-01
1.895617770769497668e-02 3.311830600559393378e-01
1.929655076287317694e-02 3.294439897831439312e-01
2.018668368928266954e-02 3.249504008248066400e-01
2.061887909864013047e-02 3.229471785168150921e-01
2.083344013495991298e-02 3.219539675974405490e-01
2.164917779245412177e-02 3.182178144579422829e-01
2.241863551301082058e-02 3.147042206988482915e-01
2.315407591265039589e-02 3.114717539615362574e-01
2.383330402386518720e-02 3.086271650858171123e-01
2.475262349794760119e-02 3.049019687976302073e-01
2.526880050905710995e-02 3.028267980790795288e-01
2.613941978172074077e-02 2.996151887987351659e-01
2.683986357492573749e-02 2.970384086249413524e-01
2.862570135166520036e-02 2.905711279156992788e-01
2.992336604749756823e-02 2.860343192587684324e-01
3.099801301573890111e-02 2.822976170286808362e-01
3.217211732946922975e-02 2.782857276648253997e-01
3.468467577433642646e-02 2.698980951470171252e-01
3.499466079500579418e-02 2.688860150770238100e-01
3.830532081090209928e-02 2.584329698315419588e-01
3.851392324929636679e-02 2.577802692412960450e-01
3.977316332259706044e-02 2.538428889012911416e-01
4.102836875410131867e-02 2.499268637470148935e-01
4.180247335486764193e-02 2.475778755312656454e-01
4.286816387263137074e-02 2.443504285728069769e-01
4.390900548496701195e-02 2.413255455020053564e-01
4.466800489955757847e-02 2.391224317735849425e-01
4.637523450134051206e-02 2.342354778006845439e-01
4.792121168529017705e-02 2.298785519164283642e-01
4.855279367169706983e-02 2.281011348322641297e-01
4.897497599477917962e-02 2.270125752903466854e-01
5.094519311039358289e-02 2.220712370019994886e-01
5.223673254038518898e-02 2.188622208579633632e-01
5.344635780943984837e-02 2.159293061481170062e-01
5.404488613325764135e-02 2.145078928975809873e-01
5.498258493392438329e-02 2.122925448320889252e-01
5.600525972145042886e-02 2.099191736859662427e-01
5.621043414932747062e-02 2.094623834516217142e-01
5.767715263735884168e-02 2.062019656553819580e-01
5.888589542881594863e-02 2.036201788101752452e-01
6.018661422394500082e-02 2.008620560158829171e-01
6.103934612730133047e-02 1.990834705244712843e-01
6.142132913790887550e-02 1.983065984180789609e-01
6.224975353390393984e-02 1.966400007946386141e-01
6.285803746388396451e-02 1.954346485580302772e-01
6.340831859765316825e-02 1.943729194483658773e-01
6.424199387448581433e-02 1.928124597685477726e-01
6.496658671998911672e-02 1.914693308562367413e-01
6.521932445691036584e-02 1.910042335973071159e-01
6.611928596101124267e-02 1.894133597328498952e-01
6.900384898405409473e-02 1.843704129591375862e-01
7.025159656528401353e-02 1.822530567416770220e-01
7.102212667358187570e-02 1.809540456183227342e-01
7.208721020841180049e-02 1.792058224967967295e-01
7.410954104892708560e-02 1.758978231312539053e-01
7.657431931429825589e-02 1.720595635594976969e-01
7.728741733076893716e-02 1.709793585017617135e-01
7.840072944175036085e-02 1.693446152887652101e-01
8.315074421079171607e-02 1.627795132937790434e-01
8.713660950824042573e-02 1.576373605832870339e-01
8.858618783121763318e-02 1.557752113441343012e-01
9.085804210447934182e-02 1.529468195143405262e-01
9.371706082107977842e-02 1.494126888964513178e-01
9.540946416097362270e-02 1.473449334276445422e-01
1.003457782796901565e-01 1.414187788336628282e-01
1.015963518576935565e-01 1.399456468729222136e-01
1.038715605616888915e-01 1.372746744225907811e-01
1.070782513393190305e-01 1.335263379341327106e-01
1.079464662558387023e-01 1.325555718777610137e-01
1.102933280278600714e-01 1.300779687723536693e-01
1.129846250276017594e-01 1.273115319030198034e-01
1.162077748548239198e-01 1.240204241558606757e-01
1.174128106751783918e-01 1.228072796159010993e-01
1.186600583952562848e-01 1.215534679554601816e-01
1.204424556978649363e-01 1.198173535285481650e-01
1.241237595987012554e-01 1.162737362497786586e-01
1.258231616860845392e-01 1.146399157790836121e-01
1.275918639550126521e-01 1.129412849056199430e-01
1.281476480324079681e-01 1.124156169090922974e-01
1.286458214313623838e-01 1.119604396593165685e-01
1.300011332912847095e-01 1.107243524053801442e-01
1.317694142729144424e-01 1.091196848005455688e-01
1.356936370136104797e-01 1.057288074687764423e-01
1.364862553308451298e-01 1.050555152481011945e-01
1.403560521156874685e-01 1.018030218582924862e-01
1.437883259212513476e-01 9.901710322148959964e-02
1.464397616634524057e-01 9.686800538789186454e-02
1.493502189827246029e-01 9.458242956824569614e-02
1.512174000987054345e-01 9.311649428558499419e-02
1.533653643433998681e-01 9.151994602736757134e-02
1.534723684255773213e-01 9.144606715410763531e-02
1.569942030597826221e-01 8.908537994744847310e-02
1.581261675272287448e-01 8.833122058471942761e-02
1.593041619261877928e-01 8.756491049337078447e-02
1.595885858624934706e-01 8.737990147120966444e-02
1.603628137234667239e-01 8.687758621773267187e-02
1.648742806738728861e-01 8.410372567892887563e-02
1.655548095039075518e-01 8.368772399519852634e-02
1.696124412430761730e-01 8.127037716049390070e-02
1.710246624784461655e-01 8.042986897868131813e-02
1.717586441139177245e-01 8.000120925415088458e-02
1.734431002242003972e-01 7.906943574805036512e-02
1.743483575995382617e-01 7.857528324049578572e-02
1.753584601260479436e-01 7.802542919516597397e-02
1.769738139207442940e-01 7.715390115239462165e-02
1.782244406805347792e-01 7.648029724300686727e-02
1.808339261354262595e-01 7.509184163194926320e-02
1.822024874546395168e-01 7.436670686376933848e-02
1.853125105379741511e-01 7.276348434117618780e-02
1.873213087488169171e-01 7.173673305243777332e-02
1.880711800050710591e-01 7.136025572455040322e-02
1.930173432115696031e-01 6.895192307061925874e-02
1.948240764482263021e-01 6.809351130262408791e-02
1.982841127166843354e-01 6.645796087422095599e-02
2.104342166690097438e-01 6.072146334421046898e-02
2.116086254299206493e-01 6.016827109121303252e-02
2.119358853010635535e-01 6.001898434850083675e-02
2.134094181177812466e-01 5.934748745143358928e-02
2.150052210873637515e-01 5.862924598820118405e-02
2.165401748092991019e-01 5.794892166666854028e-02
2.185388856324226303e-01 5.706528840173707984e-02
2.203639369280883109e-01 5.627104928809356643e-02
2.226273798638215284e-01 5.536185037086116534e-02
2.274708323482644845e-01 5.363174171213513919e-02
2.295635305502409240e-01 5.288619050435772184e-02
2.322944980624421785e-01 5.192361426777503119e-02
2.345230837734911811e-01 5.113910657815357030e-02
2.393621692997609518e-01 4.944199784241831708e-02
2.411408480178391933e-01 4.882391625885162956e-02
2.427674325231830021e-01 4.826578900059219634e-02
2.519561712548693544e-01 4.511320279136488143e-02
2.552310195418562300e-01 4.399374514930420865e-02
2.564501224976791782e-01 4.358751406215444213e-02
2.609958499282806210e-01 4.209645043304210965e-02
2.681354690358187520e-01 3.982245254282368307e-02
2.753620852387943518e-01 3.756509545634079128e-02
2.785861373054523416e-01 3.658969685102975156e-02
2.798016871511762593e-01 3.622262311455470840e-02
2.890545399755790612e-01 3.343904471230563225e-02
2.922371284526456003e-01 3.252558506643121738e-02
2.942942209150403166e-01 3.194396373201979777e-02
2.993414970943745201e-01 3.054052005615570664e-02
3.037278648498833444e-01 2.937410808595697365e-02
3.052332892340293702e-01 2.898128239686248442e-02
3.156540515030057392e-01 2.632687741501749112e-02
3.162790462445882467e-01 2.617197785667069176e-02
3.220805622099403021e-01 2.477858943016431059e-02
3.230849483685261925e-01 2.453990007518414007e-02
3.266412628937396256e-01 2.372989928343305355e-02
3.289583487825797903e-01 2.320737919519910708e-02
3.328045631091510748e-01 2.235576224914448407e-02
3.390155548566713417e-01 2.110358697559999719e-02
3.392537180708209421e-01 2.105685043907046250e-02
3.398994799144730017e-01 2.093051614780294667e-02
3.407761543060632281e-01 2.076060389169565035e-02
3.440895727776368540e-01 2.012633715206069152e-02
3.446643038046374174e-01 2.002250860418652856e-02
3.456696397621905614e-01 1.984117627218384694e-02
3.486710940068223907e-01 1.930169779995694057e-02
3.568445119696941337e-01 1.786175009737878128e-02
3.590622576083786210e-01 1.749938908778914115e-02
3.622877968243161106e-01 1.699606594659452963e-02
3.640830135520589650e-01 1.671823979367759172e-02
3.722631714666156943e-01 1.545638501597335068e-02
3.850171850355210701e-01 1.357520855542315719e-02
3.913663983310848860e-01 1.265413182001595693e-02
3.948531008247945229e-01 1.215849210187613938e-02
3.966045562402356062e-01 1.192075060440345169e-02
4.026273530732098482e-01 1.110380393893906081e-02
4.154039042181277841e-01 9.442953893146199817e-03
4.314649996320802927e-01 7.533819199232127950e-03
4.323747051530734131e-01 7.427688835580203985e-03
4.371627407371132534e-01 6.872118266335491832e-03
4.413056786093590977e-01 6.397629400288429302e-03
4.442008106514069299e-01 6.075531525096433683e-03
4.497851091950788582e-01 5.495248345419478930e-03
4.499352556994949959e-01 5.480096145017987475e-03
4.503829170380551083e-01 5.434943113516887969e-03
4.529530109311712405e-01 5.186929119917027542e-03
4.575040674303431087e-01 4.759432176586697594e-03
4.625669846546177633e-01 4.327046245547361281e-03
4.669029065395529088e-01 3.958461415659697558e-03
4.725991097914495898e-01 3.481730123214288319e-03
4.743240671485732252e-01 3.347122116284073634e-03
4.843454942141277586e-01 2.605408094132344310e-03
5.001077938822380275e-01 1.596681796183441193e-03
5.021890442071429428e-01 1.474722540388606618e-03
5.065318143062955691e-01 1.226287658224745059e-03
5.073330396426216637e-01 1.187637088608362035e-03
5.107433006955675037e-01 1.027773995793457296e-03
5.121760881797907672e-01 9.720570047196952501e-04
5.144155647806527565e-01 9.008166276360807245e-04
5.192601474849354304e-01 7.722803787322263247e-04
5.218764149761290216e-01 7.077727137522193956e-04
5.293244026965042703e-01 5.336462013195708565e-04
5.308472587148730382e-01 5.000090190204753426e-04
5.354009687747679491e-01 4.112539071116083633e-04
5.416405807644160131e-01 3.053998169088023573e-04
5.426815443513687276e-01 2.880478268059150082e-04
5.454278831894906476e-01 2.610677274507144929e-04
5.474204748750146621e-01 2.435472681547867779e-04
5.483848257863243036e-01 2.427287720928594794e-04
5.518287988652691434e-01 2.439080987477471041e-04
5.647916061682188849e-01 2.485656100017497039e-04
5.697785282568889054e-01 2.510217744445819577e-04
5.741290164999491852e-01 2.888189623537762429e-04
5.850376385599663775e-01 4.181133799688874220e-04
5.860380317747118095e-01 4.374009970280479109e-04
5.875493595575415062e-01 4.714373449777875535e-04
5.931971959512063464e-01 6.253077134557027961e-04
5.960362737785993570e-01 7.334690685181222136e-04
5.990370528568880193e-01 8.535464409590298729e-04
6.044594266657664638e-01 1.080001805917718549e-03
6.050772552540153448e-01 1.107215241898384939e-03
6.088810103730560863e-01 1.282900752081483908e-03
6.097688436119613753e-01 1.323935694382161188e-03
6.118403730181550815e-01 1.428544847457580147e-03
6.148337088012627571e-01 1.583252692571424092e-03
6.216438442135462372e-01 1.938833439460774244e-03
6.238365014094366945e-01 2.073564815681661067e-03
6.243755787713464178e-01 2.110738949682833265e-03
6.275241100674650019e-01 2.333400335961521854e-03
6.290634146689033646e-01 2.448961335857480215e-03
6.332128056734486199e-01 2.764551614627297482e-03
6.383812909745295583e-01 3.166326595718138570e-03
6.462485585296322554e-01 3.780775668337232887e-03
6.485860762487910547e-01 3.963577352182778846e-03
6.500244160910315649e-01 4.116997819499479405e-03
6.549398657664752266e-01 4.647029559464277426e-03
6.576340154830422335e-01 4.982715337356169449e-03
6.602621433608374391e-01 5.329064577118014512e-03
6.646175464949948264e-01 5.997549566468252102e-03
6.658701845826693333e-01 6.190828747943522004e-03
6.681086421215038929e-01 6.542982753620529834e-03
6.728541074021374691e-01 7.375189589864383777e-03
6.743397073587220625e-01 7.642611048235381510e-03
6.769006571533079386e-01 8.115182724361180711e-03
6.774698474286483529e-01 8.224801364642320145e-03
6.786960349947819271e-01 8.472832141211861234e-03
6.809782676028145465e-01 8.938197622547439103e-03
6.826841392732726499e-01 9.287964026968187348e-03
6.881153673611611898e-01 1.042309026295240582e-02
6.889602958920286735e-01 1.060082740831680415e-02
6.949262383101432183e-01 1.187332032150190120e-02
7.006563308086786179e-01 1.310931576247265085e-02
7.053086355063028501e-01 1.412341917955339810e-02
7.098127599696280043e-01 1.522809902265409576e-02
7.149419272473961362e-01 1.653714970742437007e-02
7.189253381213113192e-01 1.755803988106885427e-02
7.241570164865287484e-01 1.890425976079546100e-02
7.290650939354107463e-01 2.035686094086741615e-02
7.311997747738060438e-01 2.099793143419270702e-02
7.315876456877268286e-01 2.111672094363337138e-02
7.362640185827198369e-01 2.255561311763509824e-02
7.380963092377004209e-01 2.313270218478535867e-02
7.484027390147939274e-01 2.639080713879593532e-02
7.486895141401236353e-01 2.648274252494053904e-02
7.519333890562605038e-01 2.752512559903874667e-02
7.540268742808950986e-01 2.822352132050831575e-02
7.572433721217121105e-01 2.932028058596536368e-02
7.589522989250063745e-01 2.990968214698386252e-02
7.621210015313595321e-01 3.105433042570460156e-02
7.678033280950902206e-01 3.317652514627522642e-02
7.685613581520795989e-01 3.347234986242431098e-02
7.708061726199650909e-01 3.435698735414061122e-02
7.729219474587269989e-01 3.519250777600391178e-02
7.775809722827782267e-01 3.724096145375366262e-02
7.779015203600720962e-01 3.738518708669202883e-02
7.786439208135274015e-01 3.773055019534954369e-02
7.826282654474137068e-01 3.962102873258721569e-02
7.828404993644877408e-01 3.972262555248950999e-02
7.884933363031310094e-01 4.257386272353924639e-02
7.913301386329497644e-01 4.409408632140299211e-02
7.970715049581603706e-01 4.725965573126600372e-02
8.029666186471590139e-01 5.061843105880359239e-02
8.037476162066292673e-01 5.106482935153100478e-02
8.059640353546934088e-01 5.236004768384361352e-02
8.082859556690190628e-01 5.376571923545558906e-02
8.092626862918579356e-01 5.437055176464977713e-02
8.117849631688198730e-01 5.595142292649168958e-02
8.157511698007734458e-01 5.848730044721628385e-02
8.170968616784436422e-01 5.936051513918716438e-02
8.183779213807460540e-01 6.019510233038860569e-02
8.198597209944566977e-01 6.120805985976074393e-02
8.230815021376756135e-01 6.346416071035487771e-02
8.248075829611618559e-01 6.468586812263921182e-02
8.258746212824901178e-01 6.544430156579861269e-02
8.299576869750449060e-01 6.839404143356131449e-02
8.319484901334028848e-01 6.983465030091862147e-02
8.324890230928110313e-01 7.023319027283458915e-02
8.353126013752579793e-01 7.240463058600110635e-02
8.375187322983645988e-01 7.410553928090890530e-02
8.416547026717329238e-01 7.730153342429935126e-02
8.435234167047550580e-01 7.875112660541594423e-02
8.455655333106614213e-01 8.036346297977792208e-02
8.473250342725942019e-01 8.176530929217606936e-02
8.504377814515488021e-01 8.429961563949872616e-02
8.521328654569133576e-01 8.568840637977737096e-02
8.541689871526230160e-01 8.737479394941782829e-02
8.557281968454940602e-01 8.867941026293135742e-02
8.562497936678266086e-01 8.912397699460961054e-02
8.576163967485126438e-01 9.029223309392442332e-02
8.585093168868382918e-01 9.105987955437733206e-02
8.633610666689695012e-01 9.524886921059183553e-02
8.648953878523948369e-01 9.658068100250960519e-02
8.697740627549398473e-01 1.008665793738372507e-01
8.717322956791758726e-01 1.026228495713173983e-01
8.734427037992227305e-01 1.042341653384207811e-01
8.745857918652160112e-01 1.053127237029032326e-01
8.763023650557781874e-01 1.069580448802680550e-01
8.782386390601488735e-01 1.089483097077945661e-01
8.790206000205096348e-01 1.097878170492204708e-01
8.824489293038340065e-01 1.135666474043522944e-01
8.830745313221501913e-01 1.142836575135579569e-01
8.847788447458385663e-01 1.162551216170415458e-01
8.869200732796663766e-01 1.187445246948479749e-01
8.895586461312611215e-01 1.218159738199063868e-01
8.915718246264768831e-01 1.241806842077389783e-01
8.922993904317350067e-01 1.250382711091186927e-01
8.934298423965151281e-01 1.264066372621128753e-01
8.942008886124561684e-01 1.273525888253423943e-01
8.964063170750135034e-01 1.301001035888142976e-01
8.985751860065257501e-01 1.328733499261700590e-01
8.987523024729057175e-01 1.331087330939789704e-01
9.000741915790534398e-01 1.348882076115822670e-01
9.019332326109661402e-01 1.374190360138098921e-01
9.034714722247585428e-01 1.395522773682719153e-01
9.056437295642681962e-01 1.425851905337633951e-01
9.088281930133390585e-01 1.470492605850941548e-01
9.101703213473235632e-01 1.489650680909188063e-01
9.124994422543989403e-01 1.523327449458287131e-01
9.135779510001187376e-01 1.538942518367868439e-01
9.153749711175790393e-01 1.564997332549645792e-01
9.156256132218516530e-01 1.568699523906834647e-01
9.173908005730926352e-01 1.595213747795057868e-01
9.177987065897407204e-01 1.601382315001140810e-01
9.203446090162443749e-01 1.639921659589512748e-01
9.218014068930573401e-01 1.662453969594359648e-01
9.233014331946268749e-01 1.687062120160943701e-01
9.239847333411108643e-01 1.698436085393624229e-01
9.253182913000957965e-01 1.720860709240858988e-01
9.271936127830584518e-01 1.752718248222889796e-01
9.283665737002256835e-01 1.772718822662305849e-01
9.309275490009475407e-01 1.817777215394960066e-01
9.313707350614933711e-01 1.825683050563168264e-01
9.331287820826330570e-01 1.858896019399490784e-01
9.346456488188545908e-01 1.888076480735143559e-01
9.363712052812267483e-01 1.921652660780887034e-01
9.380808879374706866e-01 1.955342866369976784e-01
9.387688335548529661e-01 1.968984278351737505e-01
9.394430317222416393e-01 1.982599087043768193e-01
9.406187360561129029e-01 2.006539499291591921e-01
9.437761063549648943e-01 2.071619973753984212e-01
9.443244385709247402e-01 2.083144724083324517e-01
9.449561325084160357e-01 2.096458407437429283e-01
9.458563321495062626e-01 2.115466256185125626e-01
9.466829041586886095e-01 2.132930835672675052e-01
9.483923017284850987e-01 2.169348044589234359e-01
9.494617019794557855e-01 2.192191520411775896e-01
9.499332429393588795e-01 2.202338387305170508e-01
9.508284079324182958e-01 2.221721881320981584e-01
9.520936764998223500e-01 2.250260365099367998e-01
9.532975329949092691e-01 2.278000760379571554e-01
9.538017844298650738e-01 2.289872807477676409e-01
9.550291721667791833e-01 2.319412713128484738e-01
9.554026327674060015e-01 2.328420059875411230e-01
9.561632291693401564e-01 2.347042579699100129e-01
9.568389961581910130e-01 2.363756213635567205e-01
9.570103451723307453e-01 2.368029062444895194e-01
9.591881993978980114e-01 2.422519562513045788e-01
9.597515215500010965e-01 2.436649694267354338e-01
9.609867295033814871e-01 2.468490276514997417e-01
9.634716104491648503e-01 2.533096327713519891e-01
9.639305000183561178e-01 2.545580332441161886e-01
9.651759797431836985e-01 2.581390411482308300e-01
9.670892428174118205e-01 2.636457190130301331e-01
9.675472070637267663e-01 2.649778637944363302e-01
9.695801575400363470e-01 2.709615989492345500e-01
9.716831182730233385e-01 2.773002289935623255e-01
9.728993805416535912e-01 2.809692317955775342e-01
9.739568385483869939e-01 2.841880705820948316e-01
9.744852848556807556e-01 2.858444220372633460e-01
9.752282653559072312e-01 2.883496307840962558e-01
9.758154424658480597e-01 2.903692308280642065e-01
9.767505189428357104e-01 2.936870804345046437e-01
9.773767708482949956e-01 2.959093300678833360e-01
9.781201444004072876e-01 2.985760861773095742e-01
9.796572989778408180e-01 3.042211216006343033e-01
9.809784665863667819e-01 3.091030689539431275e-01
9.813548925446661242e-01 3.105039637354816140e-01
9.824643551502479921e-01 3.148164942367502883e-01
9.830934870590729568e-01 3.172759080660036979e-01
9.848756983857105407e-01 3.242583750926341102e-01
9.849164700847587994e-01 3.244506099417099332e-01
9.859059191590012761e-01 3.291609684986583906e-01
9.864786853814920820e-01 3.320601416903423697e-01
9.870595004874515022e-01 3.350935615502814713e-01
9.871460875863945494e-01 3.355475859625429713e-01
9.879246532568279893e-01 3.398036882419815941e-01
9.884524452288383500e-01 3.427860927307745387e-01
9.904512095226398749e-01 3.545301138287042519e-01
9.916027130947551171e-01 3.614262969725968722e-01
9.923654481722488097e-01 3.665281852360481318e-01
9.926863220634427609e-01 3.687842476115580359e-01
9.937104340281028847e-01 3.761702778780846579e-01
9.943372715879681412e-01 3.809189525418097411e-01
9.950361986941669290e-01 3.865696303958734426e-01
9.952263440264629279e-01 3.882220878631159611e-01
9.954002762331611853e-01 3.897701356697459429e-01
9.955777703285405567e-01 3.915457724926689753e-01
9.958815955647715157e-01 3.946024939468177894e-01
9.959290701015024450e-01 3.951171259612548115e-01
9.961199704518396425e-01 3.974539973358554024e-01
9.962552172844578724e-01 3.991968315250805643e-01
9.964391424932717012e-01 4.016299176583681962e-01
9.968383750409517408e-01 4.070000428354630939e-01
9.973033977575989084e-01 4.134596419124977329e-01
9.976345431433959465e-01 4.184182237478490940e-01
9.981058119044826649e-01 4.265011628144763645e-01
9.981380112004161198e-01 4.270673614039020016e-01
9.982148391773547624e-01 4.284627974004834305e-01
9.983276518872545857e-01 4.305938610844300962e-01
9.984615883693945815e-01 4.332354238817670566e-01
9.985553769565072013e-01 4.352373314621268419e-01
9.986876585112791638e-01 4.381533593889083145e-01
9.987569137146281584e-01 4.397029924506880016e-01
9.987950582417485235e-01 4.406561495168471732e-01
9.989006210670641206e-01 4.442476513914027647e-01
9.989472890881250233e-01 4.472305886161119792e-01
9.989641289641643107e-01 4.484695018971734948e-01
9.990000509600058809e-01 4.513112463022197485e-01
9.990785924320441103e-01 4.578728049733247207e-01
9.991003145099667249e-01 4.623945397346863606e-01
9.991076084035185323e-01 4.644963398120802722e-01
9.991107715158092928e-01 4.654703795157089097e-01
9.991093159071271490e-01 4.663013461153723282e-01
9.990720681769439393e-01 4.696838584356801682e-01
9.988102789682001825e-01 4.828056902473485401e-01
9.987889012043552617e-01 4.837935546100688988e-01
9.985752057440214768e-01 4.921208175129425655e-01
9.985011080556819296e-01 4.946562200229037698e-01
9.984130421015157131e-01 4.976037876772000379e-01
9.982953955839284355e-01 5.011134692827551307e-01
9.980727558937857458e-01 5.071667299995140654e-01
9.980384905506131110e-01 5.080192635655772504e-01
9.976619771815596893e-01 5.151631306640537256e-01
9.975565531185012214e-01 5.169914356000230304e-01
9.968257185489605154e-01 5.291606610386572207e-01
9.966512038377858262e-01 5.320040130017192892e-01
9.965049419248762641e-01 5.343859753792898903e-01
9.961422646958592031e-01 5.402221728453571181e-01
9.961090046715764812e-01 5.406975631553858630e-01
9.960273782419678534e-01 5.417955129038303230e-01
9.958156793463923684e-01 5.446216679613592460e-01
9.955579951940727312e-01 5.479993304440309299e-01
9.951777431093555837e-01 5.529458309378149083e-01
9.948772713106794896e-01 5.568111357111926729e-01
9.946953070195321267e-01 5.589756715727950409e-01
9.946368583254615592e-01 5.596646266513861656e-01
9.942538444388357988e-01 5.638034691266675669e-01
9.941569932309970437e-01 5.648407737270965123e-01
9.940397051260835282e-01 5.660646922313395946e-01
9.935017693395830074e-01 5.716700801416509936e-01
9.933171354821427324e-01 5.734423321839965393e-01
9.931333921921808860e-01 5.750937865732980159e-01
9.925260177937254014e-01 5.804221416457063798e-01
9.922816804063546714e-01 5.824136055983371030e-01
9.916265392313260429e-01 5.874337827262015033e-01
9.913490819268607757e-01 5.894760925033709631e-01
9.911730879848801301e-01 5.906626020524924359e-01
9.897893549542996494e-01 5.996488535339838943e-01
9.884917504243641018e-01 6.078779563516947260e-01
9.879218380035704739e-01 6.111753331438039005e-01
9.872651247709625100e-01 6.148728423293012835e-01
9.858091176872126882e-01 6.230577895497687591e-01
9.855230908911403187e-01 6.246545519015147541e-01
9.853224443667228938e-01 6.257369504965712981e-01
9.847284240645934883e-01 6.287707213320136157e-01
9.833462967720462133e-01 6.352815133608360476e-01
9.829363980451087945e-01 6.371868684593612331e-01
9.820493374803230813e-01 6.411719388413066323e-01
9.803900687391283730e-01 6.485783502397618472e-01
9.799326034597064528e-01 6.506055756634420151e-01
9.794953380377660057e-01 6.524793186103662324e-01
9.791193570964091819e-01 6.540901071527822630e-01
9.784967008752566420e-01 6.567125935635510503e-01
9.779360706429270911e-01 6.590725864343534024e-01
9.767055186345959816e-01 6.642348455825133335e-01
9.754092504964763100e-01 6.694699365777498912e-01
9.750924352559432462e-01 6.707252692679062100e-01
9.740017670851447429e-01 6.750211732061490721e-01
9.737611219916351146e-01 6.759564738342298540e-01
9.734530285198873534e-01 6.770937012504328889e-01
9.724543842880186695e-01 6.807487869963617655e-01
9.715418950601979464e-01 6.840315862134030978e-01
9.699520912657769722e-01 6.895172234803005340e-01
9.681853581837064349e-01 6.954771853328619580e-01
9.676562256260524686e-01 6.972489179077453469e-01
9.665039620642513762e-01 7.010321172318805250e-01
9.662778551817092776e-01 7.017723488184315350e-01
9.662187539346880349e-01 7.019658043000005510e-01
9.660367603879007614e-01 7.025591968521052166e-01
9.654750385325897577e-01 7.043817274454415855e-01
9.639935264785641778e-01 7.091359856945856910e-01
9.636456351170858969e-01 7.102151553634966641e-01
9.630170857772986093e-01 7.121374869798386964e-01
9.623434399877136558e-01 7.141872202323295005e-01
9.594992351784719098e-01 7.228111037468314404e-01
9.577578497032764870e-01 7.280646872635327949e-01
9.575780313120525467e-01 7.285994963993277507e-01
9.560196861153802406e-01 7.331334599260863616e-01
9.540566485783625872e-01 7.385311779294901902e-01
9.525739866876338224e-01 7.424691897524438033e-01
9.519911507029256148e-01 7.440144407624044165e-01
9.511188782728313695e-01 7.462466624193262454e-01
9.502199581405684770e-01 7.485229401864851306e-01
9.494093645778977075e-01 7.505629574007867122e-01
9.482245877948946022e-01 7.534059434238692399e-01
9.465849372554225871e-01 7.573025555880292803e-01
9.457694486753588370e-01 7.592391318687525814e-01
9.453519245683495997e-01 7.602292347083888790e-01
9.438633408604528707e-01 7.636898120794843869e-01
9.418780104989433744e-01 7.682716100671578285e-01
9.413283617099081901e-01 7.694634076204295292e-01
9.404603145724137470e-01 7.713336266485129045e-01
9.379414895705029398e-01 7.767074679487506739e-01
9.375222744690292487e-01 7.775965509761285643e-01
9.367979435358475548e-01 7.791289973223044507e-01
9.360184277380769746e-01 7.807460402829050627e-01
9.353616680686144269e-01 7.821077087872875255e-01
9.349910395459908319e-01 7.828468080683981256e-01
9.342147381575047760e-01 7.843504306945935367e-01
9.331882688974338924e-01 7.863237427817828529e-01
9.301287355783260935e-01 7.921202320608540237e-01
9.289262222053191742e-01 7.943557995001717664e-01
9.283314930140944554e-01 7.954448829518847575e-01
9.278370462409155639e-01 7.963469422020649224e-01
9.274617328307810382e-01 7.970273742348539248e-01
9.258216700556989309e-01 7.999394704012245949e-01
9.240768809159194408e-01 8.028903843828518738e-01
9.215845991718073504e-01 8.070069457968607196e-01
9.206872914289554455e-01 8.084563110541905795e-01
9.185995616869042646e-01 8.118080230143940312e-01
9.179410882002625449e-01 8.128401689305330136e-01
9.169356294573456356e-01 8.144091586090298485e-01
9.136407620604160007e-01 8.193580663561915722e-01
9.129928202044523822e-01 8.203259553646732316e-01
9.124557603325543775e-01 8.211179560976736846e-01
9.104695608520066985e-01 8.240130400439258374e-01
9.082819676405786691e-01 8.271379273173242730e-01
9.008956711648532512e-01 8.376128171567117642e-01
8.996330902482867486e-01 8.393279094688094188e-01
8.989051519320259143e-01 8.403111624103523081e-01
8.979628387285348845e-01 8.415563093396630778e-01
8.947019153865709562e-01 8.458466535337809677e-01
8.936486434561872194e-01 8.472165263501054699e-01
8.918863118643721721e-01 8.494874779564056677e-01
8.890032368587407197e-01 8.531139016774179629e-01
8.887472167018314329e-01 8.534345401590002211e-01
8.886392795014369517e-01 8.535645824927378111e-01
8.856181567159590040e-01 8.571324239439632731e-01
8.848014771546375279e-01 8.580314503519568259e-01
8.840101904370245567e-01 8.588986117065796622e-01
8.811434564987836726e-01 8.620191024551265846e-01
8.801178315320172807e-01 8.631306490032111256e-01
8.787536246331023593e-01 8.645966264629243447e-01
8.778592900830847201e-01 8.655401259834977212e-01
8.732561042848904220e-01 8.703818381646961644e-01
8.731224203894087932e-01 8.705221729949131904e-01
8.709242877986336229e-01 8.728174924100977616e-01
8.652051354058216681e-01 8.787440398381941575e-01
8.646471636013318696e-01 8.793155696744120453e-01
8.635252643339809131e-01 8.804003512661506825e-01
8.616687470603144883e-01 8.821853278913995844e-01
8.583556826145081198e-01 8.853582845152238034e-01
8.562853513912890291e-01 8.872867116941615118e-01
8.516756949146623290e-01 8.915660444698059184e-01
8.498287717443171463e-01 8.932264883212458484e-01
8.489135276426565957e-01 8.940344868908121079e-01
8.476745387027238010e-01 8.951245478909748421e-01
8.459888752837738668e-01 8.966022894176988167e-01
8.447566755325750520e-01 8.976507419057242476e-01
8.443317844015444384e-01 8.980051779126764222e-01
8.421570454149445162e-01 8.998013831393902873e-01
8.420507837749835467e-01 8.998887492241459674e-01
8.415975384743300536e-01 9.002612442380015789e-01
8.400422972453548409e-01 9.015032612190632122e-01
8.382933042389537626e-01 9.028721124276192223e-01
8.318957843707206479e-01 9.077594431043538581e-01
8.290418213517635193e-01 9.099225119074152435e-01
8.270817947158227712e-01 9.113838869130908016e-01
8.189481306982122621e-01 9.173221530922277545e-01
8.166126048309377827e-01 9.190168869080341807e-01
8.138919182442456712e-01 9.209384053179897611e-01
8.095015378603745981e-01 9.240079441341936262e-01
8.044992033807479848e-01 9.274285281976067941e-01
8.034786337097818976e-01 9.281168929164481662e-01
8.021630590687042206e-01 9.290019381386520614e-01
8.010346870530559160e-01 9.297525983615986256e-01
8.001011438529935793e-01 9.303520127184398136e-01
7.994926515236264741e-01 9.307342226587433931e-01
7.969662825568252229e-01 9.323119660655535546e-01
7.929572679202935293e-01 9.347696097651346792e-01
7.926905139884238283e-01 9.349282673485570516e-01
7.898246514507107907e-01 9.366117590476876753e-01
7.880623526033397885e-01 9.376385842426198103e-01
7.858895844567821420e-01 9.388681927710936792e-01
7.837318621379101291e-01 9.400346696404071611e-01
7.820974446219001175e-01 9.408919178341688117e-01
7.803819681896518867e-01 9.417810207680835655e-01
7.789095081503798479e-01 9.425400372742510635e-01
7.759136980159769825e-01 9.440842446781648745e-01
7.733981430258715095e-01 9.453777828865321808e-01
7.715960448337361166e-01 9.462952043036171323e-01
7.694596754598860278e-01 9.473807871782068402e-01
7.665615855725199657e-01 9.487685497706733750e-01
7.636410819270554873e-01 9.501232063971861708e-01
7.618738846020822741e-01 9.509283170925215689e-01
7.582171493946019414e-01 9.525788440804642265e-01
7.557592500226076870e-01 9.536872526297898167e-01
7.496184236885802266e-01 9.564422854184660983e-01
7.428999739430531823e-01 9.593366121576218930e-01
7.413875470294569725e-01 9.599794339849941904e-01
7.404662173635353506e-01 9.603708815500536788e-01
7.400080157583386331e-01 9.605648282935899118e-01
7.372537117872411949e-01 9.617280732862958370e-01
7.311020876440565974e-01 9.642792805814203172e-01
7.292563780129186490e-01 9.650355489900087624e-01
7.270323307830581783e-01 9.659456778596727800e-01
7.247842563770153790e-01 9.668608084995172769e-01
7.233126913021187265e-01 9.674553363055125033e-01
7.196564128451404807e-01 9.689234038377132485e-01
7.149456954880248905e-01 9.707493782307332619e-01
7.127615789498853438e-01 9.715159899855093650e-01
7.091005686213888159e-01 9.727987953892909267e-01
7.080226789420357436e-01 9.731633564781579926e-01
7.014486212119868114e-01 9.753411080251912502e-01
7.003269729399714816e-01 9.757102977438202318e-01
6.963259995515652667e-01 9.769964831319293275e-01
6.946003475207725986e-01 9.775498251523921933e-01
6.894778864252619766e-01 9.791095387300787767e-01
6.872986808098437983e-01 9.797728523463117289e-01
6.861507999456663009e-01 9.801212244712883548e-01
6.821769048914579914e-01 9.813046538925129791e-01
6.757861691318012287e-01 9.832040057639559461e-01
6.748130946421357912e-01 9.834902906303993886e-01
6.734948309314756631e-01 9.838758807071575907e-01
6.729167097225478011e-01 9.840411103776356416e-01
6.723520821946554760e-01 9.841979626100014755e-01
6.699694541314384910e-01 9.848446153887447929e-01
6.616415111610561839e-01 9.870971185561947525e-01
6.614842915316919703e-01 9.871372785036343078e-01
6.590795835593548091e-01 9.877325705784530951e-01
6.557997244399899062e-01 9.885161123556210905e-01
6.547433831072487775e-01 9.887600038115117451e-01
6.539247461631089164e-01 9.889484272514114105e-01
6.484161716444111212e-01 9.901386115071908467e-01
6.472214114922466566e-01 9.903803983152342783e-01
6.456788839038174466e-01 9.906567800004320024e-01
6.400843772333507653e-01 9.916331327737600843e-01
6.329998889191741362e-01 9.928166770703518162e-01
6.297984357539339051e-01 9.933403866895638146e-01
6.216997877210824752e-01 9.946413106871601073e-01
6.194906000205532282e-01 9.949875500992929611e-01
6.187236864244516354e-01 9.950995998195993897e-01
6.172761404108842997e-01 9.952617973291839615e-01
6.074649772176825557e-01 9.963512820503118705e-01
6.054769223605678263e-01 9.965448754074581750e-01
6.051992343944448960e-01 9.965703911910689383e-01
6.005122922065018187e-01 9.969811971462643196e-01
5.936549538256667979e-01 9.975400768491272663e-01
5.926073070721975533e-01 9.976202596578818138e-01
5.899439294242727616e-01 9.978110652765904698e-01
5.882765763343617005e-01 9.979279131049816343e-01
5.810048596398729170e-01 9.983565301221207777e-01
5.796057369776471679e-01 9.984345248637888082e-01
5.726741529212541204e-01 9.987896078883167217e-01
5.685576914950509764e-01 9.989894464001236596e-01
5.668404893059835192e-01 9.990707090557813252e-01
5.604047050863210089e-01 9.993611646317470676e-01
5.583243569428925079e-01 9.994460305175126846e-01
5.568912325963624177e-01 9.994808655714735313e-01
5.529609314099844797e-01 9.995439176594651531e-01
5.430711620008353835e-01 9.996799787600484377e-01
5.428337808506930040e-01 9.996828812858418178e-01
5.405261614312014684e-01 9.997103838092498140e-01
5.350569932662214701e-01 9.997572712279072515e-01
5.323349883850488906e-01 9.997567717555448930e-01
5.305427572758900645e-01 9.997536495032821602e-01
5.287329814897833158e-01 9.997488816661561639e-01
5.235355678389277401e-01 9.997171234251061023e-01
5.227687530159791374e-01 9.997118535689528684e-01
5.153745739283206451e-01 9.996019404092634231e-01
5.133482984777727465e-01 9.995681930452263719e-01
5.112727285221254636e-01 9.995206208220990263e-01
5.042339830417438273e-01 9.993090845122681865e-01
5.001215119012840660e-01 9.991550600548038119e-01
4.954163593999791892e-01 9.989431421081349516e-01
4.925870762159305638e-01 9.988141218966519741e-01
4.914725504316099780e-01 9.987609164227464476e-01
4.882688659913935192e-01 9.986069786599589548e-01
4.860791004629163581e-01 9.985011030612768179e-01
4.801150434988812332e-01 9.981885279380799947e-01
4.783930354946415164e-01 9.980940731649781128e-01
4.752924326247561781e-01 9.979042813994094541e-01
4.715086335908162951e-01 9.976708658437305477e-01
4.674433618578770488e-01 9.974200407121327494e-01
4.639353592238280033e-01 9.971776214981075137e-01
4.572729884329329586e-01 9.966986569717162237e-01
4.480640454428324038e-01 9.960208577338939273e-01
4.470995425906553189e-01 9.959464009157352749e-01
4.429026492399172898e-01 9.956158120270894862e-01
4.382994538785631722e-01 9.952490836314124012e-01
4.365126966982456613e-01 9.951063593556654929e-01
4.339328441003865722e-01 9.948996366600791896e-01
4.314932253839960374e-01 9.947030679245019158e-01
4.261124717682882590e-01 9.942515264197201441e-01
4.253947151929293735e-01 9.941906166127152389e-01
4.224316270917701788e-01 9.939376143907469041e-01
4.169753313746550338e-01 9.934680974951970445e-01
4.141825408178632095e-01 9.932201563198570504e-01
4.100815841563201225e-01 9.928196338518219255e-01
4.055533492676475227e-01 9.923737815629580794e-01
3.983426542446883989e-01 9.915800911556904573e-01
3.940024897639293755e-01 9.910793631630897549e-01
3.932326059440672816e-01 9.909881687355146518e-01
3.893156462556039976e-01 9.905131601799634922e-01
3.844638141293240663e-01 9.898993572864378532e-01
3.793062199905578025e-01 9.892404682699222906e-01
3.752989220606092191e-01 9.887268736358888477e-01
3.738382561562662021e-01 9.885364766496663735e-01
3.701984963839759502e-01 9.880615796670456641e-01
3.668322087717683644e-01 9.875693810584201815e-01
3.638316860947983233e-01 9.871221220371183547e-01
3.596648298989684189e-01 9.864885052256584519e-01
3.550834452988165246e-01 9.857602606462594341e-01
3.379938142347277408e-01 9.830272877495339623e-01
3.293871576378114563e-01 9.816409257307052716e-01
3.271535878670460695e-01 9.812733729663510873e-01
3.208148863346994561e-01 9.802179492323979115e-01
3.195649686824404423e-01 9.799958931669825457e-01
3.159606867081359294e-01 9.793475547549960192e-01
3.146619654676604538e-01 9.790982477806280393e-01
3.128059482074075914e-01 9.787186714915153685e-01
3.097780829148146786e-01 9.780788555579513766e-01
3.043305432430875035e-01 9.768962499413055278e-01
3.022747929653901711e-01 9.764394506991150857e-01
2.997466928317131796e-01 9.758581482987477296e-01
2.927857560744469012e-01 9.742266873499013657e-01
2.906890987016345074e-01 9.737293414823015025e-01
2.875501783823308788e-01 9.729512856496639328e-01
2.871058117017396549e-01 9.728406662975616070e-01
2.843469696470545260e-01 9.721518878811168385e-01
2.839123132359205881e-01 9.720433397237451256e-01
2.836608204789569099e-01 9.719779731963656966e-01
2.828102522172262212e-01 9.717504932207218227e-01
2.801310176816652620e-01 9.710199362918371380e-01
2.773516270047542420e-01 9.702603299500719425e-01
2.729836616489145218e-01 9.690058883695440439e-01
2.727443638297855077e-01 9.689365635870904603e-01
2.692733942351777099e-01 9.679099429964238555e-01
2.684796176376930132e-01 9.676602353074054141e-01
2.674569745319578251e-01 9.673381821668731728e-01
2.650959576189639844e-01 9.665805082593630360e-01
2.640528250042962766e-01 9.662390717267295148e-01
2.627367612834047295e-01 9.658038496544943952e-01
2.620750460751678501e-01 9.655793654545173910e-01
2.575244061990555888e-01 9.639955948631226956e-01
2.560764840543118259e-01 9.634881956017682381e-01
2.557982372690378314e-01 9.633899795006821698e-01
2.549340152330288323e-01 9.630795198143106139e-01
2.505849039956842272e-01 9.614951703157734730e-01
2.482657080834436147e-01 9.605932284795369869e-01
2.439909539888730494e-01 9.589105521038221447e-01
2.425138280736236496e-01 9.583193398775445848e-01
2.404335193316170516e-01 9.574828640810312264e-01
2.357914539779180085e-01 9.556082540381012347e-01
2.326896095417544386e-01 9.543538974293331867e-01
2.279688491401773431e-01 9.524098554453327425e-01
2.267268468554923810e-01 9.518937703526352268e-01
2.249653479050020000e-01 9.510978501345471736e-01
2.232915264473511741e-01 9.503330919300019275e-01
2.219552794644907845e-01 9.497113451768675052e-01
2.163951244614783498e-01 9.470178388396411906e-01
2.140461250280539796e-01 9.458757881427075631e-01
2.119243035097609917e-01 9.448264642638946054e-01
2.100774516782032419e-01 9.439047854183273412e-01
2.087514040170794782e-01 9.432049294730128208e-01
2.072656033380723128e-01 9.424169023846390436e-01
2.055231935436827584e-01 9.414923882631321961e-01
2.011933590685037743e-01 9.391913617838039130e-01
1.949225564615173489e-01 9.358147358988799791e-01
1.924423322937574010e-01 9.344296831325432651e-01
1.918009598186743991e-01 9.340706346736696863e-01
1.895629505065338227e-01 9.327884082075901251e-01
1.887566727501026609e-01 9.323214377072436276e-01
1.853850254870961223e-01 9.303358726893674602e-01
1.835699279240109449e-01 9.292597890391781634e-01
1.801327052238035353e-01 9.272007345518589183e-01
1.798954427167092085e-01 9.270577394171837238e-01
1.779123487399970616e-01 9.258255539308613002e-01
1.750221087136558662e-01 9.239868446151516812e-01
1.713410049087482623e-01 9.216436183782470426e-01
1.688055832262345124e-01 9.200233780052179400e-01
1.651039705858313722e-01 9.176538245547930517e-01
1.596391445482155946e-01 9.141517696638884471e-01
1.580552919222015795e-01 9.131207633561395642e-01
1.560866912108104243e-01 9.116846312845385825e-01
1.556679281800602554e-01 9.113786984642637812e-01
1.550269883417574324e-01 9.109093718496341641e-01
1.523489534912191301e-01 9.089347900571763672e-01
1.517496310608011933e-01 9.084925088348496658e-01
1.497126053745613250e-01 9.069767054895658820e-01
1.489726975673962839e-01 9.064226685689157348e-01
1.472028651614292194e-01 9.050568661128354231e-01
1.449351138758392388e-01 9.032917970358296245e-01
1.431891842938641801e-01 9.019193762686510407e-01
1.403588420180358343e-01 8.996885091695505654e-01
1.393052382075909978e-01 8.988574986123061272e-01
1.388153699618767112e-01 8.984491312409570440e-01
1.367042086348794205e-01 8.966852255092376822e-01
1.338277622150251256e-01 8.942489258048992307e-01
1.326068355156388989e-01 8.932107831969420264e-01
1.307921542928556224e-01 8.916362731817779608e-01
1.260890447010256654e-01 8.874658120502134651e-01
1.242662705023132030e-01 8.858066489270557398e-01
1.229407229097465581e-01 8.845677410954317921e-01
1.215353121793235625e-01 8.832135742703306480e-01
1.208364861546630253e-01 8.825357927961738902e-01
1.176311187360656874e-01 8.794139832160799974e-01
1.148486043404243206e-01 8.766874549944349004e-01
1.131438079679794040e-01 8.749920762440095423e-01
1.107205880514077201e-01 8.725643545247000477e-01
1.093957368436282440e-01 8.711670854938738939e-01
1.068644716793107907e-01 8.683509092654756456e-01
1.021796193214054016e-01 8.630542082570787921e-01
1.013876696635012120e-01 8.621530935896019043e-01
9.616025768601677015e-02 8.561746104788788836e-01
9.377078193165599984e-02 8.534001935856758703e-01
9.029209270443183666e-02 8.493484539029385605e-01
8.922143192424936142e-02 8.480718952813329770e-01
8.819613975725959509e-02 8.467145692281445868e-01
8.730654703002926897e-02 8.455275261660195607e-01
8.721963846266422848e-02 8.454111793808316566e-01
8.677603427673818981e-02 8.448139910327305824e-01
8.471920074260153033e-02 8.420236888531257291e-01
8.378077640795122960e-02 8.406975187546362749e-01
8.268014235929710409e-02 8.391038702601003596e-01
8.198376516050165375e-02 8.380655286312960195e-01
8.030240797987342471e-02 8.355303614615057217e-01
7.973058351482320560e-02 8.346523050068836991e-01
7.426420876103956292e-02 8.259095540123703172e-01
7.302975974939007742e-02 8.238372430742175734e-01
7.074695324029178778e-02 8.199895702539587994e-01
6.853486386148111009e-02 8.162276430384144410e-01
6.727297094649675735e-02 8.140727955440100194e-01
6.529980601582108246e-02 8.105103257956502993e-01
6.449610265020888633e-02 8.090579669341617652e-01
6.401882747180154265e-02 8.081670638778952753e-01
6.331984513307375995e-02 8.068142212905415889e-01
6.091927429036170238e-02 8.020225602434249979e-01
5.803623120749012987e-02 7.962039877505844299e-01
5.680374979519120515e-02 7.936440987072097553e-01
5.641438485974703543e-02 7.928353309001585636e-01
5.385082150403708301e-02 7.873523352621515370e-01
5.259356855187402591e-02 7.845939899874838641e-01
5.211468078380776525e-02 7.835220240361626676e-01
5.032975366528635863e-02 7.795193919018895690e-01
4.895850350187869182e-02 7.764374609652601178e-01
4.739027947697704857e-02 7.728212645464317410e-01
4.605690722165789452e-02 7.697089851120969550e-01
4.414497854811805233e-02 7.650033058365133254e-01
4.348195001297350260e-02 7.633489731557021596e-01
4.197840152974074979e-02 7.595285874088958389e-01
4.072159665712882237e-02 7.562449232799648424e-01
3.911403788160594530e-02 7.520155203579236280e-01
3.805572157791425880e-02 7.490994336726840563e-01
3.726120028821078289e-02 7.468981170062647390e-01
3.632043042543331435e-02 7.442477430211094092e-01
3.515132985342939165e-02 7.409085956605925283e-01
3.493469179977248817e-02 7.402722950178765027e-01
3.463389002024619412e-02 7.393407755756651323e-01
3.291185551891950833e-02 7.340046824063916064e-01
3.251632987272390363e-02 7.327731258891595489e-01
3.126238732213659777e-02 7.288276437534444430e-01
