3.190289392097283017e-01 2.465498210143923785e-02
3.249589314456614586e-01 2.255086175812548444e-02
3.275773765128390247e-01 2.166437143515187458e-02
3.293908824517345346e-01 2.105832342842439697e-02
3.321043720396958943e-01 2.015813259792575973e-02
3.332486072839814240e-01 1.978207243915797164e-02
3.341220901636509089e-01 1.952554086686109081e-02
3.390579150140842213e-01 1.817267576816539165e-02
3.399911686051659832e-01 1.792253833583090650e-02
3.408657250270432648e-01 1.769059396972649800e-02
3.428763662107565668e-01 1.717843401776164569e-02
3.481810182932896236e-01 1.593506735204308633e-02
3.509390910450108647e-01 1.530331082489144734e-02
3.519989931466303013e-01 1.506169207044005809e-02
3.543082064973306355e-01 1.454187619450042490e-02
3.557814709542632681e-01 1.421361748912686185e-02
3.591242034212601686e-01 1.347610358648609896e-02
3.665313552976108280e-01 1.190837889186691090e-02
3.707355070840561151e-01 1.105930379976893807e-02
3.733445657436147425e-01 1.062708665447198442e-02
3.754616291971100139e-01 1.029173706995079041e-02
3.851838617889954408e-01 8.763727644393037863e-03
3.883971473685657871e-01 8.259940984101765693e-03
3.894270906352577111e-01 8.111923814688948298e-03
3.906793803740714610e-01 7.945985959925017106e-03
3.919550577153821935e-01 7.782213194171050397e-03
3.936494798925617156e-01 7.566213206525063129e-03
3.980599891848807248e-01 7.021164599477103252e-03
4.004447484137253488e-01 6.739351070616184103e-03
4.013267680077854394e-01 6.637986368001613791e-03
4.134261636379678029e-01 5.276151798641715018e-03
4.162503460405311273e-01 4.962138685462802457e-03
4.172011316843831086e-01 4.856710522982310430e-03
4.179045665466573078e-01 4.778776001907236726e-03
4.189036471651134130e-01 4.670336432489374801e-03
4.214191461929265303e-01 4.398516319466083679e-03
4.277870582579520464e-01 3.727159976173788358e-03
4.292209507942552627e-01 3.577927181580453642e-03
4.324785895706222405e-01 3.248074344687434944e-03
4.338385651064557980e-01 3.111191991707951132e-03
4.423403024878709289e-01 2.317395067490291005e-03
4.441410447086084901e-01 2.172586807030030265e-03
4.456293924389098660e-01 2.054508946817579229e-03
4.490751961076072662e-01 1.789813171506504652e-03
4.500784839722782316e-01 1.718114734175379965e-03
4.505195249487458087e-01 1.689851547906462415e-03
4.557911531336175104e-01 1.374163759470858892e-03
4.630524135762943416e-01 1.004957288732510889e-03
4.643603272937049109e-01 9.463391411268506914e-04
4.663021222385718145e-01 8.677912942062215862e-04
4.712667486850937726e-01 6.951750362333974920e-04
4.731494162596664443e-01 6.497809929227882364e-04
4.791389577057565408e-01 5.276067764231617829e-04
4.807091041581238455e-01 5.084935332543283337e-04
4.848988367575136627e-01 4.675380988657940051e-04
4.896458403322950792e-01 4.593056408663809265e-04
4.963897575954583363e-01 4.843985316707044575e-04
4.999128421856109394e-01 5.017709392212132968e-04
5.015449660077931915e-01 5.181409015576621258e-04
5.096494551707198006e-01 6.098453536947934239e-04
5.139364538200725807e-01 6.624369758402304242e-04
5.146294820890606747e-01 6.733440364946607914e-04
5.159063573643869471e-01 6.954710176171330360e-04
5.184303198263359169e-01 7.433735429763776992e-04
5.197896655776378383e-01 7.840993561697429115e-04
5.302653655346174499e-01 1.250253787477451084e-03
5.331802904011524458e-01 1.415452724057963962e-03
5.381823400071065189e-01 1.704205313477924477e-03
5.412032360737888403e-01 1.884527414671599566e-03
5.436869874099243827e-01 2.034592155224834720e-03
5.460787984151199703e-01 2.188230447237704546e-03
5.502567221441050371e-01 2.469413802239084355e-03
5.661396521681684169e-01 3.831311642738088885e-03
5.721184986501399727e-01 4.429467316084068074e-03
5.789505946608589637e-01 5.114386213681099136e-03
5.840915137060239681e-01 5.640518021942431126e-03
5.865397966128037543e-01 5.895613652280640160e-03
5.890048201981252785e-01 6.178077951999316753e-03
5.986885447186202081e-01 7.326332240893518311e-03
6.031288242110703912e-01 7.861689232085300461e-03
6.146662145335866079e-01 9.374608631913528001e-03
6.214214423293749068e-01 1.028508212939360789e-02
6.248537612723039647e-01 1.074966642288976981e-02
6.255623011957586188e-01 1.085067986886645297e-02
6.309164462671948970e-01 1.162273169174621312e-02
6.318017660142999370e-01 1.176726923815740733e-02
6.322357933450710732e-01 1.183879026711465166e-02
6.352730154657646455e-01 1.234929871791135003e-02
6.447493831562390865e-01 1.395893486394950145e-02
6.476553228502293091e-01 1.447258357534086937e-02
6.504488172630696896e-01 1.498552874142800029e-02
6.530020722359292096e-01 1.549196711864431197e-02
6.563822662428565602e-01 1.616855812100093104e-02
6.619868593101406740e-01 1.729118571193288822e-02
6.637708805927303723e-01 1.765113053618061478e-02
6.648863479871378601e-01 1.788996278727705835e-02
6.663939404429503055e-01 1.822372683241280100e-02
6.686635546748295189e-01 1.875947231730179521e-02
6.735895490862282564e-01 1.996876761765298269e-02
6.744930289707716797e-01 2.019657640718086622e-02
6.760512028191046907e-01 2.059054988550934606e-02
6.774483661864482142e-01 2.094823930919498256e-02
6.834538954623154972e-01 2.249918897845604171e-02
6.861224168910151633e-01 2.321430903185583983e-02
6.887028303079870684e-01 2.391711921190731172e-02
6.926643081859847895e-01 2.508957861288463320e-02
6.935440509191594938e-01 2.535500851682559453e-02
6.950658897610931808e-01 2.585068271225887671e-02
7.011865534206584982e-01 2.785081458170357571e-02
7.046501938344661431e-01 2.899131554712053305e-02
7.055791058809599559e-01 2.929760780165602263e-02
7.124506414401510224e-01 3.164945946497987883e-02
7.150242310525860567e-01 3.253853332015199662e-02
7.236417066756017924e-01 3.552830454987621067e-02
7.242720915250663305e-01 3.575067513672702812e-02
7.248831410901306338e-01 3.596846159907041152e-02
7.288605621875808849e-01 3.745837204816027111e-02
7.320947862534836759e-01 3.867366701112684435e-02
7.340719022322099718e-01 3.942701800880321628e-02
7.390375635323102044e-01 4.134091716182253240e-02
7.400074719423803682e-01 4.171838920330173117e-02
7.413808722081669522e-01 4.226114974144490333e-02
7.450155864623012603e-01 4.372236782136462718e-02
7.487815139946560894e-01 4.531570317699507022e-02
7.542105510898396981e-01 4.762687027822753993e-02
7.559853630913362377e-01 4.838558475548182525e-02
7.582718437863175120e-01 4.937378456059049459e-02
7.645394117431745240e-01 5.210394989749378425e-02
7.677283395078955408e-01 5.349341657623563062e-02
7.686988194150421450e-01 5.396883171208899377e-02
7.716811847734792451e-01 5.543585183204768896e-02
7.734364062735330503e-01 5.631866531209017701e-02
7.756092186608189998e-01 5.742454244420558407e-02
7.798421633447049084e-01 5.958107433007153730e-02
7.897034977600750905e-01 6.466039300478321206e-02
7.907507029762361750e-01 6.520262507583829414e-02
7.966366159846470785e-01 6.825171280020192466e-02
7.970864574687624993e-01 6.848873923797271779e-02
8.005997894357272937e-01 7.037882760673963567e-02
8.040806495916575924e-01 7.229290910979913054e-02
8.047078510139721308e-01 7.266362458084085763e-02
8.068012363335923531e-01 7.390997609459937223e-02
8.091059115696299653e-01 7.529831611583615025e-02
8.125656611756093550e-01 7.740910861438721202e-02
8.163366994220274675e-01 7.981029331392541781e-02
8.181513203095017728e-01 8.097936280008011245e-02
8.215374503713900323e-01 8.319620379136627442e-02
8.275466410926705096e-01 8.723851302404928010e-02
8.292828699855702146e-01 8.841900435836602679e-02
8.308503158649850340e-01 8.951419742297983539e-02
8.333063848191850642e-01 9.125871444948496780e-02
8.355131170888578929e-01 9.285191424594985143e-02
8.403628172542607633e-01 9.667706980930979022e-02
8.424890543940103393e-01 9.836765421783044694e-02
8.458535139899792110e-01 1.011034363802842950e-01
8.459986665509928727e-01 1.012219571245535077e-01
8.476756465614220248e-01 1.026331262115893761e-01
8.514426882553114417e-01 1.058076270175883904e-01
8.538243058557987153e-01 1.078238582719448502e-01
8.545940070216356821e-01 1.084869155394651008e-01
8.590755138087472487e-01 1.123552166132708585e-01
8.611820681869548633e-01 1.141887399951345694e-01
8.621096036243022231e-01 1.149992376810736738e-01
8.634314647557912448e-01 1.161701836383299824e-01
8.671406813927330370e-01 1.194572419909984973e-01
8.673231904365863443e-01 1.196199684804443164e-01
8.691241052241809317e-01 1.212326130950195369e-01
8.697897778931220625e-01 1.218342497154345505e-01
8.712760514250016408e-01 1.232202167855607211e-01
8.739413454189906005e-01 1.257309905737564737e-01
8.763751019868690761e-01 1.280371008529559429e-01
8.770372907559932374e-01 1.286813378906865868e-01
8.781745975371472168e-01 1.298066091984964032e-01
8.804134528009185390e-01 1.320330547676284993e-01
8.820210056340304083e-01 1.336380138089766634e-01
8.834664844746548118e-01 1.350885701854217524e-01
8.864601308261893520e-01 1.381005933247678730e-01
8.879135983025742140e-01 1.396444676597248247e-01
8.882774472031319535e-01 1.400439072198081947e-01
8.891893921651820021e-01 1.410491857171572994e-01
8.909614221240401699e-01 1.430169721529477300e-01
8.916602219447170574e-01 1.438259007561762948e-01
8.923616687656196200e-01 1.446517935797628773e-01
8.925950742869709353e-01 1.449297893473097121e-01
8.969907595542341294e-01 1.501936718166637652e-01
9.008808529294038969e-01 1.549283176279103724e-01
9.016115059426297318e-01 1.558684231659509534e-01
9.042743249726467036e-01 1.593312565070308384e-01
9.054055978037121033e-01 1.608211924954113803e-01
9.059549218026278217e-01 1.615464927363945424e-01
9.072973511367088406e-01 1.633438878265665029e-01
9.085784628418536180e-01 1.652264787694447401e-01
9.090049054835347420e-01 1.658623627496859099e-01
9.098817778567843684e-01 1.671722434324546258e-01
9.144847230410318994e-01 1.740605042477543218e-01
9.153829332435057253e-01 1.754413484685879432e-01
9.171583478630316311e-01 1.782172121592250358e-01
9.183685877499466743e-01 1.801164138766504497e-01
9.186633043981143887e-01 1.805811529645058311e-01
9.205813530418708313e-01 1.836743824177999862e-01
9.212778453292694847e-01 1.848003484607639857e-01
9.234528170091521604e-01 1.883416987427707356e-01
9.247896970446779497e-01 1.905582385204379614e-01
9.301762342471274758e-01 1.995366026577541918e-01
9.307384541471332984e-01 2.004952332141048954e-01
9.313776545827819886e-01 2.015895349087747368e-01
9.348054845463866780e-01 2.075208124003052879e-01
9.369593712882268166e-01 2.112492047552968488e-01
9.383803724381070133e-01 2.138075563790283740e-01
9.399937031322384007e-01 2.167200412804412002e-01
9.436456741939358572e-01 2.234608017805026492e-01
9.444023541120424303e-01 2.248781583198293799e-01
9.468028155806935686e-01 2.294383083178634930e-01
9.493341929956365943e-01 2.343047876396172624e-01
9.498780002248571330e-01 2.354071347371153866e-01
9.508629846624515602e-01 2.374286605500888214e-01
9.536307756077563313e-01 2.431402342529082050e-01
9.551075153790711258e-01 2.463169868228021198e-01
9.563369384088589165e-01 2.489989325052609503e-01
9.571165708093613000e-01 2.507118261931073899e-01
9.580299130109550809e-01 2.527363468008237968e-01
9.598396496784842302e-01 2.568329914843633377e-01
9.604387407177549241e-01 2.582500207216362753e-01
9.615232547154061171e-01 2.608208049724314304e-01
9.622926216561378254e-01 2.627102751452097262e-01
9.634023995811682450e-01 2.656407601168419008e-01
9.646080512189374456e-01 2.688364232659542497e-01
9.651297729618631971e-01 2.702215565035710476e-01
9.669035955464049259e-01 2.749365940267868291e-01
9.685053373287889622e-01 2.792001476020482542e-01
9.710459108514155613e-01 2.860665091816231298e-01
9.726713296032053480e-01 2.905076817026437386e-01
9.734382488242392384e-01 2.927924940076063187e-01
9.736283438407163926e-01 2.933620108743191235e-01
9.741426334179819069e-01 2.949567736797947815e-01
9.747145635676620623e-01 2.967739750064841697e-01
9.750345390548983415e-01 2.978086849498027266e-01
9.753632198601965841e-01 2.989987761861593318e-01
9.763853010467702376e-01 3.027210223283202106e-01
9.765392741096556861e-01 3.032894631990973311e-01
9.773600755242771720e-01 3.063199550982572683e-01
9.783505226882853734e-01 3.102221806929689185e-01
9.798299213183795375e-01 3.160539470196788159e-01
9.805920561438280503e-01 3.191144333766308128e-01
9.806634608680435683e-01 3.194424899286170128e-01
9.825504304459348193e-01 3.282651341463758143e-01
9.834181537180038957e-01 3.323415855882758674e-01
9.843771717810699817e-01 3.368612082149143871e-01
9.849747808378892522e-01 3.397206457453370021e-01
9.850190175857697072e-01 3.399343784005715019e-01
9.851604138911925768e-01 3.406717003799411003e-01
9.857037267609535247e-01 3.435212891951884284e-01
9.858364611650441978e-01 3.442225424083924512e-01
9.864988693781899798e-01 3.477874977635675435e-01
9.874489548581485421e-01 3.530395217674947572e-01
9.881849323716819233e-01 3.571811444930295121e-01
9.887227377166071252e-01 3.602160233210626172e-01
9.890295935980291109e-01 3.620091819618903584e-01
9.892710684767487272e-01 3.634569744313400630e-01
9.899302085425953912e-01 3.675559613982362084e-01
9.902208195351220876e-01 3.694498102615647595e-01
9.905636176453123110e-01 3.717411465652952218e-01
9.922028177438798613e-01 3.826990772874553359e-01
9.923415824540725572e-01 3.836663851391197699e-01
9.929258837439477459e-01 3.879977580920462854e-01
9.930041911721594339e-01 3.885890742834792189e-01
9.935988442041940871e-01 3.931738706190425203e-01
9.938458304985766656e-01 3.951005699471913379e-01
9.941340708448281882e-01 3.973534360461816739e-01
9.943089469597204966e-01 3.987262483168038107e-01
9.945118247717242843e-01 4.003468241724097432e-01
9.950467722209066501e-01 4.056837262075445594e-01
9.955614801742764808e-01 4.112574798764013773e-01
9.960200974361870241e-01 4.162385052292091325e-01
9.964653667952962923e-01 4.214051005008641049e-01
9.967084005610303832e-01 4.247504823500878324e-01
9.969230266531268203e-01 4.277580416327358970e-01
9.971811037994968707e-01 4.315488634953592584e-01
9.973635769305552179e-01 4.342926908145207099e-01
9.976639204481935197e-01 4.391223814950895310e-01
9.979485835912988989e-01 4.437779845347762375e-01
9.984416376386912040e-01 4.519346552171589204e-01
9.986044468611910974e-01 4.546784069344571577e-01
9.988229492583090563e-01 4.583745846433745497e-01
9.988383677568413166e-01 4.586466275598228837e-01
9.989496037907518167e-01 4.607538208131598534e-01
9.990744536068532078e-01 4.635225570215759650e-01
9.991522999740375388e-01 4.653852724840725763e-01
9.992324199115495409e-01 4.677554890824822120e-01
9.992659576102059793e-01 4.688419199475110100e-01
9.992745757386493066e-01 4.691803293113752105e-01
9.993351201400612061e-01 4.720987975568617934e-01
9.994316692518501188e-01 4.769309784806172736e-01
9.995497287980619205e-01 4.828773238133025059e-01
9.996841458709574413e-01 4.907455262798089413e-01
9.997349738978189571e-01 4.938142755823928809e-01
9.998056915719713000e-01 4.982518397975495006e-01
9.998417016654671530e-01 5.011594817960601800e-01
9.998658284618678893e-01 5.033174210361223144e-01
9.998816190203699827e-01 5.070757910416299197e-01
9.999040711968659734e-01 5.161649666035719175e-01
9.999117544555443660e-01 5.199251037087466720e-01
9.999094590148365214e-01 5.232471146277076768e-01
9.999068930855474768e-01 5.241122854232366235e-01
9.998743546227034651e-01 5.273837248770918418e-01
9.998235752521318354e-01 5.305426849577248305e-01
9.997544801696021111e-01 5.348329466655349362e-01
9.997089882453330523e-01 5.372863053140980449e-01
9.996499590376385358e-01 5.401422911067463861e-01
9.996045344256111465e-01 5.422016217284564288e-01
9.995158204142049474e-01 5.459065664054945088e-01
9.993883539296014584e-01 5.509368539267114340e-01
9.993554019334428551e-01 5.521958981013407319e-01
9.992486054438908250e-01 5.560007178921061444e-01
9.991823471584748706e-01 5.580669199833888650e-01
9.988567632340115132e-01 5.654832028430000213e-01
9.986810686107311374e-01 5.690133458757052898e-01
9.983426975716523932e-01 5.757460878930885650e-01
9.978512139904024414e-01 5.842203834724403189e-01
9.975879886569745114e-01 5.887069364716133180e-01
9.972555818562015562e-01 5.941527845017200438e-01
9.970740371998887408e-01 5.968225540044260757e-01
9.967160925696497698e-01 6.017326590058873492e-01
9.966315618839892698e-01 6.028896106848864456e-01
9.963248818521308614e-01 6.070437343941603725e-01
9.961859799898026280e-01 6.087879081476114118e-01
9.953031930500572111e-01 6.188771537741222240e-01
9.948566285677957755e-01 6.239408112831269504e-01
9.946557709082090026e-01 6.261320285212566006e-01
9.944617066457946963e-01 6.281508541416366276e-01
9.937709500008302665e-01 6.353118571009503945e-01
9.936510595296534909e-01 6.363836248394636463e-01
9.931647529173669442e-01 6.406438422173599267e-01
9.925011952449709351e-01 6.461433926136926909e-01
9.924518668410582389e-01 6.465460187980780482e-01
9.918742107952017717e-01 6.507557617536319228e-01
9.915862596787412553e-01 6.527488291322014469e-01
9.910631853615770037e-01 6.561624843477472657e-01
9.902904319963636848e-01 6.611903216099844771e-01
9.895641387500506703e-01 6.657731709561979239e-01
9.889908889014679128e-01 6.693243537300472834e-01
9.881560043745188926e-01 6.741525608371325973e-01
9.877884889450129213e-01 6.762295618682431231e-01
9.867344089055778422e-01 6.820801796138932227e-01
9.864425381257959646e-01 6.836636492209402505e-01
9.863338803064095606e-01 6.842523884920476140e-01
9.860213706349252316e-01 6.857932820891378123e-01
9.840599567208346832e-01 6.950157009669857278e-01
9.835024946157228110e-01 6.975978316931154000e-01
9.826010793475616900e-01 7.016406393534103669e-01
9.821715160422100910e-01 7.035066900990025740e-01
9.819667128161289060e-01 7.043919842420188759e-01
9.814591625041672041e-01 7.065734874730236204e-01
9.803997219634023041e-01 7.109804435530434619e-01
9.793598173226901737e-01 7.151439853246445155e-01
9.790081116767628266e-01 7.165479262761340618e-01
9.784698812211487517e-01 7.186948523837173308e-01
9.779006966714741678e-01 7.208995725412169486e-01
9.768511585685655252e-01 7.249238557807562433e-01
9.743847018193341203e-01 7.340062971921413881e-01
9.738798538789665837e-01 7.358161069741290250e-01
9.734053816462348019e-01 7.375120162510983013e-01
9.726607774634921100e-01 7.401453780879678757e-01
9.717448457133053275e-01 7.433593596266028225e-01
9.712702208255777903e-01 7.449716098637854111e-01
9.693322104970627517e-01 7.514992289656423630e-01
9.686173460988334316e-01 7.537622985464407233e-01
9.674523713591434149e-01 7.572867129419773580e-01
9.660116261814388761e-01 7.614719210767824098e-01
9.639923757123243231e-01 7.672346937964543701e-01
9.625145229927525303e-01 7.714490356857296449e-01
9.619704657965297834e-01 7.729942468200573513e-01
9.609899520619883395e-01 7.757405489344978422e-01
9.595428673134139830e-01 7.795665783547113259e-01
9.592172783970176475e-01 7.803645228283039303e-01
9.584394440596640807e-01 7.822636297221697843e-01
9.572740902205162383e-01 7.849613317411832103e-01
9.571005567623152022e-01 7.853430227440229006e-01
9.564852554132456941e-01 7.866774488196239812e-01
9.545829599625073048e-01 7.907445486137407720e-01
9.538027241133294476e-01 7.923238162526209383e-01
9.532565325556101588e-01 7.934120954935371950e-01
9.522562772805859277e-01 7.953970885410085456e-01
9.502041167961277068e-01 7.993849142606487268e-01
9.484487632276971114e-01 8.027952576559387321e-01
9.480234622619752027e-01 8.035715901062574495e-01
9.468777941988028024e-01 8.055338082672841571e-01
9.420038645243069553e-01 8.137384445571512748e-01
9.408267965520193954e-01 8.156875099522528094e-01
9.407177061969753673e-01 8.158614112356752379e-01
9.396902185433635424e-01 8.174953134855138526e-01
9.390240285493229866e-01 8.185508023146282897e-01
9.381811452841257726e-01 8.198851064704342217e-01
9.361246727386933753e-01 8.230408641717192886e-01
9.351874870027231390e-01 8.244582434126812576e-01
9.334110843495271315e-01 8.271420341148333355e-01
9.326288041313340882e-01 8.283044293991996820e-01
9.301250923635273615e-01 8.319313658324097860e-01
9.274431464119736734e-01 8.354591931284383044e-01
9.268820662306967995e-01 8.361969027101028296e-01
9.250958606958841202e-01 8.385401962960633560e-01
9.204427795196210571e-01 8.446354009819916353e-01
9.177584850250835036e-01 8.480158938600091956e-01
9.165401019312917619e-01 8.494737586298860554e-01
9.144345000525100353e-01 8.519770436124740609e-01
9.121349688812776524e-01 8.546732916040370442e-01
9.107152561965661253e-01 8.563166996179755186e-01
9.085577838750955593e-01 8.587935128426309461e-01
9.066535551541696769e-01 8.609654767869366898e-01
9.050455526110000593e-01 8.627803986334621200e-01
9.041332524816569904e-01 8.637801639486190064e-01
9.023187278385709220e-01 8.657581943539327529e-01
9.010171497023617970e-01 8.671559937234812887e-01
9.008768168764107465e-01 8.673037539318833034e-01
8.985675838111878422e-01 8.697347877620191792e-01
8.977328817319125687e-01 8.706072599750278584e-01
8.951086237009385771e-01 8.733284086238630728e-01
8.940683274793480573e-01 8.743991736200507070e-01
8.928376012096626013e-01 8.756146580694568193e-01
8.913225536942475102e-01 8.770902154628650305e-01
8.873906846055783504e-01 8.808852196529977086e-01
8.859028087008660179e-01 8.823067436447358247e-01
8.840627419786450947e-01 8.840457084865879223e-01
8.832549132048347351e-01 8.848083580841923368e-01
8.798428588461739697e-01 8.880015234964896420e-01
8.792325531966546093e-01 8.885697315994197654e-01
8.773498150288225883e-01 8.903126384393081905e-01
8.762156741387968628e-01 8.913327307642857633e-01
8.741008629126568730e-01 8.931432353936210600e-01
8.727675892122044310e-01 8.942834518922487819e-01
8.695666116786524569e-01 8.970146625518339301e-01
8.665620109812079974e-01 8.995366604975253422e-01
8.648735491430163957e-01 9.009403233455379745e-01
8.641236200069837281e-01 9.015543153912149998e-01
8.608934481123859950e-01 9.041559319674772333e-01
8.594851617964696100e-01 9.052826896456120931e-01
8.578031275670362499e-01 9.066118053893620354e-01
8.573553323337660403e-01 9.069609848021482623e-01
8.565222369157742266e-01 9.076009343709124932e-01
8.512102064180753214e-01 9.114826765936258068e-01
8.503545317687816185e-01 9.121078091065314419e-01
8.499941820166883044e-01 9.123707370395044425e-01
8.480868776316144997e-01 9.137450112482389253e-01
8.460669509802626331e-01 9.151823153752085549e-01
8.431263145570465634e-01 9.172704168378391643e-01
8.382234366502185896e-01 9.205092968932971909e-01
8.377869737954380946e-01 9.207953701189581786e-01
8.352860585037602537e-01 9.224137153105446130e-01
8.341823600833047081e-01 9.231273757452446160e-01
8.277708428293266696e-01 9.272576674133232721e-01
8.268786683973671225e-01 9.278253096874062855e-01
8.182197629113342474e-01 9.333070339316441588e-01
8.156785785787392662e-01 9.349057644891984875e-01
8.144314591777308543e-01 9.356736002221359705e-01
8.116924476314779646e-01 9.373394623382762525e-01
8.089335792016061344e-01 9.390160889887070317e-01
8.072105574146181128e-01 9.400478317265277273e-01
8.035397879652814712e-01 9.421845472587020431e-01
8.016006109363518206e-01 9.433085604634167121e-01
8.009245333468929529e-01 9.436963305344094888e-01
8.002041868141700487e-01 9.441030239086339870e-01
7.989017954422781287e-01 9.448200237382778921e-01
7.954840723478687758e-01 9.466161855095364119e-01
7.936139069114592770e-01 9.475964226189454997e-01
7.910564253455387718e-01 9.489241696049385277e-01
7.903462186861333061e-01 9.492856345471006874e-01
7.876341732318743460e-01 9.506457480231054191e-01
7.874027565092173164e-01 9.507606737134207675e-01
7.855970365829957336e-01 9.516550512144635876e-01
7.834282848673447264e-01 9.527202557570465524e-01
7.813716615031151003e-01 9.537296432804471813e-01
7.773137134372460899e-01 9.555656753447396845e-01
7.757863860719661497e-01 9.562528707323405541e-01
7.742927990800769766e-01 9.569134650671190512e-01
7.722990257119464186e-01 9.577904281722430246e-01
7.699668832512019945e-01 9.588136888630583998e-01
7.678117095467784647e-01 9.597549054830784021e-01
7.664406582042293525e-01 9.603536455907991654e-01
7.651758776438785103e-01 9.608281670171828770e-01
7.535251500543499459e-01 9.651859211789549642e-01
7.494144777633475751e-01 9.667140105055089805e-01
7.490238952446264253e-01 9.668584282452922229e-01
7.482950933289641560e-01 9.671211755965567480e-01
7.461875546453741181e-01 9.678801961162909473e-01
7.455760230150583201e-01 9.680927226245237271e-01
7.403855990171475110e-01 9.698703169885211084e-01
7.364543191956275381e-01 9.711866016633038390e-01
7.346282039320649604e-01 9.717841157097893978e-01
7.259888960515215039e-01 9.745806328880349811e-01
7.251055865552661350e-01 9.748496101550567783e-01
7.241092878860113657e-01 9.751457292831682278e-01
7.213587622195998250e-01 9.759568583685857002e-01
7.175897835358244770e-01 9.770646075473156111e-01
7.148733510747817821e-01 9.778466667711751548e-01
7.108456412234918087e-01 9.790024248271558260e-01
7.077481739894497803e-01 9.798838860882619350e-01
7.049747524334458726e-01 9.806581904573398178e-01
7.035901823739054706e-01 9.810316671436095648e-01
7.013403116441038199e-01 9.816116473951553845e-01
6.987747987673813554e-01 9.822705449073996231e-01
6.979014047331916215e-01 9.824942057065400025e-01
6.958965345111606249e-01 9.830062678770900009e-01
6.946093837521991610e-01 9.833133408642680262e-01
6.924411081255930078e-01 9.838299091410050989e-01
6.915220258725207625e-01 9.840461026451103876e-01
6.908658969020858853e-01 9.841979531072803100e-01
6.896722957384673336e-01 9.844713857348019737e-01
6.885258753113659980e-01 9.847174394941765607e-01
6.773805305057141180e-01 9.870588707568892506e-01
6.728070771980665388e-01 9.879804090675905481e-01
6.696085536226504820e-01 9.885846080189319984e-01
6.682080581431470989e-01 9.888341942942591167e-01
6.659099456309844900e-01 9.892423278074086168e-01
6.644525793499325150e-01 9.894892964975801064e-01
6.635193072691281113e-01 9.896446735406615458e-01
6.614255974477637468e-01 9.899812123733191527e-01
6.592304427672482925e-01 9.903258977130592333e-01
6.565895831115098336e-01 9.907356276263423744e-01
6.525735882151222356e-01 9.913526275017731093e-01
6.518659224746840009e-01 9.914592899404601756e-01
6.504823900772782608e-01 9.916675773772384295e-01
6.402950189208322929e-01 9.931372988736473228e-01
6.329636461104033440e-01 9.941796741491220057e-01
6.319413244791212136e-01 9.943243292425633095e-01
6.294475372815852010e-01 9.946507124121768406e-01
6.280370445723671979e-01 9.948081506426681431e-01
6.207007635288855907e-01 9.955141250511487794e-01
6.182503488655992641e-01 9.957481272523472926e-01
6.177923311857949074e-01 9.957914754246832700e-01
6.098096352436759293e-01 9.964585570992502417e-01
6.068854536329919558e-01 9.966837569901321192e-01
6.021535503471724393e-01 9.970190941444936339e-01
5.903089502041326542e-01 9.978448843368925569e-01
5.861489455804602677e-01 9.981125713094667340e-01
5.814515978423838716e-01 9.984059414650763298e-01
5.747675604309591124e-01 9.988231188337896027e-01
5.643962861782083618e-01 9.992770772327191908e-01
5.592461822583287834e-01 9.994006323896419408e-01
5.582800530773811554e-01 9.994175530973813393e-01
5.553398492637768857e-01 9.994623145130683284e-01
5.501215127575139752e-01 9.995404349310892389e-01
5.483895064299402211e-01 9.995406943591336191e-01
5.450128745587891066e-01 9.995115440306042709e-01
5.350376945927953765e-01 9.994223233155724584e-01
5.315447326911498793e-01 9.993820267129659429e-01
5.252308926845719039e-01 9.992750551314699692e-01
5.194490504071096471e-01 9.991422191076015924e-01
5.166612618546366775e-01 9.990763556081507790e-01
5.100885370069452307e-01 9.989057642881273846e-01
5.099598898861847918e-01 9.989023762182785982e-01
5.038157377362013634e-01 9.987117086196986016e-01
4.939016576440198314e-01 9.983712302805395344e-01
4.898641531445382391e-01 9.982320121524447254e-01
4.839338774344997818e-01 9.980230908657663491e-01
4.834433334375621838e-01 9.980013993631028368e-01
4.807630852894159146e-01 9.978613508089617667e-01
4.793784908384853827e-01 9.977791661512058763e-01
4.767034177145553775e-01 9.976174347170337908e-01
4.648833390729125714e-01 9.968758860844132430e-01
4.612815312609396257e-01 9.966027871866761645e-01
4.528380049475750901e-01 9.959443010912950589e-01
4.484300225172139776e-01 9.955879816267969584e-01
4.467296683957675540e-01 9.954448351385605243e-01
4.422673968177736059e-01 9.950131310061243184e-01
4.342941428080319133e-01 9.942054931620117886e-01
4.272518193866415848e-01 9.934821099395431121e-01
4.220439999784065810e-01 9.929039611830307033e-01
4.211176525654281022e-01 9.927999347973509581e-01
4.166958288099836816e-01 9.923017178553273920e-01
4.147938379435173184e-01 9.920819121409218955e-01
4.123153141378975706e-01 9.917672146931970634e-01
4.107596181254672407e-01 9.915617087655311801e-01
4.058767315682715315e-01 9.909122454056978890e-01
4.048125996615513644e-01 9.907703943780546973e-01
3.977765881769107503e-01 9.898025748926794209e-01
3.953456811001760940e-01 9.894468758278951448e-01
3.924770573272066132e-01 9.890238898071932461e-01
3.887577641596950961e-01 9.884586502973343736e-01
3.883820297017150924e-01 9.884008996396639324e-01
3.872906648118922268e-01 9.882223297908429016e-01
3.831749190558337848e-01 9.875313506078494674e-01
3.806289084121735611e-01 9.870657890078786689e-01
3.726384040545851484e-01 9.854632947228512130e-01
3.709581686785740073e-01 9.851116199819001107e-01
3.683842939958786866e-01 9.845576021854207660e-01
3.638345519944685691e-01 9.835670324219351057e-01
3.637667518772802477e-01 9.835521016703275832e-01
3.592028977714418758e-01 9.825104868833668403e-01
3.520353155521068755e-01 9.808440514789193987e-01
3.499195551540382754e-01 9.803329682510817378e-01
3.447902146732558792e-01 9.790516491425956813e-01
3.419871497871989074e-01 9.783120361242083618e-01
3.394093708449829050e-01 9.776117273605110514e-01
3.366276974104709385e-01 9.768346441878230646e-01
3.343415729142552584e-01 9.761940505240723764e-01
3.269609752883422260e-01 9.740373131018877917e-01
3.242813184394651715e-01 9.732402320401477569e-01
3.206700515299473198e-01 9.720909837304435586e-01
3.173543447437732201e-01 9.710247234527346061e-01
3.136173900344022547e-01 9.697780287077272243e-01
3.077335551152734494e-01 9.677621931285241841e-01
2.999328863606364193e-01 9.650528576527143132e-01
2.985920212774801907e-01 9.645691970860423847e-01
2.970007622893787724e-01 9.639943229662637503e-01
2.952243550832128749e-01 9.633445289214208618e-01
2.903298619941725445e-01 9.615290550107481460e-01
2.849198995959314473e-01 9.595115845954164113e-01
2.829818330051304676e-01 9.587501364239379154e-01
2.812448242755409833e-01 9.580572914987610655e-01
2.810763474209859725e-01 9.579898042508773193e-01
2.779666241060786414e-01 9.567159487807297413e-01
2.710036476474322331e-01 9.538478686590202704e-01
2.689045810483773336e-01 9.529810194534111822e-01
2.662641990229556166e-01 9.518538893297315839e-01
2.659154644130289347e-01 9.517034995666487918e-01
2.649487316224562461e-01 9.512843531032829647e-01
2.605070176519488356e-01 9.492798014457042299e-01
2.574567826660769665e-01 9.479017291203529760e-01
2.548276382338934276e-01 9.467022227164638704e-01
2.495125518154911459e-01 9.441784846464955638e-01
2.485504017626822826e-01 9.437069860053111103e-01
2.454577981466476988e-01 9.421779754144226082e-01
2.416404903715621000e-01 9.402903439214844727e-01
2.397244667064437618e-01 9.393212338774999948e-01
2.387933288976810120e-01 9.388482342025332716e-01
2.375614506121871417e-01 9.382185124346493765e-01
2.369359071477064038e-01 9.378894760932825481e-01
2.324145744531296298e-01 9.355071373540587709e-01
2.314705881343203098e-01 9.350041998205486093e-01
2.245002460266987132e-01 9.312187109268762475e-01
2.210030098641130314e-01 9.292747235107993165e-01
2.204698795941275602e-01 9.289778068598578686e-01
2.157401086514491029e-01 9.262941011842429351e-01
2.128032208813083193e-01 9.245815557134485774e-01
2.111492066520184174e-01 9.236146399235700688e-01
2.070330876566787159e-01 9.211434810653873484e-01
2.051518785537929102e-01 9.199900768575464127e-01
2.039318260253422110e-01 9.192414099419289331e-01
2.007608563817481206e-01 9.172923216567578919e-01
2.005415069290921171e-01 9.171531283060563311e-01
1.959974332874536707e-01 9.142296836047448805e-01
1.933322241865481628e-01 9.124868892543906984e-01
1.902964908111578479e-01 9.104302358446799692e-01
1.880663192195054512e-01 9.088807643329851471e-01
1.833783260597197096e-01 9.055962709376514930e-01
1.810422115150042144e-01 9.039527985613262651e-01
1.791352137126116517e-01 9.026094018109916961e-01
1.789471945235914241e-01 9.024744127638951730e-01
1.772038229584272928e-01 9.012004744376570509e-01
1.751068175820115203e-01 8.996594621946716330e-01
1.726842966663933998e-01 8.978698652083211273e-01
1.709180067174925766e-01 8.965166643999923357e-01
1.685419985584466485e-01 8.946211391393766865e-01
1.653701219412867518e-01 8.920825723882429559e-01
1.637992324046161352e-01 8.908248060369877708e-01
1.625006288385366648e-01 8.897777787517989756e-01
1.607173921505939962e-01 8.882883185220461497e-01
1.601215805090263622e-01 8.877806912945147566e-01
1.597791959368556336e-01 8.874748109508309168e-01
1.570642492466473028e-01 8.850238981144549211e-01
1.565916783549272662e-01 8.845862789311522700e-01
1.534697934878918035e-01 8.816944385036038501e-01
1.529169551138753746e-01 8.811704682352078377e-01
1.513287348476121119e-01 8.796210282667948910e-01
1.468518017883587712e-01 8.752411526780797812e-01
1.454458408811709624e-01 8.738269627060002431e-01
1.449811720936793336e-01 8.733556381705845917e-01
1.397681189393649159e-01 8.680549781494789618e-01
1.370093464808515016e-01 8.652322964519275628e-01
1.330740128332812411e-01 8.611809500996479017e-01
1.326426708503360974e-01 8.607278964545901356e-01
1.313417664108692540e-01 8.593568663154173004e-01
1.283105616459738751e-01 8.561512462438616300e-01
1.248298999984575053e-01 8.524074968946442343e-01
1.244531830443637022e-01 8.519906336014677617e-01
1.239886024064815739e-01 8.514642419180221689e-01
1.227043528071648515e-01 8.499846051913655387e-01
1.216624012455213011e-01 8.487802107726565293e-01
1.210677611421273614e-01 8.480880609541382453e-01
1.185513432128026956e-01 8.451276960031912644e-01
1.173639143574833898e-01 8.437290919972716408e-01
1.165621505548207759e-01 8.427602081857140659e-01
1.156585356077375337e-01 8.416384457150936083e-01
1.146135035833656390e-01 8.403204028572776041e-01
1.104954422497784750e-01 8.351208154154461383e-01
1.102890549318203961e-01 8.348584142087721593e-01
1.067549715104165742e-01 8.302651140230904447e-01
1.063417902666849990e-01 8.297276180572145110e-01
1.045118165653488029e-01 8.273340606117740581e-01
1.029791709215561735e-01 8.252708897976818170e-01
1.005075838431814805e-01 8.219100838264927766e-01
9.764070487284226552e-02 8.179909391995262569e-01
9.553917766916164567e-02 8.151168291924367759e-01
9.500196244117486977e-02 8.143771182878021264e-01
9.281466104578028897e-02 8.113640588185890845e-01
9.184776070141664750e-02 8.100279815367894543e-01
9.113630322564236774e-02 8.090067769458300084e-01
9.052864577161423565e-02 8.081274148771242505e-01
9.020307495722945657e-02 8.076514262116856191e-01
8.954911716168345581e-02 8.066706016820497371e-01
8.763526295526691268e-02 8.037685891347838840e-01
8.579168591246788544e-02 8.009501080555920804e-01
8.493442064788836454e-02 7.996391179987716313e-01
8.433896190772349755e-02 7.987239690135665704e-01
7.764000700993012316e-02 7.884044722487132395e-01
7.627914313786821054e-02 7.862715347638236096e-01
7.575307251156171429e-02 7.854207857046860974e-01
7.462349393201306302e-02 7.835717366927785754e-01
7.238618120056983241e-02 7.797159479983720720e-01
7.180780255749241725e-02 7.787175879668063461e-01
7.127412098332397417e-02 7.777800838046031728e-01
6.819306667018254497e-02 7.722399532453307902e-01
6.768021426072567959e-02 7.713062371415225771e-01
6.681284031777290355e-02 7.697100402279268838e-01
6.494675572037555966e-02 7.662107780768379062e-01
6.375067791594990485e-02 7.639377932991067155e-01
6.324886441782362478e-02 7.629798996996414173e-01
6.164472679829802182e-02 7.598988689122415652e-01
6.036782612043700702e-02 7.574006888346856980e-01
5.753749006171615665e-02 7.518195260422501081e-01
5.712052061932337832e-02 7.509881993099701836e-01
5.665983684652320385e-02 7.500657270987797220e-01
5.620613973448873590e-02 7.491394364374314163e-01
5.539294151958307211e-02 7.474661019338530998e-01
5.265968349271610283e-02 7.416713616629064809e-01
5.209186136520782551e-02 7.404630690744856691e-01
4.923576237461735339e-02 7.343833215836594874e-01
4.796303741367335949e-02 7.316307451718252475e-01
4.605957715690189858e-02 7.273803510855822996e-01
4.562961196233472627e-02 7.264122261085884658e-01
4.416434619543674334e-02 7.231086391935978019e-01
4.401055336040904375e-02 7.227452439385516625e-01
4.171545794320818956e-02 7.173198496860885287e-01
4.017173586472067015e-02 7.136011024769062239e-01
3.943047943418287460e-02 7.118138967784566340e-01
3.638937675232944979e-02 7.040530410494766356e-01
3.574296704412982528e-02 7.023747612476836100e-01
3.412155065048871894e-02 6.981309728506330803e-01
3.080712257664797171e-02 6.894114478966295589e-01
3.057764021346687233e-02 6.888027093902789888e-01
2.895619431713380987e-02 6.844380607722492238e-01
2.856448063864436282e-02 6.833357712933072481e-01
2.841823030152235141e-02 6.829233451516911746e-01
2.763510491018272841e-02 6.806005805859361990e-01
2.615393619193917552e-02 6.761647711796449078e-01
2.540913670275690706e-02 6.738820603823080235e-01
2.498750687026363160e-02 6.725628197789456086e-01
2.437762497725448618e-02 6.705392327067787317e-01
2.347475864080394992e-02 6.675158154714800895e-01
2.221147296637349111e-02 6.632332671235804389e-01
2.201325361968653471e-02 6.625507918151953834e-01
2.106220717001239251e-02 6.591142615490008794e-01
2.079843895244803953e-02 6.581576294977512509e-01
1.957012168353267079e-02 6.536489865475315630e-01
1.942329077262261450e-02 6.531032302023802583e-01
1.931833641402991297e-02 6.526694726328788887e-01
1.809453030970797904e-02 6.475300363040211726e-01
1.718363277083234664e-02 6.436875153480103862e-01
1.701771252169037574e-02 6.429412517196814170e-01
1.686508795315078135e-02 6.422443413775232868e-01
1.649993262632099000e-02 6.405502645313326804e-01
1.598321319146311925e-02 6.380775783950226598e-01
1.577360829371099449e-02 6.370738839102437767e-01
1.503540068787023731e-02 6.334575827599224773e-01
1.356769927011036714e-02 6.259655383305753329e-01
1.269392131740709750e-02 6.213175258491885344e-01
1.131903216441487725e-02 6.138105982298007746e-01
1.080028935472043816e-02 6.109779034623662453e-01
9.869413493182044306e-03 6.056590375162536066e-01
8.318771715755124418e-03 5.967527978057173277e-01
8.100686610333029947e-03 5.954663405738714888e-01
6.662436733492205221e-03 5.866171784730348504e-01
6.580719396845458036e-03 5.860611052921637087e-01
6.279049847981776900e-03 5.838876114239381909e-01
5.807836785860276407e-03 5.804647677182486198e-01
5.296070172429057088e-03 5.762495984311525321e-01
4.610386624205764505e-03 5.705855478436175909e-01
4.540782365642037632e-03 5.700098638016596331e-01
4.167499737047664077e-03 5.668682423719871855e-01
3.964383743833010953e-03 5.650391070635858437e-01
3.590420826886098205e-03 5.613726734578229349e-01
3.344028334364645971e-03 5.588609768790228083e-01
2.969962976285156486e-03 5.548175215292933116e-01
2.728950552288611497e-03 5.522108406361162514e-01
2.460820588868317671e-03 5.492645747896712782e-01
2.341368305684210505e-03 5.479437803662186024e-01
2.178450169413648219e-03 5.461101040686184849e-01
1.952984365734877770e-03 5.434145209882852434e-01
1.769299382887612460e-03 5.409910021342627662e-01
8.922660266247328664e-04 5.289788854518693295e-01
8.203525106613707152e-04 5.279721893871534011e-01
7.468223509564664297e-04 5.262327221582718817e-01
5.809962254403888693e-04 5.222966423795105673e-01
3.870790518106792533e-04 5.175983723920214441e-01
3.156618683365364220e-04 5.154712166382057204e-01
2.307813290557403363e-04 5.125860627475407050e-01
1.700078155092432652e-04 5.086648176308813385e-01
1.397592777937495256e-04 5.049026921314953009e-01
9.715589436398719414e-05 4.987777539619537848e-01
8.824554445552301729e-05 4.942856995199523817e-01
9.948871848519669214e-05 4.889156764676592104e-01
1.188545408593588704e-04 4.856713165595951676e-01
1.363487838179633371e-04 4.837448324987677628e-01
1.797580455614733452e-04 4.791832810617773220e-01
2.215834917695946871e-04 4.770714730056023756e-01
3.384361160361226695e-04 4.718351609009576730e-01
4.447496175146170572e-04 4.674731365189908061e-01
5.030284562692610706e-04 4.651145259846171109e-01
7.149646233213236002e-04 4.575684742408656636e-01
7.480157330659320536e-04 4.566097533999781133e-01
8.100013568769215411e-04 4.551659591618919531e-01
9.512724150493312436e-04 4.528782346411345250e-01
1.136966113258641720e-03 4.500391190645839368e-01
1.243687467231802124e-03 4.486280559955101443e-01
1.345922829192547354e-03 4.474422892387394102e-01
1.502651574462610107e-03 4.457489799526141994e-01
1.672976117900515369e-03 4.439267842867291591e-01
1.814374541133867424e-03 4.425425149867669994e-01
1.926406270962521816e-03 4.415899718585667433e-01
3.089088253533822659e-03 4.322491107431190027e-01
3.455924969753221276e-03 4.294500532044236429e-01
3.664548385897026250e-03 4.280140508103288388e-01
4.152191621735412674e-03 4.247828033149370075e-01
5.724696467666601229e-03 4.143804114385448711e-01
5.971839153262381572e-03 4.128244130139512302e-01
7.000300613663967830e-03 4.063910726479914581e-01
7.625171616949422138e-03 4.025675452045762714e-01
8.847227816235592179e-03 3.951816286246526699e-01
9.240435979132932687e-03 3.928870808704212347e-01
9.487043342365053533e-03 3.914661452182927048e-01
1.000519991992521174e-02 3.885506238802094447e-01
1.069353983499710115e-02 3.846789633823564092e-01
1.075889170866661804e-02 3.843291595660343063e-01
1.115647131529173830e-02 3.823185078638715595e-01
1.131490602168117032e-02 3.815455446748112767e-01
1.139164839455897305e-02 3.811944353927086970e-01
1.330174781713477916e-02 3.725243536313694870e-01
1.392046518208012174e-02 3.697201016184771261e-01
1.410061097832415733e-02 3.689149187276680175e-01
1.429290559561047225e-02 3.680867116163248909e-01
1.486288255511369893e-02 3.656560392159815542e-01
1.525998486516011443e-02 3.640133216671121996e-01
1.674409708735213886e-02 3.579512880669643016e-01
1.720004946424025238e-02 3.561074414611978822e-01
1.805318041616355007e-02 3.526885749318423580e-01
2.026604781482599371e-02 3.438491184665629641e-01
2.055026644434254646e-02 3.427672500757683594e-01
2.085397169776670445e-02 3.416567985114906669e-01
2.283901815177258321e-02 3.345439670350344175e-01
2.493709691487566715e-02 3.271838378939447844e-01
2.518853569706469564e-02 3.263028281223111504e-01
2.526274087079938280e-02 3.260654370930439194e-01
2.566908880765716994e-02 3.247802126254282218e-01
2.928444403612162628e-02 3.135823329748207433e-01
3.047544134528101800e-02 3.099313086666315442e-01
3.130647105345851777e-02 3.074672784724512553e-01
3.219180653789133206e-02 3.048460904722269937e-01
3.322967936266674194e-02 3.017918244521841098e-01
3.432204428197638268e-02 2.987123817741537124e-01
3.612321720452871254e-02 2.936349378606668559e-01
3.700016310284581778e-02 2.913360246609407733e-01
3.784022385090346496e-02 2.891973160992660219e-01
3.857076050747820783e-02 2.873728330360301175e-01
4.065059987538111042e-02 2.821975713411216669e-01
4.167121548722085844e-02 2.796630755908291466e-01
4.262837460235835430e-02 2.773262725562765096e-01
4.334771270990678271e-02 2.755974462760137911e-01
4.396650337095608929e-02 2.741103404118618858e-01
4.430960720879173476e-02 2.732899178795100692e-01
4.592797739145448865e-02 2.695137081365739373e-01
4.698087190886679476e-02 2.670876970556117502e-01
4.742921887578777085e-02 2.660553758480960207e-01
4.915719286141995159e-02 2.621515248297882072e-01
4.962123065630352770e-02 2.611125871546898791e-01
5.120506777289501876e-02 2.576691512987211441e-01
5.251709644035207347e-02 2.548293774654999400e-01
5.360259726224059218e-02 2.524979492420559302e-01
5.410810534051391230e-02 2.514124235460815093e-01
5.575816491104179651e-02 2.479155827045711469e-01
5.665897398724872858e-02 2.460510262329596021e-01
5.795380040034348035e-02 2.433756530186348410e-01
5.895455995702336693e-02 2.413221422186831999e-01
6.108425594464705899e-02 2.370189024364220964e-01
6.270505745959298327e-02 2.337441005107847580e-01
6.407499718238607311e-02 2.310061945163647268e-01
6.436282008842975078e-02 2.304361691917933275e-01
6.479054091608393851e-02 2.296005788266080039e-01
6.603528340144471098e-02 2.272895418776590404e-01
6.622263820577256599e-02 2.269501363914393499e-01
6.733084192947758062e-02 2.249907698484147067e-01
6.924919892418590628e-02 2.216087880125163778e-01
6.991033291414416873e-02 2.204440627920980500e-01
7.094031415431367726e-02 2.186530125367176502e-01
7.292987923870042355e-02 2.152713796924460299e-01
7.601019030191424886e-02 2.100770843013792799e-01
7.819639369004605101e-02 2.064656071740967880e-01
7.919788781369541120e-02 2.048684698267704274e-01
8.161119115117143608e-02 2.011488490003403573e-01
8.318427961127183856e-02 1.987628411158373076e-01
8.499973192976828518e-02 1.961760036010977704e-01
8.632875849863952400e-02 1.942875510703708786e-01
8.800111116763065233e-02 1.919334173680062872e-01
8.903741198521009093e-02 1.904747752409028383e-01
9.005578062657049188e-02 1.890854360797773470e-01
9.214747248910615252e-02 1.862343607651882893e-01
9.618008403865307976e-02 1.807580731210306491e-01
9.758362472277393174e-02 1.788733073852459832e-01
9.789305891935462522e-02 1.784656751194079183e-01
1.002495033022016147e-01 1.753714383338049743e-01
1.010802010665270423e-01 1.742850621463588601e-01
1.027561521439338543e-01 1.721841913508538324e-01
1.055557415379060338e-01 1.687883123407160069e-01
1.067423834038339070e-01 1.673518512295860683e-01
1.077934923382692922e-01 1.661072081406542722e-01
1.088367031753268988e-01 1.648883712271488333e-01
1.101227514216188696e-01 1.633876232297151176e-01
1.151762130506647219e-01 1.576705918555736385e-01
1.175892353322578465e-01 1.549508025977905934e-01
1.232410490570554629e-01 1.485951284353514978e-01
1.246489221545082904e-01 1.470386715966844893e-01
1.276381415917863249e-01 1.437488550105597840e-01
1.278742567696978805e-01 1.434958688718954711e-01
1.306219967202384424e-01 1.406794072223119807e-01
1.330721566771034814e-01 1.381881768999794202e-01
1.337190514803991981e-01 1.375388492263410756e-01
1.352516509348248297e-01 1.360347657622661410e-01
1.371443403743257683e-01 1.341894527123177472e-01
1.381216439856227662e-01 1.332432529431563095e-01
1.423399510305676241e-01 1.291698385791167913e-01
1.431845531752958811e-01 1.283552938180523295e-01
1.451106641802698549e-01 1.265296903790791294e-01
1.476174670552246049e-01 1.242426654734952729e-01
1.505792618443378972e-01 1.216341221884696955e-01
1.513115702377358929e-01 1.209980723366569366e-01
1.521688670428947843e-01 1.202561895682709991e-01
1.561300572174145751e-01 1.168460782657940733e-01
1.604970371741430979e-01 1.131082853123703824e-01
1.618546002202579936e-01 1.119517585136660109e-01
1.633032630686205300e-01 1.107348821595925958e-01
1.655229405912604923e-01 1.088927919896822694e-01
1.666013066561569111e-01 1.080024323138586428e-01
1.702197399269818057e-01 1.050373841155242127e-01
1.733272293066248082e-01 1.025390688433213127e-01
1.736965641603921418e-01 1.022441680432595312e-01
1.747417076028477956e-01 1.014386070382463645e-01
1.759404337762894288e-01 1.005174967466483382e-01
1.775887848169270811e-01 9.927195690168866271e-02
1.780348076147382219e-01 9.894404567910164428e-02
1.825486010362962208e-01 9.565740101779640625e-02
1.907166386342056263e-01 8.973379109462065184e-02
1.917238941012850972e-01 8.900429478509963577e-02
1.931817327025783237e-01 8.797670351432007596e-02
1.937621818145062180e-01 8.756795243703785481e-02
1.953403628106532564e-01 8.646895517933583797e-02
1.962801174777282220e-01 8.583575747599803130e-02
1.993574601065510876e-01 8.386306210408212003e-02
2.023621121258759592e-01 8.195468473195821613e-02
2.043670199598062176e-01 8.068403399516610452e-02
2.070701893788934322e-01 7.897526575829627582e-02
2.103301929925635028e-01 7.692088796844653853e-02
2.130545024946338684e-01 7.526478444021622582e-02
2.151543352714275770e-01 7.399292025171322340e-02
2.163874777970742347e-01 7.324838379693854318e-02
2.202138832510759370e-01 7.094406272724540496e-02
2.223227890735210988e-01 6.967824828842872353e-02
2.235776075369224625e-01 6.892546304709445959e-02
2.257820860938490881e-01 6.760975134492053229e-02
2.337596012841545168e-01 6.298300645186172275e-02
2.362492382145956471e-01 6.160710714477224403e-02
2.382867094683485121e-01 6.048544620533047311e-02
2.417731761464564366e-01 5.858017744930110737e-02
2.441935533220335186e-01 5.733303194025562988e-02
2.446877841161386735e-01 5.708004545967881871e-02
2.460022824340858394e-01 5.640952431512591403e-02
2.485230028884711784e-01 5.512445782040387154e-02
2.548659162849493676e-01 5.192035798941430080e-02
2.589044666967482700e-01 4.989454916903579562e-02
2.604396883775739191e-01 4.913187905989113702e-02
2.654335084188441662e-01 4.666171254800177692e-02
2.674488658289548848e-01 4.568012313268199343e-02
2.704881907896821147e-01 4.420400096007182089e-02
2.716030388315272548e-01 4.366743149762786214e-02
2.740984586230671427e-01 4.248460546279986261e-02
2.761301401292026725e-01 4.155661819235334509e-02
2.774528108808954618e-01 4.098325071058783742e-02
2.783050640378641472e-01 4.061922579838228575e-02
2.806377336510768039e-01 3.963061818435720252e-02
2.814000215558078999e-01 3.930797934526863990e-02
2.889330121881836799e-01 3.621970213659642113e-02
2.971191152029496463e-01 3.290146480490174774e-02
3.003196596489949854e-01 3.162445049134843256e-02
3.017639528352504819e-01 3.106145239153546012e-02
3.031683058097699446e-01 3.051789848605879207e-02
3.045629544709154146e-01 2.998032529207872443e-02
3.078149454138627839e-01 2.875057888138699003e-02
3.088125371224826887e-01 2.837445427064788639e-02
3.095558950749114357e-01 2.809662151382741335e-02
3.107605465001601619e-01 2.765463339448281932e-02
3.136662298476303734e-01 2.659358674201983685e-02
3.161213695303600746e-01 2.570590167861996900e-02
