3.802699847137314126e-01 1.344597927779089819e-02
4.264525423216969369e-01 1.079525264896885606e-02
4.798454302648328396e-01 1.092818637199743925e-02
5.169823754082935041e-01 1.127153923850976458e-02
5.330376770336484604e-01 1.158369823457405801e-02
6.407866832448696481e-01 1.389755475089582415e-02
6.479920066502666831e-01 1.410591302320585161e-02
6.768250211333025623e-01 1.508853000823495716e-02
6.845211815434268932e-01 1.621908023073537208e-02
7.373374628209965476e-01 2.605347168838945127e-02
7.457650114062109870e-01 2.894726369211031436e-02
7.500458828477749584e-01 3.044590922130130384e-02
7.541178374298906917e-01 3.208483429752551075e-02
7.679197245626088186e-01 3.774844352278428072e-02
8.380617424625552703e-01 7.247809615656941595e-02
8.460270402877676510e-01 7.858292632460295302e-02
8.548689520403878195e-01 8.590747565023504340e-02
8.695835290461796374e-01 9.953460471945163590e-02
8.765878780756811706e-01 1.065987671676399406e-01
8.992547037372090601e-01 1.311772659617098657e-01
9.112420208678753131e-01 1.477714802227457769e-01
9.228884222670918902e-01 1.693808528183868845e-01
9.305565992817733667e-01 1.867301281386641865e-01
9.399444190107316688e-01 2.112421503059186412e-01
9.478025378640939635e-01 2.360307330617349431e-01
9.533517174772813130e-01 2.548596711252090197e-01
9.535211503941796174e-01 2.554499365666396127e-01
9.613113949211947729e-01 2.835729997877241004e-01
9.628237755566039224e-01 2.895773593961366021e-01
9.698242876368230458e-01 3.198555887260566832e-01
9.722289536024171230e-01 3.312441858763185421e-01
9.796151626243586596e-01 4.185816733259890565e-01
9.814065504484077440e-01 4.414685522439805165e-01
9.838316359887679940e-01 5.071434332148789803e-01
9.839123697480000041e-01 5.254085388334187590e-01
9.830525473447266904e-01 5.640851053689553973e-01
9.822267998325546756e-01 5.994770756267382428e-01
9.818572723333135466e-01 6.141391252343426643e-01
9.657634087351453234e-01 7.072103958432935933e-01
9.534791396745230241e-01 7.403712322022133474e-01
9.481488414349501515e-01 7.534734779724964193e-01
9.455794043189248432e-01 7.588428084497871318e-01
9.277815235996549337e-01 7.891336276320785048e-01
9.168931772552961768e-01 8.075890796796580950e-01
9.127466824584131722e-01 8.143280731339563872e-01
8.841501796842199390e-01 8.573787709887485953e-01
8.758033832034067823e-01 8.680841306413169534e-01
8.300618694320401891e-01 9.076640225619676539e-01
8.190279285427433109e-01 9.166389911934847978e-01
8.006519795228267400e-01 9.293469696937173286e-01
7.823919943516305375e-01 9.409847519836008756e-01
7.459789514843960800e-01 9.612849037053601275e-01
7.017711077674473330e-01 9.790888932480500406e-01
6.962604321018389664e-01 9.801350498535902345e-01
6.905320913784677161e-01 9.810804657188519906e-01
6.459491372929385689e-01 9.853817153442702148e-01
6.148092448275803701e-01 9.882936950204277426e-01
6.118630113249066138e-01 9.885629196684700970e-01
5.992408421484358705e-01 9.890640879994311296e-01
5.809188598672156978e-01 9.892047473510312550e-01
5.609704176268861531e-01 9.886534669913069617e-01
4.355361735701578363e-01 9.707739917276810848e-01
3.385205175905398045e-01 9.464517872592408398e-01
3.205835846326960947e-01 9.406538572747950022e-01
2.592760904022032298e-01 9.172851362931896402e-01
2.463274876821158754e-01 9.120935046216251951e-01
1.689018643126769526e-01 8.748644000263408049e-01
1.425942451772146402e-01 8.579924023325531390e-01
1.353875439381829748e-01 8.518908823613321468e-01
1.098133920061671320e-01 8.185805823602201325e-01
7.918378206365916938e-02 7.713533658868024778e-01
5.436905674194125737e-02 7.217501312308247652e-01
5.016765203012130137e-02 7.101175733554401237e-01
3.009777066607777218e-02 6.533157087301172394e-01
2.736292031702913796e-02 6.343474940684169505e-01
2.609299645595686279e-02 6.234378544369648667e-01
2.200360923672528557e-02 5.882064632279854210e-01
1.891562234969490497e-02 5.614202761130401287e-01
1.608763025199988483e-02 5.072694034141578268e-01
1.629147785727125264e-02 4.802960933712118186e-01
2.264158331781418454e-02 4.058036865651930558e-01
2.908107119134994978e-02 3.508768193207507657e-01
3.084213822942882821e-02 3.443006247111239926e-01
3.534706316216840172e-02 3.311231244030929943e-01
4.509113517939089544e-02 3.031153140545158609e-01
7.585593375793442394e-02 2.198793239531882104e-01
8.122479737980647929e-02 2.079122312955853369e-01
8.780772963819816201e-02 1.946134369522327656e-01
9.393578461806184610e-02 1.837808563178684462e-01
1.205752119194681837e-01 1.422618201984002795e-01
1.294897518415530913e-01 1.310127610219427030e-01
1.418002212892817138e-01 1.172407551579039975e-01
1.486341595940705584e-01 1.109399586130072057e-01
1.814602864062907495e-01 9.145110029707903543e-02
2.078914769794569795e-01 7.621341255030655848e-02
2.219000745205662595e-01 6.957144988917252082e-02
2.362296274028571341e-01 6.299402779430018917e-02
2.908903159000307825e-01 3.804997116950925573e-02
2.987463039056470482e-01 3.527828380015063381e-02
3.328496925739166112e-01 2.433260607037912582e-02
