9.380128057098162664e-01 1.508459640991064443e-01
9.580756062188006128e-01 1.830539246166512646e-01
9.710864281108000373e-01 2.210045798927799954e-01
9.745089779302207322e-01 2.334027770145941094e-01
9.752733285754250359e-01 2.387377034812301346e-01
9.832906052447036860e-01 2.960384974919836321e-01
9.851971619541858294e-01 3.209546481869769430e-01
9.850535049730605452e-01 3.299020900468618844e-01
9.834098058059788094e-01 3.796751201657876384e-01
9.790390657361724980e-01 4.439555480379429042e-01
9.685486375490310884e-01 5.837808643344528647e-01
9.673729043858353416e-01 5.967927725415682616e-01
9.624682160668137643e-01 6.398240098726459824e-01
9.593570227802904471e-01 6.594246680522585224e-01
9.559564649972741579e-01 6.803249167208299530e-01
9.435567953671606389e-01 7.159527660285217587e-01
9.404369968255343881e-01 7.234662713535559009e-01
9.119489780401764945e-01 7.919871323984050138e-01
8.888550688391564369e-01 8.227909016175196655e-01
8.798962637549314625e-01 8.333366962920172316e-01
8.765562713570175246e-01 8.370019874240697266e-01
8.031007839635655454e-01 9.076712447501223968e-01
7.878548837435404018e-01 9.212745905110956146e-01
7.425499015433185690e-01 9.450799018191192724e-01
7.229486668273428229e-01 9.544122113406053876e-01
7.142757929253622518e-01 9.583765152710825852e-01
6.860520656116774196e-01 9.692436998988329666e-01
6.552987622418915414e-01 9.773351407385502121e-01
6.318479572305556458e-01 9.824021319702775923e-01
6.227812100551474161e-01 9.841986572059171490e-01
6.113147279165638270e-01 9.862248097849981576e-01
5.828399331495585090e-01 9.875486131564965575e-01
5.682510696508513703e-01 9.878629046145518400e-01
5.513966448196379044e-01 9.874257336970098109e-01
5.259295910331436286e-01 9.863557402986801170e-01
4.890352806088168469e-01 9.841216138975428240e-01
4.507824402990702195e-01 9.804737222083629300e-01
4.320763435185154266e-01 9.783648464057228544e-01
4.138984719833940229e-01 9.760797169902889481e-01
4.086131444055792761e-01 9.753486919797064170e-01
4.011867922315014434e-01 9.736623788828705495e-01
3.462840468928173321e-01 9.558903981088792134e-01
3.215601661519351673e-01 9.465385654802517257e-01
2.832761581006574270e-01 9.306496622203231928e-01
2.411267765752406200e-01 9.126874380377262286e-01
2.215756587042577719e-01 9.030821105043335129e-01
2.081474216374084030e-01 8.953589071784483489e-01
1.938934488651564703e-01 8.871197924346366781e-01
1.879416456080466036e-01 8.836631834596941903e-01
1.634374354279130026e-01 8.646885340970897893e-01
1.552221353300906603e-01 8.563779189753201182e-01
1.442441570225082570e-01 8.423472331535800661e-01
1.360760620831844570e-01 8.293801717440270060e-01
1.229435324064926949e-01 8.033907104093800378e-01
1.028078652867269183e-01 7.618011236115631579e-01
8.423707506461763916e-02 7.127464843135458139e-01
7.318302626222850105e-02 6.808745106754233722e-01
6.945009405462765351e-02 6.700805675976969633e-01
6.462273197497492294e-02 6.544961221855746247e-01
3.268996810083968363e-02 5.358848275331407063e-01
2.782682970774075226e-02 5.061795113914806521e-01
2.352290441061055670e-02 4.798163096986393095e-01
2.146555337567046529e-02 4.630677914631329273e-01
2.024123087578555413e-02 4.492604969785735092e-01
1.638699997931492014e-02 4.019908974862256290e-01
1.499694557480912849e-02 3.675369503505241386e-01
1.480283804581405960e-02 3.406756144462105285e-01
1.872964272174082456e-02 3.226897188080281031e-01
2.361182927848959334e-02 3.062669243426187071e-01
2.982607240765322576e-02 2.892153110816179096e-01
7.111634941536792986e-02 2.163291966286364776e-01
8.987874267343332058e-02 1.836045003532946751e-01
1.247902077544125188e-01 1.402913599603723416e-01
1.332168876564058246e-01 1.300373008820652210e-01
1.469041087179663307e-01 1.161677089018013920e-01
1.664539221696957894e-01 9.938341237414916041e-02
2.063636116846234714e-01 7.178980071305696153e-02
2.341409382223536007e-01 5.933313062632872281e-02
2.442879437824596600e-01 5.572226768263954799e-02
2.628858171704968605e-01 5.059708641703586363e-02
3.240839101295512892e-01 3.619145552178981706e-02
3.737177342653327239e-01 2.750801564415050748e-02
4.035162438820436570e-01 2.284915193547620849e-02
4.105113749236897203e-01 2.179711273941109528e-02
4.370771086487968971e-01 1.937129249047331303e-02
4.967750870640634808e-01 1.418054143182156945e-02
5.197295917642648089e-01 1.253482500506775121e-02
5.385465590720807105e-01 1.213709538544816002e-02
5.546783015890849322e-01 1.225996388967665052e-02
6.211542822201462366e-01 1.588934147026932475e-02
6.350244200048142940e-01 1.758859048317817919e-02
7.665342940164775465e-01 4.549507650374062795e-02
7.780910603924630076e-01 4.838971460785657097e-02
8.119500201244720383e-01 6.183695754128015754e-02
8.499801765654527719e-01 7.696562673652274089e-02
8.572593353628839008e-01 7.990467468779816063e-02
8.731212590990928835e-01 8.989821927434760163e-02
8.750263427281576023e-01 9.115821739466034579e-02
8.897089871836777464e-01 1.016807288252411512e-01
9.246818176992920302e-01 1.370129092796538162e-01
