6.846869722513604373e-02 2.080239014700158151e-01
1.000775406182725646e-01 1.281854260990635819e-01
1.138657667686188146e-01 1.114517051266442627e-01
1.264932346835433430e-01 9.737406888918365144e-02
1.300723580349844033e-01 9.421010875709601162e-02
1.371727472628218036e-01 8.942886408847539048e-02
1.742996219151955462e-01 6.586747798520964370e-02
1.773352107267417432e-01 6.399569179301789479e-02
2.286596616129807913e-01 4.378723547433982510e-02
2.518533175424465531e-01 3.515247520471176390e-02
2.592113250803301794e-01 3.329402208780807282e-02
2.923689251682348722e-01 2.591774524452450379e-02
3.622623779756007911e-01 1.179638762798695950e-02
4.040537660026572997e-01 8.359705875795264696e-03
4.583586418775560389e-01 4.029831262423066995e-03
4.801833654268637952e-01 4.848003376174858658e-03
5.096448200879655221e-01 1.054046338250924641e-02
5.961968582358053714e-01 2.822556342961202169e-02
6.280407964327495707e-01 3.574577254045918639e-02
6.696425907920768861e-01 4.784314925425903198e-02
6.778082679219793460e-01 5.229272108204874314e-02
7.467491390897101899e-01 9.585420941933497918e-02
7.624102385893638534e-01 1.079619451882821712e-01
7.780341364866714127e-01 1.201039638245781083e-01
8.304031919769900849e-01 1.613754079254194895e-01
8.489803663193215000e-01 1.761108932828042706e-01
8.605135810733349766e-01 1.855688877680878868e-01
8.842457591800285677e-01 2.057652489097355764e-01
9.065136401790959697e-01 2.354335752222993516e-01
9.142714608681253852e-01 2.483841067160907912e-01
9.339121735370761179e-01 2.879714524316338009e-01
9.386358365331460840e-01 2.986447202958503189e-01
9.423495324203040591e-01 3.101442003179346596e-01
9.592913659627925194e-01 3.687518891346200922e-01
9.646490654056412151e-01 3.882198988175561416e-01
9.735238180855576573e-01 4.269114066148234077e-01
9.798636864341339070e-01 4.640609563898941969e-01
9.805051766783429157e-01 4.852427877374251297e-01
9.806963797621351953e-01 5.008833153999900922e-01
9.801871011172347270e-01 5.469128716077996666e-01
9.798411692192076083e-01 5.664349966405307635e-01
9.753317156511741581e-01 6.306303031619088229e-01
9.742078247484506903e-01 6.464201229122207293e-01
9.729470269036111230e-01 6.614074221334101944e-01
9.677127478580185294e-01 7.013134956625427519e-01
9.552079856097409616e-01 7.647916211550429555e-01
9.518311981462947990e-01 7.819242397311115811e-01
9.485935106081553325e-01 7.936268755654073415e-01
9.384529159325916137e-01 8.251030327124457830e-01
9.309646084552675172e-01 8.393326495233258688e-01
9.250391539772436778e-01 8.457820315903018527e-01
9.049666591586377207e-01 8.668640413881893991e-01
8.888811433454916200e-01 8.816374112822894515e-01
8.820619610863069671e-01 8.870060119413952782e-01
8.641594636271414664e-01 9.004968581533937533e-01
8.589253461183371519e-01 9.042770529018975267e-01
8.278143087434707281e-01 9.213102847345515656e-01
8.049432255448634166e-01 9.329143319768413711e-01
8.032253372075192077e-01 9.337628214421184181e-01
7.919287215393171486e-01 9.385342931131314126e-01
7.664730890140724062e-01 9.471268444384158824e-01
7.505994226092017607e-01 9.519522642013543701e-01
6.788530424410007535e-01 9.725727486943491762e-01
6.755657545610936898e-01 9.733723912919942656e-01
6.618523135588227913e-01 9.758994797121617326e-01
5.457631118689814098e-01 9.946508264881719352e-01
5.244707556030250295e-01 9.954095261826618746e-01
3.717070390522659862e-01 9.959701687375768220e-01
3.520372273419321019e-01 9.957854730087727368e-01
3.007152131517762950e-01 9.944304874634558589e-01
2.927315211674349493e-01 9.934775411327863015e-01
2.320319186202831618e-01 9.795657799552630607e-01
2.103508307551210654e-01 9.736135895486920377e-01
1.753078575085285085e-01 9.604561357667967814e-01
1.706287772449194273e-01 9.579623200281208728e-01
1.283705258978206087e-01 9.313392905898585372e-01
1.210630693085605891e-01 9.265031314209022373e-01
1.061097583365575581e-01 9.143918671459019265e-01
8.882838007821181048e-02 8.996538789294723504e-01
6.836480639347741750e-02 8.753795579371058677e-01
5.728659459879137383e-02 8.609740793269199388e-01
4.736109465277960062e-02 8.459471830135611992e-01
4.260781481391850978e-02 8.300894801070511919e-01
3.440249536129658114e-02 8.010936926762725063e-01
3.294552552500862319e-02 7.928216519588210387e-01
2.872628205901794907e-02 7.668188964449665912e-01
2.569933251804967789e-02 7.459851066180097634e-01
2.223963226070990729e-02 7.168666955876203950e-01
1.930852448220687911e-02 6.744324681022575430e-01
1.930362023786480474e-02 6.497022260959822715e-01
1.936564574069188360e-02 6.208242375094074061e-01
2.163600573990387410e-02 5.498025608721677226e-01
2.333599147908138605e-02 5.100943646459494829e-01
2.683327389688250353e-02 4.536635776985084023e-01
3.143811226290671446e-02 3.917052679671438886e-01
3.273498497781490713e-02 3.783853248235800049e-01
3.594528403681518380e-02 3.476695647580747561e-01
3.798427971167972483e-02 3.335319197255361967e-01
4.264786591097635693e-02 3.067092815400159767e-01
5.704630471702232253e-02 2.480815092769871333e-01
