1.392104538365773747e-02 5.051902421574762103e-01
1.590105821542270315e-02 4.359601548492122447e-01
2.602868607482272667e-02 4.071836503043416711e-01
3.190067537586144253e-02 3.937293747950677547e-01
4.816922161995690344e-02 3.610146160563252327e-01
5.813951136723066737e-02 3.412663455490739794e-01
6.822949090831248453e-02 3.230108402892714059e-01
8.042819346678525827e-02 3.031876375057842576e-01
9.284060611534811214e-02 2.839823466809568986e-01
9.919438329047619574e-02 2.759659504129520213e-01
1.108957076322694690e-01 2.621095742822245889e-01
1.334501171049218837e-01 2.360635553676304621e-01
1.883181328256793852e-01 1.878991928028629355e-01
2.259740628261634465e-01 1.566650843136666582e-01
2.940254913127158809e-01 1.034571784408917505e-01
3.003460627828788421e-01 9.897414711313634594e-02
3.073288506536468456e-01 9.457584709999311556e-02
3.437751906026609849e-01 7.721030958131358535e-02
4.365737219014829695e-01 4.244097673103419677e-02
4.596761392699900139e-01 3.400856525425033361e-02
4.754872959529849452e-01 3.020092144791164390e-02
5.442830119045600767e-01 1.641667460721474292e-02
5.582907747610987848e-01 1.412089316817766171e-02
5.774218205688526062e-01 1.332973426376793391e-02
6.011797002954260005e-01 1.241931063652834677e-02
6.388898761318473341e-01 1.554772363372880495e-02
6.989129943224825503e-01 2.243949874393447175e-02
7.520948848535049525e-01 3.185691640306520522e-02
8.189049413722373494e-01 4.521533348956419118e-02
8.460190332017238912e-01 5.126854579844031257e-02
8.604862272400868317e-01 5.553008901835110311e-02
8.709098124885665815e-01 5.883698994839337004e-02
8.716132198365382777e-01 5.910002657766266765e-02
9.049818507764899600e-01 7.739974891384360234e-02
9.153696846550523070e-01 8.471332094460815032e-02
9.262865658233347954e-01 1.021892313689646281e-01
9.410061592380656315e-01 1.381566909561353640e-01
9.485088774306953407e-01 1.574258251845036538e-01
9.569798663298925145e-01 1.834341263069353412e-01
9.630894614464939885e-01 2.033921850933485542e-01
9.737343237094591153e-01 2.419156190078765034e-01
9.786439124654602306e-01 2.709995407533243306e-01
9.867409780884000003e-01 3.650177303904049708e-01
9.887808435733467238e-01 3.943502928018919329e-01
9.889003589874683087e-01 4.098416838220821923e-01
9.841789648387457845e-01 5.006333221294252400e-01
9.831286420663238879e-01 5.159788694673053122e-01
9.805995183434499385e-01 5.441410608720894659e-01
9.734929165488999114e-01 5.771597483236247106e-01
9.673868365487139354e-01 6.044392799081945711e-01
9.549410609279394002e-01 6.526164376594197902e-01
9.448980137364517695e-01 6.903470404851895781e-01
9.416707030930884237e-01 7.012092245812530100e-01
9.346525282796309675e-01 7.152765818685790089e-01
9.295705738712043420e-01 7.240724726095592034e-01
9.160552249074074282e-01 7.462866981387665799e-01
8.922658618746983628e-01 7.822016006758506501e-01
8.845406088299629932e-01 7.929446334245843220e-01
8.724911360758973444e-01 8.063175201687979854e-01
8.532781406051936912e-01 8.250218761704178894e-01
8.427663840127395112e-01 8.339803271793160278e-01
8.253718752404159975e-01 8.483740134736669214e-01
7.868273627702684347e-01 8.784868720052851909e-01
7.550675745782424730e-01 9.023662093560775865e-01
7.461679210736889001e-01 9.084803195995654335e-01
7.257131441370008318e-01 9.211151422412788836e-01
7.038982941226621382e-01 9.329299064172092981e-01
6.819057190625932297e-01 9.442253825063893213e-01
6.799979236647417657e-01 9.450564895782225250e-01
6.552225846886012839e-01 9.539293833916255849e-01
6.326233549887858576e-01 9.619763394554822211e-01
6.190352694590173233e-01 9.662743587658600974e-01
6.056428926811805447e-01 9.698714241091822563e-01
5.586599130581799688e-01 9.777180833689013140e-01
5.320390071756446737e-01 9.809700821497983059e-01
5.149877231439361491e-01 9.828370615316227576e-01
4.732927399503840671e-01 9.851688277873672517e-01
4.268119602253050426e-01 9.875806893634717643e-01
4.191260321703187963e-01 9.875648334984198362e-01
3.764461965930170906e-01 9.870740794544804464e-01
3.673483412364585976e-01 9.860216734957272244e-01
3.213613281151775358e-01 9.772927057797982098e-01
3.100641192170496274e-01 9.740858136683564483e-01
2.880929457608996658e-01 9.676402693941700273e-01
2.843491225537927991e-01 9.657651421632263977e-01
2.429303626549643158e-01 9.413315693806505458e-01
2.260973065300281859e-01 9.303690479984060291e-01
1.639565217169882128e-01 8.880506419865525913e-01
1.428008179291994639e-01 8.717558623965180331e-01
1.287153913350964074e-01 8.605858347966414135e-01
8.493714547937197823e-02 8.212033217985876821e-01
7.447518272507708259e-02 8.112611764039135975e-01
7.165162065670355185e-02 8.084667657711001043e-01
6.093794899915666585e-02 7.941466917320511021e-01
5.661716424998858299e-02 7.883233924659381886e-01
3.049898244199150676e-02 7.252562333810490536e-01
1.743785624680521673e-02 6.923144913058556504e-01
1.294995517593094947e-02 6.753943692555551825e-01
1.109964101253163582e-02 6.568927890472415765e-01
1.310496199256455663e-02 5.436172631147060397e-01
