9.999452642169635030e-01 5.291992446400644035e-01
9.999494118231450068e-01 5.364930662239986159e-01
9.999416329856655183e-01 5.385637430662667535e-01
9.999356961302010571e-01 5.394976150055469377e-01
9.999168733965634326e-01 5.411786767764077410e-01
9.998582750150998288e-01 5.462000696523584553e-01
9.996381648494426786e-01 5.600314547234581664e-01
9.995957857968508220e-01 5.624890127157121666e-01
9.994482807760353138e-01 5.690687279438820800e-01
9.993332178310297964e-01 5.741495241786588322e-01
9.992878335085859653e-01 5.755604533232737685e-01
9.991536375182238361e-01 5.795190512446928288e-01
9.990314437199637743e-01 5.830471366229613706e-01
9.988763632257412484e-01 5.874627937103329423e-01
9.987199530258933367e-01 5.913766460900174993e-01
9.986645270821480347e-01 5.926137806032704125e-01
9.985434870432468024e-01 5.952535658908947314e-01
9.984487044822215607e-01 5.972777874214362237e-01
9.982977787843934081e-01 6.000080603044820604e-01
9.981041063070843489e-01 6.032711946561242211e-01
9.979023104315074555e-01 6.064508178488594581e-01
9.976135752362962350e-01 6.106191618067443594e-01
9.973792034280172247e-01 6.137890569120537654e-01
9.968377597210833496e-01 6.204271868592571293e-01
9.967295867208600946e-01 6.217197612273942520e-01
9.964639464831583915e-01 6.248919693633238071e-01
9.964523991820348758e-01 6.250295582019363971e-01
9.959951067413711501e-01 6.295076718381350522e-01
9.957847601930649439e-01 6.315284707324999580e-01
9.952454157528709544e-01 6.363255394808325915e-01
9.947742141914240888e-01 6.403890537051767362e-01
9.938269836951744152e-01 6.481321790240582859e-01
9.934478609840665664e-01 6.511836230735804643e-01
9.933379533115395121e-01 6.520674603621370302e-01
9.931192609830632456e-01 6.537892124980089203e-01
9.930558992041529365e-01 6.542877284691858142e-01
9.926582355210715747e-01 6.573659529682603919e-01
9.923896118506319031e-01 6.593546644277976654e-01
9.919468882541312427e-01 6.625243843087826878e-01
9.915376550221796093e-01 6.652958281605347857e-01
9.914364190685230893e-01 6.659589707579278706e-01
9.908232437004441673e-01 6.698703742569895869e-01
9.907868619034705393e-01 6.701000293154522058e-01
9.903217119635704391e-01 6.728828509201716379e-01
9.887183463711030074e-01 6.819083927633611264e-01
9.885567392348778570e-01 6.828160292679102961e-01
9.882090046106390968e-01 6.846264091497250570e-01
9.880243392528239577e-01 6.855864966459972454e-01
9.874140771345639722e-01 6.886200959189721083e-01
9.861584352559172872e-01 6.946583707576048372e-01
9.857504313869376311e-01 6.964674663999049775e-01
9.854472815854581347e-01 6.977883567279627997e-01
9.849886307420649967e-01 6.997597261332503260e-01
9.844976834522812803e-01 7.017749787194025313e-01
9.811080894462220758e-01 7.156383138411326339e-01
9.806723980132632246e-01 7.174010337202768595e-01
9.799747803246483535e-01 7.201854885543748086e-01
9.787736679257867944e-01 7.248802124047802886e-01
9.779087292788259944e-01 7.280611254505422458e-01
9.777208702086267467e-01 7.287469498288329239e-01
9.769342506222802314e-01 7.314957278344963454e-01
9.752502052203712024e-01 7.371727131510651398e-01
9.723963421437537002e-01 7.467653216076375333e-01
9.712530553019911306e-01 7.504444814021735688e-01
9.706494478329099618e-01 7.523146205784834173e-01
9.704381015395943111e-01 7.529546827207723725e-01
9.681923300252252007e-01 7.595809425682538141e-01
9.668481214980014782e-01 7.632650661272725179e-01
9.666483025982580690e-01 7.638061319058218057e-01
9.661791430740224174e-01 7.650701090701228502e-01
9.656313617702451113e-01 7.665142254123022969e-01
9.643919614856206746e-01 7.696777126325675678e-01
9.630889745648728573e-01 7.729891351189407400e-01
9.621966374119911292e-01 7.752338681045474189e-01
9.611806847950411514e-01 7.777804029808489394e-01
9.595158395685680075e-01 7.816294242248648105e-01
9.584889835417657045e-01 7.839937426817558119e-01
9.560953876960953668e-01 7.894306932727687132e-01
9.550616528816801010e-01 7.915751181340648923e-01
9.525777813954312556e-01 7.965330834249058078e-01
9.515370775993209351e-01 7.985926736144761673e-01
9.512319069104955283e-01 7.991926516326964824e-01
9.503642986662234060e-01 8.008394421329445567e-01
9.482006051412861236e-01 8.049145350430735313e-01
9.474888720316739787e-01 8.062346339165744613e-01
9.457216132746404380e-01 8.094665283569786318e-01
9.442754392567758170e-01 8.121095068258976646e-01
9.436239509270949455e-01 8.132855252785882172e-01
9.415571296921630973e-01 8.169967044234155429e-01
9.407296273611965853e-01 8.184636472402180285e-01
9.399869283022243005e-01 8.197788010382675017e-01
9.371109158992817489e-01 8.245474938053922731e-01
9.352345069067208305e-01 8.276388616187658753e-01
9.329891551695786989e-01 8.313370405991271639e-01
9.324175665053267004e-01 8.322687587106475382e-01
9.292641319744862072e-01 8.374062915697352283e-01
9.282042294295453910e-01 8.391023540359574540e-01
9.278342414974577457e-01 8.396643295917846084e-01
9.264071489456295883e-01 8.417913483279940712e-01
9.235330717793103217e-01 8.460710435105586180e-01
9.222851690513140799e-01 8.479133887304975969e-01
9.220029197406068855e-01 8.483294094533756491e-01
9.217189080025892656e-01 8.487443978379176635e-01
9.195547620117445753e-01 8.518829158040051031e-01
9.183600371080380409e-01 8.536105077453008949e-01
9.163371141579319534e-01 8.565347873386842670e-01
9.157918543683278845e-01 8.572582160002594209e-01
9.138400391076506590e-01 8.597822647761315107e-01
9.129878477194401931e-01 8.608798281884728620e-01
9.119986478174921807e-01 8.621365594081856765e-01
9.111171732525629174e-01 8.632477506216295060e-01
9.094541906981555845e-01 8.653426609989816054e-01
9.088855931160996215e-01 8.660565582372807825e-01
9.081033903046080713e-01 8.670188877515156989e-01
9.075511193250993536e-01 8.676913512386583704e-01
9.073837672824468514e-01 8.678943782330482692e-01
9.071656332635403830e-01 8.681551843308688010e-01
9.067997464844379518e-01 8.685900247955848918e-01
9.058328449135981675e-01 8.697068095131063048e-01
9.035433265767217614e-01 8.723212045937351888e-01
9.021884707308188700e-01 8.738588213963633944e-01
9.010562271880896423e-01 8.751306563770485658e-01
8.973502410612184121e-01 8.790266486309453731e-01
8.954993455684445713e-01 8.809240117514113289e-01
8.934531285018717517e-01 8.829612188693048980e-01
8.916295742333025798e-01 8.847689207131804734e-01
8.912233664747110096e-01 8.851622366464528824e-01
8.888837984598593200e-01 8.874134134885711678e-01
8.873544619846140957e-01 8.888642230035663783e-01
8.837410497135352871e-01 8.922571648986007409e-01
8.819124757851016794e-01 8.939526030661513190e-01
8.810893355718548703e-01 8.946991453141445172e-01
8.807875333299095555e-01 8.949710399044429332e-01
8.768392003277143409e-01 8.984857039265671252e-01
8.761604809774772296e-01 8.990783774477190127e-01
8.739183881832830458e-01 9.010222764879236568e-01
8.731311314141920743e-01 9.017013675924760996e-01
8.721474043392268838e-01 9.025370609811580458e-01
8.706284799821673026e-01 9.037964941524910811e-01
8.662816787176444988e-01 9.072901130972392814e-01
8.652419651272855727e-01 9.081139362572432372e-01
8.651006051182690282e-01 9.082227471980527378e-01
8.638556622255342266e-01 9.091791469928178770e-01
8.603435268017051163e-01 9.118298517308018880e-01
8.602218746224501444e-01 9.119200754076872695e-01
8.597214314516276046e-01 9.122883168563061806e-01
8.561545309388188807e-01 9.149039872998198097e-01
8.533966076286546576e-01 9.169187343337296126e-01
8.527179255642788336e-01 9.173994259378481786e-01
8.498032442929500663e-01 9.194477815306495438e-01
8.471217899635464788e-01 9.213281759007850846e-01
8.427823454158911431e-01 9.242946906040705457e-01
8.360787280276346101e-01 9.288635398002413890e-01
8.340931421344616181e-01 9.302156464778824629e-01
8.328612537629075385e-01 9.310421994990499828e-01
8.286408334253549945e-01 9.338674596373103265e-01
8.260289533464675316e-01 9.355817962617152261e-01
8.250928670417477795e-01 9.361947029968510359e-01
8.217518160870979083e-01 9.383333624029089881e-01
8.215129708688471144e-01 9.384851350453166097e-01
8.190669410143999185e-01 9.399355790544103861e-01
8.166484936403617390e-01 9.413473341154998675e-01
8.141335225909995810e-01 9.427589508959693942e-01
8.133990908521548935e-01 9.431705456942660604e-01
8.105944690348468873e-01 9.446718977726841215e-01
8.089770998213955400e-01 9.455324723101028450e-01
8.068733444364450946e-01 9.466480565261896629e-01
8.067878325236974568e-01 9.466929302650121114e-01
8.034323286394638997e-01 9.484035651238090781e-01
8.025688101237102856e-01 9.488327636518243402e-01
7.988695375240169039e-01 9.506602836701525394e-01
7.960928226277222963e-01 9.519935190681767523e-01
7.929028008162510854e-01 9.534964961795694416e-01
7.912538697359091655e-01 9.542584770919292358e-01
7.870854109618580230e-01 9.561498410388376001e-01
7.848032289742749024e-01 9.571725866755828038e-01
7.833155702560978817e-01 9.578275392755335460e-01
7.821082245801622701e-01 9.583587485221806146e-01
7.765057821068570565e-01 9.608035803103691652e-01
7.719157650969106221e-01 9.627504248187861435e-01
7.661621046594653262e-01 9.650447667041333055e-01
7.630382462314203584e-01 9.662373032382628457e-01
7.610669121534257009e-01 9.669791218527781229e-01
7.606354862030904052e-01 9.671368412104592860e-01
7.598668036415580085e-01 9.674169259527947151e-01
7.560620760745583313e-01 9.687996702558415718e-01
7.531876662731599170e-01 9.698378214688798682e-01
7.509748454369802317e-01 9.706154375623753383e-01
7.490401182756818432e-01 9.712740946009564835e-01
7.426705025845374841e-01 9.734036886273744749e-01
7.413598398989413862e-01 9.738207162726821853e-01
7.383049980831366543e-01 9.747742444102672765e-01
7.369571919070375676e-01 9.751934624012874586e-01
7.367995894576828686e-01 9.752335586778785315e-01
7.235195878729733243e-01 9.783179036608355972e-01
7.193985413323614742e-01 9.792674969209478331e-01
7.164468044933330892e-01 9.799438239272145745e-01
7.115286575745931597e-01 9.810468940722916198e-01
7.056485457597940769e-01 9.823477662641517671e-01
7.028467320238181992e-01 9.829490730276507771e-01
6.970372569258492801e-01 9.841434268958036968e-01
6.945410491580389367e-01 9.846377274025551740e-01
6.902710689948344802e-01 9.854107132029897853e-01
6.864004551955416034e-01 9.861082715172693192e-01
6.844189792859555199e-01 9.864473540089615522e-01
6.835051259509989929e-01 9.865939906228569090e-01
6.759865828930423648e-01 9.877524183788741752e-01
6.669204003364127553e-01 9.891225190568193604e-01
6.629619557148324072e-01 9.897125185926458624e-01
6.561393689465943035e-01 9.906942570698974437e-01
6.467379428667037189e-01 9.920069119836995020e-01
6.421095598245074587e-01 9.926486776936083167e-01
6.394309712588541750e-01 9.929981823322046042e-01
6.321431361042677555e-01 9.938787780657460935e-01
6.285824554275977194e-01 9.942940785507886625e-01
6.281018998252798635e-01 9.943500797922316670e-01
6.254379666615055289e-01 9.946252232490692125e-01
6.206145394322313269e-01 9.951107339320124368e-01
6.169664570735686748e-01 9.954298246932362648e-01
6.142856905339806328e-01 9.956238229764211578e-01
6.071311955626541579e-01 9.960608742706654750e-01
6.028094944320822046e-01 9.963230910964593345e-01
6.012639687202988581e-01 9.964143057995745734e-01
5.972827372331006579e-01 9.966450733677887364e-01
5.911010637277563928e-01 9.969869903095561758e-01
5.894561864038435628e-01 9.970751746121854220e-01
5.814163067843011179e-01 9.974941617287326201e-01
5.772548803651930127e-01 9.976992903822862191e-01
5.723706764978309103e-01 9.978341329239762691e-01
5.706525468591474581e-01 9.978752289785601803e-01
5.561695666498471802e-01 9.982193239410928065e-01
5.443687473407029520e-01 9.984966027026241919e-01
5.406622435433380280e-01 9.985815637730522942e-01
5.218251153939920117e-01 9.989929191464675950e-01
5.183162407391810333e-01 9.990505143886645456e-01
5.151113279964383285e-01 9.990976040579865325e-01
5.090366848554160883e-01 9.991767525708099562e-01
5.066458402903296632e-01 9.991704683785499475e-01
5.009618080507844962e-01 9.991504517977861655e-01
4.938131762341249065e-01 9.990751788146959855e-01
4.927654848500779838e-01 9.990540353547878727e-01
4.919598957546155171e-01 9.990356373726702044e-01
4.900826025744996484e-01 9.989851242586126334e-01
4.803855133237462383e-01 9.986788821184398035e-01
4.781722651844482197e-01 9.986072537454315778e-01
4.739333307873757617e-01 9.984669717875276351e-01
4.672457431286993756e-01 9.982361600649650724e-01
4.657215393835318906e-01 9.981757536506077333e-01
4.584427320212327572e-01 9.978777897561722510e-01
4.544519710819352465e-01 9.976987956313433381e-01
4.527186325460491600e-01 9.976138296889814905e-01
4.495661239379430407e-01 9.974157370637546371e-01
4.450360662493427766e-01 9.971123558333810921e-01
4.408193206031786326e-01 9.968009591981309425e-01
4.322548949402942320e-01 9.960481739545671287e-01
4.292750576714627897e-01 9.957828887893875880e-01
4.279257907652368464e-01 9.956621216938299490e-01
4.231636556158446805e-01 9.952135370492405375e-01
4.177585241256225324e-01 9.946822967517885417e-01
4.140026688064306626e-01 9.943024893326982694e-01
4.117543329986719236e-01 9.940727443933600194e-01
4.062669443809354686e-01 9.934797950983068615e-01
4.037719719182926159e-01 9.931938768675270257e-01
3.991613613235655000e-01 9.926535730733806462e-01
3.957866895200155000e-01 9.922514159146383905e-01
3.904386764661231801e-01 9.915964067141991301e-01
3.886368686186130184e-01 9.913745262019645343e-01
3.874071079596770328e-01 9.912171190209208005e-01
3.793047903222585004e-01 9.900873656374468146e-01
3.779099759530765157e-01 9.898904923856505222e-01
3.713180309716379579e-01 9.889078552812237133e-01
3.691270527602873441e-01 9.885772511484024472e-01
3.649210118443573236e-01 9.879173197198252154e-01
3.602626090716060103e-01 9.871784044696151339e-01
3.564394942642439279e-01 9.865196960664847081e-01
3.504325275014934515e-01 9.854753712404958899e-01
3.493933473588420879e-01 9.852795906300516604e-01
3.432712507103733435e-01 9.841252825724043918e-01
3.394021295031111052e-01 9.833888592384956162e-01
3.335062242951295497e-01 9.822481044142334916e-01
3.279800814001798681e-01 9.811703165681313621e-01
3.200607393735017681e-01 9.796084227487787954e-01
3.146673238204822365e-01 9.785355179602385212e-01
3.114039369730912110e-01 9.778265864157721365e-01
3.104745093686398505e-01 9.776201724926949499e-01
3.016299451137278709e-01 9.756322358749059953e-01
3.008962599910173230e-01 9.754649158145646259e-01
2.980057653085991243e-01 9.747775762575646707e-01
2.940812557407707084e-01 9.738276509288819049e-01
2.895071237110815598e-01 9.726846636130854762e-01
2.891737234788706035e-01 9.725990076419552821e-01
2.881567200355634739e-01 9.723304965456290860e-01
2.824576394257458656e-01 9.707982503197634117e-01
2.760127874524261893e-01 9.690470530266707128e-01
2.734552905582382509e-01 9.683160770872958345e-01
2.733211086449901517e-01 9.682774378912996083e-01
2.722744140112999256e-01 9.679715698002163693e-01
2.686302756135960923e-01 9.669015412318229252e-01
2.671952385875103753e-01 9.664725195167837013e-01
2.649447342825717033e-01 9.657901278034687342e-01
2.603701935397839673e-01 9.642830563828626023e-01
2.572761902259811384e-01 9.632526023181766650e-01
2.513649942394228232e-01 9.611710709835125099e-01
2.435149639234729380e-01 9.583917624542837022e-01
2.349497240316279489e-01 9.553032272820067838e-01
2.311983891467271901e-01 9.539480218476712459e-01
2.283828032874888336e-01 9.529171378382561564e-01
2.246929292132925360e-01 9.515459732662190362e-01
2.218604378776100061e-01 9.504775293612078846e-01
2.163687089247189332e-01 9.484024689872797564e-01
2.120447882552614072e-01 9.467452511195322273e-01
2.064566286419432517e-01 9.445953509699824835e-01
2.026691300699140497e-01 9.431209831763931462e-01
2.001255954951559612e-01 9.421103102731573919e-01
1.981053488292165987e-01 9.412846556183214197e-01
1.973772454702916734e-01 9.409802650729239826e-01
1.924917164537678360e-01 9.388784980335992403e-01
1.901261475946903756e-01 9.378565147888034970e-01
1.870635461226505258e-01 9.365327304372875750e-01
1.841504926217920612e-01 9.352684428973958575e-01
1.826039761785771542e-01 9.345805329792884475e-01
1.822797620814293751e-01 9.344342478829840148e-01
1.789502206565001252e-01 9.328391748205715484e-01
1.761948716255716807e-01 9.315033544222055539e-01
1.752968634311034002e-01 9.310666667710721933e-01
1.742673491886016501e-01 9.305565550313172896e-01
1.735641381641565006e-01 9.301883916737753166e-01
1.718311705312453030e-01 9.292742065305034105e-01
1.705335309254054632e-01 9.285853994708613834e-01
1.700849698968335266e-01 9.283342158848187919e-01
1.691269763683819205e-01 9.277951016140650875e-01
1.684119880214284271e-01 9.273903959112085316e-01
1.670989622064517066e-01 9.266375163494865452e-01
1.661861120074838993e-01 9.261017794652935953e-01
1.650381177101623020e-01 9.254260193743171214e-01
1.641928685832657608e-01 9.249210155612515027e-01
1.618526526774110019e-01 9.235202893341545316e-01
1.597880212517446274e-01 9.222689573377959027e-01
1.584569968718725352e-01 9.214532154106990225e-01
1.526048733565524840e-01 9.178391895385141774e-01
1.485130103920130340e-01 9.152789013151889641e-01
1.454547146393067036e-01 9.132131821384267267e-01
1.436898108708772881e-01 9.120170031359959850e-01
1.389030878803667601e-01 9.086854947082566580e-01
1.380493967405863609e-01 9.080887052264647874e-01
1.363836414939318953e-01 9.068662311726360947e-01
1.330357043202081702e-01 9.043972153108655876e-01
1.315695553635931603e-01 9.032357411888933818e-01
1.298586698907544523e-01 9.018716498564849360e-01
1.282439680146566507e-01 9.005505253232910512e-01
1.258586239107649662e-01 8.984969260845609984e-01
1.246842898353166529e-01 8.974648247925978151e-01
1.236698893658615406e-01 8.965718294378328679e-01
1.208391195607418922e-01 8.940094902877714356e-01
1.178950478196353346e-01 8.913168130120286969e-01
1.145387682033954801e-01 8.881631555099643860e-01
1.121517639799769483e-01 8.858986051779714765e-01
1.099446276974296310e-01 8.837225693249156633e-01
1.087168985594797466e-01 8.824830804421524011e-01
1.076060588660008310e-01 8.813036138268349751e-01
1.067335074412962825e-01 8.803557119446341339e-01
1.061762292786152528e-01 8.797442581781141913e-01
1.045033788678643161e-01 8.779067275796450520e-01
1.040481462990014982e-01 8.773740415998466657e-01
1.027680840273145213e-01 8.758649397791151703e-01
1.018036868286710250e-01 8.747188169729280816e-01
1.015107201861015218e-01 8.743692747264097953e-01
9.913321679775843887e-02 8.715019291049566075e-01
9.876254866479305949e-02 8.710523959509919312e-01
9.812404324928802879e-02 8.702733942840228387e-01
9.804675212493030312e-02 8.701788649508959139e-01
9.653740100011154457e-02 8.682858648838094329e-01
9.478431403267473243e-02 8.660528360582145924e-01
9.450480180889442305e-02 8.656948188787982890e-01
9.175246784805779487e-02 8.621197218255778338e-01
9.072006219566675078e-02 8.607570846777918838e-01
8.706942013677620995e-02 8.558326893041171557e-01
8.642902064270086004e-02 8.549623365970180355e-01
8.576384243359258530e-02 8.540570210640187065e-01
8.481652462566224848e-02 8.527284411143450926e-01
8.346333362577829096e-02 8.508213426619266606e-01
8.271899461855269919e-02 8.497668126577049286e-01
8.186715108147057940e-02 8.485275624632833136e-01
8.154239211422931177e-02 8.480528261961166603e-01
7.865265180689284819e-02 8.437684835780878689e-01
7.748773710198364473e-02 8.420080482807434930e-01
7.335865878791303363e-02 8.354682791528225128e-01
7.122185234454347924e-02 8.320515591771880937e-01
6.545806336904824718e-02 8.225957513347479377e-01
6.358985805585637419e-02 8.192556006044366956e-01
6.213338179828786778e-02 8.164350497390590045e-01
6.169667275280887875e-02 8.155559012903565996e-01
6.072549377832670014e-02 8.135736289336173988e-01
6.003145118832942106e-02 8.121379943569928539e-01
5.894597001712553741e-02 8.098515512703537977e-01
5.863708975155912384e-02 8.091988411635887557e-01
5.265380029953659058e-02 7.963959429025968539e-01
5.062824139883992380e-02 7.920123955167529539e-01
4.778440100158376502e-02 7.857746570443511214e-01
4.538243569251132481e-02 7.804766933012429186e-01
4.347663767605669527e-02 7.761894863708269643e-01
4.337279003096150554e-02 7.759553241480785513e-01
4.239382898660148946e-02 7.736607926089860143e-01
4.020955523161928724e-02 7.682842375927879663e-01
3.970478170251556804e-02 7.670243178546365392e-01
3.907551507153173009e-02 7.654390397002355240e-01
3.819939583876352795e-02 7.631613285797386181e-01
3.780728742399652731e-02 7.621319324064126377e-01
3.606821268707249839e-02 7.575282190194710941e-01
3.369387158513448277e-02 7.507648553869999963e-01
3.336726206911488912e-02 7.498198845984502814e-01
3.127333095270989904e-02 7.434053387783545741e-01
3.015704076728320526e-02 7.397902234340187899e-01
2.823674606749215776e-02 7.333515829761203531e-01
2.558624759921634961e-02 7.244092645014000853e-01
2.425308419663729786e-02 7.197956369959548351e-01
2.415370755862766838e-02 7.194463923241897207e-01
2.208129526125623965e-02 7.115147230502663067e-01
1.979238767104329888e-02 7.026590717496481453e-01
1.882991497177954887e-02 6.986958512244194619e-01
1.842940681369342748e-02 6.970441606331524431e-01
1.625673117018333613e-02 6.878971590514980639e-01
1.568346336147274922e-02 6.854452226011987781e-01
1.543337710263070761e-02 6.842899234869215253e-01
1.493798336335605548e-02 6.818508808530071574e-01
1.442739988389607486e-02 6.792282940403360225e-01
1.321956272697411006e-02 6.729401041194974509e-01
1.284543592667786172e-02 6.709708290615172821e-01
1.263616789028132459e-02 6.698589592598166442e-01
1.230786596071398176e-02 6.680202166410003084e-01
1.203226718416927632e-02 6.664537674834273284e-01
1.125970704431911162e-02 6.614003456136102743e-01
9.590305424075351581e-03 6.501377247847444085e-01
9.160274399770851339e-03 6.469436562638766208e-01
7.924412457649854247e-03 6.371895820677644373e-01
7.761647089652878861e-03 6.358624706103997992e-01
7.594650279578285534e-03 6.344899426319862146e-01
7.346946866524817210e-03 6.324285302725061175e-01
7.184629225920891038e-03 6.310677641399686788e-01
6.652987039485469545e-03 6.265429672169080533e-01
5.928105693491447781e-03 6.203313297514156943e-01
5.877019749106704438e-03 6.198763826111395314e-01
5.336779666866742211e-03 6.148344659975656379e-01
4.835375639180683471e-03 6.100908651885154077e-01
4.770456317270799218e-03 6.094643383403539616e-01
4.143666074180707426e-03 6.030844078396317975e-01
3.984331240015626108e-03 6.013265768618089036e-01
3.295698990113171689e-03 5.936818661061176172e-01
2.858950800660786662e-03 5.879730925647627116e-01
2.086832185440590237e-03 5.775328536262530621e-01
2.028124687519450298e-03 5.767023740915168117e-01
1.795341479966516829e-03 5.730145866777632824e-01
1.625191714199836213e-03 5.702247199756138585e-01
1.401514963685457360e-03 5.665243267403061722e-01
7.184837086935402795e-04 5.538095917282208624e-01
7.055745833016713320e-04 5.535603549669504408e-01
5.679556300359767107e-04 5.505922464912460512e-01
3.355511471992977945e-04 5.446853167609239099e-01
2.519060895007640966e-04 5.412397944025013619e-01
1.824686708279399383e-04 5.383153796209485531e-01
1.434748400330754237e-04 5.363200380656929500e-01
1.263428247030295992e-04 5.348401481262494706e-01
8.358790728957288252e-05 5.291567793450731028e-01
5.321555672654909586e-05 5.232142537162804974e-01
5.058817685499317207e-05 5.181699117457424508e-01
9.536320192882197233e-05 5.140836982484560114e-01
1.217908111095233892e-04 5.120262682938870880e-01
1.681001621500755050e-04 5.092254105397424624e-01
2.391980416871497539e-04 5.055205560227981065e-01
3.228011894867988119e-04 5.012532957185730220e-01
3.548747369364058102e-04 4.999058226768252622e-01
5.049744641067999140e-04 4.938779325113501484e-01
5.912248087420746145e-04 4.905257385852961338e-01
6.984218038270650908e-04 4.864822334452791885e-01
8.324659910976528465e-04 4.817870819704834773e-01
9.390487551647064279e-04 4.782216156883998259e-01
1.001249855206998163e-03 4.762145735932087343e-01
1.176593032450323761e-03 4.708361839265131632e-01
1.323996958297324333e-03 4.673865776402612582e-01
1.689356449442680486e-03 4.590979203421666766e-01
1.728027200523341023e-03 4.582382237864052188e-01
1.755477416179096473e-03 4.577224301291781261e-01
1.834497443757077129e-03 4.563045223863113620e-01
2.002542369585191828e-03 4.538033025880511273e-01
2.142088299527222794e-03 4.517887155412748657e-01
2.231849414331410486e-03 4.505932186328827083e-01
2.433940514138810407e-03 4.479070493094126082e-01
3.003216459737112487e-03 4.406689399159515741e-01
3.219700254954993568e-03 4.380466963243735412e-01
3.640565567191278440e-03 4.330352016583570718e-01
4.449701038713671508e-03 4.236113854727701078e-01
5.485774224223693984e-03 4.126233100699653322e-01
5.744256146153703391e-03 4.101147979791894826e-01
6.084536268645246437e-03 4.069797181405433451e-01
6.911762617624939153e-03 3.994761377885677200e-01
7.189219544375013982e-03 3.969885945764145552e-01
7.304650202569207273e-03 3.959901113330445144e-01
7.827829784638362653e-03 3.915343914191036223e-01
8.158984958949955235e-03 3.887997846100694765e-01
8.384603868050288789e-03 3.870712257856421257e-01
8.554626933207853945e-03 3.858097884402623690e-01
9.435561986243290455e-03 3.797841463276890872e-01
1.150598657198997898e-02 3.660047342272411131e-01
1.183428681365350510e-02 3.638428379215837838e-01
1.222637091676870291e-02 3.613175267264526758e-01
1.287261647576642964e-02 3.572334956671499029e-01
1.331669008914393437e-02 3.545797515221316143e-01
1.396380407597053175e-02 3.507229755657831349e-01
1.435390284828574892e-02 3.484518022976170748e-01
1.475013676145497943e-02 3.461876536644342695e-01
1.507144965318452101e-02 3.444655229050564982e-01
1.545359448992289497e-02 3.425035180882907149e-01
1.561630270138880672e-02 3.417158034414047307e-01
1.623493225126171335e-02 3.388175554674492940e-01
1.661348786016214607e-02 3.370532847662908171e-01
1.688964587445618282e-02 3.357869111414337748e-01
1.727467496843171357e-02 3.340757581220062944e-01
1.758491154687502611e-02 3.327439021086242565e-01
1.827712883757559581e-02 3.297761917384925967e-01
1.864185595530731820e-02 3.282354456773888263e-01
1.882669429558181395e-02 3.274557025422024648e-01
1.955034740997729781e-02 3.246139578516793467e-01
2.058535446531628565e-02 3.208845989772464158e-01
2.218909716623074235e-02 3.151383726990187872e-01
2.271270003258896164e-02 3.132840134094304618e-01
2.364124517421806182e-02 3.100229743288046569e-01
2.403168016138756968e-02 3.086725460535363341e-01
2.445422072734959595e-02 3.072131337416950103e-01
2.506474842803574354e-02 3.051799420579686117e-01
2.568451670828464373e-02 3.031190023554651836e-01
2.583268264481031196e-02 3.026422383565814389e-01
2.683950131389412075e-02 2.994093835458002673e-01
2.837156945886687431e-02 2.945962453675532444e-01
2.888084709803240280e-02 2.930165754022019398e-01
3.026399258303147377e-02 2.887589291114094348e-01
3.153597371414074146e-02 2.848712073314316751e-01
3.209863157665360234e-02 2.831553916789814052e-01
3.234958991166947406e-02 2.824096464958247843e-01
3.330180477463196009e-02 2.796678879067437951e-01
3.386965436063005264e-02 2.780364095403103919e-01
3.439253562417787791e-02 2.765542928066806461e-01
3.488701264807492208e-02 2.752447565210677238e-01
3.569303018556968521e-02 2.731516785675379699e-01
3.725297699635954363e-02 2.692906265211938432e-01
3.824432637473840213e-02 2.668613392227204839e-01
3.889900591210859737e-02 2.653515607647751740e-01
3.910401394207330128e-02 2.648965227645968534e-01
3.953830296093896468e-02 2.639408774122896650e-01
4.010256577204585060e-02 2.627339281682797845e-01
4.096082097073283634e-02 2.609931154095556094e-01
4.215054269627649397e-02 2.586860716764399770e-01
4.243186686630817661e-02 2.581502876700020321e-01
4.313131710329864976e-02 2.568685719607078921e-01
4.460652345778137740e-02 2.541838551294997028e-01
4.679408423546582707e-02 2.503193836686032903e-01
4.757547508055481877e-02 2.489548324147436986e-01
4.780556282261105849e-02 2.485617994167370615e-01
4.978494007401557120e-02 2.451984629900534340e-01
5.227111884408386366e-02 2.409811501686131008e-01
5.380778203571345841e-02 2.383784699300363075e-01
5.417397197923279339e-02 2.377694268017653823e-01
5.627463382631181510e-02 2.343844258521577961e-01
5.969430685691101690e-02 2.290696675628538515e-01
6.101121875606752010e-02 2.270760240722811130e-01
6.224278391339410632e-02 2.252579462983159697e-01
6.344528405312133135e-02 2.234946157617575535e-01
6.701394264152349400e-02 2.184003545665597068e-01
6.858378780331342295e-02 2.161608877327277911e-01
6.998543146881408550e-02 2.141892776836756829e-01
7.389041690366782156e-02 2.086998913947866185e-01
7.693784042627538344e-02 2.044805843056447525e-01
7.840230071183496019e-02 2.025298885182492681e-01
7.956773739346989505e-02 2.010490271050482392e-01
8.098189444519976465e-02 1.992567742825408494e-01
8.318469564831099117e-02 1.964658468902574784e-01
8.423151651883975521e-02 1.951516984356725937e-01
8.678328400515034069e-02 1.920006443758446313e-01
8.887747237420806634e-02 1.894445919693249492e-01
8.940662922852293804e-02 1.887991044029486698e-01
8.974290721338795684e-02 1.883893381401833267e-01
9.090812105312906510e-02 1.869744520695605372e-01
9.206185656931853423e-02 1.856013802954410430e-01
9.530534486135300298e-02 1.817738342357327896e-01
9.773790223196887617e-02 1.789302245595082441e-01
1.004802403677399480e-01 1.757783580701497428e-01
1.012460395919915213e-01 1.749149215218852582e-01
1.030751536137584079e-01 1.728776011050513484e-01
1.040445674143772870e-01 1.718014493915813734e-01
1.075279693882799092e-01 1.679690388748966701e-01
1.091455873920399444e-01 1.661956572641204444e-01
1.110090472473103107e-01 1.641733795486185477e-01
1.182922339769441056e-01 1.563713905654049441e-01
1.197068098934819247e-01 1.548669709298302610e-01
1.221657746341454631e-01 1.522620712226131490e-01
1.233328089950599393e-01 1.510261902986296256e-01
1.274115768448660369e-01 1.467183629616702900e-01
1.316759040722804697e-01 1.422197815782920705e-01
1.351648051906330084e-01 1.385465960554069786e-01
1.360191880319608915e-01 1.376861438553261818e-01
1.377035223676833509e-01 1.359985528676982414e-01
1.400947087688172443e-01 1.336090404227359141e-01
1.423358455752153917e-01 1.313812367213241794e-01
1.430980057387848392e-01 1.306279351176556913e-01
1.448009523858148073e-01 1.289817277252355288e-01
1.455464619721967834e-01 1.282725313450807647e-01
1.459406181400132452e-01 1.279150022503544593e-01
1.478479028046839616e-01 1.261894499736859743e-01
1.509991618260237978e-01 1.234181400709657428e-01
1.525005715327547584e-01 1.221030167177005188e-01
1.564859515373030474e-01 1.186289052999595084e-01
1.581456320521603676e-01 1.172188673650376156e-01
1.606425010663836694e-01 1.151080823102171857e-01
1.625691556876728283e-01 1.135015170197267720e-01
1.641796282039700294e-01 1.121589631426107569e-01
1.655653544115237574e-01 1.110129307955042277e-01
1.668601200855904798e-01 1.099466965781832339e-01
1.721251008586075493e-01 1.056177117434460300e-01
1.751163244359685844e-01 1.031922403260016052e-01
1.758740428609253392e-01 1.025828438038043355e-01
1.802186494302022712e-01 9.911154717326764452e-02
1.810613860293649457e-01 9.845226946386453903e-02
1.828718552312194046e-01 9.706717491921434959e-02
1.877479923032109310e-01 9.333985154026136488e-02
1.902661422400699909e-01 9.141772635169032046e-02
1.919768600554607740e-01 9.014472156148878312e-02
1.931867370749241752e-01 8.924495065847792841e-02
1.944310439165676252e-01 8.832993017813661751e-02
1.960649552152279318e-01 8.713136601624582589e-02
1.979302245346377109e-01 8.577401647903926118e-02
1.992880089458363146e-01 8.478889563560565445e-02
2.002721411649718286e-01 8.407610784334973442e-02
2.007671520904398266e-01 8.372723610207333245e-02
2.027792950089033486e-01 8.236106595211312165e-02
2.034872689293405479e-01 8.188926272487717650e-02
2.047358143450688228e-01 8.106688530949779370e-02
2.101774647886225367e-01 7.751188950411125322e-02
2.108269396689422814e-01 7.708900871193746784e-02
2.119126575653617062e-01 7.639816772383734023e-02
2.125265013269980185e-01 7.603119195522023421e-02
2.131851171356101693e-01 7.564473874966459732e-02
2.154663336474743618e-01 7.432308593080139136e-02
2.182430883869143079e-01 7.275033921533957670e-02
2.201528113595407898e-01 7.173190656222827588e-02
2.221847403505027296e-01 7.065209944495054462e-02
2.237898075257677144e-01 6.980383328802197695e-02
2.255422026928672885e-01 6.890079524563041957e-02
2.290747668714427920e-01 6.712242677538160507e-02
2.303156504868983934e-01 6.650524205148500290e-02
2.335144667598911816e-01 6.496945493830263985e-02
2.336823351333432441e-01 6.489124271918089715e-02
2.363896820818117694e-01 6.365126650840924327e-02
2.387758256372157772e-01 6.256542125658548503e-02
2.424774072667077451e-01 6.088852535507183195e-02
2.426775363870019575e-01 6.079981527523392604e-02
2.484684842438611430e-01 5.827154169514781046e-02
2.546733880611361522e-01 5.560729043224299506e-02
2.573678971751588440e-01 5.445975596050500744e-02
2.601055588731541190e-01 5.330865082807823008e-02
2.624945429407902209e-01 5.230665217212537854e-02
2.649312707877022888e-01 5.128464653253894667e-02
2.697607855586824366e-01 4.927529161290900017e-02
2.739086270923087874e-01 4.757529225641388138e-02
2.752799901457361198e-01 4.702873647219496522e-02
2.756096329049076976e-01 4.689761773832790137e-02
2.797364239172777101e-01 4.529111367446203573e-02
2.854216725428279089e-01 4.309146871141167345e-02
2.877678099005247514e-01 4.221626274428447179e-02
2.909031302037546896e-01 4.105183137240631108e-02
2.932011254746559326e-01 4.021759494927035217e-02
2.958827233310429294e-01 3.924597896131787333e-02
2.976460831764723425e-01 3.862090721792588166e-02
2.987563446090373276e-01 3.822877191479945314e-02
2.997280130967650003e-01 3.788827105011283169e-02
3.005308238737613991e-01 3.761018627371404133e-02
3.012939214887309092e-01 3.735726671970107660e-02
3.066269028656881668e-01 3.560720193434285807e-02
3.075149165168897802e-01 3.532228397069281378e-02
3.080935784141870526e-01 3.513765734920792916e-02
3.102456261898659529e-01 3.446909854853530408e-02
3.121619201849634706e-01 3.388983246921062342e-02
3.159626341545760386e-01 3.275750729648452264e-02
3.183147803665338227e-01 3.205937897337496345e-02
3.224659417291242391e-01 3.085622399924670134e-02
3.244243741774263112e-01 3.029327742400311774e-02
3.263204758146333040e-01 2.976730068187849465e-02
3.298108335977367744e-01 2.880555078443935990e-02
3.322226002027148795e-01 2.815845234523273177e-02
3.348106501558919534e-01 2.747748825015672303e-02
3.357916520832112672e-01 2.722297424959407852e-02
3.421215849404387610e-01 2.561926458956487185e-02
3.449674465919519983e-01 2.490059593340054889e-02
3.477163819125299593e-01 2.421348167418391206e-02
3.515245602681082993e-01 2.326933368707329031e-02
3.547312509702780225e-01 2.249850459119795421e-02
3.600314201186912699e-01 2.123639958769751868e-02
3.611147407449876168e-01 2.098160260090520257e-02
3.632034544582076752e-01 2.049179389479927060e-02
3.664722984567382325e-01 1.973617045694286976e-02
3.679553032042092164e-01 1.939577203659959004e-02
3.715462634339490311e-01 1.858225376997613143e-02
3.758462434882404724e-01 1.761560442400689208e-02
3.766461563610747909e-01 1.743970850695253372e-02
3.805830715951263876e-01 1.660936104224752796e-02
3.827238761681490686e-01 1.617058711767183077e-02
3.840532390160233955e-01 1.590403727851552595e-02
3.877302246109547434e-01 1.518831151558563963e-02
3.914144671333977810e-01 1.448040870255284940e-02
3.940022565220604456e-01 1.399934364285115862e-02
3.943986667966036253e-01 1.392832935812005068e-02
3.988731581690232453e-01 1.312698670495893172e-02
3.994440541130201971e-01 1.302492097720142628e-02
4.035631666399273065e-01 1.230323884119610689e-02
4.080205499647403533e-01 1.155318498660506954e-02
4.110723287891783206e-01 1.108071657489462236e-02
4.161463731414100087e-01 1.035696138962194368e-02
4.180865848328955137e-01 1.008104085988625886e-02
4.235355723382311366e-01 9.381254371935709990e-03
4.281694178998968203e-01 8.862284557792698969e-03
4.322146083556948071e-01 8.450412894932535224e-03
4.330035470035487055e-01 8.372490293705903142e-03
4.401859814400832516e-01 7.705310566734069333e-03
4.462783893071914365e-01 7.140418899307943157e-03
4.495390392880225239e-01 6.846667907160264299e-03
4.551176995108313639e-01 6.347143377087638427e-03
4.610314615840882535e-01 5.899308920264911826e-03
4.638252890995757660e-01 5.695089758185778450e-03
4.656754598524971422e-01 5.564980472989367044e-03
4.715372284815988468e-01 5.158300834808282609e-03
4.767939602928024101e-01 4.804331836595343574e-03
4.823917222146836270e-01 4.430876545259865296e-03
4.874074706755151531e-01 4.107604694186695049e-03
4.926422285609943774e-01 3.778900759315750868e-03
4.975771022362089901e-01 3.478525933107823320e-03
4.995655042551570002e-01 3.363259775007176877e-03
5.035711874048344194e-01 3.134605430123671432e-03
5.134739002921384632e-01 2.597070767217379839e-03
5.171380199246750076e-01 2.405421309694677490e-03
5.234690605214474823e-01 2.105654429945258421e-03
5.259537264020166525e-01 2.002061436381707971e-03
5.306012854985161509e-01 1.815489532443037568e-03
5.358975389323011873e-01 1.611305340555091448e-03
5.372529233102131263e-01 1.560289258730085393e-03
5.411553881753693451e-01 1.426677816740773430e-03
5.432436821492869772e-01 1.358491126932981352e-03
5.461861510126558850e-01 1.283318968362423540e-03
5.486217309449080703e-01 1.224763575196186061e-03
5.561122405582704653e-01 1.057564203145511250e-03
5.573625943199631561e-01 1.035417585549258668e-03
5.620944782391221750e-01 9.581147589790006691e-04
5.641591292780051559e-01 9.257199631943491269e-04
5.695664004690541571e-01 8.598304746532114962e-04
5.742071022125692092e-01 8.232474291899327667e-04
5.800173323857230612e-01 8.340117224162613141e-04
5.832303424335533171e-01 8.696832240148166804e-04
5.890450536892682942e-01 1.027744866667679169e-03
5.912078028831373455e-01 1.101028127604375406e-03
5.925906771913974636e-01 1.172632745969570678e-03
5.935564127193614370e-01 1.224615739516821122e-03
5.943102445208736651e-01 1.269991183414309610e-03
5.949737361878248976e-01 1.310249510591110500e-03
5.971976868989955500e-01 1.464009935571497500e-03
5.996707606790826484e-01 1.643737896129815468e-03
6.009447453370659886e-01 1.748171681020038726e-03
6.076701337403482839e-01 2.301171178506700166e-03
6.085425431218082215e-01 2.384078713188686471e-03
6.129825352233690960e-01 2.810957493376453620e-03
6.145564324600168993e-01 2.979509426481397050e-03
6.162457088394716065e-01 3.165910414235084680e-03
6.168528113395015389e-01 3.236985717159468479e-03
6.201513100124041999e-01 3.627259649147340781e-03
6.247144852862139830e-01 4.196101168156940453e-03
6.251842885826474072e-01 4.255578210920707427e-03
6.277239785586258281e-01 4.602133915650008511e-03
6.294558445596503127e-01 4.854370949857189643e-03
6.305842114409736521e-01 5.030981468641115839e-03
6.337512212581338789e-01 5.550589081209977849e-03
6.394671939660563353e-01 6.497361050350258793e-03
6.407110579024701824e-01 6.708551578992749675e-03
6.444272078928016123e-01 7.392737710166685794e-03
6.490441320878367337e-01 8.275204840238914450e-03
6.513746299654842309e-01 8.722789195042657262e-03
6.533588668546524980e-01 9.116183500980645782e-03
6.583523697136526298e-01 1.012862680469195364e-02
6.626528861075695609e-01 1.102170262868296113e-02
6.634226829750971000e-01 1.118586968547963245e-02
6.683959177463314472e-01 1.227670068431363504e-02
6.692328638214544156e-01 1.246674011613424504e-02
6.722842338177852373e-01 1.320266407048198420e-02
6.734884660151562175e-01 1.349492326527090835e-02
6.805585354180334612e-01 1.527284908130144281e-02
6.813035803835987281e-01 1.546269092149432645e-02
6.822546735975651977e-01 1.570638975887928002e-02
6.841954879215020879e-01 1.622116508026771875e-02
6.875645795262047555e-01 1.711524358012428415e-02
6.945460315316964728e-01 1.897779307498592694e-02
6.986577061219068074e-01 2.011672462489177970e-02
6.995441898873859810e-01 2.036314309143183454e-02
7.029052027104066847e-01 2.136683033396835629e-02
7.050365918454573055e-01 2.201356605041815406e-02
7.085448198519584961e-01 2.309942467781833653e-02
7.097575598864236390e-01 2.347491891050457191e-02
7.132157385080990508e-01 2.454771906363062417e-02
7.180875078526101074e-01 2.610109110325609105e-02
7.193359203595536266e-01 2.650504514827412006e-02
7.196463853778823916e-01 2.660932723949760437e-02
7.211216486279611315e-01 2.711449213079242249e-02
7.245697136391716642e-01 2.829904129551019665e-02
7.293102916275076009e-01 3.004258358550582209e-02
7.333478191981049887e-01 3.156557725789477242e-02
7.473764757792838997e-01 3.691498044286678493e-02
7.486134607687151554e-01 3.740548498804974198e-02
7.491920969976232358e-01 3.763543161107862911e-02
7.532922053984242305e-01 3.928054019649407369e-02
7.539683958339146175e-01 3.957166106338183553e-02
7.546340760570049433e-01 3.987673027093729949e-02
7.558061247687091200e-01 4.042350690433205163e-02
7.591646213022720246e-01 4.200068093754227849e-02
7.612234043053675014e-01 4.299319796920153536e-02
7.636853062268593728e-01 4.420242161828868976e-02
7.660546524029053783e-01 4.536995452650727234e-02
7.673840907451585647e-01 4.602656645645619715e-02
7.703017594193405371e-01 4.752135733007201157e-02
7.755695065946575095e-01 5.032720018724134992e-02
7.776331119141138837e-01 5.143297117440925881e-02
7.801716338676275564e-01 5.279337087603641621e-02
7.831077829468597873e-01 5.440335337112467418e-02
7.854462149869031462e-01 5.569453572632854232e-02
7.867339585164381255e-01 5.640959277979229469e-02
7.886564791662157292e-01 5.749438966165254516e-02
7.896792457016069688e-01 5.807969506593313458e-02
7.910028206033605791e-01 5.885197905695593867e-02
7.978171767788406754e-01 6.293439205722584084e-02
8.026907790482291638e-01 6.587502659893584855e-02
8.053996340805593679e-01 6.751133919456620003e-02
8.056690895787187445e-01 6.767492027505728203e-02
8.075614486292750360e-01 6.885034964572189775e-02
8.152728145461491938e-01 7.372310877232668425e-02
8.160249375046524367e-01 7.421366329601408740e-02
8.169589250757152143e-01 7.483751757265666438e-02
8.192020671476418769e-01 7.634189720253570233e-02
8.216136832526138578e-01 7.796305224483413010e-02
8.241022803742228398e-01 7.966659236241213637e-02
8.286698130409771990e-01 8.286074815609811850e-02
8.289944972389592381e-01 8.309461979989596347e-02
8.315688608890917655e-01 8.501347478750875819e-02
8.329635024862838133e-01 8.606704681535715107e-02
8.351894515342507264e-01 8.778339862087169987e-02
8.370484947086600513e-01 8.922189678418090963e-02
8.385504488285047131e-01 9.038854018798736512e-02
8.425640457904117753e-01 9.352713798663869760e-02
8.468574571257625472e-01 9.713036048746170881e-02
8.469765559254047727e-01 9.723077271504532160e-02
8.481067718778549924e-01 9.818977395873584868e-02
8.490549211564185628e-01 9.900301795108690239e-02
8.494894753255233244e-01 9.937767536747632580e-02
8.526693056616428956e-01 1.021194926308847117e-01
8.537680192619081510e-01 1.030865389426481871e-01
8.552296941398597196e-01 1.043890999735381797e-01
8.559785896531690863e-01 1.050621532563638105e-01
8.576565031211640378e-01 1.065701600612580791e-01
8.597475560455427601e-01 1.084681120111653518e-01
8.621975156527849071e-01 1.107020097436431927e-01
8.647241928585654991e-01 1.130070542341042872e-01
8.652152890916332550e-01 1.134741028687974440e-01
8.677742685823904845e-01 1.159269226109569395e-01
8.692950461799118234e-01 1.174479386805412640e-01
8.751184114754566590e-01 1.233558337672974181e-01
8.761672336798416172e-01 1.244343553665366864e-01
8.796099850157154121e-01 1.280571666147032328e-01
8.801191392678201497e-01 1.286007425282772454e-01
8.825080017215511941e-01 1.311896644218303321e-01
8.844472819736340918e-01 1.332923123988113412e-01
8.852469563669227437e-01 1.341923938136720951e-01
8.860431847897916047e-01 1.351010839002209085e-01
8.878157734567092563e-01 1.371327170808180895e-01
8.892958475039393074e-01 1.388395257193993926e-01
8.912929280773880247e-01 1.411497066048053028e-01
8.926862617521862386e-01 1.428121545241366475e-01
8.940173120425368714e-01 1.444364912269953116e-01
8.954623647140648179e-01 1.462282487578634438e-01
8.962127152489763882e-01 1.471663235862279429e-01
8.967031923283015349e-01 1.477812870364897391e-01
8.979697473025540777e-01 1.493693409144729589e-01
8.987260012149497213e-01 1.503189968272833354e-01
9.008883524986999181e-01 1.530527742106642108e-01
9.026086290258820144e-01 1.552797676614542377e-01
9.034647225978037488e-01 1.563975693498719233e-01
9.068511088705017986e-01 1.608735788895966357e-01
9.079612177759776026e-01 1.623416683051996934e-01
9.120592467499383238e-01 1.678850273413746708e-01
9.129356735567185632e-01 1.690745694125800336e-01
9.138027190086419616e-01 1.702747042770801356e-01
9.164525058071614216e-01 1.739928520322236993e-01
9.166642926254091606e-01 1.742935987518490215e-01
9.176834678503065224e-01 1.758056372928622491e-01
9.202816301789847886e-01 1.796943321681393479e-01
9.216881939040221239e-01 1.819111682493002036e-01
9.222113691232729504e-01 1.827388438180331809e-01
9.251006132760839495e-01 1.873223856075205696e-01
9.268449380854166808e-01 1.901340996656979421e-01
9.278707634062747234e-01 1.917965356046480441e-01
9.287869047805136224e-01 1.932972336107504630e-01
9.298408656937069416e-01 1.950466356546410873e-01
9.314947220592795230e-01 1.978452570384804377e-01
9.316122828443264003e-01 1.980443961276799891e-01
9.339414048886457431e-01 2.021466552751465251e-01
9.361122226462564866e-01 2.059747978310845218e-01
9.365114636038703866e-01 2.067003517025525205e-01
9.372885757686130193e-01 2.081872580376078474e-01
9.383494239166155770e-01 2.102788921858960158e-01
9.400448052696861456e-01 2.137164611146709081e-01
9.415225276859721104e-01 2.167430646776882242e-01
9.416048964312551117e-01 2.169124548844861833e-01
9.416976145177137214e-01 2.171036585184179524e-01
9.460312339068075449e-01 2.260517485780303426e-01
9.479251170679440230e-01 2.300838658389133817e-01
9.489384342916533654e-01 2.322577997945727279e-01
9.500602736224590394e-01 2.348600856116832558e-01
9.519013451349894739e-01 2.392299360229140914e-01
9.524156617652261847e-01 2.404522394331950474e-01
9.530773283343211277e-01 2.420509503837579013e-01
9.535078133090916230e-01 2.431359482042015907e-01
9.545956380770143079e-01 2.459437799471504427e-01
9.560981210166112909e-01 2.498580515446908734e-01
9.578476435748090045e-01 2.547258667693533818e-01
9.587004303046610110e-01 2.572105592096265436e-01
9.604106281476648688e-01 2.622267018108384029e-01
9.608959975647806129e-01 2.637266513827051240e-01
9.625730191082529918e-01 2.691392890386965497e-01
9.626127114161983078e-01 2.692734199132996720e-01
9.631830842756309297e-01 2.712060243237073287e-01
9.638977040818997866e-01 2.736707759557277519e-01
9.647489984784389794e-01 2.767066450065254202e-01
9.663488214477914395e-01 2.824325728028242999e-01
9.671377092703459244e-01 2.852655408002762183e-01
9.675710502448346961e-01 2.868642689285655356e-01
9.679629216204546083e-01 2.883183050810123049e-01
9.681949733635686339e-01 2.891871646172606836e-01
9.703211144929475562e-01 2.973276727247646800e-01
9.708262832089077365e-01 2.992997259857862469e-01
9.716058884089064929e-01 3.023939470582003297e-01
9.720169803531002461e-01 3.040527636868908257e-01
9.727211313403570925e-01 3.069004612945223087e-01
9.730220485462800495e-01 3.081227512470231522e-01
9.732818905185012248e-01 3.091829473980313159e-01
9.739584035927741912e-01 3.119924985403135231e-01
9.749834324179981193e-01 3.165903308752768819e-01
9.766512130627996724e-01 3.240948516461457096e-01
9.778963747141310447e-01 3.297314313762016447e-01
9.802968323237850612e-01 3.406831934805749640e-01
9.816454783801715767e-01 3.469403155922984316e-01
9.818287856448613127e-01 3.477979348804068893e-01
9.821587286182003051e-01 3.493460059331402467e-01
9.826049615765294343e-01 3.514833921978222087e-01
9.828256564783075522e-01 3.525799708245178632e-01
9.838020265709951362e-01 3.574910018469925621e-01
9.846019793526219477e-01 3.616048675307118598e-01
9.851665412241786823e-01 3.646351158972572781e-01
9.861226285208566367e-01 3.698117821564396168e-01
9.865523471663746324e-01 3.721590370485814425e-01
9.875903441949703820e-01 3.778493394246079662e-01
9.885727733764523295e-01 3.832991280428343916e-01
9.890251164487174895e-01 3.858497666262732384e-01
9.896801428797653566e-01 3.896458821887791579e-01
9.899308642959742111e-01 3.911629714866308172e-01
9.900641976063563332e-01 3.919882310381874735e-01
9.905215541041448857e-01 3.948212504430361758e-01
9.909545167076514449e-01 3.975158226466842804e-01
9.912304672877816358e-01 3.992512302584503292e-01
9.916747838100811174e-01 4.020671488984728370e-01
9.922783513959414492e-01 4.058996712942782858e-01
9.927230203514842977e-01 4.088015909573700091e-01
9.938494152908560197e-01 4.163021704294168623e-01
9.943856829946993159e-01 4.199616429034125353e-01
9.945541699887286979e-01 4.211748394368510784e-01
9.947078689651771555e-01 4.223484631055789418e-01
9.947447923418849536e-01 4.226578163425512846e-01
9.948173521462796431e-01 4.232674970185252850e-01
9.953281837328630255e-01 4.279460669576590215e-01
9.959285340595570579e-01 4.337762841691390481e-01
9.961317295732579069e-01 4.358683093332801350e-01
9.967483529740580606e-01 4.427496495767894169e-01
9.969727716990955946e-01 4.454216306113698565e-01
9.975734063621874981e-01 4.528396152508188388e-01
9.977741802211188560e-01 4.554976356072489851e-01
9.978544197112793057e-01 4.570386422507006774e-01
9.980957509784850190e-01 4.616943218915634528e-01
9.982163395880850887e-01 4.642661507463974324e-01
9.983008109437372379e-01 4.663106124383646911e-01
9.986265062464662057e-01 4.751804823114740284e-01
9.987033165344932906e-01 4.774590529171326425e-01
9.990477262982124795e-01 4.876792762701861461e-01
9.992006318201591686e-01 4.931402528268961083e-01
9.993222038272553398e-01 4.975882516137613010e-01
9.994129914204267218e-01 5.010514101952073807e-01
9.994422518357221064e-01 5.023443415084763997e-01
9.995383011346457014e-01 5.066803203134891964e-01
9.996567635547521924e-01 5.120291207365730290e-01
9.997476815098869096e-01 5.170855547016875997e-01
9.997903750264343081e-01 5.196157185448232463e-01
