9.981116227817963260e-01 5.281061909181433700e-01
9.977149369823286040e-01 5.344747804790518364e-01
9.976348656301419204e-01 5.357263096299589300e-01
9.974809401509499018e-01 5.380291971716676391e-01
9.972523971208416826e-01 5.413783815202903860e-01
9.968073244122507282e-01 5.477202373352130227e-01
9.962414380707046435e-01 5.557726183632609729e-01
9.960608085416015056e-01 5.582637055612799104e-01
9.953735757324086997e-01 5.670379588685506844e-01
9.952539288940958073e-01 5.681299899403668974e-01
9.948899601469787246e-01 5.711410578071272059e-01
9.945808233100852380e-01 5.735773650263531476e-01
9.945005565530659064e-01 5.742074339703886476e-01
9.943593501688425818e-01 5.753124663525949201e-01
9.938604425611455850e-01 5.791825957773247824e-01
9.931923642943120134e-01 5.841905074262070396e-01
9.913208569607693255e-01 5.981182749587623526e-01
9.905057071538480029e-01 6.037674210736321267e-01
9.899045860041171263e-01 6.078044164458173970e-01
9.889676209248904337e-01 6.140512082692234364e-01
9.883451830439627939e-01 6.181256302775981482e-01
9.880649517417836591e-01 6.199506670076986303e-01
9.875988071837458193e-01 6.228776310593854282e-01
9.875184648400884280e-01 6.233789563622563756e-01
9.873423567842577464e-01 6.244625307339386477e-01
9.870161893249627116e-01 6.264495378880610144e-01
9.867505785908993188e-01 6.279252385879887655e-01
9.861248511219679047e-01 6.313081150202121128e-01
9.858361536842299433e-01 6.328511665796887620e-01
9.853681439950986443e-01 6.353519788513057875e-01
9.849461301475270769e-01 6.375725460226042696e-01
9.846661366312535746e-01 6.390432216244555930e-01
9.841420508616122165e-01 6.417442164457524134e-01
9.840032370980714704e-01 6.424562723180424761e-01
9.831636390184529395e-01 6.466964127454386535e-01
9.825853023856642166e-01 6.495536630555988067e-01
9.815772931350866815e-01 6.544509433247382990e-01
9.801406914251403757e-01 6.608575947464215838e-01
9.799945773842173580e-01 6.615085624818880516e-01
9.792918851885609177e-01 6.644900049140978204e-01
9.789338596315732000e-01 6.659666462866087322e-01
9.785218677148923572e-01 6.676300396563017436e-01
9.783243182025265217e-01 6.684168946043381743e-01
9.780665845718392593e-01 6.694236044894006366e-01
9.775412689144188372e-01 6.714442583952007215e-01
9.768271376838605358e-01 6.740319667357744793e-01
9.740808362882921179e-01 6.836680541509104758e-01
9.729418075597290327e-01 6.873988331085923997e-01
9.719052770769425198e-01 6.907868325692495537e-01
9.709695485137466164e-01 6.938140265220665848e-01
9.694949426900381084e-01 6.985180651694495868e-01
9.683489388555768240e-01 7.021140760721801266e-01
9.662169537793680041e-01 7.086898376685006884e-01
9.659644652368108986e-01 7.094388087916382313e-01
9.648287363813726758e-01 7.126357877672465646e-01
9.637306642373247856e-01 7.156644281624393589e-01
9.632922754435854218e-01 7.168621641853105686e-01
9.613648334603200896e-01 7.219945056438832331e-01
9.610280418533810876e-01 7.228734647813968017e-01
9.603740735558412567e-01 7.245161712875074489e-01
9.591337012758982539e-01 7.273803734420986045e-01
9.555689756381506861e-01 7.355952944828795248e-01
9.533697263182480119e-01 7.405850980195405331e-01
9.527276165699869459e-01 7.420278799585435792e-01
9.521874641376457671e-01 7.432339748692936565e-01
9.510041976346754744e-01 7.457687698605780513e-01
9.490216400460935731e-01 7.499954292260667676e-01
9.469074533742640742e-01 7.544755289373090701e-01
9.465815304001639063e-01 7.551481703693052605e-01
9.445299159932614153e-01 7.593594312477709440e-01
9.421339667268013862e-01 7.642566521799675217e-01
9.403425294755237696e-01 7.679051814877356774e-01
9.394798868627700639e-01 7.696545709193450824e-01
9.388186360010087883e-01 7.709849395107659653e-01
9.376499489870240289e-01 7.732754627853297702e-01
9.375201878520833532e-01 7.735297027175798146e-01
9.361513749303266296e-01 7.761592235499450432e-01
9.338055701635712413e-01 7.806219224218463593e-01
9.322648342873701699e-01 7.835420630468297176e-01
9.308900604924381650e-01 7.861434146045130911e-01
9.292728245496628681e-01 7.891442221360635001e-01
9.288784892739471166e-01 7.898739337174339736e-01
9.264814240216246999e-01 7.943082175355958841e-01
9.258917403349187225e-01 7.953987074634637500e-01
9.245894998537294018e-01 7.977115288434732943e-01
9.236431696111450096e-01 7.993768445625767383e-01
9.233457540324550017e-01 7.998994650461505040e-01
9.223283756832564295e-01 8.016715617674955441e-01
9.205440455392946975e-01 8.046527443719770911e-01
9.193054786424256219e-01 8.067037627774065189e-01
9.173583986570733595e-01 8.099212762484349071e-01
9.169633795719769331e-01 8.105713529851427124e-01
9.145928154663892640e-01 8.143854234278619098e-01
9.128810500139865614e-01 8.171383111514620712e-01
9.111120742453053811e-01 8.199205996690810405e-01
9.104525734113209090e-01 8.209250902986597875e-01
9.097333592101518596e-01 8.220200958325111218e-01
9.072856569578200414e-01 8.257451592200525381e-01
9.059572241167165307e-01 8.277548167928762135e-01
9.039496674873257476e-01 8.307629572389200190e-01
8.946795681734985850e-01 8.445345472186623903e-01
8.943970696712283397e-01 8.449461728962844864e-01
8.922533325788830627e-01 8.480384978702032450e-01
8.908325923656768008e-01 8.500729263602196939e-01
8.905386333428852996e-01 8.504834053801898497e-01
8.898877367431776708e-01 8.513829607176223169e-01
8.893763445470490581e-01 8.520891816433069366e-01
8.883174931375037442e-01 8.535424790541684681e-01
8.874965805609061897e-01 8.546687065668077121e-01
8.857167114772979133e-01 8.570753304023195351e-01
8.849710889925446189e-01 8.580693938910374241e-01
8.831342191605484615e-01 8.604190531247597473e-01
8.828552153270854408e-01 8.607746010028353156e-01
8.822024781317591158e-01 8.615912225973274552e-01
8.820793284082938390e-01 8.617433659750325381e-01
8.811499627847877436e-01 8.628443600165919269e-01
8.789321996611350052e-01 8.652650560755836828e-01
8.765045630434559198e-01 8.679063718532794569e-01
8.749422632947627676e-01 8.695989717033271171e-01
8.694912926313325130e-01 8.753613030611393508e-01
8.680919191355995768e-01 8.768317193010273236e-01
8.676458646615785586e-01 8.772749628245150033e-01
8.664168592022473137e-01 8.784909782826169078e-01
8.648701447988909052e-01 8.799398444555728283e-01
8.607832241071582402e-01 8.836940360002761841e-01
8.598582153561532548e-01 8.845248157759991736e-01
8.569361534628042731e-01 8.871080788116679772e-01
8.557124549998732510e-01 8.881580146377481277e-01
8.518542527544848975e-01 8.914431393577318952e-01
8.505916356791228816e-01 8.925080210799036795e-01
8.498498680775281588e-01 8.931322911960545285e-01
8.471747024802319670e-01 8.953603542946577676e-01
8.432465084818097090e-01 8.985827850804424255e-01
8.403401952523448237e-01 9.009310060277634369e-01
8.393033725700353997e-01 9.017583781769830109e-01
8.375684122634773354e-01 9.031375729256649887e-01
8.338869071953153300e-01 9.059217784796239625e-01
8.252090259858447796e-01 9.122974479193057817e-01
8.220488376412388165e-01 9.146074531105174987e-01
8.201599053225114844e-01 9.159667298756898335e-01
8.181414040934704701e-01 9.174190459072124604e-01
8.151661448777688390e-01 9.195503982553573374e-01
8.127565068020251582e-01 9.212749082354557695e-01
8.087133816384018958e-01 9.241607064206890376e-01
8.070227515429395648e-01 9.253636463866647954e-01
8.013882803576531932e-01 9.293515829858575161e-01
7.995725034240730444e-01 9.306129822098013760e-01
7.965464610347176011e-01 9.326831223895192258e-01
7.958692436944896365e-01 9.331280937752206572e-01
7.949010640498074265e-01 9.337576185326467160e-01
7.926586788790863647e-01 9.351638232930703509e-01
7.894059323537707673e-01 9.371836946708674843e-01
7.888107924021720008e-01 9.375443949794136644e-01
7.863840302269557991e-01 9.390034602987172851e-01
7.854687257112920040e-01 9.395420342203973929e-01
7.827076149423021212e-01 9.410907944478478226e-01
7.816542420626723109e-01 9.416598101092904516e-01
7.785584393657148938e-01 9.433279706259941610e-01
7.773789570750826439e-01 9.439584517174717249e-01
7.765223637157442349e-01 9.444031222412291315e-01
7.734205487066125873e-01 9.459851578853086806e-01
7.732708234506053824e-01 9.460608377822081749e-01
7.730387327905203776e-01 9.461774544410412879e-01
7.693368485817719815e-01 9.480286828106195829e-01
7.671315692051180468e-01 9.491238744872847466e-01
7.637658957789742464e-01 9.507558950887663451e-01
7.613525779189317388e-01 9.519145342823550626e-01
7.584106535505792390e-01 9.533235512363245068e-01
7.538950409797660068e-01 9.554744762688067716e-01
7.516936757839574046e-01 9.565230144061793727e-01
7.493971397457611650e-01 9.575416719960321288e-01
7.458619981772384167e-01 9.590963386410373825e-01
7.431475770190820729e-01 9.602760997699067991e-01
7.414027290984516183e-01 9.610259195962412848e-01
7.352231914524357537e-01 9.636798356780887920e-01
7.337588126675503863e-01 9.642935049597868291e-01
7.328407677399364495e-01 9.646634918058015762e-01
7.322415638652416403e-01 9.649042984823715807e-01
7.281344733943908576e-01 9.665329693902914299e-01
7.261488671652444049e-01 9.673046352579430796e-01
7.235716795405287005e-01 9.682988225727574561e-01
7.204291924649662837e-01 9.694932744294225690e-01
7.191634326920191000e-01 9.699578845796354987e-01
7.153545460522686694e-01 9.713440419917223068e-01
7.143885840500976414e-01 9.716899039813484684e-01
7.128011049617392070e-01 9.722367150578846706e-01
7.098336410589308754e-01 9.732343719524916281e-01
7.071371384530952264e-01 9.741362061293773467e-01
7.055181715519605046e-01 9.746441215914293243e-01
7.028125265704946445e-01 9.754541213566844116e-01
7.004693827162196129e-01 9.761451338225566321e-01
6.963186286335043551e-01 9.773392695580985778e-01
6.956368919068540713e-01 9.775352934137192529e-01
6.908729795558463671e-01 9.788961519032111092e-01
6.872907440631824683e-01 9.798161686681540194e-01
6.817864623696225923e-01 9.812290873696033477e-01
6.773146291387690532e-01 9.823473656147192479e-01
6.763106658828266227e-01 9.825934235714733900e-01
6.737252007520783126e-01 9.831888618804961455e-01
6.718370271113375258e-01 9.835985054355143031e-01
6.694232317034676250e-01 9.840582468150698148e-01
6.679627194265810308e-01 9.843208417487795403e-01
6.661776483658422565e-01 9.846348652799966628e-01
6.643666580960946311e-01 9.849520719685443959e-01
6.630624085460545825e-01 9.851780144199281386e-01
6.584583781203905417e-01 9.859553678648892427e-01
6.549315898468435204e-01 9.865447233475073130e-01
6.523971002066939473e-01 9.869560746185395139e-01
6.492032271717373959e-01 9.874651912921152963e-01
6.456348325531827692e-01 9.880098428209038719e-01
6.356253246400180856e-01 9.894875159156465427e-01
6.340830890985121870e-01 9.897132998206774612e-01
6.269381693020322777e-01 9.907286494112829134e-01
6.249450902516132667e-01 9.910041727040097559e-01
6.223726424950335456e-01 9.913565621333495503e-01
6.180048887436151439e-01 9.919421199186387872e-01
6.141874370983816389e-01 9.924450724736920693e-01
6.132344227382161561e-01 9.925684399461711660e-01
6.100353604639993099e-01 9.929748770042000627e-01
6.099572277173869184e-01 9.929842839451655800e-01
6.002024455126346858e-01 9.941243403209879537e-01
5.904858081320384366e-01 9.952312495991144647e-01
5.809157085047230717e-01 9.962201982473529727e-01
5.770799885513688832e-01 9.965701387178321768e-01
5.734012373075031421e-01 9.969025026000245537e-01
5.697447921287809303e-01 9.972289209506870478e-01
5.680117523695391579e-01 9.973710481629028957e-01
5.620780920695620519e-01 9.978300592447910677e-01
5.613952602981092666e-01 9.978806110936117024e-01
5.547472189525350927e-01 9.982093528147522044e-01
5.494653596518876970e-01 9.984296302680955026e-01
5.492599911525812839e-01 9.984380937647010512e-01
5.464919965785526301e-01 9.985507623241496322e-01
5.408348227008090703e-01 9.987593710442969064e-01
5.267319565243911983e-01 9.992695177865775769e-01
5.223492176167647827e-01 9.994211103722737688e-01
5.178126576263890612e-01 9.995550833478785702e-01
5.162137723542278289e-01 9.996016510396726895e-01
5.122191811895483449e-01 9.997163038440877170e-01
5.093996287257993583e-01 9.997733930175497497e-01
5.088171357166184627e-01 9.997835671264250212e-01
5.029759109106058945e-01 9.998678514144394569e-01
4.956256178426314829e-01 9.998459880009111789e-01
4.913001310993611037e-01 9.998221410636907169e-01
4.904784649352844639e-01 9.998146755651980966e-01
4.806744668383649000e-01 9.997141767565127513e-01
4.773242084938755792e-01 9.996468650125490685e-01
4.742566932060058305e-01 9.995844568153809950e-01
4.681525747411592331e-01 9.993798313944576295e-01
4.592014088828872964e-01 9.990623843333146237e-01
4.475798447491964316e-01 9.986130470353818955e-01
4.437652607177179354e-01 9.984526964728210885e-01
4.386125719433202619e-01 9.982204769049677351e-01
4.331617367382899486e-01 9.979688871509427850e-01
4.229506069660574630e-01 9.974081820207371107e-01
4.169976969515445386e-01 9.970189414549551765e-01
4.149375074822260201e-01 9.968703427448161181e-01
4.110404334649067071e-01 9.965803176903336169e-01
4.044502669202587608e-01 9.960810494400448301e-01
3.999325297544046309e-01 9.956772437171808043e-01
3.966555653176754292e-01 9.953754471465046105e-01
3.925401302173675555e-01 9.949891862023338973e-01
3.890196159994716574e-01 9.946334080113262699e-01
3.824575137542070014e-01 9.939593556465551316e-01
3.760178667637421590e-01 9.932715666498773688e-01
3.749975274113683810e-01 9.931619857888639435e-01
3.743366355803908752e-01 9.930909772083816867e-01
3.712264864489973615e-01 9.927466226875917288e-01
3.707052894791671438e-01 9.926837665343071215e-01
3.694570613617470523e-01 9.925292705709918284e-01
3.648429160725445985e-01 9.919350649540739084e-01
3.605171973303925581e-01 9.913659184078635889e-01
3.563948862531993722e-01 9.907606469627826540e-01
3.520908587839456372e-01 9.901046496895965499e-01
3.510984573717711443e-01 9.899514001330385060e-01
3.469049707903276714e-01 9.892995916190049366e-01
3.454817490958514981e-01 9.890729014417090070e-01
3.401828084517745099e-01 9.881924379388996593e-01
3.376623575155540680e-01 9.877674581521465047e-01
3.366723735700758446e-01 9.875954048487820547e-01
3.347851171286700955e-01 9.872607291018480336e-01
3.330579299578019237e-01 9.869501788528002306e-01
3.272196013007184767e-01 9.858830800681346318e-01
3.247979839036694294e-01 9.854346517125393001e-01
3.216442948506469390e-01 9.847996233985865100e-01
3.159641871240550515e-01 9.836423786937646963e-01
3.056695999991504431e-01 9.814838927791418310e-01
3.005405871623890723e-01 9.803933294688526034e-01
2.997243381475717117e-01 9.802097262071802763e-01
2.935528729688312577e-01 9.787418332393647002e-01
2.898683415717310252e-01 9.778410922105336134e-01
2.886257590818289698e-01 9.775020606691164904e-01
2.823830417278166971e-01 9.756955484415896773e-01
2.764371437685682054e-01 9.739324749313407192e-01
2.753484832341308586e-01 9.735949661535427957e-01
2.724058093601005037e-01 9.726403718221471317e-01
2.720672203544457490e-01 9.725299485892330287e-01
2.687192551877746194e-01 9.714321383151445222e-01
2.678360700359152524e-01 9.711422246599847874e-01
2.630125335297368583e-01 9.695232737288949076e-01
2.617410653391175623e-01 9.690911872193789245e-01
2.585592205083196982e-01 9.679899791403860920e-01
2.577173686749036907e-01 9.676962728787569246e-01
2.550074548470847580e-01 9.667272251647003323e-01
2.524766258503510219e-01 9.657362593707745635e-01
2.486576450736717181e-01 9.642269587439158407e-01
2.414347334080244600e-01 9.612506041699390158e-01
2.387626219917273751e-01 9.601464112028947895e-01
2.354703494158187915e-01 9.587547378261842557e-01
2.300954400768018271e-01 9.562916597511446071e-01
2.256647661225406054e-01 9.542262891118602486e-01
2.238687194402750880e-01 9.533833498016657249e-01
2.229345114453231691e-01 9.529372239031084213e-01
2.197405588250473940e-01 9.513675109002965868e-01
2.184421793454540683e-01 9.507269802438189643e-01
2.171335168566295160e-01 9.500765023022854638e-01
2.142360262089433309e-01 9.485955555335633393e-01
2.118522879052324726e-01 9.473713303568176425e-01
2.098606974445788032e-01 9.463480693993385762e-01
2.064737119263068132e-01 9.446075359388091952e-01
2.060592558498982596e-01 9.443940881923107433e-01
2.043364084787595569e-01 9.435017610253116915e-01
2.034123645317135187e-01 9.430202080533154341e-01
1.962067683190954481e-01 9.392416112340339351e-01
1.952739878219155178e-01 9.387445735180303119e-01
1.937936337748280557e-01 9.379278522429991272e-01
1.906087305957649969e-01 9.360522943239792948e-01
1.880349384565952464e-01 9.345213993051406653e-01
1.836611059330706119e-01 9.318505720475014353e-01
1.809185673721558363e-01 9.300625585925580419e-01
1.803161828727285476e-01 9.296693995305544966e-01
1.788412688382207127e-01 9.286999015332987328e-01
1.779746357868456919e-01 9.281062358522447209e-01
1.749989025674567600e-01 9.259888939645626316e-01
1.737713951604148432e-01 9.250920250640968234e-01
1.710888562717356454e-01 9.230596334306432338e-01
1.664468740453952655e-01 9.195338045235534885e-01
1.647827259944569800e-01 9.182440024020376290e-01
1.635694977876614997e-01 9.172932975909018349e-01
1.570807767689176293e-01 9.121580974553418208e-01
1.557703561734183895e-01 9.111019163929097164e-01
1.550129666389554739e-01 9.104877166302798308e-01
1.524231418226557055e-01 9.083762258801443279e-01
1.511539139889644945e-01 9.073128395394501888e-01
1.490742327376014531e-01 9.055628819335177493e-01
1.481462286127361860e-01 9.047777210168578277e-01
1.467898932082164487e-01 9.036095613994006293e-01
1.456863125944053428e-01 9.026590482645405755e-01
1.437337197946143563e-01 9.009729793658930452e-01
1.390155272526365504e-01 8.968178550639274160e-01
1.365831706295294046e-01 8.946318742495220633e-01
1.343301410586277278e-01 8.925605146596217176e-01
1.300200770830373109e-01 8.885949314507639585e-01
1.292849548920076419e-01 8.878889445756246168e-01
1.264593238233315819e-01 8.851677920385583320e-01
1.241477391167309374e-01 8.829142127434626008e-01
1.235581544315678126e-01 8.823258146102279653e-01
1.189292517274950223e-01 8.776745370652535572e-01
1.174643661003357265e-01 8.761399238241975862e-01
1.164044633717159494e-01 8.750005105132551142e-01
1.131460856829514805e-01 8.713849333231113992e-01
1.114242381138582649e-01 8.694715416905859362e-01
1.106735028617015226e-01 8.686340161969484663e-01
1.088907106898581167e-01 8.666381660853659241e-01
1.071191914138616141e-01 8.646347285318308762e-01
1.054820267374178000e-01 8.626993310995907382e-01
1.039107215263751494e-01 8.608306624189774325e-01
1.023468719986497799e-01 8.589378632813483572e-01
1.011964169706710548e-01 8.575375883331139981e-01
9.985310869919439281e-02 8.558899377085598115e-01
9.691398782956717195e-02 8.522218878194692815e-01
9.346701212756636235e-02 8.478057302792266769e-01
9.132992862124300615e-02 8.450408328846611417e-01
9.105217474659466070e-02 8.446764925021501558e-01
9.011398831653638641e-02 8.434228631761927497e-01
8.884418969322926962e-02 8.416954138739346503e-01
8.621526686632052794e-02 8.380999132503756943e-01
8.323661044936780939e-02 8.339375003994005109e-01
8.242720080022325480e-02 8.327826718022974806e-01
8.148583515796625765e-02 8.314171986933047709e-01
8.019027167294323633e-02 8.295368471566945123e-01
7.886499004200053786e-02 8.275043678266782443e-01
7.743450311523469853e-02 8.252926752956868395e-01
7.649023552172851126e-02 8.238303687096926176e-01
7.461198783625111464e-02 8.208981371797541282e-01
7.289157486353559090e-02 8.181682989065177658e-01
7.133739316988219059e-02 8.156410834397136433e-01
6.886391954452164565e-02 8.115463032148579892e-01
6.841750557193393423e-02 8.108025608489760616e-01
6.611761087253176239e-02 8.068455041584533527e-01
6.461568187542665598e-02 8.041611578261660398e-01
6.431507440156492006e-02 8.036081943443978970e-01
6.362616255168440649e-02 8.023145471359159897e-01
6.141534656308722528e-02 7.981334279897241979e-01
6.066024345516263239e-02 7.966924330862424908e-01
5.992082475073889913e-02 7.952005829762018863e-01
5.963906971045362937e-02 7.946242205274683945e-01
5.847174073960248464e-02 7.922118762592285091e-01
5.732919695080129774e-02 7.898431928509381805e-01
5.615564521439342371e-02 7.873305574276409091e-01
5.474950046421678262e-02 7.842699409414803924e-01
5.224015500179901572e-02 7.787198889127517898e-01
5.094498010490777773e-02 7.758116449289998995e-01
4.810560955073905909e-02 7.691440767720755245e-01
4.737364525766218915e-02 7.674221628239257242e-01
4.712113232343928537e-02 7.668205730810720988e-01
4.638423317081374897e-02 7.650456478956522144e-01
4.437911648436132506e-02 7.601613161968063803e-01
4.359204288368789815e-02 7.582424939377869766e-01
4.310903550000189099e-02 7.570579078919057459e-01
4.161304306478552650e-02 7.533809817544921961e-01
3.958660999485641430e-02 7.482681036767423466e-01
3.891261701954074059e-02 7.464940002395723528e-01
3.804654195085466206e-02 7.441886368719458078e-01
3.776910744060435476e-02 7.434494857398626921e-01
3.629773186342133418e-02 7.394269227148037027e-01
3.588265714321026145e-02 7.382872479535425025e-01
3.540318242158013717e-02 7.369435720787689270e-01
3.523312975979753237e-02 7.364600028400916099e-01
3.501075573384382356e-02 7.358251973463797446e-01
3.212474515180263612e-02 7.275674988239463348e-01
3.132887776812154357e-02 7.252687003137009425e-01
3.031074745058537356e-02 7.223004487617878944e-01
2.887831102102789149e-02 7.179536006028206518e-01
2.774950585235613776e-02 7.144887486895881157e-01
2.640538453581953160e-02 7.103466063579353396e-01
2.471368432139886551e-02 7.047660861411073618e-01
2.426585806298497960e-02 7.032494566198820296e-01
2.396998024317908982e-02 7.022351528673074217e-01
2.300075505825427413e-02 6.988841252869404386e-01
2.277723203300185961e-02 6.980687196322512555e-01
2.260657107442076708e-02 6.974084192170019181e-01
2.166431102584431834e-02 6.936750950519710024e-01
2.152809743225569949e-02 6.931249804813054416e-01
2.062526286089472194e-02 6.894696326971926359e-01
2.013040078942118782e-02 6.874442212775778716e-01
1.963107068042246883e-02 6.853697947478617492e-01
1.942431914551367989e-02 6.844792728982629360e-01
1.896790101352241464e-02 6.823990902279493120e-01
1.869633047255370162e-02 6.810592523253876651e-01
1.799381313412518058e-02 6.775684048807720794e-01
1.718020816544119089e-02 6.734635094482483986e-01
1.670189548276235225e-02 6.710007077517629037e-01
1.600744994499381235e-02 6.672370796039016616e-01
1.491266016119530136e-02 6.611681010117241852e-01
1.425779100374113817e-02 6.575139630771208443e-01
1.364787102939368779e-02 6.540963011699663099e-01
1.354485892161283456e-02 6.535148266700102626e-01
1.329023048150212993e-02 6.520537558258180377e-01
1.254543856024581405e-02 6.477689247449505139e-01
1.213507415265557832e-02 6.453860636354480373e-01
1.207605261964816989e-02 6.450409815094932942e-01
1.086233185296980874e-02 6.378551086164773176e-01
1.036945220816432034e-02 6.348376640437365381e-01
9.841715993055388800e-03 6.314470076425706679e-01
9.334368447919572098e-03 6.281687923684083907e-01
9.091285710191354674e-03 6.265960402382471095e-01
8.835437632756515391e-03 6.249299473496683355e-01
8.650911532624427913e-03 6.237220120966555648e-01
8.372466218022900364e-03 6.217777598910695369e-01
8.129084120588880857e-03 6.199060135153914297e-01
7.987667394681152722e-03 6.187650677206198990e-01
7.761198008191860787e-03 6.167109070592303732e-01
7.221281324218842279e-03 6.118072177292317448e-01
7.172802867217664691e-03 6.113441802738313058e-01
7.087684551563055990e-03 6.105142726639615214e-01
6.878872692639204089e-03 6.083858143160898457e-01
6.431559451119506221e-03 6.037241905348911253e-01
6.402880853984327381e-03 6.034074851946593654e-01
6.366394759212745669e-03 6.030020735243606378e-01
5.697421664428214960e-03 5.946313011957731209e-01
5.196093901131182413e-03 5.882563883774524216e-01
4.203162818469885487e-03 5.751651705401265025e-01
3.918075923974750907e-03 5.711670315466780279e-01
3.256541521275746476e-03 5.616641277059405413e-01
3.087426437258011802e-03 5.591659473604280173e-01
2.846929835694345101e-03 5.555097258855683506e-01
2.463752190253964969e-03 5.483657390761604855e-01
2.181953414323811735e-03 5.424161361161305983e-01
2.051423486942205443e-03 5.396338960493640702e-01
1.990295525262752996e-03 5.382898680279324388e-01
1.656001756593195040e-03 5.300246894053103341e-01
1.578800192577167749e-03 5.278597114796033107e-01
1.488838663577962684e-03 5.248391348834319237e-01
1.398649952886299452e-03 5.216354491023814655e-01
1.269466370260818877e-03 5.163559413755894889e-01
1.233728866901651067e-03 5.145390126207999293e-01
1.218994615449497942e-03 5.136960342862871842e-01
1.081801408819971222e-03 5.056786062884401911e-01
1.073239677506165890e-03 5.046506292319505871e-01
1.072150273812577659e-03 5.044785546276253640e-01
1.095863010791786607e-03 4.993779735599778169e-01
1.180365966466867533e-03 4.917879993292447738e-01
1.184452359382803799e-03 4.914252447815474767e-01
1.193821186684984603e-03 4.908148593139440852e-01
1.236962093899562909e-03 4.892609349015690778e-01
1.312924178872743042e-03 4.871540048577438498e-01
1.440445833650105811e-03 4.842924006855959806e-01
1.650296141332052713e-03 4.797735581337301269e-01
1.680650670893513166e-03 4.791366672485907197e-01
1.713495160632239056e-03 4.784488301898236484e-01
2.260365267996555794e-03 4.671015908674246431e-01
2.338912343658683390e-03 4.654889128906162243e-01
2.496301218485652562e-03 4.629428329018975274e-01
2.687963989794650566e-03 4.600590573987114462e-01
3.066769312535799763e-03 4.544562020294834470e-01
3.682193305896364066e-03 4.473972099635195043e-01
4.269499156536071816e-03 4.409117857273892049e-01
4.390944242659844399e-03 4.395923749112919943e-01
4.603595599744103595e-03 4.376024522268869843e-01
4.949067585421906834e-03 4.343875380742276970e-01
5.840313076645897716e-03 4.262087614860397000e-01
5.985057749809619132e-03 4.249931905728900894e-01
8.044315527044876291e-03 4.079856936084159669e-01
8.493018050703016186e-03 4.044676197947727481e-01
9.287233464596589272e-03 3.982530735184469650e-01
9.354496894321884248e-03 3.977478443578819078e-01
9.974497024559658698e-03 3.931385743444989478e-01
1.011530923458436870e-02 3.921124130037249023e-01
1.080587429539281441e-02 3.870989490661357335e-01
1.194536998457906840e-02 3.790905508926339929e-01
1.263571384523476393e-02 3.744262266806612782e-01
1.307726456660751602e-02 3.715230359640576685e-01
1.345076345805473750e-02 3.692617141965476302e-01
1.366892202403524603e-02 3.679517774086183968e-01
1.378308479708845180e-02 3.672703780112201999e-01
1.400943235145180044e-02 3.659539942864890039e-01
1.428424868708166873e-02 3.643948034765390753e-01
1.549777418074216317e-02 3.575906002122185567e-01
1.557963261898209772e-02 3.571322898631401621e-01
1.596403839364457511e-02 3.549857084013334774e-01
1.715786261280638492e-02 3.484138467648483228e-01
1.763995169773147076e-02 3.458657759729710790e-01
1.806874613013509379e-02 3.436459763251022981e-01
1.891657459812368103e-02 3.394294641095949583e-01
1.963469667616335457e-02 3.358815893288863430e-01
1.999926908305893480e-02 3.341412385475092117e-01
2.047228928930999725e-02 3.318914088111275529e-01
2.144595876878374607e-02 3.273462993163629431e-01
2.172702629103506755e-02 3.260788213696936833e-01
2.199579232398529705e-02 3.248756365615357300e-01
2.235237404232304215e-02 3.232993633192787764e-01
2.345212354460357584e-02 3.187262139329640753e-01
2.354320636932905053e-02 3.183555534392259467e-01
2.458565942466317544e-02 3.141832663716191965e-01
2.596318909825823251e-02 3.087630116622044341e-01
2.617176544407340266e-02 3.079788254926216773e-01
2.676897607573702764e-02 3.057400513048660340e-01
2.701184733369854651e-02 3.048341831495738896e-01
2.791005479724506522e-02 3.015623786550692964e-01
2.902695935525434479e-02 2.976247574508040783e-01
3.081164936410807353e-02 2.915290273539417054e-01
3.150083133689784987e-02 2.891875473574575528e-01
3.202099632072985536e-02 2.875056124110395572e-01
3.321279358183215624e-02 2.837059374346282414e-01
3.361877772513544027e-02 2.824501271349709741e-01
3.529902617614766314e-02 2.773048360232447385e-01
3.602515478095491552e-02 2.751646582012381437e-01
3.892879610567234749e-02 2.677934401546228083e-01
3.951142703007126666e-02 2.663267358257348505e-01
4.013578901038084012e-02 2.647822504569954383e-01
4.146883898927566925e-02 2.615289317336111363e-01
4.264039207384262564e-02 2.587158684732149272e-01
4.346624802884446748e-02 2.567332017895669338e-01
4.492285925006467284e-02 2.533722348029546767e-01
4.533606818409174899e-02 2.524227857256511331e-01
4.625480609832799406e-02 2.503555670443259329e-01
4.746738894317115154e-02 2.476688060829255189e-01
4.871911658295358105e-02 2.449395470254700502e-01
4.889916123556503624e-02 2.445480247728917256e-01
4.989258861939427359e-02 2.424380689614871187e-01
5.176255826771058999e-02 2.384745495875967292e-01
5.201209278818696990e-02 2.379490900614797955e-01
5.406273927166382887e-02 2.336471720892971948e-01
5.601325878784224610e-02 2.295666569599084106e-01
5.806462055561212310e-02 2.253148231575715643e-01
5.890006805933101219e-02 2.235841518025922792e-01
5.929467038073998886e-02 2.227753516253538901e-01
6.083282842162196502e-02 2.197297347978390825e-01
6.166603902669198778e-02 2.181918799838584722e-01
6.565626188902240479e-02 2.109696652813276563e-01
6.803152266340894982e-02 2.067204902547986611e-01
6.914322346556278642e-02 2.048065379944677966e-01
7.179969308380462767e-02 2.002921524428040723e-01
7.258702762273405718e-02 1.989679729549007625e-01
7.312557574830591545e-02 1.980635898316387422e-01
7.500954497758027806e-02 1.949314600729075142e-01
7.770748084465650685e-02 1.904584653727069421e-01
7.935729177315842264e-02 1.877926683455375390e-01
7.983409666818708228e-02 1.870270429326179595e-01
8.151486767345283990e-02 1.843742753058758010e-01
8.242674961823837076e-02 1.830179203639552554e-01
8.604309213536731615e-02 1.776703295649340042e-01
8.877013185239790438e-02 1.736685933198207632e-01
9.034518237248811978e-02 1.713619017372070008e-01
9.493091227209926597e-02 1.647389085716042256e-01
9.606142770394687780e-02 1.631110227066154827e-01
9.877692321507602902e-02 1.592093367375415625e-01
9.985783296652162022e-02 1.576584400058687052e-01
1.012664330224939402e-01 1.556521450634908987e-01
1.032699948292671310e-01 1.528253787762596794e-01
1.045254021299042435e-01 1.510806145189075300e-01
1.056696227097388974e-01 1.495280779602409238e-01
1.086249815244151318e-01 1.455442419258353715e-01
1.102291837319204770e-01 1.433874597000054374e-01
1.105179204570800877e-01 1.430009188119709673e-01
1.117833420082646745e-01 1.413092444296052408e-01
1.122956847230387467e-01 1.406328946746908670e-01
1.128116108208739865e-01 1.399713030103072464e-01
1.154448162816076318e-01 1.366060022793358364e-01
1.172262935479916335e-01 1.343906012125281046e-01
1.183207891843767179e-01 1.330358346629764155e-01
1.193791493551380478e-01 1.317694910059161728e-01
1.237169424294040088e-01 1.266137924078555299e-01
1.244768202598023343e-01 1.257218637018374663e-01
1.293097179116217132e-01 1.202997398504481730e-01
1.312718598396283021e-01 1.181411122213095188e-01
1.325429058096997403e-01 1.167804472537210536e-01
1.341751040474282730e-01 1.150553312133695272e-01
1.358662151341032409e-01 1.132909645970190393e-01
1.399101364568320349e-01 1.091150262548576944e-01
1.406511627668587394e-01 1.083989322031996272e-01
1.415696175909494370e-01 1.075175446737915985e-01
1.419132896108208364e-01 1.071964418954627352e-01
1.420943776009659931e-01 1.070288094401319334e-01
1.438190934007104183e-01 1.054460255225473375e-01
1.453041301027169219e-01 1.040866353967164759e-01
1.462091244786939415e-01 1.032582930038257185e-01
1.482006368998021184e-01 1.014357368598587383e-01
1.515002238190557016e-01 9.843786996805314882e-02
1.534250964150137841e-01 9.670167720688049862e-02
1.561222999556358682e-01 9.427829637131091012e-02
1.568618328780039262e-01 9.363075874153825584e-02
1.577981680998780112e-01 9.282060725677632185e-02
1.580742434428887844e-01 9.258666941444659848e-02
1.624618994392692528e-01 8.888100608806159819e-02
1.644120294680470051e-01 8.724036204610918777e-02
1.645886636561890715e-01 8.709392638322999147e-02
1.656484634161888847e-01 8.623983452844297126e-02
1.681416026885114157e-01 8.426852367210169170e-02
1.722089537564270856e-01 8.118379528759189778e-02
1.742876046409620461e-01 7.961766330825126303e-02
1.765603050131407947e-01 7.794986065910269879e-02
1.793457840475969345e-01 7.595423598741846138e-02
1.812059470463367461e-01 7.463151384835675639e-02
1.847475173625972023e-01 7.211755221717930375e-02
1.888674392842293326e-01 6.925830569600710529e-02
1.922948542395673810e-01 6.688977066498569268e-02
1.957408145633260377e-01 6.452747583473605886e-02
1.975309283103547919e-01 6.332972414458060140e-02
2.011021439034903491e-01 6.099154975450260530e-02
2.026353456268565889e-01 5.999084090214956699e-02
2.041086929792652604e-01 5.905471402045336937e-02
2.051567974617701795e-01 5.841731411968476007e-02
2.076623573424827285e-01 5.689564557198489858e-02
2.081070299037857119e-01 5.663201008190743568e-02
2.100841217104006953e-01 5.547144668273373824e-02
2.124518723222720284e-01 5.415350258696383090e-02
2.178991305374914367e-01 5.116959787383112968e-02
2.186462282340922991e-01 5.077319196884377828e-02
2.194579022716210970e-01 5.034622368244312529e-02
2.234742731385185310e-01 4.826607406460114991e-02
2.289570673640738407e-01 4.552182443176211457e-02
2.319246202331934903e-01 4.411658617574087948e-02
2.359917052952273941e-01 4.227848472070505625e-02
2.404405306663659481e-01 4.032357228522109871e-02
2.422354170975310472e-01 3.954325430248117890e-02
2.458473898770344723e-01 3.800176362793183937e-02
2.525707763771447567e-01 3.520419756046444526e-02
2.552467099496614766e-01 3.417234367521715388e-02
2.565890377465436245e-01 3.365577608788516972e-02
2.583453798340479279e-01 3.298390350264601700e-02
2.598794538458574221e-01 3.240055697421517777e-02
2.618173868952913264e-01 3.168816465782919867e-02
2.642678705119095861e-01 3.081309993840009032e-02
2.653942113314836648e-01 3.041668980341105666e-02
2.670584496576476896e-01 2.984555384405529477e-02
2.697894749288960448e-01 2.893626484238598362e-02
2.708883271804389814e-01 2.857370782249790686e-02
2.736425674759302984e-01 2.766884231041155662e-02
2.752567303386818098e-01 2.714342550856396752e-02
2.771992772847166053e-01 2.651848056901962014e-02
2.791250601059451775e-01 2.591336034525248966e-02
2.824235497607070489e-01 2.489574459011234531e-02
2.862058487680212426e-01 2.373896649958140426e-02
2.877094099829340390e-01 2.328757632712918912e-02
2.908412940177637074e-01 2.236827357035120478e-02
2.958594060736396969e-01 2.094209113712042214e-02
2.972406097530305713e-01 2.054976819933451715e-02
2.974486852365907374e-01 2.049096763712865421e-02
2.986283570609407079e-01 2.015947372841120355e-02
3.021551041683229188e-01 1.920724468845547150e-02
3.042520163232815822e-01 1.867009100031691293e-02
3.105418317435854059e-01 1.709346897351349259e-02
3.121926439253566166e-01 1.668556754194294722e-02
3.151986396142603120e-01 1.596096811362779366e-02
3.163050233245972009e-01 1.570271411663082262e-02
3.167587192932080908e-01 1.559878964739536134e-02
3.194908400428952966e-01 1.499436330274139806e-02
3.252740398352981233e-01 1.377396654480156357e-02
3.285715305843229794e-01 1.309335942791700624e-02
3.297556516886546163e-01 1.285327309410311258e-02
3.328791509909676538e-01 1.222879477268579151e-02
3.397024776007786517e-01 1.091169031037708681e-02
3.418185405991714942e-01 1.053809861716081819e-02
3.494535956316389136e-01 9.195764459899224974e-03
3.499210085697410655e-01 9.119287232735362458e-03
3.537127963819949317e-01 8.509352662150027058e-03
3.564797975826015097e-01 8.095853438672251379e-03
3.586309635706385057e-01 7.791409174280006233e-03
3.615775490255945801e-01 7.396911764673830270e-03
3.646666935422324674e-01 7.002994081795055337e-03
3.663937857100708628e-01 6.784143590635394183e-03
3.722425791282132357e-01 6.113444411505852827e-03
3.745219426799334395e-01 5.860942480949038469e-03
3.775546235721930488e-01 5.534428777885236350e-03
3.801915785682192794e-01 5.253212266297269117e-03
3.817474805192631049e-01 5.093776885775502805e-03
3.904630134782782758e-01 4.228779625647938190e-03
3.940714112198044905e-01 3.887455464275046957e-03
3.979715851054066444e-01 3.532142615630506910e-03
4.004059215797072246e-01 3.341106481586031407e-03
4.033152824905038569e-01 3.126671300006877985e-03
4.089272541962341023e-01 2.724067221649306703e-03
4.101334323911808299e-01 2.642560160536433500e-03
4.117900572982593488e-01 2.533460184478086852e-03
4.158761179087078208e-01 2.271845371620173637e-03
4.173219736684012915e-01 2.183536602479940747e-03
4.206506826806342136e-01 1.984632116317941453e-03
4.230278986517670425e-01 1.851892551538503184e-03
4.263311211290806702e-01 1.669292052616899724e-03
4.318236495535272557e-01 1.365926316981291855e-03
4.335423837271200620e-01 1.271455006465749271e-03
4.409147006165244909e-01 9.084335770168650015e-04
4.441440578097489711e-01 7.915868654710944696e-04
4.493929446311668574e-01 6.023225364883977306e-04
4.504672647805949559e-01 5.655629696412756147e-04
4.521587618862735747e-01 5.176598611938976191e-04
4.560715674322709523e-01 4.264383928468395979e-04
4.568826317023351180e-01 4.076471828136085662e-04
4.588401643339901081e-01 3.658659616666559700e-04
4.626591766862143684e-01 2.864113917017130362e-04
4.647643187078795979e-01 2.537680719337798152e-04
4.719679313404647747e-01 1.899063413406398837e-04
4.776981193983411700e-01 1.448189692532242390e-04
4.785579086289690753e-01 1.397616465819151443e-04
4.798992507148223119e-01 1.330327782091966782e-04
4.811345946342715507e-01 1.321485855605430970e-04
4.832358180743177023e-01 1.334835535847789245e-04
4.851242739420050798e-01 1.609526365388136426e-04
4.901731782931501025e-01 2.981759933989858169e-04
4.928653720522530035e-01 3.778269624221675116e-04
4.963716110204219323e-01 4.893617975534336750e-04
5.021583211800864088e-01 7.313102140414917685e-04
5.060708046673999538e-01 8.950509785372595672e-04
5.083826935462150143e-01 9.935476350264593748e-04
5.126051021407047603e-01 1.200974314936043008e-03
5.168852126245127021e-01 1.471150342959748336e-03
5.187564253319419949e-01 1.593561118622521811e-03
5.235614235971732811e-01 1.911464841325649644e-03
5.250382241491819979e-01 2.011853192461332540e-03
5.340103044679066491e-01 2.659773830154921193e-03
5.381093006088017994e-01 3.010702072048232480e-03
5.400435610289361366e-01 3.177974353176238331e-03
5.441143847878939788e-01 3.537546738206387431e-03
5.474172100959596721e-01 3.904654529892748194e-03
5.562940484997793700e-01 4.956801227543050636e-03
5.575968143329432802e-01 5.111473519283871170e-03
5.597973400926299359e-01 5.381332263570959284e-03
5.602834572002377556e-01 5.444125954454204219e-03
5.653039462806203064e-01 6.105444049467445566e-03
5.681997809878103212e-01 6.502309145294482562e-03
5.776963793758944643e-01 7.824897610733128062e-03
5.821160599251555823e-01 8.464740173039997373e-03
5.844940693211344573e-01 8.819391005583376852e-03
5.897129186292473513e-01 9.618408702503744578e-03
5.916513940405270233e-01 9.924350004708704098e-03
5.975308074332726926e-01 1.089970956496422172e-02
5.989406634348570790e-01 1.113606855705284726e-02
6.053785025558872102e-01 1.222035686574551860e-02
6.058650160772822701e-01 1.230258133926065423e-02
6.090645234392956242e-01 1.285239824392514496e-02
6.154393651117575637e-01 1.395827421689854742e-02
6.211324545941229180e-01 1.500510185360381943e-02
6.226616194988003894e-01 1.529251798999442524e-02
6.264292666583923808e-01 1.601118630733777692e-02
6.268931755497512137e-01 1.610035035344659082e-02
6.326079110119674498e-01 1.721062855206278996e-02
6.368237739321439550e-01 1.804476605970384284e-02
6.390782395667264915e-01 1.852396250281207468e-02
6.422598981757332570e-01 1.923416267673516700e-02
6.430216539231886630e-01 1.941202120577245616e-02
6.450434547812815556e-01 1.989744803942772311e-02
6.500871973552249106e-01 2.119424771206401825e-02
6.506342303019682083e-01 2.133530797697003045e-02
6.570069684883237393e-01 2.300602005279894779e-02
6.606743273825207430e-01 2.399857588404630260e-02
6.631753039344439049e-01 2.471627658146224871e-02
6.688715109982764639e-01 2.637788305426536084e-02
6.693756578735849949e-01 2.652765850499327893e-02
6.727910973789983373e-01 2.757082107199793075e-02
6.758370738709912340e-01 2.850364200243460377e-02
6.815281806342644577e-01 3.030230609371076245e-02
6.832641234090724991e-01 3.086084601995453536e-02
6.911199973451701561e-01 3.341622295207713478e-02
6.945469112828792646e-01 3.453175299722877067e-02
6.990153126510535442e-01 3.602974567321048927e-02
7.003849631452032654e-01 3.649210244205158826e-02
7.009511519650030165e-01 3.668889466293667745e-02
7.042296744636280525e-01 3.790188645809799972e-02
7.047660172433243275e-01 3.811131104513687529e-02
7.072430555997508694e-01 3.908494363509595892e-02
7.152862384277197672e-01 4.227473396761249891e-02
7.192274018282096559e-01 4.384341712295602989e-02
7.226573503180314662e-01 4.521756187563852336e-02
7.281690088685719431e-01 4.746166194518686154e-02
7.343956732409266941e-01 5.000099228162524501e-02
7.377340165187982191e-01 5.137493907155410433e-02
7.414013827940013623e-01 5.289491098438392491e-02
7.417830929395581308e-01 5.305443954780986182e-02
7.424090046939313403e-01 5.332938071243109590e-02
7.428762445413631399e-01 5.353586986787850499e-02
7.516158423486639650e-01 5.742169437747512983e-02
7.554743781857462537e-01 5.915927713574342661e-02
7.598142323339066584e-01 6.120409099315848866e-02
7.637800997324182273e-01 6.309485603435627254e-02
7.684008166674584084e-01 6.530370749434166733e-02
7.763836928656209224e-01 6.925988232264201905e-02
7.768500627094971911e-01 6.949319606572401664e-02
7.781773808512173485e-01 7.015899096893118969e-02
7.811423515276246787e-01 7.166480725589630119e-02
7.891364167243116734e-01 7.572984228550672103e-02
7.895019246044241434e-01 7.591848477063201095e-02
7.917250969245976933e-01 7.706627986622227588e-02
7.971188494706649141e-01 7.996863521939767683e-02
7.981801692550756222e-01 8.056716315290646246e-02
8.008856473808245724e-01 8.212078842439485271e-02
8.032032790204143291e-01 8.348226615177734011e-02
8.098989535768722492e-01 8.742552393842184522e-02
8.120678015637337044e-01 8.872049910653045934e-02
8.140814401639620002e-01 8.994012824408215145e-02
8.157996988072641065e-01 9.098327625161883869e-02
8.180259130166089854e-01 9.234074560881233573e-02
8.207883667507641645e-01 9.412995856933936700e-02
8.240003354310276862e-01 9.621364392716824643e-02
8.249106668135768317e-01 9.683035615846569133e-02
8.287790815162475733e-01 9.945720596725471374e-02
8.291905604746298009e-01 9.974146146303186633e-02
8.300868881225609286e-01 1.003718588172581860e-01
8.340562529853632334e-01 1.032125849095123504e-01
8.377116192816980167e-01 1.058539246849734550e-01
8.410680832773507198e-01 1.083104856652689074e-01
8.415448990764167192e-01 1.086663948808609392e-01
8.436919012297835474e-01 1.102703578233931170e-01
8.462168742909028651e-01 1.122227013788877903e-01
8.473753807021039419e-01 1.131193258957998715e-01
8.522828820993311183e-01 1.169183296692680729e-01
8.535307882518724520e-01 1.178871642859802282e-01
8.543513466552152824e-01 1.185567191527915343e-01
8.550150653037141835e-01 1.191048598325392671e-01
8.563896852942379789e-01 1.202484730784100231e-01
8.584611890750570851e-01 1.219741400684091204e-01
8.590651472692715229e-01 1.225109235846627564e-01
8.598539841347115908e-01 1.232193838620343485e-01
8.621294320906970343e-01 1.252630211157775841e-01
8.653085748434614644e-01 1.282806193881087520e-01
8.663893340861115178e-01 1.293101421953519736e-01
8.674294980272782007e-01 1.303014756509753846e-01
8.677428574192372901e-01 1.306021005512206790e-01
8.698340147381941057e-01 1.326741205424627479e-01
8.715776728811375218e-01 1.344148519379035900e-01
8.740023102183831494e-01 1.368672300953035492e-01
8.747132867897714492e-01 1.375935134250968472e-01
8.772296748183134873e-01 1.401654879499356632e-01
8.778082241173132960e-01 1.407629563354528823e-01
8.797505596874279910e-01 1.427987170563165265e-01
8.804852756062852004e-01 1.435829979132960954e-01
8.852088762920283793e-01 1.487617170885112694e-01
8.868296522185323827e-01 1.505729779906007648e-01
8.901929948697998585e-01 1.543424228980428969e-01
8.950567560475574114e-01 1.598087858318417709e-01
8.962792510043660066e-01 1.612382874777795738e-01
8.976312406164151936e-01 1.629101324030129971e-01
8.989230146916112885e-01 1.645714163117127926e-01
9.006779497645084342e-01 1.668448028602930178e-01
9.053324413481798061e-01 1.731216222123398429e-01
9.057264968286886653e-01 1.736561732150753157e-01
9.066376696061381191e-01 1.749041283598995467e-01
9.073163212633211794e-01 1.758503914031788185e-01
9.118419440944600662e-01 1.822196373553104376e-01
9.127516129703125980e-01 1.835130751366741420e-01
9.147660492380847996e-01 1.863971542519067270e-01
9.171757512175953142e-01 1.898811931532552455e-01
9.176603468731682200e-01 1.905827884616134726e-01
9.181458911170762294e-01 1.913239587763565508e-01
9.198079809793380246e-01 1.938918133909430797e-01
9.202494885391263590e-01 1.945818308262364793e-01
9.204425264288698116e-01 1.948902557156138027e-01
9.220077611410928409e-01 1.974076858952852342e-01
9.233680138231915580e-01 1.996218880128759476e-01
9.246031484712620152e-01 2.016352703725341478e-01
9.252690060907655667e-01 2.027362087479029906e-01
9.254538165578767295e-01 2.030454253810045628e-01
9.298641192850130022e-01 2.105001555023056081e-01
9.320022358662598538e-01 2.141481820754810306e-01
9.335137816444443182e-01 2.167454463374665075e-01
9.348594982495074257e-01 2.190974319809201321e-01
9.380366837372916544e-01 2.246874838872586766e-01
9.410858123750027726e-01 2.300858523949705914e-01
9.430542345690763328e-01 2.335783068566563703e-01
9.444914155257227995e-01 2.362402685195655883e-01
9.477726177902747740e-01 2.423704685125933622e-01
9.485485908431077196e-01 2.438473743731376375e-01
9.489721113581331968e-01 2.446789117245585787e-01
9.514260907356412167e-01 2.495527140323743343e-01
9.522803029221701410e-01 2.513244419919314909e-01
9.534806270980881182e-01 2.538272796671859899e-01
9.552175305548903372e-01 2.575748903874108819e-01
9.563044440293232418e-01 2.599522865333783184e-01
9.563972716767601412e-01 2.601571454169323561e-01
9.567552407396550107e-01 2.609594694640415824e-01
9.572712758291149759e-01 2.621595735074429001e-01
9.583295918033813976e-01 2.647026010480898472e-01
9.593262621481751795e-01 2.671308497082615085e-01
9.597571915864728798e-01 2.682394299654139447e-01
9.601557516968398653e-01 2.692727746169023550e-01
9.609828715892886342e-01 2.714353353185231521e-01
9.619976626547781517e-01 2.741111481513436310e-01
9.622380774135579351e-01 2.747710725538297094e-01
9.626290211105316130e-01 2.758648876193984245e-01
9.633456049222035578e-01 2.778839782471036468e-01
9.650444275739692435e-01 2.826719847914997974e-01
9.658317133196544502e-01 2.849344498196217934e-01
9.663914771705006679e-01 2.865636073356317981e-01
9.672268780156515477e-01 2.890896847760218158e-01
9.676808158362557588e-01 2.905044029407124473e-01
9.688407832864760483e-01 2.942821173851085659e-01
9.694105466852830366e-01 2.961582483759332973e-01
9.714844479748349082e-01 3.031679873738865050e-01
9.715671308488195157e-01 3.034511672941500038e-01
9.729324778482671965e-01 3.081971141488799582e-01
9.732239695872838547e-01 3.092106698449579305e-01
9.736144126701188339e-01 3.105903382166813609e-01
9.744374802272564029e-01 3.135634457642139106e-01
9.759653702343017434e-01 3.194027982216155470e-01
9.766634033939263215e-01 3.220814230147531765e-01
9.774777977201105639e-01 3.253495853420921291e-01
9.798697259488996503e-01 3.349931644565484756e-01
9.802323107532207036e-01 3.364572627756805545e-01
9.812147227022989249e-01 3.405253643107816197e-01
9.827482995175527147e-01 3.470612744785401826e-01
9.829132888319996875e-01 3.477722051857318197e-01
9.846381114287950931e-01 3.553835296977819747e-01
9.854878197138263740e-01 3.591393794046434662e-01
9.863753429492011504e-01 3.631428581564417613e-01
9.865739669125381806e-01 3.640709895951393937e-01
9.880004928601726633e-01 3.707963860587499827e-01
9.881953830630466618e-01 3.717730464089278319e-01
9.890124993199830294e-01 3.759856434138604264e-01
9.892330325761463650e-01 3.771943638826799061e-01
9.896150600378921247e-01 3.793349967721915128e-01
9.898303056905015662e-01 3.806011758307445980e-01
9.906036020804310782e-01 3.851603374522296619e-01
9.914244853730490581e-01 3.900627355623997872e-01
9.917898487934263541e-01 3.922661060220316021e-01
9.919338950729315041e-01 3.931399285634283869e-01
9.924941427206706024e-01 3.965845910483217773e-01
9.930503800914105561e-01 4.000569698438578570e-01
9.934788877433877730e-01 4.029429955201930813e-01
9.935620263488683657e-01 4.035040542509685801e-01
9.938733187570674144e-01 4.056274855150432401e-01
9.940927346215489013e-01 4.072407058989551132e-01
9.941912585725923845e-01 4.079932755206268080e-01
9.947892327534717527e-01 4.127400440645145885e-01
9.948189438104895199e-01 4.130276515174717833e-01
9.957818972446409456e-01 4.226042279971933269e-01
9.959480190123434218e-01 4.243157601201069662e-01
9.966697012445621118e-01 4.323443427492157376e-01
9.970085755369439973e-01 4.362944929058879540e-01
9.972915129011008517e-01 4.400506866173344855e-01
9.976004265458634501e-01 4.448527434058614505e-01
9.978535244928471437e-01 4.488137977457883343e-01
9.979889387796910816e-01 4.509755203230472187e-01
9.982332368144176682e-01 4.553205361230299175e-01
9.983618715144252365e-01 4.576197532890383668e-01
9.985035983739511956e-01 4.602319009168117647e-01
9.987728543065729214e-01 4.668843646608379361e-01
9.988102451240418178e-01 4.684575234638069796e-01
9.989134412588612788e-01 4.737143456161337918e-01
9.989228719149525482e-01 4.764689770616722386e-01
9.989278497261874223e-01 4.781691117824482529e-01
9.989227706326212486e-01 4.807623595601968614e-01
9.989180234142959192e-01 4.822628648965352482e-01
9.988984252586333712e-01 4.877759323599080155e-01
9.988103619443418069e-01 4.996381856403645516e-01
9.987847918019973070e-01 5.021600036855966565e-01
9.987243925712713244e-01 5.062832073684475631e-01
9.984372027653350967e-01 5.220050456730846999e-01
9.983721487262409156e-01 5.234572046617844698e-01
9.982696603682328362e-01 5.253451846169314710e-01
